2000	0
1000	1933
1000	1945
1000	1980
1000	1984
1933	1128
1933	1157
1933	1176
1933	1188
1933	1270
1933	1399
1933	1573
1933	1668
1933	1740
1933	1780
1933	1785
1933	1787
1933	1844
1933	1850
1933	1857
1933	1880
1933	1944
1933	1946
1933	1950
1933	1960
1933	1967
1933	1988
1933	1991
1945	1179
1945	1283
1945	1307
1945	1349
1945	1360
1945	1380
1945	1416
1945	1573
1945	1583
1945	1627
1945	1639
1945	718
1945	1722
1945	1756
1945	1757
1945	1770
1945	1818
1945	1873
1945	1884
1945	1916
1945	1925
1945	1942
1945	1944
1945	1964
1945	1999
1980	1107
1980	1113
1980	1121
1980	1355
1980	1382
1980	1466
1980	1490
1980	1582
1980	1616
1980	1661
1980	1662
1980	1707
1980	1723
1980	1731
1980	1770
1980	1777
1980	1784
1980	1823
1980	1844
1980	1851
1980	1865
1980	1867
1980	1905
1980	1914
1980	1916
1980	1942
1980	1987
1980	1994
1980	994
1980	1997
1984	1095
1984	1130
1984	1210
1984	245
1984	1323
1984	1327
1984	1368
1984	1543
1984	1560
1984	1564
1984	1609
1984	1684
1984	1724
1984	1727
1984	1729
1984	1737
1984	1753
1984	1779
1984	1804
1984	1862
1984	1878
1984	1888
1984	1910
1984	1927
1984	1934
1984	1935
1984	1937
1984	1953
1984	1957
1984	1967
1984	1982
1984	1993
0	640
0	701
0	789
0	997
640	176
640	527
640	671
640	743
640	857
640	956
640	991
701	155
701	544
701	559
701	674
701	695
701	762
701	767
701	856
701	900
789	209
789	295
789	534
789	538
789	581
789	749
789	780
789	841
789	887
789	979
789	993
997	41
997	106
997	114
997	183
997	185
997	238
997	319
997	387
997	428
997	469
997	506
997	582
997	639
997	654
997	675
997	690
997	694
997	700
997	746
997	775
997	799
997	811
997	835
997	850
997	860
997	912
997	922
997	927
997	928
997	929
997	949
997	958
997	966
997	971
997	976
997	984
997	987
997	988
997	994
1001	1201
1001	1383
1001	1584
1001	1686
1201	1051
1201	1759
1201	1864
1383	1265
1383	1577
1383	1662
1383	1708
1383	1835
1584	1028
1584	1371
1584	1535
1584	1835
1584	1905
1584	1920
1584	1932
1686	1515
1686	1544
1686	1566
1686	1729
1686	1795
1686	1874
1686	1889
1686	1902
1686	993
1	102
1	401
1	851
1	974
102	323
102	950
102	993
401	289
401	463
401	535
401	986
851	135
851	232
851	269
851	324
851	550
851	613
851	626
851	631
851	879
851	896
851	911
851	918
851	925
851	960
851	979
974	50
974	53
974	1091
974	101
974	148
974	210
974	219
974	228
974	322
974	376
974	396
974	451
974	540
974	544
974	569
974	657
974	673
974	712
974	775
974	778
974	790
974	866
974	891
974	895
974	900
974	950
974	961
974	965
974	992
974	993
974	995
974	996
1002	1242
1002	1294
1002	1568
1002	1851
1242	1321
1242	1520
1242	1669
1242	1741
1294	1009
1294	1339
1294	1370
1294	1551
1568	1507
1568	1808
1568	1848
1568	1892
1568	1900
1568	1929
1851	1194
1851	1446
1851	1596
1851	1638
1851	1683
1851	1714
1851	1779
1851	1818
1851	1824
1851	1827
1851	1859
1851	1966
1851	1985
1851	1997
2	445
2	520
2	892
2	992
445	376
445	465
445	584
445	687
445	981
520	68
520	190
520	213
520	322
520	858
892	322
892	457
892	729
892	769
892	771
892	839
892	844
892	846
892	864
892	872
892	900
892	938
892	943
892	944
892	951
892	959
892	963
892	986
892	998
992	24
992	62
992	88
992	151
992	331
992	358
992	375
992	414
992	506
992	507
992	529
992	623
992	626
992	664
992	718
992	723
992	730
992	732
992	748
992	760
992	781
992	798
992	832
992	834
992	836
992	875
992	878
992	884
992	890
992	897
992	916
992	928
992	949
992	953
992	973
992	979
992	985
1003	1627
1003	1807
1003	1827
1003	1963
1627	1069
1627	1190
1627	1501
1627	1516
1627	1867
1627	1921
1807	1016
1807	1032
1807	1307
1807	1312
1807	1374
1807	1421
1807	1425
1807	1573
1807	1767
1807	1809
1807	1911
1807	1920
1807	1970
1827	1202
1827	1472
1827	631
1827	1766
1827	1816
1827	1879
1827	1897
1827	1908
1827	1930
1827	1976
1827	1985
1827	1988
1827	1996
1963	1008
1963	1021
1963	1051
1963	1128
1963	1298
1963	1380
1963	1422
1963	1442
1963	1574
1963	1605
1963	1659
1963	1682
1963	1722
1963	1753
1963	1754
1963	1769
1963	1770
1963	1795
1963	1878
1963	1882
1963	1898
1963	1951
1963	1965
1963	1972
1963	1976
1963	1982
1963	1990
1004	1798
1004	1861
1004	1971
1004	1978
1798	1013
1798	1192
1798	1230
1798	1251
1798	1384
1798	1477
1798	1480
1798	1536
1798	1615
1798	841
1798	1942
1798	1988
1861	1040
1861	1061
1861	1116
1861	1606
1861	1673
1861	1757
1861	1763
1861	1801
1861	1825
1861	1889
1861	1912
1861	1960
1861	1985
1861	1986
1861	1989
1861	1999
1971	1229
1971	1388
1971	1390
1971	1525
1971	1576
1971	1612
1971	1643
1971	1649
1971	1650
1971	1713
1971	1742
1971	1752
1971	1812
1971	1819
1971	1849
1971	1862
1971	1872
1971	1883
1971	1939
1971	1951
1971	1958
1971	1960
1971	1962
1971	1969
1971	1976
1971	1978
1971	1982
1971	991
1978	1109
1978	1165
1978	1311
1978	1387
1978	1393
1978	1401
1978	1454
1978	1465
1978	1467
1978	1482
1978	1507
1978	1551
1978	1601
1978	1614
1978	1620
1978	1636
1978	1753
1978	1757
1978	1762
1978	1806
1978	1918
1978	1930
1978	1938
1978	1961
1978	1968
1978	1969
1978	1989
1978	1991
1978	1995
1005	1715
1005	1858
1005	1929
1005	1939
1715	1007
1715	1056
1715	1285
1715	1483
1715	1546
1715	1718
1715	771
1715	1951
1715	1964
1858	1129
1858	1259
1858	1305
1858	1314
1858	1428
1858	1497
1858	1531
1858	1628
1858	1630
1858	1678
1858	1869
1858	1884
1858	1925
1858	1989
1858	1999
1929	1123
1929	1219
1929	1330
1929	1474
1929	1529
1929	1556
1929	1575
1929	1703
1929	1737
1929	1801
1929	1837
1929	1855
1929	1868
1929	1875
1929	1892
1929	1918
1929	1921
1929	1964
1929	1972
1929	1987
1929	1989
1939	1078
1939	1172
1939	1263
1939	1273
1939	1306
1939	1360
1939	1387
1939	1423
1939	1559
1939	1580
1939	1581
1939	1644
1939	1653
1939	1665
1939	1724
1939	1744
1939	1802
1939	1810
1939	1837
1939	1876
1939	1936
1939	1957
1939	1979
3	75
3	472
3	825
3	935
75	45
75	762
75	991
472	118
472	141
472	695
472	811
472	873
825	80
825	556
825	660
825	694
825	778
825	827
825	835
825	876
825	883
825	931
825	951
825	980
825	988
935	57
935	157
935	223
935	259
935	272
935	319
935	356
935	398
935	572
935	686
935	720
935	733
935	763
935	801
935	829
935	830
935	881
935	923
935	936
935	955
935	981
935	987
935	990
935	991
4	644
4	749
4	757
4	1982
644	69
644	169
644	305
644	396
644	437
644	694
644	947
749	631
749	634
749	708
749	731
749	815
749	877
749	887
749	920
749	993
757	65
757	108
757	226
757	248
757	295
757	474
757	485
757	595
757	635
757	680
757	936
1982	1028
1982	1115
1982	1190
1982	1370
1982	1377
1982	1421
1982	1456
1982	1504
1982	1530
1982	1602
1982	1624
1982	1684
1982	1700
1982	1736
1982	1777
1982	1863
1982	1866
1982	1883
1982	1888
1982	1900
1982	1901
1982	1910
1982	1922
1982	1938
1982	1942
1982	1964
1982	1973
1982	1983
1006	1186
1006	1855
1006	1943
1006	1950
1186	1148
1186	1492
1186	1517
1855	1015
1855	1052
1855	1279
1855	1541
1855	1695
1855	1697
1855	1799
1855	1813
1855	1864
1855	1891
1855	1892
1855	1937
1855	1950
1855	1996
1943	1088
1943	1124
1943	1162
1943	1174
1943	1411
1943	469
1943	1436
1943	1505
1943	1567
1943	1607
1943	1697
1943	1724
1943	1761
1943	1789
1943	1794
1943	1824
1943	1872
1943	1884
1943	1885
1943	1889
1943	1893
1943	1901
1943	1946
1943	1954
1943	1999
1950	1009
1950	1041
1950	1135
1950	1231
1950	1343
1950	1372
1950	1449
1950	1562
1950	1591
1950	1603
1950	1690
1950	1728
1950	1787
1950	1830
1950	1836
1950	856
1950	1891
1950	1911
1950	1919
1950	1920
1950	1959
1950	1967
1950	1969
1950	1983
5	258
5	533
5	648
5	721
258	267
258	673
258	786
258	966
533	641
533	754
533	879
533	955
533	971
533	993
648	314
648	348
648	630
648	797
648	937
648	958
648	977
648	990
721	809
721	820
721	849
721	874
721	913
721	932
721	934
721	942
721	990
6	1146
6	383
6	883
6	955
1146	1693
1146	1797
1146	1864
383	73
383	336
383	722
383	905
883	111
883	138
883	207
883	320
883	321
883	456
883	561
883	620
883	637
883	858
883	865
883	882
883	950
883	959
883	964
883	967
955	32
955	92
955	158
955	233
955	273
955	550
955	555
955	578
955	694
955	699
955	717
955	753
955	772
955	776
955	783
955	796
955	833
955	855
955	862
955	863
955	880
955	908
955	919
955	924
955	984
1007	1528
1007	1566
1007	1652
1528	1228
1528	1429
1528	1733
1528	1746
1528	1799
1528	1947
1566	1559
1566	1853
1566	1909
1566	1977
1566	1991
1652	1097
1652	1448
1652	1465
1652	1536
1652	1786
1652	1813
1652	1826
1652	1958
1008	1746
1008	1981
1008	1998
1746	1135
1746	1340
1746	1450
1746	1531
1746	1725
1746	1783
1746	1857
1746	1870
1746	1955
1746	1994
1981	1153
1981	1159
1981	1187
1981	1195
1981	1236
1981	1429
1981	1432
1981	1513
1981	1535
1981	1618
1981	1672
1981	1762
1981	1778
1981	1779
1981	1789
1981	1792
1981	1799
1981	1801
1981	1805
1981	1833
1981	1849
1981	1853
1981	1868
1981	1937
1981	1951
1981	1952
1981	1966
1981	967
1981	1991
1981	1997
1998	1031
1998	1094
1998	1120
1998	1194
1998	1227
1998	1228
1998	1229
1998	1285
1998	1306
1998	1320
1998	1498
1998	1552
1998	1557
1998	1656
1998	1722
1998	1729
1998	1790
1998	1804
1998	1833
1998	1845
1998	1847
1998	1857
1998	1872
1998	1880
1998	1884
1998	1893
1998	1900
1998	1907
1998	1917
1998	1918
1998	1922
1998	1937
1998	1941
1998	1955
1998	1959
1998	1975
1998	1991
1998	1993
1009	1710
1009	1821
1710	1255
1710	1450
1710	1492
1710	1514
1710	1515
1710	1625
1710	1675
1710	1696
1710	1983
1821	1183
1821	1211
1821	1484
1821	1551
1821	1621
1821	1685
1821	1741
1821	1811
1821	1865
1821	1877
1821	1886
1821	1958
1821	1964
7	254
7	453
7	953
7	956
254	580
254	968
254	987
453	551
453	741
453	761
453	827
453	902
953	150
953	378
953	510
953	514
953	548
953	575
953	609
953	661
953	694
953	778
953	786
953	811
953	832
953	834
953	839
953	856
953	876
953	882
953	903
953	939
953	961
953	984
953	985
953	990
953	994
953	999
956	83
956	100
956	210
956	218
956	458
956	471
956	489
956	504
956	519
956	599
956	659
956	736
956	759
956	767
956	820
956	823
956	826
956	852
956	878
956	884
956	896
956	903
956	909
956	947
956	972
956	998
1010	1112
1010	1813
1010	1892
1010	1995
1112	1699
1112	1846
1112	1962
1813	1208
1813	1306
1813	1335
1813	1730
1813	1766
1813	1840
1813	1893
1813	1935
1813	1954
1813	1956
1813	1964
1892	1106
1892	1235
1892	1263
1892	1348
1892	1454
1892	1680
1892	1692
1892	1753
1892	1847
1892	1905
1892	1922
1892	938
1892	1961
1892	1969
1892	1986
1995	1011
1995	1054
1995	1148
1995	1162
1995	1174
1995	1232
1995	1262
1995	1272
1995	1275
1995	1285
1995	1425
1995	1460
1995	1499
1995	1514
1995	1553
1995	1576
1995	1606
1995	1614
1995	1628
1995	1667
1995	742
1995	1780
1995	1781
1995	1795
1995	1824
1995	1873
1995	1876
1995	1880
1995	1901
1995	1909
1995	1938
1995	1953
1995	1958
1995	1959
1995	1985
1995	1994
1011	1205
1011	1269
1011	1811
1205	1856
1205	1930
1205	1955
1269	336
1269	1435
1269	1662
1269	1975
1811	1428
1811	1512
1811	1625
1811	1659
1811	1726
1811	1853
1811	1909
1811	1911
1811	1958
1811	1987
1811	1989
1811	1996
1012	1203
1012	1408
1012	1709
1012	1901
1203	1240
1203	1359
1203	1934
1408	1095
1408	1397
1408	1690
1408	1831
1408	1993
1709	1050
1709	1718
1709	1916
1709	1940
1709	1941
1709	1942
1709	1949
1709	1967
1709	1996
1901	1154
1901	1249
1901	1300
1901	1495
1901	1640
1901	1698
1901	1796
1901	1842
1901	1876
1901	1884
1901	1902
1901	1923
1901	1938
1901	1955
1901	1961
8	689
8	1704
8	888
8	991
689	359
689	434
689	597
689	726
689	737
689	828
689	884
689	885
689	1959
1704	1241
1704	1333
1704	1404
1704	1556
1704	1592
1704	1648
1704	1768
1704	1895
1704	1932
888	213
888	269
888	368
888	390
888	493
888	666
888	705
888	715
888	774
888	775
888	870
888	875
888	882
888	947
888	963
888	968
888	995
888	996
991	144
991	163
991	231
991	256
991	288
991	291
991	372
991	425
991	448
991	532
991	568
991	671
991	696
991	710
991	763
991	787
991	808
991	813
991	839
991	852
991	860
991	875
991	930
991	944
991	947
991	949
991	959
991	968
991	978
991	979
991	982
991	985
991	986
991	988
9	608
9	750
9	900
9	957
608	265
608	285
608	357
608	502
608	572
608	670
608	793
750	586
750	665
750	739
750	747
750	845
750	846
750	860
750	868
750	965
750	998
900	238
900	359
900	552
900	686
900	690
900	740
900	790
900	821
900	841
900	848
900	862
900	864
900	1926
900	928
900	957
900	960
900	969
957	1060
957	95
957	137
957	143
957	193
957	269
957	275
957	290
957	295
957	302
957	351
957	378
957	405
957	425
957	531
957	556
957	582
957	684
957	758
957	795
957	802
957	891
957	944
957	945
957	947
957	965
1013	1531
1013	1587
1013	1721
1531	1339
1531	1517
1531	1885
1531	1972
1587	1058
1587	1375
1587	1415
1587	1429
1587	1758
1587	1885
1587	1990
1721	1017
1721	1443
1721	1575
1721	1580
1721	1653
1721	1784
1721	1881
1721	1954
1721	1983
1721	1996
1014	1266
1014	1411
1014	1780
1014	1895
1266	619
1266	1792
1266	1838
1266	1920
1411	1633
1411	1739
1411	1799
1411	1837
1780	1167
1780	1313
1780	1425
1780	1666
1780	1731
1780	1887
1780	1912
1780	1922
1780	1947
1895	1251
1895	1496
1895	1602
1895	1635
1895	1773
1895	1779
1895	1810
1895	1831
1895	1832
1895	1854
1895	1868
1895	1882
1895	1887
1895	1896
1895	1942
1895	1972
1895	1983
10	836
10	844
10	869
10	894
836	129
836	134
836	433
836	534
836	634
836	655
836	676
836	734
836	744
836	831
836	899
836	971
836	990
844	106
844	274
844	410
844	551
844	735
844	778
844	831
844	856
844	905
844	927
844	931
844	947
844	988
869	125
869	242
869	435
869	512
869	726
869	758
869	817
869	831
869	838
869	902
869	933
869	939
869	947
869	960
869	968
869	971
894	17
894	165
894	186
894	337
894	403
894	576
894	601
894	692
894	704
894	728
894	759
894	782
894	801
894	830
894	862
894	902
894	948
894	984
894	988
1015	1563
1015	1948
1015	1993
1563	1409
1563	1522
1563	1870
1563	1896
1563	1962
1563	1983
1948	1169
1948	1175
1948	1277
1948	1321
1948	1357
1948	1362
1948	1402
1948	1428
1948	1451
1948	1461
1948	1469
1948	1475
1948	1487
1948	1602
1948	1639
1948	1684
1948	1748
1948	1778
1948	1786
1948	1788
1948	1850
1948	1859
1948	1955
1948	1965
1948	1985
1993	1028
1993	1029
1993	1043
1993	1140
1993	1167
1993	1286
1993	1288
1993	1354
1993	1361
1993	1387
1993	1412
1993	1435
1993	1468
1993	1487
1993	1571
1993	1599
1993	1674
1993	1683
1993	1779
1993	1787
1993	1835
1993	1850
1993	865
1993	1868
1993	1887
1993	1894
1993	1930
1993	1936
1993	1949
1993	1953
1993	1958
1993	1970
1993	1985
11	511
11	803
11	926
11	996
511	431
511	760
511	779
511	805
511	810
803	204
803	299
803	406
803	461
803	485
803	538
803	685
803	735
803	879
803	885
803	939
803	999
926	81
926	101
926	146
926	301
926	330
926	344
926	363
926	478
926	505
926	1518
926	564
926	618
926	661
926	752
926	806
926	837
926	842
926	877
926	881
926	891
926	915
926	959
926	989
996	47
996	53
996	193
996	333
996	352
996	365
996	418
996	434
996	449
996	494
996	516
996	588
996	633
996	678
996	685
996	717
996	723
996	737
996	738
996	755
996	768
996	784
996	791
996	812
996	839
996	911
996	919
996	929
996	933
996	944
996	952
996	959
996	961
996	973
996	980
996	984
996	985
12	810
12	963
12	983
12	987
810	422
810	492
810	513
810	600
810	673
810	752
810	799
810	814
810	819
810	904
810	924
810	979
963	63
963	126
963	146
963	187
963	249
963	274
963	339
963	426
963	503
963	527
963	561
963	603
963	657
963	696
963	734
963	746
963	777
963	1781
963	854
963	868
963	895
963	940
963	941
963	945
963	946
963	983
983	20
983	111
983	140
983	307
983	402
983	419
983	527
983	586
983	650
983	659
983	660
983	670
983	674
983	677
983	1716
983	759
983	767
983	768
983	788
983	791
983	812
983	860
983	868
983	902
983	904
983	912
983	949
983	954
983	958
983	962
983	964
983	968
983	984
983	989
983	995
987	42
987	64
987	174
987	208
987	234
987	286
987	341
987	390
987	427
987	466
987	480
987	505
987	524
987	547
987	602
987	626
987	696
987	720
987	751
987	765
987	773
987	786
987	838
987	898
987	905
987	916
987	941
987	949
987	951
987	961
987	965
987	973
987	981
987	999
13	478
13	488
13	570
13	998
478	54
478	73
478	646
478	880
488	47
488	245
488	439
488	761
488	812
570	1163
570	407
570	416
570	638
570	688
570	975
998	38
998	56
998	159
998	268
998	411
998	477
998	495
998	509
998	516
998	558
998	584
998	588
998	595
998	620
998	642
998	679
998	703
998	735
998	841
998	846
998	852
998	893
998	899
998	905
998	907
998	923
998	927
998	930
998	932
998	936
998	946
998	959
998	1983
998	986
998	990
998	994
1016	1134
1016	1717
1016	1841
1134	1044
1134	1741
1134	1850
1717	1289
1717	1359
1717	1523
1717	1654
1717	1829
1717	1906
1717	1959
1717	1962
1717	1988
1841	1081
1841	1329
1841	1438
1841	1458
1841	1479
1841	1556
1841	1681
1841	1699
1841	1728
1841	1748
1841	1908
1841	1928
1841	1935
1841	1989
1017	1047
1017	1618
1017	1705
1047	1297
1047	1356
1047	1472
1618	1327
1618	1570
1618	1835
1618	1876
1618	1896
1618	1919
1705	1226
1705	1255
1705	1278
1705	1377
1705	1390
1705	1625
1705	1643
1705	1930
1705	1975
14	20
14	356
14	448
14	984
20	26
20	713
356	683
356	797
356	890
448	590
448	712
448	931
448	940
984	85
984	124
984	125
984	207
984	497
984	506
984	629
984	636
984	651
984	652
984	662
984	666
984	700
984	715
984	756
984	765
984	784
984	791
984	801
984	809
984	829
984	896
984	918
984	949
984	954
984	961
984	978
984	980
984	981
984	999
1018	1235
1018	1840
1018	1856
1018	1919
1235	1036
1235	1885
1235	1917
1840	1304
1840	1358
1840	1436
1840	1477
1840	1525
1840	1598
1840	1687
1840	1856
1840	1867
1840	1966
1840	1970
1840	1974
1840	999
1856	1322
1856	1520
1856	1581
1856	1653
1856	1663
1856	1700
1856	1755
1856	1802
1856	1897
1856	1932
1856	1961
1856	1983
1856	1988
1919	1116
1919	1385
1919	1448
1919	1523
1919	1558
1919	1580
1919	1634
1919	1685
1919	1734
1919	1739
1919	1769
1919	1793
1919	1818
1919	1887
1919	1906
1919	1928
1919	1937
1919	1985
1919	1988
1019	513
1019	1577
1019	1797
1019	1854
513	239
513	903
513	927
513	970
1577	1372
1577	1680
1577	1730
1577	1955
1577	1968
1577	1977
1797	1133
1797	1202
1797	1210
1797	1480
1797	1612
1797	1689
1797	1744
1797	1823
1797	1879
1797	1937
1797	1994
1854	1312
1854	1352
1854	1357
1854	1539
1854	1621
1854	1649
1854	1688
1854	1692
1854	1882
1854	1902
1854	1912
1854	1930
1854	1967
1854	1991
15	182
15	214
15	549
15	739
182	155
182	251
182	595
214	54
214	70
214	876
549	443
549	599
549	678
549	860
549	914
549	965
739	36
739	190
739	218
739	545
739	720
739	748
739	831
739	858
739	990
1020	1053
1020	1643
1020	1899
1020	1925
1053	1164
1053	1172
1053	1928
1643	1281
1643	1343
1643	1443
1643	1548
1643	1735
1643	1992
1899	1158
1899	1222
1899	1317
1899	1399
1899	1423
1899	1540
1899	1607
1899	1609
1899	1714
1899	1803
1899	1815
1899	1828
1899	1850
1899	1853
1899	1875
1899	1890
1899	1909
1899	1916
1925	1076
1925	1193
1925	1338
1925	1360
1925	1398
1925	1438
1925	1456
1925	1470
1925	1500
1925	1513
1925	1699
1925	1845
1925	1850
1925	1860
1925	1871
1925	1910
1925	1935
1925	1960
1925	1994
16	239
16	655
16	863
16	960
239	1540
239	993
655	335
655	443
655	667
655	793
655	820
655	958
655	971
863	42
863	205
863	264
863	271
863	560
863	682
863	697
863	742
863	804
863	839
863	899
863	906
863	924
863	961
960	317
960	363
960	545
960	555
960	557
960	596
960	654
960	669
960	697
960	703
960	715
960	762
960	766
960	784
960	848
960	856
960	875
960	898
960	907
960	911
960	964
960	967
960	976
960	988
1021	1277
1021	1581
1021	1956
1277	1258
1277	1365
1277	1979
1581	1060
1581	1257
1581	1350
1581	1434
1581	1973
1956	1037
1956	1077
1956	1099
1956	1204
1956	1255
1956	1293
1956	1305
1956	373
1956	1338
1956	1341
1956	1367
1956	1507
1956	1511
1956	1533
1956	1544
1956	1649
1956	1679
1956	1728
1956	1766
1956	1782
1956	1837
1956	1864
1956	1871
1956	1986
1956	1999
1022	1227
1022	1439
1022	1580
1022	1699
1227	1086
1227	1876
1227	1946
1439	1238
1439	1554
1439	1626
1439	1761
1439	1864
1580	1129
1580	1330
1580	1603
1580	1641
1699	1171
1699	1374
1699	1868
1699	1871
1699	1915
1699	1972
17	916
17	923
17	931
916	77
916	462
916	471
916	562
916	662
916	705
916	754
916	774
916	779
916	800
916	804
916	899
916	913
916	1962
916	966
916	976
916	978
916	982
916	990
923	398
923	428
923	591
923	619
923	626
923	649
923	669
923	700
923	735
923	743
923	822
923	890
923	893
923	904
923	921
923	922
923	928
923	951
923	967
923	971
923	999
931	101
931	237
931	362
931	411
931	518
931	535
931	545
931	1515
931	572
931	589
931	601
931	649
931	729
931	758
931	792
931	796
931	828
931	849
931	856
931	940
931	969
1023	1219
1023	1722
1023	1769
1023	1949
1219	1756
1219	1990
1722	1183
1722	1381
1722	1565
1722	1628
1722	1766
1722	1905
1722	1985
1769	1479
1769	1592
1769	1713
1769	1812
1769	1887
1769	1914
1769	1921
1769	1972
1769	1988
1949	1108
1949	1133
1949	1206
1949	1222
1949	1329
1949	1362
1949	1396
1949	1469
1949	1470
1949	1555
1949	1573
1949	1590
1949	1653
1949	1690
1949	1735
1949	1747
1949	1808
1949	1812
1949	1842
1949	1941
1949	1947
1949	1955
1949	1985
1949	1987
1024	1252
1024	1506
1024	1634
1024	1923
1252	1421
1252	1654
1252	1735
1252	1800
1506	1118
1506	1657
1506	1664
1506	1914
1506	1915
1506	1991
1634	1069
1634	1505
1634	1848
1634	1863
1634	1917
1634	1983
1923	1136
1923	1142
1923	1305
1923	1318
1923	1485
1923	1514
1923	1626
1923	1661
1923	1666
1923	1668
1923	1759
1923	1826
1923	1852
1923	1907
1923	1915
1923	1947
1923	1973
1923	1975
1923	1988
1923	1999
1025	1476
1025	1524
1025	1582
1025	1791
1476	1398
1476	1654
1476	1784
1476	1886
1476	1967
1524	1509
1524	1574
1524	1600
1524	1822
1524	1850
1524	1897
1582	1121
1582	1137
1582	1765
1582	1808
1582	1927
1582	1985
1791	1104
1791	1149
1791	1324
1791	1583
1791	1655
1791	1727
1791	1749
1791	1830
1791	1886
1791	1898
1791	1976
1791	1997
18	240
18	483
18	620
18	845
240	621
240	828
240	949
483	569
483	724
483	780
483	944
483	989
620	481
620	746
620	804
620	958
620	999
845	173
845	295
845	305
845	328
845	647
845	650
845	654
845	712
845	855
845	862
845	871
845	876
845	901
19	265
19	594
19	812
19	816
265	260
265	947
265	989
594	38
594	329
594	485
594	553
594	647
594	760
594	876
812	157
812	705
812	713
812	918
812	922
812	929
812	933
812	941
812	978
812	989
816	71
816	111
816	163
816	186
816	227
816	242
816	532
816	578
816	593
816	795
816	868
816	952
816	985
26	349
26	659
26	937
713	444
713	470
713	761
713	767
713	835
713	865
713	914
713	941
1026	1472
1026	1570
1026	1802
1026	1865
1472	1121
1472	1412
1472	1979
1570	1298
1570	1349
1570	1555
1570	1624
1570	1885
1802	1099
1802	1567
1802	1660
1802	1745
1802	1756
1802	1784
1802	1820
1802	1823
1802	1824
1802	1962
1865	1061
1865	1325
1865	1359
1865	1390
1865	1508
1865	1616
1865	1633
1865	1879
1865	1898
1865	1924
1865	1926
1865	1944
1865	1997
1865	1999
21	729
21	780
21	860
21	936
729	169
729	324
729	330
729	636
729	852
729	862
729	908
729	973
780	289
780	1430
780	536
780	662
780	694
780	708
780	807
780	942
780	943
860	342
860	582
860	673
860	795
860	809
860	867
860	912
860	933
860	948
860	989
936	88
936	162
936	278
936	313
936	326
936	341
936	348
936	398
936	547
936	686
936	1761
936	776
936	820
936	829
936	852
936	921
936	967
936	976
936	979
936	981
936	985
22	154
22	156
22	1649
22	837
154	611
154	895
154	952
156	566
156	665
156	929
1649	1427
1649	1457
1649	1489
1649	1844
1649	1870
837	68
837	291
837	430
837	467
837	676
837	677
837	712
837	858
837	866
837	901
837	943
837	962
837	982
1027	1152
1027	1621
1027	859
1027	1941
1152	1794
1152	1911
1152	1942
1621	1126
1621	1659
1621	1818
1621	1849
1621	1990
859	40
859	127
859	302
859	414
859	542
859	593
859	615
859	645
859	751
859	806
859	878
859	881
859	920
859	925
859	947
1941	1069
1941	1209
1941	1289
1941	1375
1941	1376
1941	1386
1941	1429
1941	1437
1941	1541
1941	1609
1941	1665
1941	1774
1941	1793
1941	1839
1941	1846
1941	1907
1941	1915
1941	1918
1941	1921
1941	1970
1941	1973
1941	1999
1028	1882
1882	1096
1882	1526
1882	1596
1882	1689
1882	1730
1882	1743
1882	1776
1882	1826
1882	1900
1882	1907
1882	1922
1882	1926
1882	1938
1882	1983
1029	1698
1029	1774
1029	1920
1698	1078
1698	1223
1698	1708
1698	1737
1698	1786
1698	1872
1698	1934
1698	1979
1774	1061
1774	1347
1774	1727
1774	1750
1774	1825
1774	1876
1774	1947
1774	1969
1774	1975
1774	1979
1920	1246
1920	1296
1920	1314
1920	1441
1920	1493
1920	1496
1920	1505
1920	1541
1920	1611
1920	1668
1920	1692
1920	1812
1920	1819
1920	1839
1920	1921
1920	1966
1920	1968
1030	1637
1030	1641
1030	1903
1030	1991
1637	1156
1637	1404
1637	1549
1637	1572
1637	1872
1637	1911
1637	1913
1641	1341
1641	1680
1641	1708
1641	1850
1641	1857
1641	1996
1641	1999
1903	1043
1903	1122
1903	1299
1903	1347
1903	1369
1903	1654
1903	1689
1903	1757
1903	1768
1903	1771
1903	1839
1903	1844
1903	1848
1903	1873
1903	1930
1903	1940
1903	1970
1903	1997
1991	1041
1991	1066
1991	1088
1991	1155
1991	1169
1991	1366
1991	1400
1991	1410
1991	1488
1991	1509
1991	1601
1991	1633
1991	1654
1991	1694
1991	1720
1991	1768
1991	1784
1991	1806
1991	1814
1991	1838
1991	1845
1991	1852
1991	1857
1991	1911
1991	1927
1991	1969
1991	1979
1991	1990
1031	1781
1031	1782
1031	1959
1781	1355
1781	1446
1781	1517
1781	1757
1781	1805
1781	1824
1781	1889
1781	1907
1781	1952
1782	1085
1782	1450
1782	1486
1782	1525
1782	1538
1782	1589
1782	1758
1782	1820
1782	1869
1782	1879
1782	1977
1959	1036
1959	1123
1959	1139
1959	1193
1959	1240
1959	1253
1959	1352
1959	1378
1959	1403
1959	1458
1959	1473
1959	1516
1959	1664
1959	1691
1959	1702
1959	1737
1959	1759
1959	1803
1959	1826
1959	1936
1959	1961
1959	1989
1032	1320
1032	1766
1032	1990
1320	1376
1320	1792
1320	1922
1766	1303
1766	1346
1766	1354
1766	407
1766	1659
1766	1905
1766	1937
1990	1059
1990	1270
1990	1291
1990	1336
1990	1356
1990	1441
1990	1449
1990	1588
1990	1597
1990	1611
1990	1614
1990	1629
1990	1656
1990	1677
1990	1708
1990	1718
1990	1755
1990	1761
1990	1829
1990	1842
1990	1843
1990	1852
1990	1910
1990	1921
1990	1966
1990	1968
1990	1970
1990	1973
1990	1975
1990	1996
1033	1407
1033	1725
1033	1750
1033	853
1407	1514
1407	1685
1407	1800
1407	1877
1407	1969
1725	1280
1725	1342
1725	1560
1725	1650
1725	1745
1725	1776
1725	1893
1725	1906
1725	1944
1750	1050
1750	1070
1750	1271
1750	1773
1750	1842
1750	1888
1750	1894
1750	1910
1750	961
1750	1968
853	122
853	364
853	550
853	572
853	682
853	755
853	796
853	805
853	857
853	930
853	939
853	945
853	949
853	972
853	990
23	499
23	731
23	866
23	902
499	509
499	875
499	943
499	962
499	964
731	114
731	208
731	439
731	464
731	774
731	830
731	858
731	932
731	999
866	289
866	325
866	521
866	539
866	576
866	602
866	667
866	709
866	777
866	870
866	929
866	945
866	976
866	981
902	222
902	234
902	280
902	505
902	603
902	645
902	687
902	711
902	718
902	808
902	809
902	834
902	842
902	905
902	950
902	982
24	380
24	765
24	773
380	74
380	832
380	839
380	938
765	95
765	328
765	558
765	598
765	671
765	754
765	919
765	969
765	976
773	54
773	209
773	211
773	252
773	528
773	692
773	762
773	781
773	887
773	925
1034	1241
1034	1706
1034	1880
1034	1915
1241	1735
1241	1842
1241	1908
1706	1287
1706	1300
1706	1489
1706	1544
1706	1623
1706	1731
1706	1749
1706	1789
1706	1935
1880	1043
1880	1147
1880	1151
1880	1234
1880	1238
1880	1337
1880	1770
1880	1803
1880	1863
1880	1890
1880	1961
1880	1962
1880	1988
1880	1994
1915	1039
1915	1130
1915	1178
1915	1220
1915	1246
1915	1250
1915	1274
1915	1308
1915	1313
1915	1341
1915	1529
1915	1574
1915	1658
1915	1693
1915	1968
1915	1994
25	107
25	470
25	526
25	536
107	667
107	785
107	867
470	368
470	464
470	829
470	995
526	98
526	175
526	446
526	463
526	808
536	278
536	658
536	830
536	948
536	993
1035	1490
1035	1648
1035	1754
1035	1934
1490	1804
1490	1808
1490	1814
1490	1904
1490	1906
1648	1537
1648	1803
1648	1806
1648	1913
1648	1926
1648	1964
1648	1976
1754	199
1754	1265
1754	1282
1754	1519
1754	1615
1754	1668
1754	1674
1754	1683
1754	1757
1754	1953
1934	1068
1934	1325
1934	1384
1934	1511
1934	1603
1934	1633
1934	1642
1934	1676
1934	1713
1934	1734
1934	1759
1934	1843
1934	1894
1934	1916
1934	1940
1934	1946
1934	1979
1934	1985
1934	1992
1934	1997
1036	1114
1036	1985
1114	1103
1114	1977
1114	1997
1985	1059
1985	1102
1985	1125
1985	1347
1985	1391
1985	1405
1985	1478
1985	1511
1985	1628
1985	1676
1985	1678
1985	1734
1985	1803
1985	1912
1985	1916
1985	1937
1985	1946
1985	1955
1985	1969
1985	1972
1985	1996
1037	1128
1037	1762
1037	1825
1128	1852
1762	1038
1762	1432
1762	1480
1762	1763
1762	1764
1762	1808
1762	1873
1762	1960
1762	1979
1825	1097
1825	1595
1825	1644
1825	1666
1825	1719
1825	1728
1825	1730
1825	1794
1825	1921
1825	1960
1825	1994
349	658
349	722
349	1819
349	971
659	532
659	540
659	897
659	933
659	943
659	952
937	90
937	602
937	615
937	616
937	671
937	696
937	705
937	728
937	738
937	752
937	760
937	808
937	835
937	1833
937	848
937	876
937	878
937	898
937	912
937	942
937	943
937	973
937	980
937	995
27	49
27	434
27	560
27	615
49	172
49	747
49	966
434	277
434	975
434	977
560	355
560	443
560	736
560	775
560	999
615	656
615	691
615	822
615	920
615	978
1038	1543
1038	1620
1038	1977
1543	1052
1543	1390
1543	1962
1543	1969
1543	1986
1620	1662
1620	1719
1620	1765
1620	1846
1620	1935
1620	1986
1977	1187
1977	1215
1977	1341
1977	1351
1977	1376
1977	1447
1977	1462
1977	1474
1977	1491
1977	1523
1977	1525
1977	1526
1977	1692
1977	1756
1977	1794
1977	1823
1977	1836
1977	1872
1977	1879
1977	1918
1977	1924
1977	1953
1977	1960
1977	1987
1977	1988
1039	1659
1039	1810
1039	1964
1659	1910
1659	1961
1659	1988
1659	1992
1810	1098
1810	1105
1810	1214
1810	1233
1810	1283
1810	1340
1810	1593
1810	1809
1810	1849
1810	1888
1810	1954
1964	1056
1964	1064
1964	1251
1964	1344
1964	1413
1964	1431
1964	1493
1964	1508
1964	1517
1964	1533
1964	1550
1964	1645
1964	1688
1964	1696
1964	1849
1964	1872
1964	1885
1964	1914
1964	943
1964	1997
28	52
28	406
28	833
28	967
52	386
52	799
52	922
406	390
406	501
406	710
833	167
833	347
833	389
833	475
833	556
833	568
833	613
833	712
833	781
833	823
833	856
833	879
833	969
967	160
967	203
967	307
967	384
967	462
967	503
967	588
967	589
967	622
967	710
967	719
967	753
967	781
967	824
967	838
967	887
967	910
967	912
967	913
967	920
967	938
967	943
967	961
967	964
967	979
1040	1402
1040	1418
1040	1873
1402	1416
1402	1703
1402	1808
1402	1894
1418	1400
1418	1532
1418	1870
1418	995
1418	1999
1873	1180
1873	1503
1873	1515
1873	1533
1873	1534
1873	1726
1873	1822
1873	1864
1873	1866
1873	1914
1873	1970
1873	1997
1041	1776
1041	1927
1776	1413
1776	1575
1776	1610
1776	1615
1776	1702
1776	1814
1776	1845
1776	1951
1776	1966
1927	1079
1927	1213
1927	1293
1927	1375
1927	1410
1927	1446
1927	1468
1927	1509
1927	1538
1927	1540
1927	1564
1927	1617
1927	1660
1927	1670
1927	1806
1927	1832
1927	1944
1927	1946
1927	1962
1042	1158
1042	1664
1042	1877
1042	1972
1158	1394
1158	1452
1664	1076
1664	1299
1664	1616
1664	1787
1664	1809
1664	1863
1877	1131
1877	1132
1877	1216
1877	1349
1877	1488
1877	1496
1877	1590
1877	1646
1877	1679
1877	1687
1877	1716
1877	1914
1877	1951
1877	1976
1972	1052
1972	1118
1972	1164
1972	1195
1972	1254
1972	1378
1972	1389
1972	1442
1972	1605
1972	1606
1972	1673
1972	1786
1972	1793
1972	1801
1972	1828
1972	1835
1972	1844
1972	1883
1972	1932
1972	1951
1972	1953
29	375
29	899
29	948
29	972
375	415
375	553
375	575
899	259
899	269
899	286
899	332
899	654
899	658
899	664
899	761
899	783
899	864
899	908
899	919
899	920
899	922
899	927
899	978
948	113
948	222
948	492
948	544
948	557
948	566
948	571
948	602
948	694
948	734
948	766
948	787
948	841
948	856
948	876
948	880
948	897
948	911
948	912
948	949
948	968
948	972
948	975
972	41
972	85
972	132
972	170
972	295
972	340
972	398
972	431
972	494
972	635
972	672
972	715
972	733
972	748
972	755
972	839
972	879
972	896
972	903
972	913
972	917
972	941
972	942
972	952
972	959
972	976
972	1992
972	994
30	33
30	229
30	645
30	797
33	366
33	563
33	805
229	522
229	683
229	977
645	118
645	539
645	920
645	928
645	986
797	153
797	282
797	397
797	523
797	542
797	1635
797	880
797	924
797	934
797	959
1043	1968
1968	1082
1968	1259
1968	1350
1968	1378
1968	1483
1968	1522
1968	1544
1968	1560
1968	1650
1968	1675
1968	1708
1968	1737
1968	1792
1968	1816
1968	1829
1968	1869
1968	1871
1968	1904
1968	1930
1968	1966
1968	1970
1968	981
31	296
31	452
31	775
31	940
296	84
296	232
296	906
296	977
452	177
452	416
452	661
452	809
452	1853
775	300
775	446
775	546
775	692
775	806
775	910
775	999
940	136
940	162
940	237
940	302
940	428
940	604
940	649
940	663
940	668
940	711
940	722
940	736
940	786
940	815
940	849
940	864
940	885
940	898
940	903
940	939
940	947
940	976
32	345
32	730
32	794
345	129
345	474
345	879
345	964
730	291
730	607
730	668
730	699
730	778
730	830
730	965
730	975
730	989
794	69
794	384
794	554
794	699
794	703
794	717
794	772
794	778
794	814
794	862
794	897
794	990
366	913
366	941
366	981
366	985
563	292
563	376
563	542
563	592
563	744
563	783
805	53
805	115
805	119
805	280
805	370
805	587
805	712
805	822
805	882
805	898
34	674
34	857
34	876
34	971
674	89
674	438
674	727
674	1820
674	944
674	945
857	100
857	144
857	148
857	173
857	308
857	376
857	424
857	473
857	697
857	707
857	800
857	818
857	999
876	554
876	753
876	754
876	763
876	766
876	848
876	849
876	951
876	959
876	981
971	58
971	72
971	149
971	152
971	294
971	337
971	433
971	441
971	450
971	585
971	605
971	652
971	1675
971	714
971	740
971	761
971	783
971	785
971	814
971	884
971	907
971	910
971	914
971	941
1044	1460
1044	1946
1044	1966
1460	1714
1460	1830
1460	1867
1460	1890
1946	1061
1946	1122
1946	1180
1946	1182
1946	1284
1946	1307
1946	1488
1946	1510
1946	1548
1946	1711
1946	1767
1946	1806
1946	1859
1946	1870
1946	1937
1946	1942
1946	1976
1946	1987
1946	1989
1966	1132
1966	1396
1966	1398
1966	1416
1966	1432
1966	1433
1966	1449
1966	1451
1966	1464
1966	1571
1966	1583
1966	1635
1966	1663
1966	1753
1966	1804
1966	1812
1966	1833
1966	1900
1966	1955
1966	1996
1045	1491
1045	1513
1045	1676
1045	1953
1491	1541
1491	1583
1491	1745
1491	1888
1491	1983
1513	1675
1513	1716
1513	1852
1513	1916
1676	1160
1676	545
1676	1539
1676	1836
1676	1887
1676	1960
1953	1057
1953	1079
1953	1204
1953	1308
1953	1369
1953	1468
1953	1548
1953	1578
1953	1600
1953	1605
1953	1653
1953	1679
1953	1702
1953	1778
1953	1817
1953	1843
1953	1886
1953	1916
1953	1988
1953	982
35	252
35	323
35	819
35	887
252	672
252	858
323	838
323	889
323	969
819	191
819	314
819	485
819	708
819	823
819	879
819	919
819	958
819	964
819	969
819	978
819	990
887	170
887	413
887	530
887	537
887	664
887	787
887	793
887	823
887	861
887	918
887	927
887	950
887	961
887	964
36	583
36	662
36	830
583	279
583	516
583	676
583	711
583	904
583	958
662	135
662	264
662	635
662	715
662	755
830	587
830	743
830	770
830	811
830	820
830	880
830	909
830	947
830	975
1046	1658
1046	1732
1046	1955
1046	1989
1658	1107
1658	1321
1658	1437
1658	1696
1658	1886
1658	1890
1658	1999
1732	1086
1732	1166
1732	1358
1732	1453
1732	1624
1732	1689
1732	1690
1732	1822
1732	1848
1732	1888
1955	1256
1955	1348
1955	1349
1955	1449
1955	1503
1955	1747
1955	1826
1955	1829
1955	1838
1955	1845
1955	1849
1955	1867
1955	1889
1955	1911
1955	1931
1955	1961
1955	1988
1989	1100
1989	1116
1989	1151
1989	1182
1989	1196
1989	1198
1989	1213
1989	1225
1989	1253
1989	1347
1989	1362
1989	1522
1989	1593
1989	1724
1989	1789
1989	1792
1989	1796
1989	1846
1989	1853
1989	1860
1989	1893
1989	1894
1989	1900
1989	1908
1989	1967
1989	1975
37	527
37	572
37	747
37	970
527	443
527	821
572	493
572	813
747	111
747	261
747	629
747	634
747	716
747	813
747	843
747	891
970	82
970	124
970	197
970	300
970	1392
970	457
970	484
970	490
970	507
970	546
970	597
970	634
970	707
970	790
970	804
970	806
970	807
970	872
970	889
970	912
970	944
970	961
970	966
970	975
970	976
970	978
970	979
970	981
970	995
38	399
38	455
399	796
399	872
399	920
399	976
455	234
455	342
455	430
455	685
455	727
39	212
39	284
39	697
39	980
212	524
212	818
212	988
284	553
284	607
284	609
284	928
697	451
697	557
697	627
697	718
697	811
697	993
980	85
980	98
980	108
980	113
980	217
980	263
980	266
980	344
980	359
980	363
980	444
980	447
980	486
980	541
980	617
980	622
980	643
980	675
980	1672
980	685
980	719
980	827
980	858
980	873
980	890
980	911
980	949
980	961
980	969
980	976
40	567
40	755
40	832
567	562
567	811
567	896
567	950
567	958
567	968
755	364
755	430
755	496
755	870
755	918
755	965
755	981
832	614
832	753
832	770
832	824
832	850
832	877
832	912
832	933
832	939
832	969
832	982
1297	1409
1297	1902
1297	1921
1297	1992
1356	1685
1356	1906
1356	1908
41	625
41	927
625	141
625	255
625	357
625	649
625	930
625	944
625	995
927	253
927	307
927	386
927	395
927	463
927	477
927	484
927	647
927	686
927	734
927	735
927	798
927	817
927	868
927	928
927	954
927	990
42	372
42	823
372	604
372	614
372	889
823	247
823	595
823	635
823	850
823	872
823	910
823	924
823	930
823	949
43	180
43	369
43	728
43	994
180	331
180	458
180	838
369	104
369	702
369	821
369	910
728	196
728	268
728	370
728	576
728	685
728	774
728	815
728	995
994	103
994	113
994	179
994	248
994	249
994	279
994	328
994	429
994	441
994	503
994	545
994	574
994	626
994	637
994	651
994	664
994	690
994	693
994	696
994	698
994	762
994	826
994	846
994	858
994	865
994	908
994	939
994	949
994	962
994	966
994	979
994	988
994	993
1048	1141
1048	1234
1048	1332
1048	1493
1141	1707
1141	1765
1141	1852
1234	1392
1234	1458
1234	1848
1332	1470
1332	1586
1332	1611
1332	1874
1493	1060
1493	1512
1493	1940
1493	1986
1049	1404
1049	1542
1049	1777
1049	1852
1404	1561
1404	1794
1404	1866
1542	1483
1542	1564
1542	1728
1542	1838
1542	1896
1542	1951
1777	47
1777	1639
1777	1682
1777	1748
1777	1849
1777	1860
1777	1890
1777	1944
1777	1952
1852	1367
1852	1642
1852	1757
1852	1765
1852	1847
1852	1859
1852	1870
1852	1922
1852	1974
44	58
44	915
44	952
44	965
58	828
58	843
915	86
915	150
915	157
915	164
915	339
915	354
915	397
915	554
915	609
915	613
915	684
915	707
915	817
915	847
915	911
915	939
915	1944
915	942
915	952
915	954
952	238
952	281
952	450
952	494
952	538
952	599
952	605
952	716
952	732
952	735
952	740
952	752
952	758
952	824
952	911
952	912
952	914
952	938
952	944
952	961
965	67
965	273
965	338
965	344
965	449
965	464
965	490
965	605
965	614
965	617
965	663
965	772
965	781
965	800
965	801
965	854
965	855
965	858
965	885
965	911
965	969
965	976
1050	1124
1050	1907
1124	1120
1124	1932
1907	1095
1907	1129
1907	1290
1907	1378
1907	1437
1907	1473
1907	1757
1907	1826
1907	1829
1907	1830
1907	1834
1907	1845
1907	871
1907	1928
1051	1712
1051	1894
1712	1106
1712	1108
1712	1229
1712	1469
1712	1660
1712	1863
1712	1897
1712	1900
1712	1916
1894	1137
1894	1157
1894	1334
1894	1393
1894	1475
1894	1600
1894	1613
1894	1691
1894	1801
1894	1808
1894	1893
1894	1942
1894	1994
1052	1890
1890	1420
1890	1562
1890	1617
1890	1708
1890	1742
1890	1849
1890	1869
1890	1893
1890	1908
1890	1917
1890	1962
1890	1969
1890	1999
45	603
45	646
45	982
603	283
603	665
603	680
603	777
603	849
646	333
646	554
646	598
646	652
646	913
646	961
646	975
982	148
982	248
982	332
982	364
982	417
982	487
982	542
982	548
982	573
982	587
982	597
982	636
982	692
982	703
982	738
982	822
982	829
982	861
982	867
982	868
982	870
982	884
982	885
982	907
982	909
982	913
982	920
982	932
982	933
1164	1484
1164	1994
1172	1080
1172	1994
1928	1083
1928	1087
1928	1182
1928	1275
1928	1305
1928	1336
1928	1340
1928	1579
1928	1604
1928	1745
1928	1775
1928	1820
1928	1843
1928	1853
1928	1860
1928	1936
1928	1965
1928	1974
1928	1992
1054	1569
1054	1731
1054	1819
1569	1209
1569	1225
1569	1573
1569	1739
1569	1817
1569	1884
1731	1075
1731	1191
1731	1760
1731	1790
1731	1847
1731	1881
1731	1954
1819	1150
1819	1260
1819	1270
1819	1417
1819	1527
1819	1678
1819	1788
1819	1931
1819	1937
1819	1975
46	250
46	735
46	879
46	898
250	218
250	886
250	908
735	88
735	874
735	930
735	941
879	266
879	288
879	335
879	456
879	788
879	790
879	846
879	925
879	930
879	975
898	221
898	421
898	496
898	515
898	612
898	637
898	643
898	661
898	663
898	686
898	727
898	828
898	838
898	880
1055	1314
1055	1318
1055	1619
1055	1745
1314	1738
1314	1839
1318	306
1318	1377
1318	1888
1619	1473
1619	1680
1619	1735
1619	1881
1619	1898
1619	1932
1619	1994
1745	1075
1745	1239
1745	1305
1745	1403
1745	1438
1745	1596
1745	1992
1056	1872
1056	1896
1872	1062
1872	1310
1872	1403
1872	1509
1872	1560
1872	1816
1872	1935
1872	1965
1872	1996
1896	1461
1896	1545
1896	1594
1896	1767
1896	1788
1896	826
1896	1836
1896	1853
1896	1883
1896	1897
1896	1900
1896	1952
1896	1958
1896	1987
1057	1502
1057	1996
1057	1999
1502	1324
1502	658
1502	1954
1502	1960
1502	1965
1502	1974
1996	1253
1996	1268
1996	1287
1996	1329
1996	1410
1996	1455
1996	1466
1996	1520
1996	1600
1996	1622
1996	1635
1996	1669
1996	1713
1996	1808
1996	1820
1996	1834
1996	1843
1996	1881
1996	1891
1996	1908
1996	1921
1996	1924
1996	1926
1996	1935
1996	1944
1996	1979
1996	1983
1996	1988
1999	1105
1999	1145
1999	1153
1999	1267
1999	1312
1999	1363
1999	1412
1999	1440
1999	1500
1999	1558
1999	1595
1999	1598
1999	1601
1999	1633
1999	1667
1999	1701
1999	1748
1999	1817
1999	1829
1999	1831
1999	1862
1999	1886
1999	1891
1999	1902
1999	1914
1999	1917
1999	1987
47	947
947	247
947	468
947	555
947	618
947	638
947	684
947	710
947	725
947	763
947	787
947	873
947	878
947	920
947	951
48	225
48	236
48	476
48	663
225	270
225	652
225	958
236	338
236	394
236	525
476	494
476	551
476	678
476	932
476	961
663	82
663	354
663	430
663	841
663	895
1058	1171
1058	1530
1058	1607
1171	1668
1171	1740
1530	1487
1530	1605
1530	1680
1530	1866
1530	1942
1607	1247
1607	1263
1607	1529
1607	1826
1607	1846
1059	1772
1059	1817
1772	1212
1772	1445
1772	1498
1772	1626
1772	1726
1772	1788
1772	1823
1772	1834
1772	1868
1772	1912
1772	1935
1817	1063
1817	1505
1817	1589
1817	1726
1817	1779
1817	1918
1817	1940
1817	1942
1817	1951
1817	1992
172	578
172	726
172	811
966	85
966	89
966	297
966	396
966	555
966	557
966	592
966	612
966	711
966	737
966	738
966	779
966	798
966	802
966	815
966	848
966	850
966	858
966	864
966	871
966	875
966	893
966	895
966	910
1060	1149
1149	1884
1149	1992
50	723
50	763
50	977
723	164
723	523
723	595
723	709
723	736
723	897
723	922
723	969
763	491
763	839
763	911
763	932
763	973
763	988
763	1997
977	109
977	249
977	280
977	298
977	310
977	313
977	373
977	377
977	384
977	540
977	542
977	564
977	602
977	639
977	657
977	719
977	759
977	768
977	856
977	871
977	889
977	905
977	908
977	932
977	951
977	954
977	968
977	973
977	988
51	382
51	896
51	939
51	949
382	139
382	370
382	593
382	637
896	243
896	1324
896	379
896	427
896	624
896	627
896	758
896	873
896	897
896	941
896	944
896	978
896	990
896	999
939	142
939	179
939	205
939	270
939	271
939	282
939	1424
939	487
939	543
939	724
939	734
939	758
939	799
939	824
939	829
939	950
939	993
949	187
949	331
949	360
949	494
949	531
949	554
949	727
949	826
949	855
949	913
949	922
949	943
949	968
949	999
386	525
386	786
386	958
799	391
799	397
799	495
799	529
799	759
799	912
799	934
799	973
799	993
922	227
922	285
922	389
922	437
922	517
922	589
922	617
922	632
922	684
922	754
922	829
922	871
922	880
922	932
922	950
922	979
53	740
740	56
740	226
740	392
740	616
740	696
740	932
740	961
54	612
612	153
612	666
612	771
612	904
612	933
55	347
55	523
55	656
55	968
347	191
347	862
347	951
523	140
523	962
523	968
656	152
656	192
656	516
656	589
656	628
656	672
656	831
968	136
968	312
968	329
968	538
968	1507
968	592
968	610
968	690
968	748
968	771
968	831
968	840
968	868
968	872
968	886
968	889
968	917
968	918
968	930
968	951
56	108
56	327
108	562
327	441
327	521
327	595
327	962
57	637
57	908
57	943
637	276
637	841
637	919
908	201
908	268
908	677
908	702
908	704
908	714
908	771
908	795
908	846
908	877
908	941
908	951
908	973
908	978
943	419
943	602
943	665
943	703
943	719
943	734
943	808
943	867
943	873
943	897
943	905
943	928
943	944
943	969
943	990
943	999
828	129
828	133
828	217
828	559
828	575
828	683
828	726
828	1904
828	904
843	78
843	177
843	210
843	334
843	393
843	426
843	495
843	639
843	708
843	709
843	907
843	918
843	979
1062	1636
1062	1808
1062	1952
1636	1286
1636	1682
1636	1808
1636	1824
1636	1910
1636	1969
1808	1178
1808	1406
1808	1423
1808	1741
1952	1079
1952	1089
1952	1183
1952	1193
1952	1198
1952	1244
1952	1295
1952	1373
1952	1394
1952	1436
1952	1455
1952	1590
1952	1631
1952	1640
1952	1701
1952	1707
1952	1823
1952	1832
1952	1842
1952	1906
1952	1960
1952	1976
1063	1170
1063	1191
1063	1893
1170	1359
1170	1405
1170	1976
1191	1874
1191	1970
1893	1247
1893	1351
1893	1447
1893	1657
1893	1801
1893	1848
1893	1853
1893	1870
1893	1887
1893	1973
1893	1983
59	337
59	435
59	565
59	636
337	702
337	821
435	146
435	543
435	692
435	897
565	278
565	682
565	793
565	942
565	944
565	951
636	310
636	724
636	732
636	988
1064	1298
1064	1646
1064	1983
1298	1707
1298	1857
1646	1559
1646	1682
1646	1711
1646	786
1646	1900
1646	1921
1646	1932
1983	1085
1983	1268
1983	1400
1983	1517
1983	1522
1983	1561
1983	1651
1983	1723
1983	1736
1983	1739
1983	1744
1983	1752
1983	1786
1983	1823
1983	1887
1983	1922
1983	1958
1983	1992
60	573
60	882
60	969
60	978
573	431
573	769
573	817
573	854
573	989
882	126
882	390
882	438
882	444
882	569
882	688
882	769
882	793
882	878
882	895
882	914
882	934
882	985
969	221
969	326
969	387
969	627
969	691
969	692
969	733
969	756
969	838
969	854
969	858
969	911
969	912
969	917
969	929
969	941
969	959
969	993
969	995
978	67
978	199
978	233
978	341
978	353
978	449
978	579
978	628
978	666
978	684
978	759
978	764
978	776
978	785
978	790
978	808
978	840
978	884
978	889
978	924
978	941
978	964
978	993
61	84
61	855
61	889
61	993
84	412
84	782
855	379
855	529
855	559
855	629
855	673
855	838
855	856
855	867
855	897
855	901
855	938
889	281
889	334
889	556
889	658
889	677
889	766
889	770
889	821
889	831
889	840
889	865
889	990
993	171
993	324
993	359
993	441
993	451
993	477
993	498
993	509
993	577
993	595
993	623
993	642
993	708
993	778
993	815
993	858
993	885
993	903
993	920
993	929
993	946
993	959
993	961
993	999
1065	1465
1065	1661
1065	1884
1065	1909
1465	1565
1465	1736
1465	1844
1661	1466
1661	1727
1661	1824
1661	1922
1661	1926
1661	1973
1884	1384
1884	1400
1884	1467
1884	1585
1884	1586
1884	1630
1884	1847
1884	1911
1884	1932
1884	1942
1909	1148
1909	1392
1909	1405
1909	1430
1909	1553
1909	1558
1909	1585
1909	1605
1909	1740
1909	1763
1909	1765
1909	1816
1909	1931
1909	1967
1909	1987
1066	1421
1066	1701
1066	1988
1421	1515
1421	1883
1701	1166
1701	1220
1701	1265
1701	1351
1701	1484
1701	1630
1701	1888
1988	1316
1988	1374
1988	1393
1988	1517
1988	1537
1988	1574
1988	1586
1988	1645
1988	652
1988	1700
1988	1720
1988	1767
1988	1838
1988	1846
1988	1863
1988	1883
1988	1935
1988	1944
1988	1994
1988	1997
62	522
62	827
62	954
522	255
522	578
522	934
522	942
827	151
827	152
827	271
827	440
827	459
827	466
827	521
827	861
827	868
827	999
954	103
954	195
954	206
954	421
954	534
954	653
954	660
954	686
954	691
954	725
954	764
954	808
954	834
954	856
954	905
954	906
954	909
954	910
954	919
954	964
954	1979
954	985
63	809
63	901
63	988
809	196
809	348
809	558
809	675
809	804
809	912
809	990
901	76
901	228
901	410
901	600
901	605
901	621
901	704
901	724
901	781
901	787
901	804
901	813
901	815
901	881
901	921
901	964
901	975
988	127
988	134
988	297
988	304
988	321
988	353
988	359
988	389
988	427
988	460
988	487
988	502
988	530
988	1662
988	673
988	688
988	733
988	744
988	760
988	767
988	781
988	791
988	792
988	854
988	871
988	924
64	606
64	791
64	874
606	647
606	795
606	801
606	884
606	907
606	973
606	981
791	106
791	127
791	326
791	568
791	677
791	893
791	924
791	973
874	178
874	193
874	343
874	460
874	505
874	586
874	592
874	631
874	746
874	774
874	868
874	893
874	928
874	946
65	568
65	793
65	884
568	440
568	591
568	989
793	138
793	539
793	540
793	574
793	748
793	849
793	868
884	170
884	195
884	392
884	518
884	604
884	746
884	801
884	835
884	847
884	934
1067	1352
1067	1703
1067	1849
1067	1906
1352	1612
1352	1784
1703	1357
1703	1389
1703	1642
1703	1742
1703	1828
1703	1992
1703	1997
1849	1104
1849	1118
1849	1514
1849	1588
1849	1656
1849	1795
1849	1994
1906	1196
1906	1338
1906	1345
1906	1588
1906	1606
1906	1613
1906	1857
1906	1862
1906	1917
1906	1924
1906	1944
1906	1994
1906	989
66	1639
66	711
66	914
66	973
1639	1592
1639	1783
1639	1885
1639	1997
711	92
711	109
711	387
711	759
711	895
914	69
914	262
914	444
914	496
914	576
914	588
914	709
914	722
914	839
914	930
914	933
914	942
914	945
914	964
914	975
914	986
973	120
973	169
973	268
973	333
973	506
973	577
973	591
973	653
973	671
973	687
973	778
973	783
973	814
973	839
973	842
973	852
973	867
973	918
973	962
973	990
973	999
1068	1423
1068	1720
1068	1876
1423	1271
1423	1961
1720	1248
1720	1379
1720	1441
1720	1617
1720	1631
1720	1875
1720	1913
1876	1419
1876	1445
1876	501
1876	1751
1876	1760
1876	1838
1876	1866
1876	1871
1876	1936
1876	1965
67	235
67	629
235	677
235	829
235	929
629	255
629	365
629	451
629	850
1069	1118
1070	1605
1070	1718
1070	1869
1605	1426
1605	1488
1718	1159
1718	1278
1718	1613
1718	1844
1718	1847
1718	1936
1869	1094
1869	1760
1869	1783
1869	1803
1869	1815
1869	1866
1869	1881
1869	1891
1869	1900
1869	1931
1869	1969
1869	1997
1071	1512
1071	1758
1071	1944
1071	1961
1512	1768
1512	1835
1512	1848
1512	1921
1758	1091
1758	1139
1758	1256
1758	1433
1758	1547
1758	1599
1758	1727
1758	1748
1758	1862
1944	1089
1944	1389
1944	1396
1944	1451
1944	1453
1944	1665
1944	1749
1944	1796
1944	1879
1944	1902
1944	1936
1944	1957
1944	1962
1944	1975
1944	1976
1961	1175
1961	1187
1961	1284
1961	1362
1961	1504
1961	1604
1961	1615
1961	653
1961	1663
1961	1695
1961	1734
1961	1757
1961	1806
1961	1830
1961	1842
1961	1887
1961	1908
1961	1918
68	335
68	547
335	698
335	710
547	249
547	925
547	976
547	995
1072	1406
1072	1498
1072	1660
1072	1678
1406	1078
1406	1194
1406	1364
1406	1379
1498	1519
1498	1790
1498	1913
1498	1954
1660	1178
1660	357
1660	1361
1660	1554
1660	1729
1678	1092
1678	1210
1678	1239
1678	1534
1678	1747
1073	1432
1073	1452
1073	1702
1073	1866
1432	408
1432	1694
1452	1578
1452	1638
1452	1796
1452	1973
1702	1425
1702	1559
1702	700
1702	1784
1702	1904
1702	1969
1866	1238
1866	1339
1866	1374
1866	1386
1866	1597
1866	1692
1866	1738
1866	1739
1866	1790
1866	1803
69	766
766	299
766	408
766	609
766	758
766	880
766	934
766	950
1074	1154
1074	1224
1074	1494
1074	1597
1154	1642
1154	1714
1224	1136
1224	1321
1224	1839
1494	1364
1494	1375
1494	1379
1494	1694
1494	1905
1494	1942
1597	1079
1597	1223
1597	1226
1597	1640
1597	1871
70	271
70	639
70	989
271	920
639	178
639	822
639	938
639	944
989	117
989	181
989	242
989	285
989	306
989	409
989	427
989	474
989	489
989	517
989	528
989	585
989	691
989	761
989	806
989	808
989	824
989	842
989	847
989	886
989	903
989	909
989	919
989	929
989	942
989	979
989	986
1075	1462
1075	1788
1462	1799
1462	1864
1462	1891
1462	1954
1788	1500
1788	1559
1788	1609
1788	1640
1788	1696
1788	1756
1788	1845
1788	1904
1076	1553
1076	1960
1553	189
1553	1592
1553	1917
1553	1969
1960	1260
1960	1309
1960	1549
1960	1558
1960	1628
1960	1631
1960	1666
1960	1673
1960	1697
1960	1700
1960	1835
1960	1875
1960	1879
1960	1904
1960	1931
1960	1957
1960	1974
71	632
71	654
71	945
632	204
632	480
632	710
632	768
632	917
632	946
654	388
654	693
654	1826
654	905
945	90
945	130
945	200
945	260
945	263
945	358
945	550
945	571
945	631
945	664
945	669
945	677
945	842
945	850
945	881
945	886
945	895
945	928
945	979
1077	1233
1077	1273
1077	1463
1233	1281
1233	1447
1233	1751
1273	1188
1273	1831
1273	1878
1463	1119
1463	1396
1463	1478
1463	1522
1463	1975
72	355
72	500
72	582
355	184
355	343
355	872
500	213
500	415
500	746
500	913
500	958
582	788
582	854
582	962
73	494
73	861
861	393
861	466
861	504
861	508
861	580
861	586
861	822
861	835
861	941
861	961
861	964
861	976
1078	1755
1755	1168
1755	1281
1755	1527
1755	1632
1755	1657
1755	1724
1755	1738
1755	1859
1755	1940
74	113
74	702
74	818
702	410
702	541
702	571
702	835
702	841
702	864
818	331
818	392
818	451
818	595
818	622
818	732
818	748
818	847
818	919
818	941
818	986
762	388
762	410
762	426
762	486
762	870
762	880
762	929
76	289
76	611
76	893
289	619
611	458
611	541
611	779
611	813
611	834
611	944
893	181
893	185
893	196
893	206
893	1202
893	311
893	475
893	480
893	826
893	841
893	868
893	910
893	921
893	946
1080	1419
1080	1809
1080	1969
1419	1355
1419	1413
1419	1495
1419	1888
1809	1160
1809	1226
1809	1477
1809	1665
1809	1763
1809	1833
1809	1875
1809	1930
1809	1940
1809	1969
1969	1196
1969	1334
1969	1427
1969	1508
1969	1534
1969	1604
1969	1622
1969	1687
1969	1806
1969	1845
1969	1874
1969	1905
1969	1924
1081	1279
1081	1470
1081	1931
1279	1350
1279	1759
1279	1770
1470	1759
1470	1863
1931	1327
1931	1358
1931	1414
1931	1448
1931	1595
1931	1632
1931	1767
1931	1794
1931	1799
1931	1812
1931	1853
1931	1868
1931	1878
1931	1916
1931	1918
1931	1926
1931	1947
1931	1994
77	227
77	543
77	962
227	135
543	224
543	469
543	840
543	951
962	155
962	282
962	290
962	537
962	576
962	623
962	627
962	666
962	670
962	673
962	676
962	715
962	734
962	745
962	835
962	850
962	880
962	881
962	886
962	961
78	230
78	468
78	835
230	184
230	377
230	787
468	316
468	710
468	771
468	944
835	539
835	589
835	604
835	712
835	811
835	875
79	96
79	680
79	725
79	826
96	756
96	911
96	995
680	118
680	596
680	751
680	864
680	976
680	986
725	149
725	666
725	813
725	871
725	904
725	929
725	930
725	976
826	219
826	461
826	485
826	769
826	870
826	942
826	961
826	981
1082	1184
1082	1800
1082	1914
1184	1536
1184	1870
1184	1940
1800	1181
1800	1333
1800	1480
1800	1526
1800	1647
1800	1654
1800	1886
1800	1911
1800	1967
1800	1976
1914	1240
1914	1261
1914	1301
1914	1347
1914	1475
1914	1545
1914	1574
1914	1714
1914	1734
1914	1886
1914	1910
1914	1970
1914	1986
80	253
80	361
80	600
253	123
253	806
361	422
361	600
361	685
361	986
600	326
600	521
600	546
600	613
81	367
81	374
81	589
367	200
367	403
367	544
367	831
374	183
374	298
374	610
374	903
589	800
82	688
82	753
688	340
688	364
688	371
688	531
688	788
688	814
753	426
753	741
753	745
753	856
753	872
753	890
83	313
83	878
83	941
313	194
313	981
878	241
878	267
878	552
878	704
878	732
878	854
878	862
878	881
878	909
878	979
878	995
941	314
941	325
941	458
941	681
941	716
941	849
941	891
941	905
941	906
941	909
941	933
1083	1663
1083	1908
1083	1965
1663	1757
1663	1767
1663	1804
1663	1863
1663	1973
1908	1309
1908	1405
1908	1453
1908	1670
1908	1799
1908	1879
1908	1926
1908	1932
1908	1957
1908	1979
1908	1997
1965	1138
1965	1214
1965	1361
1965	1401
1965	1420
1965	1430
1965	1508
1965	1572
1965	1585
1965	1645
1965	1671
1965	1688
1965	1714
1965	1733
1965	1736
1965	1831
1965	1860
1965	1904
1965	1938
1965	1986
1965	1992
1084	1110
1084	1371
1084	1614
1084	1628
1110	1593
1110	1600
1110	1822
1371	1832
1371	1938
1371	1957
1614	1211
1614	1471
1614	1629
1614	1967
1628	1337
1628	1863
1085	1225
1085	1672
1225	1853
1672	1375
1672	1534
1672	1578
1672	1681
1672	1694
1672	1862
1086	1708
1086	1868
1708	1240
1708	1256
1708	1970
1868	1598
1868	1624
1868	1629
1868	1669
1868	1785
1868	1786
1868	1930
1868	1947
1868	990
412	97
412	436
412	601
412	920
782	179
782	191
782	216
782	219
782	501
782	528
782	683
782	696
782	761
782	841
1087	1327
1087	1334
1087	1859
1327	1561
1334	1497
1334	1958
1859	1194
1859	1413
1859	1583
1859	1795
1859	1796
1859	1803
1859	1926
1859	1947
1859	1951
1859	1979
1088	1254
1088	1910
1254	1302
1254	1748
1254	1974
1910	1231
1910	1431
1910	1448
1910	1589
1910	1610
1910	1696
1910	1771
1910	1850
1910	1881
1910	1891
1910	1947
1089	1743
1089	1867
1743	1117
1743	1223
1743	1471
1743	1482
1743	1585
1743	1723
1743	1867
1743	1976
1743	1986
1867	1236
1867	1440
1867	1529
1867	1567
1867	1734
1867	1753
1867	1938
1867	1940
1867	1947
1867	1976
1090	1208
1090	1337
1090	1837
1090	1881
1208	1539
1208	1833
1337	1426
1337	1883
1837	1125
1837	1173
1837	1336
1837	1388
1837	1521
1837	1535
1837	1697
1837	1804
1837	1930
1837	1976
1881	1217
1881	1276
1881	1291
1881	1304
1881	1388
1881	1500
1881	1629
1881	1653
1881	1831
1881	1942
1881	1986
86	607
86	724
86	919
607	160
607	196
607	667
607	964
607	979
724	429
724	504
724	569
724	580
724	635
724	695
919	124
919	151
919	203
919	268
919	276
919	311
919	503
919	504
919	593
919	609
919	616
919	772
919	930
1091	1416
1091	1879
1416	1287
1416	1602
1879	1093
1879	1291
1879	1373
1879	1377
1879	1558
1879	1576
1879	1617
1879	1640
1879	1874
87	283
87	333
87	397
87	783
283	114
283	579
283	934
333	479
397	743
783	432
783	492
783	581
783	772
783	784
783	986
88	414
414	274
414	528
89	276
89	986
276	411
276	756
986	133
986	157
986	251
986	277
986	280
986	328
986	381
986	392
986	402
986	575
986	635
986	673
986	682
986	684
986	706
986	710
986	720
986	761
986	770
986	784
986	815
986	858
986	865
986	872
986	906
986	999
1092	1218
1092	1313
1092	1592
1218	1487
1218	1677
1218	1898
1313	1592
1313	1932
1592	1456
1592	1878
1093	1192
1093	1431
1093	790
1192	1417
1192	708
1431	1737
1431	1902
1431	1976
790	119
790	339
790	371
790	379
790	381
790	995
1094	1589
1094	1904
1589	1282
1589	1479
1589	1891
1589	1987
1904	1123
1904	1126
1904	1198
1904	1296
1904	1331
1904	1591
1904	1687
1904	1816
1904	1857
1904	1973
1904	1979
1904	1986
1095	1290
1290	1645
1290	1937
1290	1962
1096	1249
1096	1485
1096	1924
1249	1375
1249	1835
1249	1975
1485	1145
1485	1213
1485	1615
1485	1647
1485	1845
1924	1400
1924	1409
1924	1464
1924	1478
1924	1529
1924	1554
1924	1613
1924	1650
1924	1665
1924	1690
1924	1828
1924	1848
1924	1863
1924	1918
1924	1973
1924	1986
90	462
90	715
462	867
462	975
462	985
715	493
715	769
715	870
91	220
91	273
91	714
91	944
220	698
220	872
220	985
273	195
273	228
714	529
714	676
714	777
714	854
714	944
714	946
714	964
944	288
944	351
944	660
944	698
944	722
944	890
944	907
944	981
944	985
1097	1374
1097	1551
1374	1936
1551	1526
1551	1549
1551	1747
92	784
92	802
784	181
784	575
784	587
784	801
784	802
784	840
802	116
802	475
802	498
802	618
802	704
802	743
802	744
802	788
802	990
93	430
93	473
93	558
93	877
430	975
473	403
473	768
473	804
473	815
558	471
558	596
558	684
877	112
877	352
877	466
877	545
877	647
877	653
877	668
877	781
877	808
877	817
877	820
877	950
877	995
1098	1368
1098	1594
1098	1897
1368	1107
1368	1831
1368	1891
1594	1496
1594	1723
1594	1783
1594	1940
1594	1957
1594	1962
1897	1229
1897	1299
1897	1335
1897	1483
1897	1611
1897	1650
1897	1674
1897	1690
1897	1700
1897	1779
1897	1814
1897	1822
1897	1932
1099	1245
1099	1957
1245	1155
1245	1257
1245	1333
1245	748
1957	1271
1957	1364
1957	1398
1957	1413
1957	1448
1957	1453
1957	1456
1957	1510
1957	1511
1957	1575
1957	1608
1957	1707
1957	1773
1957	1775
1957	1801
1957	1839
1957	1850
1957	1932
1957	1994
94	325
94	465
94	471
94	813
325	613
325	921
465	241
465	348
465	699
465	976
471	542
471	871
813	266
813	493
813	1831
813	891
813	910
813	929
813	975
1100	1129
1100	1142
1100	1967
1142	1900
1142	1917
1967	1217
1967	1284
1967	1328
1967	1380
1967	1457
1967	1644
1967	1651
1967	1666
1967	1689
1967	1898
1967	1921
1967	1935
1967	1936
1967	1958
1967	1974
1967	1976
1967	1986
95	550
95	903
550	287
550	760
903	194
903	275
903	294
903	368
903	597
903	641
903	744
903	772
903	822
903	895
903	906
903	995
756	128
756	241
756	259
756	360
756	571
756	1728
756	872
756	933
911	127
911	308
911	489
911	504
911	842
911	873
911	904
911	925
911	928
911	964
911	985
995	207
995	257
995	275
995	303
995	371
995	394
995	423
995	491
995	588
995	678
995	727
995	733
995	771
995	800
995	814
995	821
995	829
995	840
995	891
995	897
995	904
995	905
995	958
97	691
97	1727
97	781
691	216
691	293
691	507
691	557
691	964
1727	1343
1727	1599
1727	1814
1727	1857
1727	1994
781	436
781	552
781	840
1101	1276
1101	1317
1101	1414
1101	1843
1276	1385
1276	1683
1276	1737
1317	1257
1317	1420
1317	1962
1414	1236
1414	1738
1414	1833
1414	1842
1843	1145
1843	1221
1843	1420
1843	1550
1843	1590
1843	1853
1843	1878
1843	1886
1843	1958
1843	1992
98	742
98	829
742	123
742	381
742	450
742	516
742	817
742	840
742	904
742	981
829	475
829	586
829	895
829	907
1102	722
1102	1834
1102	1857
722	150
722	211
722	466
722	479
722	658
1834	1265
1834	1458
1834	1484
1834	1516
1834	1713
1834	1742
1834	1936
1834	1951
1834	1954
1834	1987
1834	1994
1857	1113
1857	1136
1857	1382
1857	1680
1857	1814
1857	1871
99	446
99	481
99	865
99	897
446	364
446	454
446	942
481	643
481	774
481	880
481	946
865	123
865	264
865	294
865	487
865	528
865	746
865	897
865	928
865	979
897	128
897	183
897	1310
897	657
897	699
897	752
897	776
897	990
100	326
100	668
668	272
668	727
668	770
668	779
668	891
101	964
964	116
964	158
964	215
964	267
964	303
964	577
964	598
964	605
964	666
964	777
964	905
950	140
950	243
950	1237
950	352
950	480
950	486
950	585
950	621
950	745
950	769
950	807
950	811
950	870
950	905
950	913
950	961
950	981
1103	1779
1103	1842
1103	1926
1779	1409
1779	1647
1779	1756
1779	1902
1842	1509
1842	1726
1842	1836
1842	1891
1842	1900
1842	1916
1926	1353
1926	1497
1926	1505
1926	1527
1926	1532
1926	1711
1926	1734
1926	1751
1926	1760
1926	1831
1926	1976
1926	1992
103	578
103	920
578	484
578	925
920	155
920	176
920	334
920	360
920	507
920	518
920	651
920	682
920	1846
920	904
1104	1529
1104	1753
1529	1549
1753	1764
1753	1815
1753	1913
1753	1938
1753	1947
1105	1761
1105	1936
1761	1516
1761	1688
1761	1783
1761	1814
1761	1874
1761	1889
1761	1970
1936	1139
1936	1286
1936	1292
1936	1366
1936	1377
1936	1511
1936	1546
1936	1724
1936	1733
1936	1875
1936	1902
1936	1932
1936	1942
1936	1970
104	221
104	577
104	864
221	653
577	779
577	912
577	933
864	259
864	420
864	564
864	617
864	623
864	733
864	741
864	772
1106	1204
1106	1835
1204	1937
1835	1695
1835	1759
1835	1764
1835	796
1835	1974
1835	1987
1107	1937
1937	1248
1937	1355
1937	1363
1937	1396
1937	1511
1937	1603
1937	1606
1937	1616
1937	1688
1937	1786
1937	1938
1937	1992
105	343
105	415
105	704
105	912
343	122
343	706
415	684
415	942
704	261
704	580
704	705
704	924
912	320
912	649
912	651
912	764
912	840
912	958
912	959
912	985
106	942
942	463
942	510
942	512
942	710
942	717
942	720
942	768
942	779
942	814
942	839
942	842
942	856
942	906
667	216
667	548
667	590
667	886
667	910
785	188
785	304
785	421
785	540
785	679
785	718
785	875
785	1885
785	985
867	160
867	389
867	417
867	459
867	569
867	1550
867	862
867	872
867	873
867	907
562	544
562	842
562	976
562	999
109	489
109	708
489	706
489	852
708	168
708	352
708	999
110	131
110	167
110	693
110	895
131	509
131	958
131	990
167	788
167	946
693	442
693	463
693	657
693	672
693	848
693	862
693	975
895	231
895	304
895	378
895	385
895	650
895	692
895	921
895	946
895	961
112	817
112	906
112	925
817	282
817	525
817	694
817	746
817	925
817	958
817	959
906	138
906	168
906	310
906	344
906	505
906	675
906	814
906	824
906	834
906	907
906	932
906	951
906	985
925	121
925	309
925	360
925	370
925	413
925	512
925	515
925	579
925	638
925	652
925	796
925	814
925	841
925	886
925	904
1108	1711
1108	1847
1711	1274
1711	1747
1711	1938
1711	1974
1711	1976
1711	1979
1847	1473
1847	1486
1847	1510
1847	1550
1847	1679
1847	1714
1847	1752
1847	1787
1847	1997
114	745
745	264
745	300
745	331
745	580
745	618
745	959
745	985
1109	1547
1109	1898
1109	1986
1547	1691
1547	1738
1547	1803
1547	1878
1547	1947
1898	1243
1898	1342
1898	1440
1898	1466
1898	1595
1898	1623
1898	1680
1898	1682
1898	1741
1898	1756
1898	1785
1898	1997
1986	1175
1986	1211
1986	1275
1986	1338
1986	1351
1986	1427
1986	1428
1986	1503
1986	1561
1986	1692
1986	1719
1986	1729
1986	1748
1986	1784
1986	1787
1986	1815
1986	1863
1986	1874
1986	1921
1986	1973
115	132
115	495
115	886
132	189
132	771
495	120
495	736
886	371
886	515
886	614
886	638
886	698
886	774
886	792
886	838
886	885
886	907
886	961
1593	1232
1593	1532
1593	1790
1593	1805
1593	1979
1600	1140
1600	1177
1600	1688
1822	1373
1822	1590
1822	1596
1822	1655
1822	1742
1822	1783
1822	1790
1822	1815
1822	1987
116	312
116	815
312	546
312	712
312	928
815	199
815	263
815	477
815	514
815	850
1111	1342
1111	1474
1111	1845
1111	1912
1342	1554
1342	1647
1474	1378
1474	1567
1474	1666
1845	1132
1845	1176
1845	1211
1845	1446
1845	1677
1845	1987
1912	1157
1912	1189
1912	1268
1912	1293
1912	1616
1912	1640
1912	1665
1912	1691
1912	1751
1912	1806
1912	1930
1912	1935
1912	1951
1912	1954
1912	1979
117	552
117	707
117	839
552	187
552	362
552	1362
707	122
707	191
707	593
707	682
707	772
707	932
839	360
839	733
839	921
118	141
141	831
1846	1499
1846	1622
1846	1740
1846	1763
1846	1794
1846	1839
1846	1954
1846	1974
1846	1979
1962	1144
1962	1199
1962	1343
1962	1468
1962	1534
1962	1572
1962	1697
1962	1736
1962	1752
1962	1773
1962	1815
1962	1862
1962	1883
1962	1975
119	665
119	732
665	407
665	605
665	1794
665	875
732	518
732	605
732	651
732	699
732	958
1113	1913
1113	1970
1913	1309
1913	1415
1913	1426
1913	1443
1913	1586
1913	1623
1913	1742
1913	1748
1913	1816
1913	1830
1913	1844
1913	1922
1913	1947
1913	1958
1913	1979
1970	1263
1970	1372
1970	1393
1970	1487
1970	1499
1970	1532
1970	1591
1970	1674
1970	1719
1970	1751
1970	776
1970	1773
1970	1874
1970	1886
1970	1889
1997	1180
1997	1206
1997	1215
1997	1369
1997	1461
1997	1466
1997	1546
1997	1567
1997	1647
1997	1670
1997	1673
1997	1694
1997	1738
1997	1739
1997	1751
1997	1794
1997	1816
1997	1833
1997	1838
1997	1871
1997	1954
1115	1433
1115	1815
1115	1874
1433	1181
1433	1409
1433	1979
1815	1122
1815	1169
1815	1222
1815	1304
1815	1690
1815	1728
1815	1864
1874	1519
1874	1598
1874	1612
1874	1688
1874	1726
1874	1775
1874	1922
1874	1987
120	291
120	537
291	1863
537	179
537	498
537	601
537	862
1116	1604
1604	1768
1604	1833
1604	1922
1604	1940
121	314
121	350
121	653
314	124
350	456
350	641
350	798
350	930
653	122
653	457
653	759
123	309
309	584
309	806
309	831
125	358
125	457
358	587
358	588
457	303
457	737
126	929
126	951
929	306
929	475
929	482
929	551
929	590
929	619
929	642
929	699
929	727
929	733
929	769
929	849
951	135
951	270
951	318
951	571
951	592
951	649
951	660
951	726
951	795
951	811
951	841
951	934
951	938
1117	1261
1117	1653
1117	1789
1261	1536
1261	1586
1261	1975
1653	1144
1653	1428
1789	1189
1789	1323
1789	1497
1789	1632
1789	1691
1789	1935
1789	1951
1789	1987
128	638
128	738
638	396
638	624
638	872
738	574
738	584
738	604
738	631
738	787
738	850
129	801
801	211
801	363
801	598
801	683
801	873
130	764
130	792
130	840
764	299
764	502
764	515
764	630
764	779
764	932
764	934
764	961
792	429
792	459
792	596
792	752
792	821
792	913
792	976
792	990
792	999
840	306
840	576
840	716
840	834
840	975
509	290
509	553
958	138
958	149
958	368
958	432
958	504
958	596
958	666
958	672
958	719
958	795
958	871
958	975
990	146
990	199
990	241
990	255
990	340
990	423
990	436
990	525
990	553
990	672
990	692
990	751
990	770
990	846
990	909
990	917
990	946
189	442
189	806
771	209
771	246
771	431
771	985
1119	1410
1119	1427
1119	1974
1410	1251
1410	1864
1427	1339
1427	1562
1974	1339
1974	1507
1974	1541
1974	1586
1974	1629
1974	1669
1974	1671
1974	1677
1974	1687
1974	1690
1974	1738
1974	1751
1974	1763
1974	1838
1974	1870
1974	1887
1974	1918
1974	1951
1974	1958
1120	1778
1120	1787
1778	1538
1778	1572
1778	1730
1778	1749
1778	1752
1778	1795
1778	1812
1778	1992
1787	1387
1787	1430
1787	1458
1787	1683
1787	1771
1787	1916
1121	1765
1765	1175
1765	1353
1765	1363
1765	1700
1765	1801
1765	1805
133	200
133	924
200	315
924	161
924	237
924	246
924	285
924	293
924	307
924	393
924	561
924	751
924	798
924	909
924	928
924	930
924	981
134	203
134	946
203	548
946	257
946	329
946	353
946	447
946	498
946	528
946	664
946	679
946	690
946	848
946	913
946	921
946	1932
946	934
1122	1783
1783	1166
1783	1358
1783	1695
1783	1784
1783	1938
1783	1975
1123	1564
1564	1143
1564	1724
1564	1775
1932	1482
1932	1510
1932	1562
1932	1622
1932	1673
1932	1682
1932	1694
1932	1785
1932	1824
1932	1918
136	400
136	822
400	226
400	320
400	508
400	622
822	539
822	631
822	760
822	854
822	890
822	979
137	317
137	804
137	933
317	437
317	587
317	599
804	564
804	669
804	695
804	709
804	824
933	307
933	425
933	458
933	530
933	599
933	647
933	678
933	743
933	770
933	774
933	871
933	891
1125	1820
1125	1921
1820	1282
1820	1519
1820	1668
1820	1707
1820	1796
1820	1829
1820	1975
1820	1992
1921	1181
1921	417
1921	1495
1921	1545
1921	1684
1921	1775
1921	1793
1921	1860
1126	1523
1126	1561
1523	1495
1523	1682
1523	1775
1561	1557
1561	1829
139	187
139	339
139	698
339	838
698	162
698	569
698	796
698	852
1127	1301
1127	1400
1127	1555
1127	1987
1301	1256
1301	1794
1301	1848
1555	1153
1555	1243
1555	1331
1555	1562
1987	1159
1987	1319
1987	1348
1987	1395
1987	1422
1987	1461
1987	1479
1987	1482
1987	1532
1987	1617
1987	1677
1987	1795
1987	1832
1987	1883
1987	1905
1987	1917
1987	1951
140	841
841	905
841	909
1130	524
1130	1567
524	160
524	726
524	976
1567	1510
831	287
831	394
831	487
831	643
831	824
142	521
142	769
142	885
521	664
769	604
769	690
769	706
769	870
885	553
885	592
885	670
885	683
885	705
885	758
885	770
885	917
885	959
885	976
143	820
143	881
143	917
820	417
820	610
820	613
820	621
820	748
820	848
820	913
881	287
881	320
881	404
881	422
881	440
881	574
881	624
881	686
881	1734
881	959
917	384
917	502
917	512
917	548
917	743
917	758
917	779
917	814
917	821
917	847
917	849
917	871
917	930
917	938
917	981
1131	1288
1131	1384
1131	1518
1288	1550
1288	1935
1288	1973
1384	1681
1384	1770
1518	1230
1518	1282
1518	1629
1518	1812
1518	1951
1132	1178
1133	1938
1133	1940
1938	1258
1938	1259
1938	1335
1938	1446
1938	1503
1938	1631
1938	1738
1938	1887
1938	1889
1938	1922
1938	1947
1938	1973
1940	1137
1940	1308
1940	1370
1940	1392
1940	1540
1940	1608
1940	1657
1940	1681
1940	1697
1940	1726
1940	1734
1940	1818
1940	1979
1741	1248
1741	1308
1741	1785
1741	1862
1741	1871
1741	1954
1850	1353
1850	1537
1850	1739
1850	1744
1850	1864
1850	1871
1135	1215
1135	1609
1215	1697
1609	1441
1609	1760
1609	1935
144	409
144	999
409	244
409	263
409	770
999	159
999	201
999	251
999	461
999	517
999	532
999	551
999	617
999	623
999	687
999	734
999	759
999	786
999	849
999	850
999	873
999	918
999	975
1136	1651
1651	1365
1651	1445
1651	1516
1651	1674
1651	1888
1651	1994
1137	1139
145	657
145	661
145	776
145	870
657	408
657	419
657	660
661	616
661	651
661	695
661	871
776	223
776	575
776	591
776	617
776	700
776	981
870	342
870	544
870	628
870	642
870	718
870	875
870	979
147	198
147	202
147	215
147	432
198	475
198	586
198	678
202	447
202	660
202	811
215	285
215	975
432	591
432	617
432	752
148	871
871	171
871	515
871	564
871	909
149	584
584	262
584	508
1138	1426
1138	1595
1138	1905
1426	1355
1426	1749
1595	1312
1595	1381
1595	1420
1905	1259
1905	1303
1905	1388
1905	1499
1905	1681
1905	1729
1905	1796
1905	1828
1905	1870
1905	1911
1905	1947
150	660
660	316
1140	1598
1140	1839
1598	1285
1598	370
1598	1795
1839	1161
1839	1256
1839	1283
1839	1571
1839	1642
1839	1830
1839	1951
1707	1405
1707	1559
1707	1759
1707	1773
1900	1197
1900	1477
1900	1591
1900	1635
1900	1694
1900	1773
1900	1871
1917	1197
1917	1216
1917	1425
1917	1446
1917	1501
1917	1537
1917	1601
1917	1666
1917	1749
1917	1757
1917	1930
1917	1992
1917	1994
1143	1185
1143	1719
1143	1814
1185	546
1185	1606
1185	1805
1719	1300
1719	1398
1719	1527
1719	1796
1719	1888
1814	1145
1814	1150
1814	1280
1814	1644
1814	1830
1814	1891
1144	1315
1144	1642
1315	1519
1315	1588
1315	1767
1315	1805
1642	1350
1642	1546
1642	1675
151	985
985	301
985	303
985	413
985	451
985	467
985	508
985	614
985	678
985	716
985	767
985	806
985	849
985	850
985	858
985	880
985	891
985	909
985	975
1693	1183
1693	1650
1693	1666
1693	1675
1693	1748
1693	1935
1693	1951
1693	1954
1864	1397
1864	1558
1864	1612
1864	1685
1864	1767
1864	1775
1864	1838
1147	1296
1147	1692
1147	1935
1296	1674
1296	1916
1692	1657
1692	1875
1692	1992
1935	1167
1935	1328
1935	1481
1935	1613
1935	1680
1935	1684
1935	1689
1935	1786
152	217
217	599
1148	1429
1429	1153
153	706
153	788
706	175
706	519
706	561
706	726
706	975
788	403
788	1444
788	628
788	838
788	880
566	305
566	447
566	546
566	959
566	961
1992	1255
1992	1292
1992	1365
1992	1369
1992	1373
1992	1409
1992	1545
1992	1591
1992	1610
1992	1622
1992	1657
1992	1668
1992	1680
1992	1799
1992	1848
1992	1860
1992	1951
1150	1469
1150	1497
1469	719
1469	1979
1497	1616
1497	1700
1151	1267
1151	1503
1267	1615
1267	1713
1267	1885
1503	1289
1503	1635
158	581
158	904
581	419
581	535
581	778
581	891
904	206
904	248
904	322
904	540
904	669
904	786
904	921
904	928
159	257
159	305
257	621
257	673
305	630
1794	1379
1794	1635
1794	1784
1911	1188
1911	1335
1911	1345
1911	1444
1911	1638
1911	1667
1911	1713
1911	1790
1911	1888
1911	1947
1942	1200
1942	1464
1942	1537
1942	1668
1942	1690
1942	1724
1942	1730
1942	1751
1942	1770
1942	1823
1942	1832
161	319
161	834
161	932
319	530
319	610
834	166
834	173
834	275
834	310
834	354
834	679
834	751
932	390
932	456
932	628
932	658
932	696
932	709
932	752
932	795
932	800
932	814
932	868
932	913
162	508
508	336
1714	1308
1714	1310
1714	1878
163	621
163	909
621	246
621	614
909	186
909	300
909	683
909	741
909	744
909	768
909	905
909	913
1155	1548
1155	1775
1548	1160
1548	1526
1548	1527
1775	1689
1775	1713
1775	1883
1775	1888
164	224
164	800
224	703
224	976
800	316
800	377
800	379
800	424
800	510
800	548
165	535
165	905
165	981
535	168
535	641
535	736
905	420
905	424
905	491
905	779
905	913
981	261
981	301
981	393
981	428
981	482
981	601
981	650
981	675
981	687
981	705
981	717
981	737
981	848
981	910
981	976
1156	1216
1156	1533
1156	1739
1216	1793
1533	1180
1533	1382
1533	1579
1739	1331
1739	1613
1739	1670
1157	1280
1280	1616
1280	1655
1394	1283
1394	1694
1394	1804
1394	1886
166	357
166	388
166	767
357	890
388	404
388	890
767	329
767	442
767	624
767	798
767	979
168	480
480	807
169	449
449	726
449	795
170	559
559	174
559	391
559	807
1159	1691
1691	1403
1691	1571
1691	1771
1691	1816
171	618
171	642
618	351
618	913
618	975
642	396
642	590
642	979
726	420
726	454
726	759
811	195
811	493
811	873
173	554
554	700
174	293
174	507
293	613
293	630
507	247
175	716
175	921
716	423
716	529
716	872
716	934
921	242
921	346
921	385
921	395
921	479
921	497
921	530
921	587
921	696
921	807
921	891
921	930
921	961
176	774
176	976
774	418
774	930
774	934
976	290
976	294
976	557
976	597
976	628
976	712
976	737
976	741
976	875
976	913
177	190
177	683
190	362
683	192
1160	1367
1367	1422
1367	1556
1161	1625
1161	1730
1161	1828
1625	1623
1625	1735
1625	1757
1625	1975
1730	1292
1730	1324
1730	1464
1730	1629
1828	1380
1828	437
1828	1428
1828	1481
1828	1496
1828	1688
1828	1759
1828	1848
1828	1958
178	490
178	938
490	278
490	690
490	852
938	205
938	226
938	264
938	336
938	379
938	405
938	431
938	454
938	467
938	491
938	634
938	643
938	736
938	798
938	846
938	852
1162	1345
1162	1486
1345	1612
1345	1976
1486	1244
1486	1816
1486	1832
1486	1973
1163	1303
1163	1316
1163	1735
1303	1349
1303	1685
1316	1579
1316	1951
1316	1976
1735	1240
1735	1271
1735	1544
1735	1695
1484	1232
1484	1415
1994	1281
1994	1311
1994	1354
1994	1385
1994	1390
1994	1391
1994	1415
1994	1453
1994	1517
1994	1538
1994	1626
1994	1655
1994	1682
1994	1684
1994	1749
1994	1792
1994	1979
1165	1571
1165	1733
1165	1744
1571	555
1571	1700
1571	1803
1733	1306
1733	1557
1733	1675
1733	1785
1733	1889
1733	1947
1733	1975
1744	1197
1744	404
1744	1522
1744	1538
1744	1640
1744	1886
1166	1673
1673	1539
1673	1645
1673	1760
1167	1862
1862	1270
1862	1475
1862	1492
1862	1519
1862	1654
1862	1747
1862	1818
1862	1831
458	858
838	420
838	670
838	718
838	910
181	443
443	778
251	959
183	770
770	555
770	675
184	669
184	934
669	316
669	649
669	675
934	205
934	421
934	482
934	531
934	598
934	634
934	734
934	787
934	880
934	910
934	1973
1168	1274
1168	1742
1168	1764
1274	1455
1274	1667
1742	1489
1742	1537
1742	1870
1742	1958
1764	218
1764	1363
1764	1552
1764	1554
1764	1579
1764	1622
1764	1833
1764	1883
185	737
185	754
737	622
737	720
737	907
737	979
754	338
754	551
754	579
754	652
754	710
754	868
1169	1220
1220	1975
186	341
341	808
1359	1902
1405	1457
1976	1396
1976	1583
1976	1644
1976	1666
1976	1671
1976	1683
1976	1795
1976	1804
1976	1830
1976	1975
1668	1481
1740	1319
1740	1599
1740	1638
1740	1771
1740	1818
1740	1844
1740	1860
188	270
188	539
188	598
270	418
539	786
598	246
598	849
1173	1633
1173	1679
1173	1958
1633	1292
1633	1520
1679	1388
1679	1644
1679	1689
1679	1812
1958	1176
1958	1221
1958	1282
1958	1348
1958	1640
1958	1738
1958	1784
1958	1826
1958	1870
1958	1889
1958	1891
1174	1200
1174	1737
1200	1454
1200	1771
1737	1357
1737	1723
1737	1832
442	365
442	743
442	850
806	318
806	492
806	658
806	846
1176	1812
1812	1365
1812	1723
1812	1838
1812	1871
362	590
362	959
1177	1262
1177	1395
1177	1441
1262	1622
1262	1752
1262	1889
1395	1467
1395	1716
1395	1729
1395	1975
1441	1685
192	671
192	979
671	1624
671	959
671	979
979	269
979	288
979	298
979	542
979	634
979	666
979	703
979	751
979	807
979	846
979	961
193	492
492	277
194	318
194	610
318	262
318	579
610	431
610	482
610	910
1179	1552
1179	1801
1179	1875
1552	1443
1552	1475
1552	1509
1552	1951
1801	1258
1801	1336
1801	1372
1801	1557
1875	1199
1875	1461
1875	1535
1875	1630
1875	1656
1875	1763
1875	1768
1875	1878
1875	1954
1181	1608
1608	1260
1608	1450
1608	1488
1608	1612
1608	1748
1182	1887
1887	1293
1887	1351
1887	429
1887	1488
1887	1748
1887	1795
1887	1930
1536	1265
1536	1752
1536	1786
1870	1198
1870	1244
1870	1253
1870	1655
1870	1889
197	231
197	741
197	891
231	501
741	275
741	496
741	561
741	699
741	824
891	294
891	332
891	450
891	709
891	872
891	930
586	438
678	281
678	517
546	279
1606	1623
1606	1632
1805	1238
1805	1248
1805	1289
1805	1412
1805	1443
1805	1602
1805	1848
1805	1947
1492	1578
1492	1674
1492	1756
1492	1831
1187	1792
1792	1391
1792	1425
1792	1499
1792	1671
1792	1747
1792	1860
315	286
315	346
315	574
315	720
201	243
201	850
243	907
850	376
850	433
850	605
447	650
447	928
1188	1199
1199	1826
1189	1573
1189	1786
1573	1386
1573	1578
1786	1214
1786	1603
1786	1816
548	758
1190	324
1190	1759
324	696
1759	1230
1759	1888
204	421
204	427
427	717
206	616
616	630
616	872
616	975
207	292
292	281
292	1442
292	650
208	1499
208	736
1499	1311
736	633
736	748
736	777
209	263
210	842
842	512
842	564
842	630
842	682
842	798
842	890
211	752
752	503
752	541
1417	1328
1417	1440
1417	1804
1417	1878
213	685
685	604
685	854
1193	1836
1836	1285
1836	1302
1836	1324
1836	1510
1836	1539
1836	1575
1836	1681
1836	1922
1836	1947
975	329
975	381
975	385
975	438
975	467
975	588
975	687
975	700
975	748
975	760
975	796
975	848
216	959
959	260
959	354
959	556
959	574
959	614
959	628
959	795
599	541
599	918
219	849
849	277
849	320
849	497
872	436
872	575
1195	1871
1195	1889
1871	1771
1871	1806
1871	1889
1871	1951
1889	1381
1889	1385
1889	1422
1889	1751
1889	1832
1196	1626
1626	1287
1626	1477
1626	1527
1197	1501
1501	1366
1501	1454
1501	1601
1501	1829
222	593
222	910
593	378
593	484
910	405
910	444
910	561
910	686
910	709
910	854
910	913
223	590
223	643
590	670
643	585
643	777
1826	1422
1826	1436
1826	1471
1826	1557
1826	1726
1454	1630
1454	1685
1771	1268
1771	1326
1771	1617
1771	1790
1771	1902
703	416
703	576
703	744
1202	1687
1687	1716
1687	1824
1687	1975
1687	1979
652	519
652	557
1930	1230
1930	1444
1930	1532
1930	1541
1930	1644
1930	1768
1930	1829
1930	1918
1930	1973
1206	1272
1206	1878
1272	1422
1272	1440
1272	1457
1878	1250
1878	279
1878	1302
1878	1386
1878	1576
1878	1579
1878	1716
1207	1283
1207	1526
1207	1579
1207	1883
1526	1545
1579	1638
1579	1760
1883	1253
1883	1275
1883	1361
1883	1534
1883	1681
1883	1773
1539	1319
1539	1863
1833	1247
1833	1537
1833	1688
1833	1793
1833	1824
228	679
679	365
679	796
679	930
679	961
377	425
377	768
787	424
787	479
787	517
787	530
501	338
501	381
232	1257
232	601
1257	1527
601	288
601	485
1209	1442
1209	1670
1442	1319
1442	1803
1670	1510
1670	1535
1670	1556
1670	1824
233	459
233	650
459	684
459	918
650	416
650	420
1210	1979
1979	1260
1979	1391
1979	1401
1979	1544
1979	1768
1979	1818
1979	1823
234	418
418	848
677	635
677	854
1212	1447
1212	1756
1212	1863
1447	1726
1447	1738
1756	1310
1756	1804
1756	1973
1863	1412
1863	1695
1863	1793
1213	1916
1916	1221
1916	1603
1916	1638
1916	1645
1916	1667
1916	1793
1916	1832
1214	1434
1434	1364
1434	1671
1434	1770
1434	1793
338	798
394	719
394	873
525	259
525	873
1697	1238
1697	1728
1697	1831
237	321
321	1747
321	847
1793	1341
1793	1630
1793	1638
1793	1975
238	433
433	569
433	873
1540	1435
1540	1456
1540	1760
1217	1507
1217	1615
1507	1505
1615	1599
907	267
907	346
907	393
907	423
907	424
907	479
907	531
907	913
244	311
244	649
244	918
311	299
311	529
649	444
918	256
918	304
918	410
918	469
918	510
918	609
918	627
918	676
918	758
918	852
918	868
245	297
245	454
297	795
297	890
454	619
454	651
247	585
585	571
585	930
1487	1591
1487	1838
1677	1415
1677	1420
1677	1773
1677	1973
672	384
672	419
672	622
858	371
1975	1304
1975	1307
1975	351
1975	1504
1975	1724
1975	1728
1975	1860
1975	1947
580	300
580	497
256	334
256	627
334	744
627	564
627	847
1221	1752
1752	1449
1752	1495
1752	1891
1752	1954
1222	1632
1632	1292
1632	1748
1632	1767
1223	1831
1831	1335
1831	1538
1321	1360
1853	1268
1853	1444
1853	1572
1853	1723
1226	1386
1386	1278
267	428
786	690
786	748
786	875
1228	1230
1228	1640
1228	1763
1763	1239
1763	1264
1763	1509
1763	1624
1229	1716
1716	1278
1716	1585
1716	1713
260	633
260	768
633	408
633	486
633	534
633	687
633	852
768	484
768	695
768	719
261	411
261	469
411	299
469	746
262	373
262	422
373	497
373	846
422	647
1231	1449
1231	1550
1231	1611
1550	1656
1611	1508
1611	1795
1611	1885
1232	1388
1232	1556
1556	1325
1281	1243
1751	1346
1751	1546
1751	1667
1392	1237
1392	1886
1458	1289
1848	1516
1848	1544
1848	1832
1848	1973
1885	1236
1885	1385
1885	1445
1885	1522
1885	1565
1885	1602
1885	1662
1885	1790
1236	1610
1610	1424
1610	1504
1610	1514
1610	1671
1237	1302
1237	1489
1237	1695
1302	1286
1489	1258
1489	1295
1489	1481
1695	1284
1695	1322
1695	482
1239	1455
1239	1806
1455	1770
1455	1922
1806	1251
1806	1576
1806	1655
1806	1947
266	378
266	779
779	743
1520	1667
1520	1674
1520	1832
1669	1244
1669	1603
1669	1656
1669	1738
1669	1818
1243	1312
1243	1372
428	463
1244	1891
1891	1264
1891	1477
1891	1575
1891	1644
1891	1796
1333	1918
1333	1951
1246	1397
1246	1438
1246	1599
1397	1250
1397	1473
1397	1549
1438	1461
1438	1973
1599	1729
1599	1773
1247	1803
1247	1816
1803	1549
1803	1954
1816	1674
1816	1675
1816	1973
1248	1344
1344	1358
1344	1478
1344	1785
272	437
272	700
272	862
437	405
700	690
700	727
862	538
862	733
862	913
862	928
1250	1346
1250	1389
1346	1311
1346	1665
1389	1471
1389	1655
274	365
274	628
1654	1444
1654	1629
1255	1325
1325	1413
1258	875
875	503
875	514
875	808
875	856
875	930
1259	1590
1590	1270
1590	1824
277	746
746	614
1260	1922
1922	1373
1922	1532
1922	1662
1922	1729
1922	1760
1922	1823
278	778
778	515
1586	1437
1586	1601
279	591
591	491
591	733
280	403
281	796
796	287
796	352
796	847
282	686
579	322
579	890
1622	1511
553	699
609	647
609	743
928	413
928	440
928	461
928	464
928	1560
928	622
928	687
928	808
1263	1954
1954	1366
1954	1381
1954	1391
1954	1459
1954	1645
1954	1682
1954	1799
1954	1844
1954	1951
286	795
286	930
795	744
930	597
930	623
930	694
930	824
1264	1467
1264	1565
1264	1973
1467	1464
1467	1729
1565	1459
1565	1572
1565	1736
1973	1612
1973	1770
1973	1796
1973	1830
1973	1860
1973	1902
287	482
619	348
619	466
619	624
290	541
541	647
613	1435
630	328
630	626
890	514
890	532
890	571
890	635
890	772
890	821
890	846
1838	1322
1838	1647
1838	1860
1838	1918
298	395
298	505
395	544
395	1886
1713	1902
301	641
301	717
641	744
641	761
641	868
717	342
717	532
717	824
302	407
302	873
407	303
873	385
873	519
873	682
336	626
1435	1655
1435	1947
1662	1430
1662	1696
304	759
759	718
1271	1473
1440	1631
1457	1393
1457	1482
306	631
308	351
308	518
308	777
518	695
777	332
777	429
777	681
777	880
310	439
439	727
439	1824
439	868
1667	1665
1667	1723
1275	1576
1576	1466
1576	1495
1385	1403
1683	1307
1683	1436
1683	1585
1683	1601
529	720
1365	1309
1278	1430
712	387
1350	1902
1770	1382
1770	1749
1616	1437
1655	1818
346	330
346	402
574	1785
720	464
720	880
1284	1799
1799	1331
1799	1860
1799	1902
1286	1300
1300	1656
1287	1624
1624	1525
316	847
847	342
847	426
847	438
847	491
847	690
847	798
530	807
1747	1381
1747	1519
1747	1657
1747	1796
1645	1451
1645	1650
1291	1326
1291	1445
1326	1630
1326	1656
1326	1768
1445	1380
1293	1749
1749	1323
1749	1574
1749	1795
441	602
441	760
1370	1554
1370	1860
1295	1340
1295	1361
1295	1631
1340	1888
1631	1381
1631	1736
330	391
330	460
391	516
391	705
460	718
460	761
460	852
1902	1310
1902	1591
1902	1657
1902	1760
1299	1319
1299	1635
332	517
1656	1591
479	682
744	538
626	814
1685	1578
1685	1688
1304	1681
1681	1684
821	477
821	551
821	597
821	709
821	961
798	510
798	540
798	556
1306	1918
1918	1390
1918	1424
1918	1534
1918	1574
1918	1647
1918	1665
1918	1832
340	807
340	868
807	464
807	467
807	760
807	913
808	760
344	624
624	368
624	496
474	436
474	450
474	718
402	694
402	705
1309	1886
1886	1443
1886	1525
1886	1602
1886	1617
1311	1323
1323	1844
658	450
456	461
456	496
353	497
353	602
354	670
670	408
670	423
1588	1336
1588	1535
1588	1572
1588	1830
1767	1444
1767	1560
1767	1832
1951	1354
1951	1773
1951	1785
1377	1399
1888	1348
1888	1623
1888	1804
1888	1823
1376	1456
1376	1785
1376	1790
1360	1545
1322	1459
1322	1657
1459	1516
1459	1694
1459	1785
1844	1382
1844	1398
1844	1496
1844	1505
1844	1832
363	528
1630	1829
1768	1387
1768	1424
1768	1696
1328	1343
1328	1354
1329	1436
1329	1647
1647	1521
1330	1479
1330	1521
1330	1790
1479	1690
1521	1366
1521	1613
1521	1684
1521	1694
1790	1450
1790	1726
604	852
1331	1700
1700	1830
846	387
846	519
846	676
1338	1483
1483	1515
425	751
1554	1829
385	676
676	404
1478	1373
1478	1585
1785	1468
1785	1514
404	534
389	709
705	596
392	502
502	681
719	760
719	848
1784	1437
1784	1488
743	484
398	681
681	467
681	597
681	695
681	699
681	727
1353	1684
1353	1830
1684	1475
1830	1363
1830	1818
622	772
534	506
534	854
1357	1947
1947	1424
1947	1481
1947	1823
405	854
854	426
854	438
1545	1578
436	592
413	651
651	751
1364	1559
416	880
880	440
417	532
848	498
848	623
848	751
1369	1613
1860	477
1860	1525
1860	1804
751	531
1399	1379
1399	1723
1399	1818
1378	1424
429	514
514	538
1379	1671
1671	1796
1671	1829
1380	1448
1382	1617
617	734
1403	687
1387	1795
1471	1603
1471	1689
1391	1583
1583	1558
692	634
692	814
1393	1546
1546	1696
1804	1401
1804	1696
592	695
1729	1401
1549	1829
1723	1481
1723	1500
1818	1574
1818	1623
727	824
1824	1508
1401	1557
1557	1602
687	519
440	561
1412	1728
1728	1736
1415	1578
1495	1504
761	664
761	675
1515	1482
461	1585
852	498
852	824
1562	1464
1562	1538
695	512
1726	1504
486	493
486	596
596	733
487	531
1450	1596
1596	1572
1596	1644
1596	1675
1451	1623
1451	1736
1736	1689
1736	1734
1638	1650
1796	1724
1453	1760
1760	1468
506	556
510	814
664	545
1480	1541
1480	1823
1823	1682
1504	1696
1496	1734
1500	1773
1500	1829
1601	1575
1508	1650
758	734
555	856
856	772
1535	1560
1724	1575
772	824
623	675
