2000	0
1000	1472
1000	1784
1000	1959
1000	1997
1472	1365
1472	1521
1472	1565
1472	1878
1472	1895
1784	1186
1784	1351
1784	1444
1784	1516
1784	1632
1784	1729
1784	1757
1784	1776
1784	1787
1784	1949
1784	1957
1959	1067
1959	1122
1959	1125
1959	1531
1959	1610
1959	1640
1959	1646
1959	1651
1959	1713
1959	1727
1959	1774
1959	1810
1959	1856
1959	1874
1959	1883
1959	1900
1959	1913
1959	1919
1959	1925
1959	1936
1959	1958
1959	1976
1959	1979
1959	1983
1959	1987
1959	1992
1997	1010
1997	1016
1997	1079
1997	1102
1997	1108
1997	1211
1997	1260
1997	1315
1997	1356
1997	1407
1997	1446
1997	1467
1997	1488
1997	1493
1997	1502
1997	1525
1997	1574
1997	1605
1997	1637
1997	1698
1997	1725
1997	1746
1997	1781
1997	1801
1997	1808
1997	1815
1997	1816
1997	1842
1997	1855
1997	1866
1997	1900
1997	1936
1997	1941
1997	1945
1997	1948
1997	1973
1997	1979
1997	1995
0	328
0	846
0	869
0	885
328	531
328	773
328	843
328	905
846	3
846	111
846	215
846	262
846	315
846	406
846	486
846	535
846	646
846	678
846	776
846	821
846	950
846	1973
846	978
869	189
869	353
869	1442
869	678
869	733
869	817
869	859
869	895
869	933
869	934
869	945
869	946
869	947
869	959
869	968
869	977
869	983
885	126
885	251
885	322
885	405
885	464
885	495
885	1639
885	673
885	756
885	786
885	845
885	848
885	859
885	895
885	919
885	922
885	941
885	977
1001	1185
1001	644
1001	1644
1001	1988
1185	1470
1185	1970
1185	1991
644	334
644	351
644	573
644	642
644	776
644	875
644	975
644	979
1644	1242
1644	1352
1644	1500
1644	1734
1644	1889
1644	1932
1644	1958
1644	1966
1988	1005
1988	1144
1988	1176
1988	1186
1988	1293
1988	1427
1988	1447
1988	1485
1988	1500
1988	1525
1988	1554
1988	1595
1988	1629
1988	1639
1988	1754
1988	1780
1988	1808
1988	1810
1988	1824
1988	1836
1988	1848
1988	1851
1988	1881
1988	1887
1988	1893
1988	1897
1988	1911
1988	1922
1988	1947
1988	1964
1988	1965
1988	1985
1988	1987
1988	1995
1	792
1	875
1	948
1	958
792	348
792	356
792	623
792	706
792	737
792	755
792	828
792	839
792	960
792	981
792	998
875	169
875	327
875	339
875	381
875	529
875	604
875	648
875	691
875	702
875	788
875	827
875	828
875	861
875	881
875	892
875	950
948	78
948	196
948	398
948	464
948	513
948	555
948	570
948	598
948	633
948	660
948	668
948	723
948	777
948	780
948	810
948	811
948	828
948	844
948	862
948	877
948	878
948	884
948	889
948	940
948	955
958	1069
958	71
958	87
958	221
958	234
958	272
958	322
958	453
958	456
958	516
958	525
958	599
958	625
958	658
958	680
958	710
958	776
958	790
958	865
958	868
958	871
958	874
958	889
958	945
958	947
958	970
958	976
1002	1154
1002	1180
1002	1851
1002	1989
1154	1362
1154	1869
1154	1910
1180	1800
1180	1857
1180	1992
1851	1375
1851	1595
1851	1608
1851	1627
1851	660
1851	1772
1851	1853
1851	1896
1851	1911
1851	1925
1851	1933
1851	1946
1851	1994
1851	1995
1989	1011
1989	1137
1989	1159
1989	1161
1989	1173
1989	1284
1989	1321
1989	1396
1989	1445
1989	1478
1989	1551
1989	1556
1989	1593
1989	1642
1989	1654
1989	1680
1989	1684
1989	1692
1989	1710
1989	1722
1989	1773
1989	1792
1989	1804
1989	1843
1989	1852
1989	1878
1989	1910
1989	1918
1989	1921
1989	1935
1989	1945
1989	1946
1989	1993
1989	1999
2	547
2	931
2	968
2	988
547	260
547	319
547	344
547	492
547	789
547	923
931	33
931	72
931	387
931	418
931	433
931	473
931	535
931	558
931	634
931	635
931	638
931	725
931	764
931	797
931	829
931	862
931	868
931	871
931	925
931	933
931	971
931	999
968	81
968	161
968	361
968	367
968	428
968	494
968	580
968	675
968	680
968	681
968	734
968	735
968	796
968	807
968	860
968	870
968	906
968	908
968	936
968	940
968	951
968	962
968	969
968	974
968	986
968	987
968	1996
988	10
988	38
988	52
988	53
988	204
988	339
988	383
988	463
988	504
988	533
988	545
988	587
988	588
988	589
988	594
988	599
988	704
988	707
988	749
988	774
988	791
988	822
988	834
988	851
988	868
988	888
988	908
988	930
988	934
988	942
988	949
988	961
988	962
988	967
988	984
988	999
3	396
3	992
3	999
396	89
396	422
396	938
396	969
992	12
992	15
992	29
992	1052
992	106
992	116
992	164
992	285
992	389
992	428
992	469
992	510
992	538
992	560
992	670
992	685
992	699
992	708
992	718
992	746
992	774
992	838
992	871
992	879
992	914
992	920
992	921
992	922
992	925
992	930
992	946
992	954
992	969
992	978
992	987
992	993
992	994
999	79
999	111
999	120
999	187
999	303
999	334
999	417
999	452
999	614
999	634
999	650
999	730
999	732
999	749
999	779
999	786
999	787
999	788
999	813
999	855
999	877
999	883
999	896
999	906
999	908
999	920
999	923
999	930
999	933
999	950
999	954
999	956
999	962
999	972
999	973
999	978
999	981
1003	1562
1003	1898
1003	1902
1003	1966
1562	1300
1562	1645
1562	1872
1562	1898
1562	1908
1562	1935
1898	1037
1898	1169
1898	1311
1898	1573
1898	1629
1898	640
1898	1654
1898	1741
1898	1760
1898	1893
1898	1940
1898	1951
1898	1979
1898	1981
1898	1982
1898	1990
1898	1998
1902	1054
1902	1081
1902	1082
1902	1150
1902	1314
1902	1366
1902	1401
1902	1449
1902	1476
1902	1576
1902	1594
1902	1728
1902	1811
1902	1870
1902	1924
1902	1943
1902	1978
1902	1982
1966	1279
1966	1429
1966	1470
1966	1567
1966	1572
1966	1673
1966	1730
1966	1742
1966	1751
1966	1782
1966	1824
1966	1855
1966	1890
1966	1910
1966	1914
1966	1915
1966	1921
1966	1928
1966	1932
1966	1947
1966	1956
1966	1961
1966	1979
1966	1981
1966	1992
1966	1998
1004	1171
1004	1430
1004	1842
1004	1844
1171	1162
1171	1419
1171	1904
1430	1096
1430	1173
1430	1646
1430	1976
1430	1980
1842	1051
1842	1276
1842	1399
1842	1477
1842	1718
1842	1729
1842	1814
1842	1829
1842	1894
1842	1907
1842	1912
1842	1925
1842	1996
1844	1048
1844	1149
1844	1321
1844	1382
1844	1468
1844	1480
1844	1548
1844	1663
1844	1756
1844	1918
1844	1944
1844	1950
1844	1958
1844	1961
4	601
4	618
4	803
4	876
601	592
601	659
601	664
601	773
601	943
601	966
601	974
618	279
618	596
618	679
618	682
618	905
618	908
618	969
803	164
803	165
803	183
803	269
803	561
803	616
803	845
803	867
803	870
803	960
803	963
803	973
876	60
876	65
876	75
876	321
876	504
876	536
876	620
876	649
876	660
876	701
876	711
876	776
876	900
876	962
876	972
876	977
876	979
1005	1379
1005	1743
1005	1994
1379	1798
1379	1972
1379	1984
1379	1999
1743	1555
1743	563
1743	1617
1743	1636
1743	1694
1743	1729
1743	1883
1743	1964
1743	1979
1743	1993
1994	1047
1994	1054
1994	1147
1994	1303
1994	1306
1994	1417
1994	1455
1994	1489
1994	1497
1994	1546
1994	1581
1994	1596
1994	1631
1994	1653
1994	681
1994	1709
1994	1717
1994	1724
1994	1779
1994	1813
1994	1822
1994	1823
1994	1835
1994	1841
1994	1864
1994	1868
1994	1877
1994	1889
1994	1899
1994	1938
1994	1946
1994	1971
1994	1973
1994	1992
1994	1999
1006	1332
1006	1798
1006	1860
1006	1909
1332	1075
1332	1539
1332	1757
1332	1931
1798	1333
1798	1334
1798	1458
1798	1580
1798	1633
1798	1655
1798	1833
1798	1863
1798	1934
1798	1977
1798	1982
1860	1099
1860	1104
1860	1129
1860	1141
1860	1261
1860	1445
1860	1558
1860	1655
1860	1698
1860	1779
1860	1791
1860	1825
1860	1839
1860	1977
1860	1984
1909	1146
1909	1254
1909	1271
1909	1299
1909	1410
1909	1495
1909	1526
1909	1552
1909	1614
1909	1806
1909	1832
1909	1887
1909	1912
1909	1927
1909	1928
1909	1934
1909	1938
1909	1986
1909	1992
1007	1047
1007	1078
1007	1972
1007	1986
1047	1137
1047	1766
1078	1190
1078	1711
1078	1874
1972	1111
1972	1177
1972	1204
1972	1387
1972	1440
1972	1575
1972	1611
1972	1675
1972	1698
1972	1727
1972	1731
1972	1740
1972	1782
1972	1801
1972	1828
1972	1837
1972	1846
1972	1859
1972	1900
1972	1914
1972	1928
1972	1929
1972	1962
1972	1975
1972	1980
1972	1982
1972	1984
1972	1995
1986	1250
1986	1253
1986	1262
1986	1364
1986	1454
1986	1471
1986	1482
1986	1525
1986	1541
1986	1566
1986	597
1986	1618
1986	1627
1986	1638
1986	1647
1986	1688
1986	1734
1986	1745
1986	1776
1986	1809
1986	1814
1986	1828
1986	1836
1986	1846
1986	1857
1986	1863
1986	1912
1986	1915
1986	1933
1986	1956
1986	1957
1986	1964
1008	1055
1008	1535
1008	1789
1008	1817
1055	1869
1055	1927
1055	1945
1535	1280
1535	1375
1535	1596
1535	1726
1535	1886
1535	1981
1789	1222
1789	1311
1789	1565
1789	1701
1789	774
1789	1829
1789	1850
1789	1852
1789	1869
1789	1883
1789	1944
1817	1322
1817	1380
1817	1400
1817	1406
1817	1486
1817	1511
1817	1524
1817	1546
1817	1642
1817	1704
1817	1812
1817	1903
5	63
5	163
5	196
5	276
63	640
63	697
63	991
163	263
163	855
163	947
196	542
196	566
276	447
276	907
276	932
276	939
6	821
6	891
6	893
6	901
821	47
821	154
821	309
821	570
821	668
821	744
821	787
821	791
821	893
821	926
821	956
821	993
891	13
891	70
891	1291
891	429
891	439
891	451
891	655
891	747
891	783
891	833
891	836
891	895
891	909
891	919
891	924
891	960
891	979
891	995
893	172
893	403
893	491
893	500
893	510
893	515
893	557
893	593
893	599
893	675
893	744
893	777
893	808
893	862
893	897
893	914
893	944
893	945
901	18
901	122
901	131
901	171
901	467
901	534
901	543
901	591
901	626
901	728
901	733
901	818
901	892
901	900
901	924
901	927
901	928
901	973
901	996
1009	1258
1009	1547
1009	1601
1009	1941
1258	1556
1258	1827
1258	1987
1258	1990
1547	1327
1547	1544
1547	1826
1547	1866
1547	1894
1547	1933
1601	1040
1601	1053
1601	1347
1601	1416
1601	1755
1601	1942
1601	1979
1941	1088
1941	1205
1941	1263
1941	1286
1941	1319
1941	1339
1941	1412
1941	1449
1941	1452
1941	1530
1941	1564
1941	1581
1941	1584
1941	1614
1941	1640
1941	1643
1941	1710
1941	1830
1941	1853
1941	1854
1941	1859
1941	1955
7	522
7	754
7	943
7	994
522	364
522	385
522	617
522	719
522	886
522	954
754	630
754	658
754	692
754	694
754	708
754	817
754	894
754	912
754	1956
754	971
943	23
943	76
943	80
943	200
943	302
943	384
943	514
943	524
943	579
943	580
943	592
943	625
943	690
943	714
943	820
943	825
943	880
943	923
943	925
943	954
943	969
943	982
943	989
994	144
994	284
994	313
994	362
994	380
994	412
994	414
994	430
994	432
994	435
994	446
994	453
994	474
994	505
994	577
994	585
994	589
994	625
994	770
994	771
994	772
994	1783
994	800
994	807
994	818
994	841
994	852
994	877
994	898
994	915
994	916
994	924
994	939
994	941
994	955
994	991
994	998
8	609
8	673
8	733
8	981
609	10
609	397
609	463
609	483
609	739
609	966
609	984
673	438
673	724
673	833
673	884
673	941
673	964
673	965
733	536
733	629
733	716
733	756
733	810
733	942
733	978
981	17
981	92
981	112
981	134
981	155
981	175
981	188
981	336
981	443
981	450
981	556
981	561
981	655
981	656
981	687
981	694
981	729
981	744
981	815
981	822
981	823
981	834
981	849
981	854
981	858
981	922
981	925
981	952
981	959
981	971
981	976
981	977
9	251
9	1269
9	376
9	559
251	815
251	945
251	995
1269	1514
1269	1673
1269	1676
1269	1687
376	334
376	414
376	498
376	982
559	573
559	581
559	608
559	704
559	818
559	983
10	543
10	660
543	160
543	360
543	591
543	880
543	888
660	268
660	683
660	757
660	890
660	935
11	402
11	571
11	923
11	961
402	189
402	352
402	697
402	730
402	794
571	178
571	235
571	587
571	721
571	795
571	919
571	991
923	209
923	296
923	412
923	449
923	512
923	545
923	619
923	845
923	850
923	865
923	884
923	905
923	929
923	942
923	945
923	980
923	983
923	997
923	998
961	82
961	167
961	220
961	255
961	319
961	331
961	482
961	539
961	591
961	631
961	654
961	672
961	700
961	735
961	852
961	861
961	879
961	882
961	920
961	927
961	930
961	935
961	938
961	955
961	959
961	986
12	91
12	518
12	617
91	793
91	842
91	902
518	162
518	583
518	680
518	911
518	950
518	975
617	168
617	322
617	537
617	627
617	840
617	972
1010	1052
1010	1333
1010	1951
1052	1803
1052	1910
1333	1206
1333	1763
1333	1871
1951	1016
1951	1031
1951	1053
1951	1215
1951	1393
1951	1522
1951	1628
1951	1666
1951	1687
1951	1738
1951	1815
1951	1828
1951	1879
1951	1888
1951	1896
1951	1911
1951	1916
1951	1920
1951	1921
1951	1952
1951	1958
1951	1973
1951	1978
13	448
13	633
13	842
448	77
448	520
448	741
448	746
448	1995
633	115
633	179
633	856
633	913
633	939
633	969
842	302
842	357
842	486
842	607
842	654
842	664
842	709
842	723
842	818
842	843
842	934
842	967
842	990
1011	1292
1011	1606
1011	1879
1292	1409
1292	1595
1292	1770
1292	1924
1606	1431
1606	1541
1606	1571
1606	1861
1606	1917
1606	1950
1606	1990
1879	1162
1879	1291
1879	1401
1879	1476
1879	1556
1879	1642
1879	1661
1879	1714
1879	1770
1879	1780
1879	1823
1879	1875
1879	1931
1879	1936
1879	1975
1879	1999
14	457
14	698
14	829
14	920
457	415
457	474
457	488
457	670
457	959
698	18
698	436
698	728
698	762
698	1813
698	849
698	879
698	926
698	942
829	182
829	183
829	510
829	567
829	575
829	613
829	760
829	858
829	873
829	889
829	965
829	990
920	74
920	300
920	320
920	357
920	472
920	574
920	606
920	654
920	678
920	708
920	710
920	740
920	820
920	858
920	904
920	912
920	928
920	962
15	646
15	694
15	972
646	180
646	292
646	349
646	625
646	804
646	827
646	967
694	513
694	728
694	748
694	897
694	902
694	959
694	966
972	110
972	416
972	461
972	465
972	472
972	484
972	561
972	640
972	656
972	692
972	706
972	729
972	769
972	855
972	872
972	878
972	892
972	898
972	921
972	927
972	933
972	947
972	950
972	965
972	969
972	971
972	979
1012	1619
1012	1779
1012	1852
1012	1999
1619	1122
1619	1260
1619	1621
1619	1649
1619	1903
1619	1969
1619	1983
1779	1192
1779	1279
1779	1306
1779	1370
1779	1520
1779	1597
1779	1813
1779	1913
1779	1942
1852	1024
1852	1263
1852	1295
1852	1368
1852	464
1852	1529
1852	1560
1852	1615
1852	1693
1852	1872
1852	1896
1852	1968
1852	1983
1999	1034
1999	1064
1999	1070
1999	1149
1999	1198
1999	1293
1999	1302
1999	1337
1999	1377
1999	1394
1999	1429
1999	1474
1999	1586
1999	1635
1999	1656
1999	1716
1999	1740
1999	1771
1999	1785
1999	1787
1999	1792
1999	1815
1999	1853
1999	1857
1999	1887
1999	1908
1999	1930
1999	1937
1999	1940
1999	1948
1999	1952
1999	957
1999	1974
1999	1981
1999	1990
16	120
16	300
16	1648
16	886
120	643
120	1862
300	506
300	507
300	949
1648	1365
1648	1389
1648	1457
1648	1732
1648	1795
1648	1871
1648	1964
1648	1967
886	45
886	252
886	374
886	500
886	613
886	627
886	658
886	755
886	763
886	801
886	840
886	859
886	872
886	878
886	896
886	934
886	979
1013	1136
1013	1353
1013	1744
1013	1782
1136	1297
1136	1404
1136	1847
1353	1014
1353	1376
1353	1742
1353	1992
1744	519
1744	1545
1744	1630
1744	1733
1744	1773
1744	1786
1744	1805
1744	1894
1744	1913
1744	1967
1782	1113
1782	1206
1782	1316
1782	1451
1782	1573
1782	1622
1782	1868
1782	1921
1782	1933
17	900
17	984
17	996
900	66
900	118
900	119
900	167
900	458
900	462
900	514
900	730
900	766
900	859
900	896
900	926
900	934
900	937
900	951
900	969
900	970
984	124
984	141
984	199
984	280
984	305
984	369
984	439
984	455
984	484
984	512
984	581
984	600
984	635
984	638
984	693
984	699
984	705
984	727
984	731
984	768
984	776
984	822
984	826
984	859
984	865
984	873
984	1888
984	887
984	902
984	911
984	937
984	963
984	989
996	65
996	68
996	134
996	318
996	366
996	386
996	434
996	466
996	495
996	516
996	554
996	557
996	563
996	565
996	590
996	606
996	616
996	649
996	747
996	802
996	809
996	818
996	834
996	852
996	858
996	860
996	883
996	888
996	898
996	907
996	915
996	932
996	963
996	970
996	975
996	995
996	998
18	815
18	991
815	146
815	581
815	684
815	750
815	761
815	770
815	853
815	879
815	918
815	921
815	986
991	139
991	161
991	426
991	434
991	442
991	467
991	517
991	541
991	564
991	580
991	659
991	674
991	697
991	711
991	717
991	765
991	770
991	812
991	826
991	855
991	873
991	880
991	884
991	887
991	915
991	919
991	925
991	930
991	940
991	949
991	951
991	954
991	969
991	978
19	266
19	626
19	793
19	917
266	766
266	783
266	789
266	899
626	247
626	352
626	671
626	756
626	937
626	944
793	417
793	478
793	579
793	588
793	640
793	670
793	703
793	848
793	881
793	1969
917	59
917	190
917	240
917	314
917	357
917	493
917	554
917	562
917	706
917	760
917	771
917	774
917	781
917	825
917	847
917	925
917	954
917	962
917	971
917	995
1014	1610
1014	1703
1014	1772
1610	1372
1610	1701
1610	1742
1610	1905
1610	1919
1610	1993
1703	1141
1703	1469
1703	1530
1703	1760
1703	1795
1703	1796
1703	1910
1703	1949
1703	1981
1772	1150
1772	1399
1772	1426
1772	1532
1772	1715
1772	1795
1772	1803
1772	1895
1772	1949
1772	1955
1015	1083
1015	1907
1015	1911
1015	1987
1083	1453
1083	1808
1083	1984
1907	1168
1907	1264
1907	1429
1907	1632
1907	1653
1907	1698
1907	1722
1907	1761
1907	1774
1907	1797
1907	1820
1907	1829
1907	1868
1907	1885
1907	1922
1907	1964
1907	982
1911	1108
1911	1303
1911	387
1911	1459
1911	1536
1911	1551
1911	1621
1911	1745
1911	1803
1911	1855
1911	1858
1911	1861
1911	1880
1911	1965
1911	1969
1911	1998
1987	1049
1987	1082
1987	1111
1987	1266
1987	1339
1987	1341
1987	1388
1987	1392
1987	1498
1987	1508
1987	1519
1987	1585
1987	1634
1987	1650
1987	1677
1987	1679
1987	1681
1987	1700
1987	1720
1987	1766
1987	1769
1987	1823
1987	1829
1987	1864
1987	1887
1987	1930
1987	1939
1987	1971
1987	1973
1987	1998
1016	1674
1016	1925
1674	1364
1674	1676
1674	1819
1674	1900
1674	1943
1674	1961
1674	1977
1674	1991
1925	1144
1925	1169
1925	1227
1925	1337
1925	1408
1925	1463
1925	1575
1925	1594
1925	1665
1925	1685
1925	1758
1925	1846
1925	1890
1925	1900
1925	1937
1925	1970
1925	1976
1017	1177
1017	1365
1017	1764
1017	1774
1177	1491
1177	1778
1365	1607
1365	1936
1764	1077
1764	1130
1764	1210
1764	1381
1764	1442
1764	1563
1764	1626
1764	1685
1764	1778
1764	1864
1774	1031
1774	1340
1774	1355
1774	1471
1774	1611
1774	663
1774	1794
1774	1869
1774	1953
20	787
20	800
20	872
20	905
787	158
787	350
787	492
787	752
787	779
787	798
787	865
787	964
787	978
800	70
800	72
800	308
800	558
800	688
800	762
800	827
800	929
800	935
800	971
800	976
872	116
872	174
872	206
872	278
872	492
872	507
872	583
872	799
872	907
872	916
872	927
872	935
872	946
872	970
872	980
905	21
905	252
905	254
905	360
905	568
905	659
905	663
905	682
905	702
905	721
905	769
905	825
905	856
905	924
905	939
905	983
21	47
21	736
21	850
47	312
47	960
736	107
736	187
736	304
736	342
736	443
736	621
736	732
736	747
736	976
736	983
850	42
850	331
850	433
850	489
850	645
850	737
850	863
850	921
850	936
850	964
850	978
850	980
850	986
850	998
22	397
22	400
22	422
22	851
397	204
397	480
397	911
400	309
400	669
400	717
400	860
400	888
422	273
422	346
422	502
422	796
851	37
851	281
851	395
851	470
851	510
851	717
851	740
851	883
851	887
851	911
851	914
851	921
851	934
851	982
1018	1395
1018	1604
1018	1950
1018	1954
1395	1265
1395	1521
1395	1621
1395	1736
1395	1929
1604	1592
1604	1649
1604	1677
1604	1700
1604	1701
1604	1946
1604	1964
1950	1112
1950	1139
1950	1140
1950	1374
1950	1454
1950	1488
1950	1510
1950	1574
1950	1578
1950	1614
1950	1623
1950	1693
1950	1739
1950	1755
1950	1802
1950	1805
1950	837
1950	1914
1950	1916
1950	1945
1950	1952
1950	1991
1954	1233
1954	1249
1954	1310
1954	1312
1954	1320
1954	1352
1954	1459
1954	1466
1954	1491
1954	1546
1954	1572
1954	1581
1954	1602
1954	1630
1954	1655
1954	1663
1954	1673
1954	1714
1954	1728
1954	1777
1954	1910
1954	1938
1954	1957
1954	1983
1954	1985
1019	1252
1019	1389
1019	605
1019	1901
1252	1317
1252	1837
1252	1974
1252	1996
1389	1317
1389	1729
1389	1886
605	537
605	603
605	714
605	779
605	784
605	873
605	941
1901	1090
1901	1217
1901	1319
1901	1359
1901	1373
1901	1626
1901	1651
1901	1677
1901	1766
1901	1776
1901	1780
1901	1856
1901	1916
1901	1917
1901	1922
1901	1946
1901	1961
1901	1975
1020	1578
1020	1617
1020	1723
1020	1985
1578	1045
1578	1225
1578	1833
1578	1869
1578	1871
1578	1930
1617	1103
1617	1179
1617	1579
1617	1887
1617	1932
1617	1946
1723	1473
1723	1594
1723	1843
1723	1857
1723	1903
1723	1916
1723	1963
1723	1983
1723	1996
1985	1109
1985	1158
1985	1197
1985	1283
1985	1300
1985	1309
1985	1337
1985	1355
1985	1356
1985	1360
1985	1613
1985	1654
1985	1656
1985	1702
1985	1728
1985	1786
1985	1797
1985	1827
1985	1832
1985	1875
1985	1903
1985	1910
1985	1918
1985	1927
1985	1943
1985	1957
1985	1965
1985	1967
1985	1978
1985	1983
1985	1992
23	621
23	894
23	973
621	229
621	883
621	895
621	908
621	944
621	953
894	304
894	311
894	326
894	419
894	421
894	437
894	468
894	693
894	726
894	761
894	773
894	796
894	855
894	857
894	858
894	897
894	899
894	950
973	71
973	111
973	143
973	261
973	275
973	316
973	413
973	418
973	535
973	538
973	560
973	568
973	572
973	625
973	715
973	724
973	738
973	745
973	758
973	844
973	864
973	884
973	897
973	910
973	926
973	932
973	976
1021	1142
1021	1145
1021	1728
1021	1819
1142	1585
1142	1819
1142	1867
1145	1591
1145	1876
1145	1965
1728	1345
1728	1701
1728	1724
1728	1891
1728	1938
1728	1981
1819	1290
1819	1324
1819	1608
1819	1669
1819	1754
1819	1865
1819	1884
1819	1906
1819	1970
1819	1974
1022	1208
1022	1256
1022	1697
1022	1777
1208	1561
1208	1890
1208	1980
1256	1717
1256	1831
1256	1834
1256	1899
1697	1200
1697	1202
1697	1268
1697	1307
1697	1713
1697	1731
1697	1811
1697	1914
1697	1958
1777	1236
1777	1473
1777	1675
1777	1688
1777	1833
1777	1858
1777	1932
1777	1948
1777	1969
1777	1983
1023	1384
1023	1388
1023	1933
1023	1990
1384	1589
1384	1631
1384	1679
1384	1960
1388	1387
1388	1565
1388	1712
1933	1058
1933	1103
1933	1174
1933	1348
1933	1493
1933	1571
1933	1647
1933	1653
1933	1658
1933	1734
1933	1738
1933	1785
1933	1800
1933	1893
1933	1931
1933	1946
1933	1948
1933	1996
1990	1063
1990	1091
1990	1094
1990	1124
1990	1277
1990	1280
1990	1366
1990	1482
1990	1528
1990	1640
1990	1641
1990	1662
1990	1717
1990	1724
1990	1725
1990	1738
1990	1752
1990	1791
1990	1796
1990	1838
1990	1859
1990	1871
1990	1921
1990	1922
1990	1958
1990	1965
1990	1969
1990	1971
1990	1974
1990	1981
1990	1996
24	94
24	299
24	788
24	933
94	267
94	579
94	657
299	262
299	515
299	873
299	936
788	141
788	248
788	542
788	631
788	794
788	841
788	849
788	957
788	979
933	81
933	261
933	358
933	436
933	471
933	523
933	615
933	752
933	775
933	782
933	818
933	832
933	874
933	922
933	936
933	975
933	986
933	998
1024	1119
1024	1361
1024	1428
1119	1259
1119	1394
1119	1461
1361	1062
1361	1521
1361	1589
1361	1745
1428	1312
1428	1532
1428	1603
1428	1850
1428	1947
1025	1403
1025	1659
1025	1683
1025	1931
1403	1046
1403	1537
1403	1582
1403	1935
1403	1947
1659	1405
1659	1491
1659	1495
1659	1512
1659	1759
1659	1788
1659	1832
1659	1937
1683	1647
1683	1775
1683	1807
1683	1823
1683	1870
1683	1878
1683	1889
1683	1946
1931	1037
1931	1121
1931	1158
1931	1218
1931	1254
1931	1314
1931	1367
1931	1443
1931	1461
1931	1492
1931	1499
1931	1668
1931	1722
1931	1870
1931	1943
1931	1962
1931	1978
1931	1998
25	430
25	1618
25	662
25	727
430	280
430	766
430	1859
430	946
1618	1334
1618	1749
1618	1868
1618	1877
1618	1946
1618	1991
662	80
662	369
662	462
662	553
662	727
662	898
662	939
662	969
727	130
727	144
727	552
727	909
727	934
727	989
727	993
1026	1592
1026	1633
1026	1665
1026	1811
1592	1206
1592	349
1592	1825
1592	1836
1592	1978
1592	1998
1633	1227
1633	1408
1633	1724
1633	1809
1633	1846
1633	1857
1633	1973
1665	1260
1665	1334
1665	1600
1665	1934
1665	1935
1665	1942
1665	1946
1811	1220
1811	1501
1811	1510
1811	1694
1811	1711
1811	1807
1811	1903
1811	1924
1811	1976
1811	1996
1027	1597
1027	1741
1027	1748
1027	1832
1597	1459
1597	1640
1597	1721
1597	1867
1597	1955
1597	1998
1741	1105
1741	1386
1741	1526
1741	1731
1741	1891
1741	1934
1741	1938
1741	1944
1741	1971
1748	1414
1748	1715
1748	1809
1748	1861
1748	1887
1748	1895
1748	1953
1748	1973
1748	1975
1748	1977
1832	1099
1832	1219
1832	1516
1832	1804
1832	1834
1832	1886
1832	1930
1832	1937
1832	1958
1832	1970
1028	1833
1028	1894
1028	1956
1028	1957
1833	1068
1833	1355
1833	1528
1833	1686
1833	1712
1833	1746
1833	1905
1833	1970
1833	1980
1833	1998
1894	1129
1894	1245
1894	1444
1894	1481
1894	1685
1894	1695
1894	1735
1894	1765
1894	1795
1894	1857
1894	1916
1894	1926
1894	1945
1894	1957
1894	1958
1956	1094
1956	1135
1956	1181
1956	1193
1956	1230
1956	1355
1956	1418
1956	1474
1956	1660
1956	1671
1956	1691
1956	1693
1956	1694
1956	1834
1956	1899
1956	1923
1956	1927
1956	1930
1956	1939
1956	1962
1956	1971
1956	1993
1957	1222
1957	1281
1957	1294
1957	1378
1957	1483
1957	1514
1957	1532
1957	1582
1957	1595
1957	1607
1957	1632
1957	1668
1957	1785
1957	1788
1957	1847
1957	1858
1957	1871
1957	1900
1957	1924
1957	1982
1029	1238
1029	1538
1029	1567
1029	1581
1238	1409
1238	1572
1238	1969
1538	1286
1538	1560
1538	1609
1538	1652
1538	1835
1538	1918
1567	1534
1567	1866
1567	1920
1567	1926
1567	1928
1581	1178
1581	1349
1581	1400
1581	1763
1030	1350
1030	1533
1030	1650
1030	1709
1350	1060
1350	1435
1350	1466
1350	1942
1533	1541
1533	1676
1533	1690
1533	1763
1533	1878
1533	1984
1650	343
1650	1419
1650	1492
1650	1796
1650	1859
1650	1865
1650	1890
1709	1072
1709	1300
1709	1471
1709	1519
1709	1616
1709	1690
1709	1816
1709	1942
1031	1864
1031	1927
1864	1039
1864	1322
1864	1575
1864	1576
1864	1634
1864	637
1864	1635
1864	1684
1864	1785
1864	1809
1864	1938
1864	1961
1864	1998
1927	1106
1927	1339
1927	1417
1927	1464
1927	1529
1927	1568
1927	1615
1927	1642
1927	1675
1927	1705
1927	1818
1927	1849
1927	1876
1927	1930
1927	1977
1927	1983
1927	1992
26	291
26	503
26	914
26	983
291	325
291	650
291	909
291	914
503	35
503	205
503	341
503	656
503	711
503	965
914	57
914	579
914	582
914	608
914	651
914	679
914	712
914	839
914	852
914	922
914	939
914	942
914	954
914	967
914	974
914	987
983	124
983	197
983	212
983	216
983	265
983	415
983	443
983	480
983	487
983	498
983	532
983	596
983	616
983	661
983	722
983	763
983	836
983	840
983	849
983	855
983	862
983	867
983	889
983	892
983	909
983	915
983	935
983	941
983	949
983	970
27	228
27	411
27	458
27	799
228	670
228	906
228	976
411	653
411	676
411	717
411	890
411	990
458	947
458	957
458	970
458	1977
799	227
799	460
799	628
799	1631
799	661
799	668
799	808
799	940
799	941
799	987
799	998
28	122
28	268
28	575
28	879
122	720
122	997
268	1577
268	882
268	986
575	162
575	312
575	530
575	808
575	833
575	939
879	54
879	179
879	275
879	317
879	356
879	604
879	728
879	863
879	878
879	906
879	935
879	987
879	998
1032	1625
1032	1718
1032	1804
1032	1963
1625	1100
1625	1168
1625	1566
1625	1714
1625	1918
1625	1978
1625	1984
1718	1695
1718	1699
1718	1846
1718	1889
1718	1914
1718	1943
1718	1946
1718	1982
1804	1160
1804	1285
1804	1323
1804	1540
1804	1695
1804	1810
1804	1821
1804	1923
1804	1942
1804	1995
1963	1194
1963	1201
1963	1299
1963	1493
1963	1519
1963	1543
1963	1544
1963	1585
1963	1593
1963	1664
1963	1699
1963	1722
1963	1768
1963	1781
1963	1841
1963	1856
1963	1858
1963	1889
1963	1891
1963	1938
1963	1971
1963	1981
1963	1982
1963	1992
1963	1995
1033	1666
1033	1937
1033	1940
1033	1943
1666	1183
1666	1282
1666	1298
1666	1682
1666	1845
1666	1922
1666	1936
1937	1098
1937	1102
1937	1327
1937	1367
1937	1435
1937	1524
1937	1655
1937	1751
1937	1767
1937	1829
1937	1837
1937	866
1937	1885
1937	1890
1937	1945
1937	1961
1937	1977
1937	1979
1940	1120
1940	1254
1940	1276
1940	1411
1940	1444
1940	1448
1940	1479
1940	1520
1940	1548
1940	1576
1940	1655
1940	1692
1940	1848
1940	1867
1940	1875
1940	1881
1940	1889
1940	1914
1940	1935
1940	1964
1940	1973
1943	1076
1943	1093
1943	1193
1943	1253
1943	1314
1943	1471
1943	1477
1943	1542
1943	1630
1943	1664
1943	1675
1943	1761
1943	1793
1943	1841
1943	1916
1943	1932
1943	1934
1943	1991
1034	1302
1034	1434
1034	1653
1302	1540
1302	1952
1302	1965
1434	1220
1434	1296
1434	1705
1434	1768
1434	1913
1653	1261
1653	1405
1653	1776
1653	1873
1653	1893
29	818
29	866
29	904
818	117
818	389
818	433
818	636
818	761
818	888
818	924
866	140
866	250
866	346
866	619
866	622
866	760
866	768
866	784
866	795
866	841
866	843
866	924
866	934
866	950
866	997
904	55
904	309
904	381
904	436
904	465
904	523
904	548
904	576
904	693
904	701
904	702
904	709
904	738
904	757
904	769
904	952
904	954
904	998
1035	1599
1035	1818
1035	1838
1035	1947
1599	1140
1599	1466
1599	1808
1599	1820
1599	1880
1599	1995
1599	1998
1818	1049
1818	1295
1818	1322
1818	1325
1818	1698
1818	1719
1818	1758
1818	1761
1818	1866
1818	1903
1818	1936
1838	1063
1838	1391
1838	1463
1838	1497
1838	1550
1838	1657
1838	1664
1838	1769
1838	1815
1838	1868
1838	1897
1838	1899
1838	1919
1947	1187
1947	1226
1947	1264
1947	1328
1947	1380
1947	1416
1947	1483
1947	1519
1947	1591
1947	1680
1947	1708
1947	1726
1947	1730
1947	1813
1947	1825
1947	1861
1947	1932
1947	1965
1947	1980
1947	978
30	483
30	527
30	544
30	678
483	567
483	778
483	789
483	936
527	623
527	750
527	785
527	839
527	881
527	907
544	207
544	284
544	413
544	844
544	959
544	990
678	507
678	693
678	806
678	807
678	976
31	139
31	590
31	712
31	867
139	911
139	950
590	107
590	389
590	594
590	640
590	709
590	1760
712	137
712	221
712	520
712	607
712	666
712	737
712	870
712	985
867	48
867	537
867	586
867	699
867	704
867	728
867	737
867	744
867	817
867	830
867	922
867	936
867	964
867	990
1036	1385
1036	1433
1036	1437
1036	1780
1385	1188
1385	1357
1385	363
1385	1745
1433	1431
1433	1862
1433	919
1433	1962
1433	1971
1437	1161
1437	1453
1437	1508
1437	1813
1437	1875
1780	1044
1780	1473
1780	1502
1780	1755
1780	1778
1780	1908
1780	1939
1780	1953
1037	1148
1037	1771
1148	1137
1148	1810
1148	1983
1771	1366
1771	1402
1771	1514
1771	1658
1771	1796
1771	1802
1771	1858
1771	1873
1771	1889
1771	1936
1038	1436
1038	1621
1038	1654
1038	1897
1436	1140
1436	1262
1436	1725
1436	1807
1436	1948
1621	1223
1621	1235
1621	1541
1621	1935
1654	1044
1654	1101
1654	1510
1654	1634
1654	1992
1897	1064
1897	1236
1897	1397
1897	1405
1897	1413
1897	1426
1897	1517
1897	1531
1897	1540
1897	1671
1897	1865
1897	1880
1897	1919
1897	1923
1897	1936
1897	1998
1039	1461
1039	1793
1039	1859
1461	1616
1461	1888
1461	1929
1793	1336
1793	1577
1793	1603
1793	1627
1793	1724
1793	1800
1793	1812
1793	1872
1793	1922
1793	1962
1859	1228
1859	1309
1859	1503
1859	1504
1859	1657
1859	1664
1859	1736
1859	1856
1859	1873
1859	1912
32	158
32	230
32	343
32	982
158	804
158	895
230	432
230	574
230	985
343	152
343	763
343	944
982	50
982	86
982	110
982	157
982	294
982	327
982	487
982	531
982	553
982	602
982	637
982	664
982	683
982	704
982	705
982	753
982	759
982	770
982	830
982	835
982	836
982	861
982	880
982	883
982	966
982	979
982	985
982	989
982	997
982	998
1040	1564
1040	1807
1040	1899
1564	1577
1564	1585
1564	1857
1564	1899
1564	1974
1807	1235
1807	1394
1807	1409
1807	1460
1807	1525
1807	1557
1807	1676
1807	1768
1807	1820
1899	1100
1899	1229
1899	1669
1899	1754
1899	1803
1899	1862
1899	1865
1899	1876
1899	1883
1899	1896
1899	1904
1899	1915
1899	1965
33	324
33	686
33	791
324	445
324	750
324	765
324	910
686	104
686	318
686	385
686	716
686	820
686	840
686	952
686	997
791	361
791	449
791	651
791	711
791	810
791	813
791	887
791	932
791	979
34	306
34	541
34	715
34	913
306	174
306	182
306	855
306	940
541	280
541	632
541	680
541	928
541	949
715	498
715	553
715	679
715	723
715	868
715	940
715	954
715	977
913	112
913	170
913	243
913	244
913	260
913	415
913	467
913	745
913	769
913	802
913	827
913	873
913	895
913	916
913	922
913	949
913	964
913	986
913	998
35	364
35	536
35	782
364	382
364	616
364	827
536	533
536	743
536	880
536	909
782	570
782	695
782	759
782	789
782	797
782	813
782	861
782	1944
782	978
782	986
1041	1071
1041	1186
1041	1870
1041	1928
1071	1863
1071	1930
1071	1995
1186	1919
1870	1062
1870	1218
1870	1375
1870	1435
1870	1531
1870	1812
1870	1820
1870	1857
1870	1869
1870	1874
1870	1913
1870	1962
1870	1991
1928	1217
1928	1249
1928	1265
1928	1270
1928	1359
1928	1362
1928	1451
1928	1555
1928	1763
1928	1790
1928	1812
1928	1869
1928	1886
1928	1889
1928	1896
1928	1920
1928	1970
36	498
36	746
36	957
36	964
498	480
498	579
498	843
746	325
746	481
746	577
746	622
746	706
746	937
746	941
746	962
957	112
957	200
957	259
957	468
957	490
957	524
957	652
957	675
957	676
957	677
957	703
957	758
957	795
957	838
957	853
957	861
957	881
957	890
957	930
957	947
957	975
957	976
957	995
964	99
964	169
964	199
964	288
964	310
964	323
964	424
964	512
964	528
964	563
964	570
964	624
964	652
964	755
964	798
964	822
964	824
964	831
964	840
964	857
964	865
964	945
964	998
1042	1580
1042	1688
1042	1874
1042	1891
1580	1170
1580	1517
1580	1605
1580	1881
1580	1976
1580	1980
1688	1485
1688	1929
1688	1977
1688	1979
1688	1981
1688	1995
1874	1470
1874	1612
1874	1642
1874	1705
1874	1735
1874	1749
1874	1790
1874	1856
1874	1906
1874	1934
1874	1939
1874	1952
1874	1971
1891	1059
1891	1121
1891	1160
1891	1465
1891	1620
1891	1661
1891	1881
1891	1882
1891	1912
1891	1918
1891	1932
1891	1969
1891	1973
1891	1976
1043	1215
1043	1308
1043	1754
1043	1991
1215	1668
1215	1696
1308	1462
1308	1825
1308	1854
1308	1912
1754	1151
1754	1156
1754	1558
1754	1753
1754	1765
1754	1830
1754	1960
1991	1060
1991	1084
1991	1099
1991	1130
1991	1141
1991	1194
1991	1213
1991	1283
1991	1419
1991	1439
1991	1513
1991	1531
1991	1598
1991	599
1991	1652
1991	1690
1991	1696
1991	1700
1991	1720
1991	1835
1991	1908
1991	1913
1991	1930
1991	1932
1991	1935
1991	1939
1991	1976
1991	1978
1991	1983
1044	1571
1044	1725
1571	1120
1571	1505
1571	1685
1571	1968
1725	1244
1725	1363
1725	1516
1725	1631
1725	645
1725	1948
37	528
37	859
37	881
528	443
528	497
528	783
528	801
528	944
859	281
859	392
859	755
859	807
859	880
859	890
859	910
859	921
859	952
859	993
859	995
881	131
881	329
881	375
881	585
881	620
881	628
881	826
881	895
881	902
881	911
881	912
881	922
881	927
38	49
38	1546
38	870
49	668
49	718
49	980
1546	1329
1546	1396
1546	1532
870	236
870	360
870	697
870	700
870	711
870	734
870	744
870	807
870	840
870	919
870	922
870	936
870	978
870	986
39	485
39	906
39	936
39	950
485	155
485	293
485	356
485	956
485	997
906	118
906	220
906	224
906	292
906	383
906	548
906	583
906	654
906	666
906	781
906	822
906	930
906	935
906	950
906	955
936	113
936	151
936	210
936	321
936	496
936	499
936	535
936	551
936	577
936	629
936	665
936	854
936	871
936	962
936	990
936	998
950	201
950	217
950	539
950	549
950	561
950	642
950	723
950	762
950	831
950	857
950	887
950	890
950	916
950	930
950	960
950	966
950	967
1045	1056
1045	1373
1045	1383
1056	1557
1056	1785
1056	1953
1373	1586
1373	1702
1373	1861
1383	1138
1383	1459
1383	1656
1383	1993
1046	1132
1046	1620
1046	1887
1132	1210
1132	1257
1132	1672
1620	1267
1620	1386
1620	1596
1620	1824
1620	1875
1620	1883
1887	1133
1887	1579
1887	1720
1887	1739
1887	1826
1887	1890
1887	1910
1887	1915
1887	1922
1887	1967
1887	1981
40	614
40	756
40	786
40	977
614	134
614	409
614	440
614	478
614	748
614	960
756	105
756	127
756	218
756	226
756	552
756	565
756	760
786	90
786	394
786	623
786	663
786	702
786	738
786	1876
786	884
786	937
977	58
977	70
977	118
977	128
977	157
977	177
977	407
977	427
977	659
977	745
977	768
977	828
977	843
977	1849
977	896
977	897
977	902
977	941
977	945
977	949
977	952
977	953
977	959
977	980
977	989
977	995
1137	1740
1766	1061
1766	1114
1766	1435
1766	1478
1766	1551
1766	1554
1766	1740
1766	1751
1048	1149
1048	1318
1048	1781
1149	1865
1318	1259
1318	1551
1318	1809
1318	1893
1781	1441
1781	1443
1781	1558
1781	1602
1781	1821
1781	1868
1781	1880
1781	1995
1781	1996
41	569
41	703
41	822
41	997
569	406
569	564
569	669
569	689
569	734
569	939
569	971
703	224
703	314
703	487
703	661
703	780
703	890
703	979
822	285
822	468
822	598
822	816
822	852
822	853
822	884
822	949
997	88
997	185
997	253
997	258
997	317
997	429
997	445
997	473
997	486
997	564
997	603
997	615
997	635
997	649
997	705
997	749
997	772
997	814
997	830
997	843
997	844
997	1880
997	871
997	899
997	912
997	915
997	955
997	959
997	962
997	965
997	978
997	995
42	583
42	702
42	1913
583	210
583	444
583	493
583	649
702	129
702	573
702	794
702	916
702	927
1913	1101
1913	1351
1913	1638
1913	1724
1913	1751
1913	1760
1913	1773
1913	1812
1913	1820
1913	1843
1913	1914
1913	1929
1913	1968
43	480
43	639
43	794
43	956
480	516
480	652
639	184
639	190
639	593
639	632
639	740
639	785
639	922
639	971
794	169
794	388
794	844
794	849
794	934
794	952
794	985
794	987
956	226
956	320
956	380
956	474
956	491
956	636
956	648
956	679
956	721
956	726
956	731
956	772
956	796
956	831
956	835
956	844
956	848
956	874
956	892
956	910
956	911
956	918
956	953
44	492
44	729
44	976
44	998
492	353
492	995
729	556
729	638
729	760
729	817
729	862
729	919
729	929
976	53
976	180
976	289
976	292
976	372
976	404
976	438
976	523
976	581
976	647
976	669
976	677
976	714
976	719
976	728
976	753
976	806
976	828
976	831
976	853
976	857
976	892
976	910
998	193
998	195
998	238
998	509
998	592
998	622
998	629
998	640
998	1643
998	676
998	687
998	700
998	714
998	743
998	750
998	797
998	817
998	824
998	888
998	912
998	918
998	934
998	940
998	980
998	989
45	582
45	693
45	741
582	538
582	826
582	896
582	910
582	965
582	993
693	359
693	451
693	597
693	790
693	802
741	60
741	114
741	521
741	630
741	634
741	765
741	965
741	974
741	990
46	92
46	688
46	813
46	978
92	810
92	921
688	90
688	244
688	315
688	390
688	685
688	708
688	745
688	952
813	510
813	594
813	635
813	663
813	700
813	738
813	865
813	874
813	909
978	213
978	298
978	323
978	454
978	484
978	562
978	563
978	595
978	627
978	643
978	759
978	801
978	849
978	858
978	873
978	889
978	907
978	925
978	927
978	937
978	971
978	974
312	290
312	668
312	970
960	53
960	75
960	119
960	246
960	372
960	407
960	416
960	450
960	500
960	508
960	517
960	641
960	761
960	776
960	781
960	795
960	820
960	823
960	856
960	939
960	979
960	989
48	709
48	745
48	979
709	144
709	401
709	510
709	725
709	766
709	882
745	135
745	238
745	393
745	460
745	716
745	979
979	69
979	176
979	368
979	405
979	438
979	1426
979	446
979	463
979	607
979	651
979	670
979	724
979	765
979	841
979	853
979	856
979	860
979	863
979	902
979	907
979	924
979	967
979	990
668	263
668	302
668	767
668	990
718	184
718	235
718	584
718	725
718	817
718	889
718	937
718	970
980	137
980	302
980	345
980	426
980	445
980	450
980	469
980	489
980	511
980	531
980	539
980	553
980	562
980	580
980	608
980	619
980	625
980	684
980	687
980	760
980	784
980	790
980	797
980	811
980	915
980	926
980	963
980	975
980	986
1049	1390
1049	1476
1390	1671
1390	1806
1390	1896
1390	1960
1476	1542
1476	1812
1476	1934
1050	1206
1050	1495
1050	1558
1050	1803
1495	1893
1495	1906
1495	1922
1495	1945
1558	1255
1558	1507
1558	1712
1803	1382
1803	1398
1803	1460
1803	1608
1803	1704
1803	1884
1803	1968
1803	1983
50	454
50	642
50	965
454	100
454	713
454	902
454	990
642	223
642	519
642	585
642	857
642	858
642	878
965	193
965	259
965	395
965	421
965	481
965	568
965	596
965	669
965	671
965	726
965	739
965	778
965	785
965	812
965	817
965	855
965	873
965	924
965	947
965	1971
965	975
1051	1139
1051	1961
1051	1996
1139	1967
1139	1996
1961	1270
1961	1316
1961	1320
1961	1371
1961	1456
1961	1537
1961	1570
1961	1629
1961	1631
1961	1662
1961	1732
1961	1792
1961	1868
1961	1915
1961	1923
1961	1936
1961	1942
1961	1945
1961	1976
1961	1996
1996	1126
1996	1374
1996	1391
1996	1399
1996	1418
1996	1468
1996	1516
1996	1536
1996	1543
1996	1645
1996	1675
1996	1680
1996	1690
1996	1716
1996	1746
1996	1751
1996	1786
1996	1837
1996	1849
1996	1855
1996	1862
1996	1875
1996	1924
1996	1938
1996	1962
1996	1967
1996	1980
1996	1983
1910	1089
1910	1465
1910	1491
1910	1642
1910	1773
1910	1797
1910	1805
1910	1855
1910	1882
1910	1953
1910	1974
1910	1995
51	149
51	468
51	603
51	839
149	467
149	664
149	929
468	358
468	954
603	97
603	595
603	600
603	665
603	929
839	153
839	386
839	600
839	648
839	669
839	832
839	853
839	857
839	864
839	927
839	959
52	737
52	910
52	921
737	394
737	620
737	848
737	926
737	951
737	963
910	78
910	284
910	353
910	516
910	531
910	558
910	684
910	743
910	778
910	817
910	898
910	902
910	1953
910	962
921	211
921	572
921	625
921	663
921	672
921	716
921	719
921	834
921	858
921	902
921	903
921	944
921	947
921	990
1053	1296
1053	1695
1296	1451
1296	1892
1296	1944
1695	1240
1695	1490
1695	1594
1695	1827
1695	1892
1695	1946
53	612
612	261
612	405
612	667
612	724
612	863
612	895
612	993
54	650
54	681
54	810
650	607
650	635
650	844
650	883
650	915
650	919
681	109
681	645
681	683
681	739
681	860
681	908
810	197
810	348
810	764
810	854
810	882
810	912
810	941
810	947
55	932
55	938
55	963
932	259
932	344
932	367
932	428
932	636
932	720
932	748
932	749
932	775
932	808
932	832
932	916
932	924
932	942
932	951
932	963
932	971
932	975
938	77
938	130
938	271
938	286
938	348
938	382
938	391
938	415
938	1407
938	442
938	533
938	676
938	692
938	726
938	734
938	759
938	771
938	798
938	852
938	954
938	963
963	56
963	67
963	133
963	172
963	229
963	235
963	254
963	277
963	389
963	424
963	455
963	567
963	579
963	599
963	634
963	645
963	1664
963	778
963	907
963	934
963	951
1054	1598
1054	1631
1598	669
1598	1730
1598	1750
1598	1759
1598	1791
1598	1792
1631	1201
1631	1498
1631	1973
1869	1156
1869	1704
1869	1730
1869	1805
1869	1810
1869	1839
1869	1900
1869	1939
1869	1964
1869	1995
1945	1199
1945	1481
1945	1548
1945	1566
1945	1613
1945	1726
1945	1791
1945	1796
1945	1822
1945	1868
1945	1888
1945	1908
1945	1918
1945	1952
1945	1981
1945	1998
1557	1197
1557	1616
1557	1915
1557	1984
1557	1992
1785	1553
1785	1739
1785	1806
1785	1822
1785	1872
1785	1889
1785	1896
1953	1070
1953	1203
1953	1251
1953	1287
1953	1300
1953	1386
1953	1448
1953	1498
1953	1508
1953	1691
1953	1712
1953	1745
1953	1794
1953	1830
1953	1853
1953	1862
1953	1890
1953	1919
1953	1971
1953	1981
56	191
56	649
56	764
191	179
191	337
191	871
649	620
649	716
649	854
649	856
764	283
764	526
764	613
764	635
764	769
764	874
764	928
764	940
57	89
57	595
57	877
89	73
89	949
595	257
595	545
595	653
595	680
595	990
877	119
877	326
877	357
877	459
877	560
877	789
877	816
877	833
877	924
877	939
877	942
877	953
877	987
877	995
1057	1301
1057	1343
1057	1799
1057	1840
1301	1608
1301	1886
1301	1958
1301	955
1343	1170
1343	1682
1343	1717
1343	1820
1799	1159
1799	1325
1799	1458
1799	1487
1799	1622
1799	1682
1799	1685
1799	1762
1799	1855
1799	1980
1799	1981
1799	1983
1840	1404
1840	1506
1840	1600
1840	1721
1840	1763
1840	1791
1840	1857
1840	1885
1840	1906
1840	1919
1840	1936
1840	1975
1840	1995
1840	1998
1058	1205
1058	1415
1058	1979
1205	1923
1205	1942
1415	1284
1415	1362
1415	1635
1415	1675
1415	1880
1979	1073
1979	1178
1979	231
1979	1378
1979	1381
1979	1427
1979	1447
1979	1465
1979	1508
1979	1512
1979	1515
1979	1568
1979	1609
1979	1685
1979	1691
1979	1710
1979	1751
1979	1848
1979	1932
1979	1948
1979	1960
1979	1978
1979	1981
1059	1431
1059	1450
1059	1673
1431	1288
1431	1881
1431	1980
1450	1176
1450	1512
1450	1808
1450	1944
1450	1998
1673	1237
1673	1352
1673	1411
1673	1770
1673	1824
58	713
58	940
58	989
713	147
713	288
713	363
713	809
713	878
713	888
713	907
713	962
940	90
940	166
940	181
940	242
940	296
940	374
940	409
940	572
940	671
940	732
940	777
940	783
940	916
940	925
940	937
940	959
989	96
989	102
989	229
989	240
989	418
989	423
989	553
989	597
989	623
989	628
989	691
989	739
989	759
989	776
989	783
989	812
989	814
989	824
989	853
989	857
989	873
989	907
989	912
989	918
989	927
989	937
989	953
989	959
989	990
59	311
59	332
59	743
311	147
311	868
311	939
332	326
332	674
332	762
332	986
743	365
743	510
743	549
743	768
743	834
743	902
743	929
60	79
60	482
79	594
79	955
482	236
482	423
482	606
482	924
1060	1489
1060	1550
1489	1250
1489	1414
1489	1548
1489	1846
1489	1984
1550	1061
1550	1702
1550	1768
1550	1788
1550	1948
1061	1876
1061	1977
1876	1121
1876	1127
1876	1438
1876	1480
1876	1572
1876	1628
1876	1775
1876	1790
1876	1823
1876	1877
1876	1934
1876	1968
1977	1219
1977	1397
1977	1412
1977	1441
1977	1448
1977	1502
1977	1528
1977	1551
1977	1553
1977	1556
1977	1614
1977	1652
1977	1685
1977	1708
1977	1797
1977	1826
1977	1868
1977	1884
1977	1900
1977	1938
1977	1944
1977	1955
1977	1978
61	657
61	684
61	695
61	986
657	84
657	310
657	369
657	371
657	928
657	953
657	993
684	375
684	425
684	452
684	833
684	969
695	119
695	360
695	435
695	548
695	728
695	755
695	777
695	852
986	62
986	67
986	98
986	104
986	267
986	327
986	391
986	392
986	394
986	450
986	467
986	551
986	641
986	655
986	661
986	774
986	783
986	805
986	890
986	918
986	922
986	949
986	955
986	990
62	202
62	489
62	624
202	214
202	429
202	915
489	173
489	461
489	769
624	231
624	858
624	862
624	898
624	926
624	995
1062	1668
1062	1711
1668	1117
1668	1401
1668	1540
1668	1952
1668	1967
1711	1310
1711	537
1711	1662
1711	1871
1711	1875
1711	1886
1711	1969
1063	1245
1063	1579
1245	1553
1245	1908
1579	1406
1579	1607
1579	1845
1579	1848
1579	1955
640	103
640	831
640	993
697	206
697	602
697	613
697	631
697	710
697	941
1064	1611
1064	1906
1611	1150
1611	1628
1611	1763
1611	1862
1611	1946
1906	1179
1906	1217
1906	1248
1906	1278
1906	1410
1906	1439
1906	1456
1906	1753
1906	1821
1906	1828
1906	1831
1906	1853
1906	1855
1906	1983
64	133
64	661
64	882
64	934
133	279
133	574
661	128
661	407
661	719
661	897
882	67
882	137
882	201
882	294
882	584
882	631
882	696
882	710
882	907
882	944
882	953
882	954
882	955
934	105
934	1167
934	283
934	394
934	437
934	597
934	689
934	717
934	775
934	781
934	945
934	967
65	416
65	911
416	388
416	645
416	990
911	109
911	129
911	294
911	408
911	511
911	552
911	577
911	635
911	820
911	852
911	916
911	939
911	993
1065	1603
1065	1649
1065	1794
1065	1867
1603	1321
1603	1446
1603	1623
1603	1670
1603	1949
1649	1267
1649	1394
1649	1715
1649	1747
1649	1912
1649	1914
1794	1320
1794	1466
1794	1555
1794	1615
1794	1661
1794	1822
1794	1831
1794	1926
1794	1965
1867	265
1867	1452
1867	1515
1867	1587
1867	1594
1867	1767
1867	1843
1867	1871
1867	1890
1867	1917
1867	1918
1867	1939
1867	1970
66	804
66	868
66	974
804	132
804	193
804	272
804	516
804	578
804	636
804	744
804	831
804	912
804	944
868	222
868	264
868	425
868	437
868	529
868	546
868	610
868	656
868	837
868	929
868	987
974	161
974	247
974	252
974	404
974	424
974	491
974	620
974	685
974	692
974	731
974	761
974	766
974	779
974	809
974	831
974	853
974	861
974	874
974	887
974	903
974	949
974	967
974	970
974	971
974	993
67	475
475	185
475	261
475	947
475	975
475	985
1066	1613
1066	1626
1066	1759
1066	1816
1613	1394
1613	1828
1613	1873
1613	1932
1613	1938
1626	1351
1626	1507
1626	1814
1626	1924
1626	1984
1759	1175
1759	1448
1759	1526
1759	1591
1759	1624
1759	1671
1759	1805
1759	1916
1816	1257
1816	1342
1816	1364
1816	1457
1816	1477
1816	1554
1816	1630
1816	1745
1816	1850
1816	1973
1067	1593
1067	1872
1067	1949
1593	1400
1593	1498
1593	1501
1593	1679
1593	1812
1872	1158
1872	1453
1872	1468
1872	1588
1872	1735
1872	1753
1872	1797
1872	1847
1872	1873
1872	1921
1872	1976
1872	1978
1949	1232
1949	1335
1949	1367
1949	1368
1949	1534
1949	1608
1949	1627
1949	1632
1949	1652
1949	1679
1949	1684
1949	1687
1949	1698
1949	1753
1949	1849
1949	1854
1949	1858
1949	1882
1949	1922
1949	1975
1068	1623
1068	1858
1068	1895
1623	1376
1623	1836
1623	1853
1623	1982
1623	1993
1858	1157
1858	1250
1858	1543
1858	1602
1858	1724
1858	1758
1858	1831
1858	1861
1858	1958
1895	1216
1895	1284
1895	1323
1895	1416
1895	1478
1895	1574
1895	1629
1895	1667
1895	1689
1895	1730
1895	1822
1895	1839
1895	1873
1895	1946
1895	1998
68	659
68	784
68	946
659	72
659	253
659	848
659	993
784	367
784	552
784	592
784	767
784	774
784	946
784	969
784	985
946	136
946	188
946	203
946	212
946	331
946	401
946	404
946	426
946	591
946	628
946	648
946	690
946	749
946	802
946	889
946	909
946	929
946	962
946	967
946	995
1069	1393
1069	1857
1069	1946
1393	1570
1393	1757
1393	1968
1393	1993
1857	1124
1857	1328
1857	526
1857	1541
1857	1660
1857	1967
1946	1204
1946	1331
1946	1468
1946	1658
1946	1694
1946	1706
1946	1758
1946	1841
1946	1912
1946	1944
1070	1883
1070	1980
1883	1109
1883	1184
1883	1195
1883	479
1883	1647
1883	1700
1883	1739
1883	1834
1883	1843
1883	1924
1883	1942
1883	1978
1980	1175
1980	1237
1980	1309
1980	1316
1980	1375
1980	1438
1980	1442
1980	1486
1980	1497
1980	1499
1980	1506
1980	531
1980	1540
1980	1661
1980	1716
1980	1732
1980	1737
1980	1769
1980	1783
1980	1861
1980	1964
1980	1971
69	375
69	847
69	930
375	748
375	959
847	234
847	370
847	399
847	562
847	578
847	772
847	805
847	841
847	861
847	890
847	892
847	896
847	915
847	975
930	222
930	249
930	521
930	596
930	682
930	735
930	816
930	849
930	856
930	896
930	908
930	941
930	975
930	985
1863	1113
1863	1316
1863	1420
1863	1514
1863	1583
1863	1634
1863	1692
1863	1769
1863	1843
1863	1917
1863	1919
1863	1921
1863	1952
1863	1984
1930	1200
1930	1212
1930	1314
1930	1368
1930	1435
1930	1460
1930	1479
1930	1678
1930	1730
1930	1835
1930	1850
1930	1881
1930	1893
1930	1903
1995	1144
1995	1146
1995	1262
1995	1307
1995	1317
1995	1367
1995	1413
1995	1493
1995	1532
1995	1692
1995	1724
1995	1756
1995	1757
1995	1790
1995	1801
1995	1824
1995	1826
1995	1865
1995	1881
1995	1912
1995	1929
1995	1964
1995	1965
1995	1992
1072	1122
1072	1821
1072	1975
1122	1787
1821	1087
1821	1283
1821	1285
1821	1652
1821	1716
1821	1786
1821	1908
1821	1914
1821	1916
1821	1973
1975	197
1975	1231
1975	1316
1975	1340
1975	1534
1975	1669
1975	1696
1975	1717
1975	1752
1975	1753
1975	1776
1975	1801
1975	1802
1975	1836
1975	1884
1975	1886
1975	1900
1975	1921
1975	1929
1975	1965
1975	1976
1975	1981
1975	1998
70	732
732	255
732	435
732	445
732	808
732	863
732	951
1073	1313
1073	1417
1073	1636
1313	1160
1313	1181
1313	1915
1313	1944
1417	1542
1417	1786
1417	1922
1636	1077
1636	1127
1636	1194
1636	1311
1636	1831
1636	1958
1636	1973
71	520
71	689
520	76
520	419
520	918
520	935
689	126
689	405
689	630
689	716
689	748
689	864
689	939
1074	1641
1074	1710
1074	1814
1074	1834
1641	1097
1641	1172
1641	1202
1641	1438
1641	1615
1641	752
1641	1790
1710	1432
1710	1573
1710	1658
1710	1696
1710	1847
1710	1983
1814	1261
1814	1263
1814	1347
1814	1448
1814	1492
1814	1602
1814	1615
1814	1812
1814	1885
1834	1092
1834	1306
1834	1737
1834	1738
1834	1825
1834	1896
1834	1967
1834	1978
1834	1983
72	819
819	390
819	439
819	588
819	653
819	675
819	708
819	714
819	716
819	762
819	769
819	827
819	852
819	924
1075	1306
1075	1400
1075	1942
1306	1746
1400	1212
1400	1760
1942	1280
1942	1340
1942	1518
1942	1522
1942	1545
1942	1560
1942	1582
1942	1596
1942	1762
1942	1809
1942	1836
1942	1920
1942	1929
1942	1982
73	177
73	405
73	696
177	314
177	588
405	801
696	494
696	706
696	843
696	853
696	861
696	926
696	959
696	970
1076	1402
1076	1589
1076	1849
1402	1425
1402	1531
1402	1733
1402	1896
1589	1670
1589	1690
1589	1706
1589	1768
1589	1923
1849	1502
1849	1520
1849	1556
1849	1657
1849	1691
1849	1701
1849	1827
1849	1915
1849	1921
1849	1958
1077	1409
1077	1982
1409	1274
1409	1904
1982	1095
1982	1123
1982	1126
1982	1191
1982	1328
1982	1444
1982	1500
1982	1586
1982	1678
1982	1679
1982	1708
1982	1724
1982	1839
1982	1856
1982	1878
1982	1916
1982	1932
1982	1934
1982	1938
1982	1955
1982	1960
1982	1968
1982	1992
74	292
74	584
74	636
292	104
584	629
584	809
584	816
584	828
584	836
636	254
636	542
636	761
636	812
75	103
75	802
103	116
103	355
802	293
802	474
802	608
802	683
802	781
802	797
802	806
802	854
76	352
76	808
352	281
352	779
808	378
808	825
808	835
808	843
808	874
808	878
808	952
1190	1311
1190	1530
1190	1970
77	945
77	970
945	408
945	428
945	439
945	444
945	456
945	513
945	558
945	592
945	597
945	623
945	653
945	1719
945	809
945	836
945	895
945	896
945	975
970	85
970	114
970	153
970	329
970	350
970	390
970	427
970	446
970	509
970	542
970	549
970	700
970	820
970	830
970	856
970	863
970	912
970	927
970	955
78	199
78	517
199	566
517	297
517	549
517	683
517	939
594	166
594	248
594	465
594	962
955	254
955	334
955	434
955	496
955	593
955	632
955	641
955	805
955	824
955	849
955	856
955	861
955	883
955	884
955	903
955	928
955	935
80	555
80	942
555	505
555	643
555	814
555	926
555	975
942	211
942	249
942	335
942	401
942	427
942	1504
942	519
942	596
942	711
942	726
942	742
942	841
942	897
942	916
942	925
942	937
942	985
1079	1657
1079	1682
1079	1971
1657	1545
1657	1690
1657	1921
1657	1952
1657	1983
1682	1211
1682	1651
1682	1751
1682	1923
1682	1973
1971	1280
1971	1483
1971	1512
1971	1696
1971	1708
1971	1726
1971	1729
1971	1733
1971	1767
1971	1856
1971	1865
1971	1875
1971	1885
1971	1962
1971	1964
1971	1976
1971	1993
81	816
81	862
816	314
816	429
816	516
816	539
816	738
816	878
816	915
816	922
816	926
862	245
862	368
862	451
862	494
862	523
862	648
862	731
862	935
862	941
862	967
82	1572
82	806
82	953
1572	1573
1572	1936
806	138
806	295
806	384
806	408
806	512
806	637
806	823
806	853
806	985
953	1270
953	286
953	339
953	380
953	462
953	487
953	499
953	529
953	588
953	674
953	751
953	826
953	855
953	890
953	898
953	899
953	944
953	971
953	993
1080	1275
1080	1638
1080	1664
1080	1905
1275	1607
1275	1747
1275	1792
1275	1912
1638	1583
1638	1705
1638	1837
1638	1845
1638	1884
1638	1955
1664	1369
1664	1676
1664	1758
1905	1239
1905	1246
1905	1334
1905	1622
1905	1708
1905	1731
1905	1800
1905	1835
1905	1853
1905	1865
1905	1903
1905	1923
1905	1955
1905	1960
1905	1976
1905	1992
1081	1380
1081	1486
1081	1762
1380	1250
1380	1967
1486	1745
1486	1871
1486	1890
1762	1520
1762	1561
1762	1566
1762	1708
1762	1787
1762	1805
1762	1827
1762	1831
83	237
83	398
83	860
83	892
237	471
237	767
237	832
398	338
398	347
398	735
860	214
860	447
860	473
860	1722
860	750
860	814
860	864
860	922
860	927
860	987
860	995
892	85
892	263
892	310
892	420
892	554
892	823
892	840
892	848
892	909
892	915
892	993
1082	1259
1082	1747
1259	1198
1259	1354
1747	1128
1747	1387
1747	1518
1747	1590
1747	1727
1747	1773
1747	1845
1747	959
1453	1687
1453	1795
1453	1978
1808	1116
1808	1157
1808	1311
1808	1475
1808	1660
1808	1752
1808	1830
1808	1893
1984	1085
1984	1166
1984	1204
1984	1246
1984	1264
1984	1287
1984	1305
1984	1356
1984	1404
1984	1438
1984	1548
1984	1568
1984	1600
1984	1663
1984	1693
1984	1699
1984	1706
1984	1721
1984	1733
1984	1837
1984	1884
1984	1900
1984	1965
1084	1632
1084	1792
1084	1881
1632	1440
1632	1577
1632	1830
1632	1958
1792	1216
1792	1267
1792	1405
1792	1749
1792	1783
1792	1880
1881	1342
1881	1501
1881	1537
1881	1667
1881	1791
1881	1871
1881	1889
1881	1955
1881	1969
1881	987
1085	1231
1085	1549
1085	1731
1231	1552
1231	939
1549	1183
1549	1241
1549	1491
1549	1645
1549	1827
1549	1884
1731	1397
1731	1406
1731	1554
1731	1788
1731	1948
84	99
84	669
84	734
99	362
99	856
669	855
669	908
734	466
734	690
734	705
734	825
734	993
1086	1203
1086	1507
1086	1806
1086	1939
1203	1303
1203	1321
1507	1399
1507	1459
1507	1960
1507	1978
1806	1098
1806	1198
1806	1314
1806	1346
1806	1590
1806	1717
1806	1823
1806	1845
1806	1886
1939	1153
1939	1179
1939	1211
1939	1338
1939	1510
1939	540
1939	1706
1939	1716
1939	1783
1939	1786
1939	1836
1939	1848
1939	1932
1939	1974
1939	1978
85	341
85	883
341	102
341	637
341	739
883	217
883	305
883	338
883	519
883	615
883	647
883	666
883	677
883	780
883	848
883	887
1087	1290
1087	1878
1087	1948
1290	1408
1290	1565
1290	1885
1878	1094
1878	1184
1878	1249
1878	1485
1878	1570
1878	1587
1878	1742
1878	1830
1878	1919
1878	1923
1878	1926
1948	1282
1948	1287
1948	1315
1948	1328
1948	1541
1948	1569
1948	1624
1948	1643
1948	1663
1948	1822
1948	1831
1948	1847
1948	1892
1948	1952
1948	1998
86	148
86	265
86	987
148	126
148	431
148	700
265	540
265	871
987	88
987	130
987	231
987	253
987	258
987	333
987	361
987	438
987	456
987	501
987	506
987	538
987	592
987	619
987	638
987	714
987	723
987	751
987	832
987	845
987	874
987	928
987	929
987	966
987	985
1088	1420
1088	1826
1088	1827
1420	1355
1420	1574
1420	1935
1420	1973
1826	1166
1826	1524
1826	1548
1826	1841
1826	1889
1826	1890
1826	1944
1826	1952
1826	1958
1827	1342
1827	1487
1827	1506
1827	1516
1827	1809
1827	1873
1827	1958
1089	1228
1089	1391
1089	1462
1228	1944
1228	1992
1391	1344
1391	1629
1391	1923
1462	1485
1462	1552
1462	1672
1462	1866
87	153
87	611
87	985
153	755
611	150
611	581
611	656
611	701
611	748
611	837
611	856
985	186
985	235
985	249
985	259
985	271
985	371
985	373
985	410
985	435
985	459
985	508
985	550
985	597
985	721
985	740
985	767
985	837
985	853
985	888
985	897
985	909
985	962
985	969
985	975
985	993
1090	1670
1090	1756
1090	1892
1670	1236
1670	1254
1670	1574
1670	1656
1670	1892
1670	1921
1756	1223
1756	1566
1756	1588
1756	1765
1756	1828
1756	1924
1756	1926
1756	1993
1892	1123
1892	1267
1892	1396
1892	513
1892	1645
1892	1713
1892	1722
1892	1739
1892	1877
1892	1968
1892	1976
1892	1981
1892	1992
88	368
88	826
368	110
368	951
826	185
826	240
826	370
826	707
826	880
826	889
826	915
826	918
949	182
949	423
949	438
949	532
949	565
949	610
949	740
949	781
949	837
949	848
949	865
949	878
949	884
949	951
949	952
90	807
807	472
807	540
807	680
807	830
807	926
807	954
807	990
1091	1125
1091	1197
1091	1964
1125	1888
1125	1993
1197	1303
1964	1331
1964	1498
1964	1500
1964	1637
1964	1707
1964	1715
1964	1721
1964	1767
1964	1778
1964	1875
1964	1917
1964	1934
1964	1952
1964	1960
1964	1973
1964	1976
902	194
902	440
902	523
902	561
902	740
902	761
902	858
902	864
902	954
902	966
93	449
93	795
93	858
93	929
449	128
449	181
449	562
795	127
795	135
795	270
795	530
795	653
795	724
795	752
858	156
858	447
858	716
858	722
858	861
858	935
929	98
929	282
929	287
929	307
929	320
929	360
929	414
929	420
929	427
929	628
929	770
929	798
929	838
1092	1822
1092	1830
1092	990
1822	1166
1822	1196
1822	1221
1822	1630
1822	1797
1822	1843
1822	1992
1830	1110
1830	1392
1830	1570
1830	1576
1830	1698
1830	1750
1830	1752
990	96
990	211
990	238
990	350
990	477
990	540
990	565
990	576
990	589
990	653
990	683
990	719
990	765
990	798
990	823
990	834
990	836
990	848
990	857
990	952
990	962
267	117
267	447
267	838
579	690
579	975
1093	1496
1093	1886
1093	1890
1496	1175
1496	1337
1496	1656
1496	1704
1496	1769
1496	1958
1886	1107
1886	1392
1886	1439
1886	1652
1886	728
1886	1848
1886	1912
1886	1955
1886	1967
1890	1413
1890	1627
1890	1835
1890	1845
1890	1875
1890	1916
1890	1970
1094	1824
1824	1660
1824	1690
1824	1778
1824	1809
1824	1877
1824	1889
1824	1915
1824	1968
95	442
95	720
95	726
95	969
442	443
442	596
442	648
720	108
720	263
720	309
720	476
720	565
720	836
720	837
726	463
726	558
726	648
726	770
969	186
969	195
969	204
969	275
969	355
969	359
969	378
969	539
969	600
969	623
969	692
969	731
969	766
969	836
969	926
969	952
96	101
96	962
101	417
101	427
101	959
962	255
962	289
962	379
962	412
962	656
962	717
962	750
962	773
962	775
962	785
962	856
962	871
962	966
1095	1103
1095	1178
1095	1810
1103	1763
1178	1135
1810	1378
1810	1791
1810	1813
1810	1815
1810	1889
1810	1903
1810	1962
1096	1124
1096	1634
1096	1877
1124	1349
1634	1107
1634	1916
1634	1952
1634	1992
1877	1144
1877	1242
1877	1358
1877	1504
1877	1730
1877	1786
1877	1880
1877	1896
1877	1938
1877	1970
1877	1973
1097	1602
1097	1853
1097	1912
1602	1518
1602	1544
1602	1692
1853	1283
1853	1529
1853	1702
1853	1727
1853	1882
1853	1923
1853	1983
1853	1998
1912	1267
1912	1392
1912	1407
1912	1525
1912	1736
1912	1740
1912	1880
1912	1917
97	499
97	685
97	939
499	521
499	552
499	581
499	676
685	433
685	546
685	672
685	852
685	907
939	136
939	325
939	663
939	704
939	711
939	770
939	928
939	944
98	494
98	651
494	395
494	634
651	108
651	271
651	327
651	728
651	835
1098	1184
1098	1837
1184	1993
1837	1226
1837	768
1837	1791
1837	1861
1837	1882
1837	1904
1837	1929
1837	1967
1099	1936
1936	1134
1936	213
1936	1475
1936	1675
1936	1760
1936	1820
1936	1900
1936	1914
1936	1958
1936	1962
1936	1976
362	282
362	593
362	604
856	258
856	327
856	420
856	916
856	928
1100	1418
1100	1637
1418	1705
1418	1739
1418	1917
1637	1176
1637	1700
1637	1765
1637	1916
1637	1918
1637	1992
100	496
100	796
100	903
496	655
496	880
496	944
796	127
796	138
796	170
796	476
796	488
796	572
796	837
796	865
903	106
903	132
903	365
903	474
903	606
903	641
903	748
903	832
903	843
903	848
903	880
903	918
903	922
903	944
903	954
903	967
417	838
417	853
417	993
427	658
959	176
959	568
959	638
959	647
959	682
959	706
959	760
959	762
959	824
959	835
959	889
959	897
959	947
1101	1303
1101	1969
1969	1105
1969	1250
1969	1271
1969	1345
1969	1386
1969	1490
1969	1503
1969	1505
1969	1577
1969	1658
1969	1707
1969	1825
1969	1831
1969	1845
1969	1865
1969	1893
1969	1908
1969	1967
1969	1974
1102	1525
1102	1755
1525	1983
1755	1165
1755	1278
1755	1297
1755	1357
1755	1565
1755	1669
1755	1835
1763	1266
1763	1739
1763	1751
1763	1893
102	437
102	557
437	817
437	907
557	233
557	335
557	578
557	587
1104	1319
1104	1490
1104	1801
1319	1605
1319	1955
1490	1493
1490	1736
1490	1783
1490	1795
1801	1262
1801	1312
1801	1457
1801	1514
1801	1627
1801	1752
1801	1815
1801	1960
116	760
355	244
355	928
355	995
104	331
331	377
105	915
105	995
915	145
915	295
915	359
915	407
915	451
915	470
915	534
915	691
995	123
995	189
995	252
995	297
995	354
995	511
995	553
995	572
995	578
995	586
995	643
995	647
995	708
995	1732
995	777
995	780
995	781
995	801
995	820
995	825
995	840
995	841
995	899
995	967
106	580
106	630
580	162
580	239
580	966
630	156
630	176
630	627
630	707
107	288
107	533
288	381
288	878
533	441
533	757
533	849
1105	1416
1105	1843
1416	1900
1416	1965
1843	1109
1843	1147
1843	1411
1843	1524
1843	1543
1843	1715
1843	1783
1106	1823
1106	1847
1106	1903
1823	1335
1823	1363
1823	1509
1823	1770
1823	1846
1823	1882
1823	1900
1847	1237
1847	1325
1847	1397
1847	1446
1847	1463
1847	1467
1847	707
1847	1760
1847	1839
1903	1151
1903	1341
1903	1559
1903	1576
1903	1667
1903	1750
1903	1796
1903	1935
1903	1993
108	213
108	424
213	511
424	410
424	811
109	525
109	774
525	247
525	469
525	592
525	812
525	967
774	325
774	576
774	598
774	762
774	838
1107	1570
1107	1829
1570	1720
1570	1749
1829	1131
1829	1539
1829	1545
1829	1677
1829	1795
1829	873
1829	1900
1829	1935
1108	1294
1108	1359
1294	1358
1294	1532
1294	1944
1359	1609
1359	1871
1109	1283
110	833
833	490
833	570
833	578
833	753
833	771
833	888
833	927
833	944
1110	1559
1110	1608
1110	1981
1559	1196
1559	229
1559	1251
1559	1553
1559	1974
1608	1587
1608	1918
1981	1244
1981	1555
1981	1569
1981	1651
1981	1720
1981	1727
1981	1729
1981	853
1981	1885
1981	1904
1981	1923
1981	1935
1981	1952
1981	1955
1981	1973
111	837
837	505
837	573
837	768
837	790
837	864
837	874
837	951
112	215
215	708
215	951
113	667
113	730
113	952
667	146
667	407
667	477
667	478
667	495
667	573
667	758
730	154
730	529
730	602
730	670
730	823
730	835
952	172
952	227
952	241
952	380
952	399
952	453
952	589
952	634
952	654
952	716
952	854
952	888
952	916
952	925
952	951
1111	1875
1111	1919
1875	1248
1875	1336
1875	1357
1875	1504
1875	1630
1875	1800
1919	1211
1919	1243
1919	1342
1919	1441
1919	1519
1919	1646
1919	1691
1919	1752
1919	1776
1919	1962
1919	1978
1112	342
1112	1813
1112	1983
342	323
342	656
342	758
1813	1346
1813	1347
1813	1761
1813	1934
1813	1968
1813	1978
1983	150
1983	1220
1983	1300
1983	1586
1983	1643
1983	1667
1983	1684
1983	1692
1983	1699
1983	1888
1983	1904
1983	1916
1983	1934
1113	1643
1113	1976
1643	1179
1643	1398
1643	1425
1643	1446
1976	1115
1976	1217
1976	1281
1976	1331
1976	1344
1976	1530
1976	1689
1976	1758
1976	1783
1976	1805
1976	1880
1976	1916
1976	1934
1976	1974
1976	1992
114	337
114	928
337	192
337	490
337	772
928	168
928	319
928	431
928	654
928	707
928	751
928	880
928	899
928	912
928	919
928	966
928	975
115	273
115	768
115	861
273	453
273	677
273	922
768	354
768	399
768	683
768	801
861	221
861	225
861	307
861	379
861	704
861	898
760	409
760	951
760	993
117	346
117	351
346	204
346	863
351	344
351	479
351	691
1114	1721
1114	1742
1114	1749
1721	1457
1721	1622
1721	1776
1721	1924
1721	1974
1742	1146
1742	1369
1742	1448
1742	1482
1742	1809
1742	1888
1749	1156
1749	1575
1749	1866
1749	1923
1749	1938
1749	1960
118	805
805	219
805	322
805	384
805	446
805	501
805	676
805	779
805	919
805	925
1115	1281
1115	1926
1115	1938
1281	1410
1281	1753
1926	1167
1926	1189
1926	315
1926	1345
1926	1375
1926	1398
1926	1499
1926	1518
1926	1528
1926	1582
1926	1719
1926	1720
1926	1783
1926	1915
1926	1934
1926	1938
1938	1221
1938	1421
1938	1483
1938	1497
1938	1720
1938	1769
1938	1795
1938	1866
1116	1368
1116	1505
1116	1825
1368	1200
1505	1381
1505	1487
1505	1685
1505	1734
1825	1289
1825	1324
1825	1605
1825	1612
1825	1655
1825	1732
1825	1767
1117	1452
1117	1500
1117	1734
1452	1609
1452	1850
1452	1998
1500	1734
1500	1993
1734	1543
1734	1560
1734	1583
1734	1614
643	135
643	530
643	1758
643	770
643	918
1862	1216
1862	1234
1862	1426
1862	1588
1862	1594
1862	1767
1862	1846
1862	1914
1862	1965
1862	1973
1862	1998
121	500
121	658
121	682
121	993
500	506
500	627
500	719
658	145
658	426
658	666
658	927
682	408
682	797
682	828
682	899
993	125
993	1295
993	304
993	455
993	456
993	501
993	600
993	608
993	629
993	632
993	679
993	710
993	744
993	749
993	828
993	855
993	916
993	926
993	966
993	975
1118	1413
1118	1440
1118	1757
1118	1848
1413	1155
1413	1739
1440	1392
1440	1671
1440	1685
1757	1291
1757	1349
1757	1442
1757	1675
1757	1787
1757	1917
1848	1213
1848	1467
1848	1553
1848	1590
1848	1630
1848	1669
1848	1802
1848	1970
1394	1960
1120	1247
1120	1470
1247	1271
1247	1590
1247	1970
1470	1720
1470	1952
123	272
123	377
123	739
272	670
272	871
377	830
377	909
377	935
739	338
739	391
739	462
739	789
739	845
124	735
124	908
735	142
735	599
735	728
735	889
735	947
908	250
908	275
908	428
908	585
908	666
908	708
908	830
908	834
908	951
908	954
908	966
1121	1868
1868	1170
1868	1360
1868	1752
1868	1765
1868	1775
1868	1884
1868	1944
1787	1660
1787	1671
1787	1689
1787	1802
1787	1920
1787	1932
1787	975
1123	1492
1123	1955
1492	1286
1492	1577
1492	1978
1955	1161
1955	1218
1955	1222
1955	1298
1955	1381
1955	1414
1955	1460
1955	1573
1955	1584
1955	1706
1955	1896
1955	1916
1955	1978
125	316
125	373
125	386
316	283
316	863
316	967
373	464
373	495
373	820
386	619
386	878
1349	1770
1349	1993
126	410
410	770
410	777
410	838
1888	1131
1888	1189
1888	1295
1888	1449
1888	1534
1888	1733
1888	1767
1888	1839
1888	1932
1888	1967
1888	1974
1993	1235
1993	1377
1993	1421
1993	1422
1993	1460
1993	1475
1993	1501
1993	1510
1993	1524
1993	1689
1993	1699
1993	699
1993	1733
1993	1797
1993	1805
1993	1845
1993	1855
1993	1866
1993	1893
1993	1908
1993	1922
1993	1970
1993	1974
127	444
444	849
444	864
444	919
128	922
922	249
922	330
922	466
922	627
922	825
922	941
922	971
129	358
129	604
358	187
358	445
604	219
604	435
604	625
604	765
130	865
865	287
865	461
865	556
865	752
865	769
865	770
865	1854
865	895
131	434
131	461
434	150
434	512
461	577
461	838
1126	1304
1126	1841
1304	1339
1304	1482
1304	1719
1304	1929
1841	160
1841	1407
1841	1503
1841	1647
1841	1689
1841	1861
1841	1880
1841	1882
1841	1935
1127	1458
1127	1686
1458	1475
1458	1795
1458	1923
1686	1455
1686	1515
1686	1678
1686	1690
1686	1732
1686	1850
1686	1944
1128	652
1128	1661
1128	1854
652	234
652	241
652	479
652	593
652	777
1661	1273
1661	1541
1661	1932
1661	1934
1854	1131
1854	1164
1854	1376
1854	1464
1854	1614
1854	1652
1854	1719
1854	1796
1854	1820
1854	1900
1854	1960
1129	1276
1129	1973
1276	1714
1276	1880
1973	1138
1973	1242
1973	1404
1973	1646
1973	1658
1973	1663
1973	1746
1973	1915
1973	1921
1973	1968
1130	1251
1130	1929
1251	1285
1251	1692
1929	1469
1929	1488
1929	1520
1929	1640
1929	1700
1929	1712
1929	1850
1929	1866
1929	1924
1929	1944
1929	1978
132	391
132	798
391	750
798	432
798	478
798	509
798	775
798	828
798	831
798	880
1131	1423
1423	1270
1423	1341
1423	1770
1423	1796
1423	1918
1210	1288
1210	1701
1257	1348
1257	1660
1257	1918
1672	1330
1672	1660
1672	1820
1672	1884
1672	1904
1672	1917
1672	1920
1133	1225
1133	1554
1133	1967
1225	1165
1225	1263
1554	1329
1554	1502
1967	1305
1967	1310
1967	1454
1967	1477
1967	1482
1967	1509
1967	1684
1967	1687
1967	1750
1967	1783
1967	1952
1967	1962
1967	1970
1967	1974
279	514
279	653
279	888
574	749
574	757
574	767
574	941
574	947
1134	1397
1134	1596
1134	1828
1397	1651
1596	1372
1596	1651
1596	1856
1828	1214
1828	1246
1828	1612
1828	1681
1828	1706
1828	1708
1828	1871
134	280
280	916
1135	1447
1135	1518
1447	1563
1447	1932
1447	1978
1518	1796
1518	1960
135	610
610	194
610	656
610	680
610	722
610	828
1297	1438
1297	1662
1297	1917
1404	1323
1404	1325
1740	1298
1740	1737
1740	1786
1740	1865
1740	1908
1740	1998
1138	1529
1138	1573
1529	1737
1529	1889
1529	1952
1573	1207
1573	1583
136	309
136	783
783	147
783	453
783	530
783	586
783	772
137	374
374	321
374	345
1140	1815
1815	1351
1815	1441
1815	1526
1815	1642
1815	1800
1815	1974
138	335
138	707
335	752
335	899
707	801
707	814
707	864
707	898
1141	1195
1195	1151
1195	1708
1585	1357
1585	1422
1585	1494
1585	1935
140	220
140	491
140	836
220	275
491	186
491	790
836	371
836	524
836	750
836	790
836	797
836	941
141	585
141	830
585	200
585	835
585	971
830	287
830	509
830	731
830	811
830	871
830	925
142	561
142	824
142	899
561	602
824	171
824	1163
824	270
824	404
824	432
824	455
824	811
824	926
899	1181
899	245
899	256
899	356
899	407
899	568
899	588
899	692
899	843
899	884
899	954
143	466
143	721
143	854
466	205
466	916
721	488
721	656
721	664
721	817
721	967
854	217
854	285
854	419
854	474
854	622
854	687
854	873
854	890
854	971
1143	1783
1143	1865
1143	1962
1143	1998
1783	1382
1783	1552
1865	1364
1865	1600
1865	1693
1865	1694
1865	1712
1865	1753
1962	1151
1962	1372
1962	1536
1962	1591
1962	1628
1962	1713
1962	1715
1962	1726
1962	1746
1962	1835
1962	1882
1962	1915
1962	1920
1962	1970
1998	1152
1998	1170
1998	1317
1998	1481
1998	1516
1998	1528
1998	1530
1998	1566
1998	1584
1998	1639
1998	1752
1998	1778
1998	789
1998	1885
1998	1915
1998	1918
1998	1965
144	751
751	178
751	550
751	566
751	710
751	717
751	747
751	971
1591	1539
1591	1714
1591	1732
1591	1944
1965	1264
1965	1341
1965	1484
1965	1494
1965	1504
1965	1506
1965	1523
1965	1612
1965	1786
1965	1791
1965	1885
1965	1889
1965	1893
145	242
145	814
242	573
242	706
814	195
814	361
814	507
814	570
814	675
814	772
814	790
814	853
146	345
146	560
345	711
345	845
560	298
560	898
560	937
147	150
431	155
431	289
431	478
431	898
700	752
700	762
700	812
700	926
467	218
664	231
664	271
664	305
664	925
151	479
151	501
151	912
479	165
479	723
501	1600
501	755
501	909
912	361
912	406
912	464
912	465
912	556
912	586
912	632
912	762
912	873
912	941
152	548
152	573
152	672
548	637
548	887
548	925
573	232
672	209
672	283
672	690
672	758
672	944
755	173
755	637
755	670
755	773
1146	1745
1745	1556
1745	1765
1745	1924
1147	1484
1147	1561
1484	1307
1484	1512
1484	1520
1484	1552
1561	1167
1561	1424
1561	1536
1561	1651
154	771
154	852
771	187
771	188
771	227
771	232
771	925
771	937
771	966
852	563
852	710
852	759
852	889
852	951
155	329
329	677
329	951
156	831
156	951
831	260
831	340
831	441
831	549
831	1788
951	205
951	399
951	1471
951	551
951	566
951	747
951	763
951	827
951	857
951	927
1150	1727
1727	1271
1727	1488
1727	1714
1727	1856
157	241
157	898
241	766
898	243
898	282
898	665
898	676
898	834
898	871
898	926
898	967
895	208
895	333
895	426
895	538
895	758
895	828
895	843
895	845
895	887
895	954
159	193
159	546
159	864
159	1924
546	249
546	282
546	954
546	966
864	257
864	514
864	577
864	655
864	722
864	731
864	811
864	896
1924	1288
1924	1479
1924	1542
1924	1582
1924	1587
1924	1735
1924	1788
1924	1839
1924	1846
1152	1656
1152	1893
1152	1960
1656	1651
1656	1713
1656	1812
1893	1194
1893	1209
1893	1595
1893	1769
1893	1797
1960	1159
1960	1241
1960	1279
1960	1408
1960	1511
1960	1513
1960	1515
1960	1622
1960	1628
1960	1629
1960	1647
1960	1717
1960	1850
160	239
160	262
239	641
239	797
262	447
262	845
1153	1287
1153	1335
1153	1474
1287	1616
1335	1669
1335	1885
1474	1605
1474	1614
1474	1624
1362	1616
1362	1788
161	897
897	481
897	505
897	615
897	670
897	687
897	744
897	843
897	927
897	944
897	947
162	812
812	333
812	1493
812	687
812	705
812	731
812	849
1155	1174
1155	1681
1155	1839
1174	1354
1174	1366
1681	1542
1681	1544
1681	1609
1681	1736
1681	1896
1681	1968
1839	1229
1839	1341
1839	1352
1839	1439
1839	1455
1839	1536
1839	1908
263	849
855	207
855	401
855	692
855	704
855	775
947	222
947	508
947	512
947	593
947	665
947	761
947	797
947	841
947	857
947	874
947	887
947	918
1156	1449
1449	1582
1449	1667
1157	1776
1157	1952
1776	1330
1776	1340
1776	1582
1776	1707
1952	1345
1952	1442
1952	1544
1952	1587
1952	1677
1952	1797
1952	1856
1952	1935
164	294
164	832
294	841
832	395
832	403
832	631
832	820
832	888
832	896
832	927
165	471
165	508
471	296
471	704
471	744
508	537
508	878
508	967
166	526
166	758
526	175
526	406
526	767
526	828
758	761
758	778
758	827
758	896
167	773
167	835
773	318
773	326
773	339
773	588
773	769
773	825
835	365
835	413
835	436
835	456
835	538
835	772
835	873
1158	1199
1199	1590
1199	1773
168	550
168	907
550	470
550	722
550	778
550	925
907	460
907	563
907	619
907	699
907	738
907	844
907	925
169	476
476	257
476	401
476	1569
170	753
170	944
753	365
753	366
753	497
753	505
753	632
753	748
753	924
944	183
944	209
944	219
944	511
944	566
944	857
944	888
944	941
944	966
171	462
171	521
462	671
521	608
521	701
521	790
1159	1974
1974	1227
1974	1336
1974	1382
1974	1501
1974	1521
1974	1575
1974	1677
1974	1680
1974	1735
1974	1738
1974	1758
1974	1866
1974	1935
1974	1992
172	691
691	301
691	554
691	576
691	647
691	780
173	198
173	716
198	277
198	535
198	935
174	378
174	742
378	598
378	840
742	284
742	297
742	455
742	459
742	663
742	777
742	888
742	935
742	941
1160	1680
1680	1411
1680	1519
1680	1750
1680	1900
1161	1699
1699	1274
1699	1508
1699	1713
1699	1758
1162	1405
1162	1932
1405	1770
1932	1412
1932	1445
1932	1459
1932	1539
1932	1704
1932	1797
1163	1282
1163	1575
1163	1715
1282	211
1282	1293
1575	515
1575	1669
1715	1371
1715	1635
1715	1775
175	763
175	863
763	509
763	699
763	748
763	840
763	845
763	916
863	256
863	287
863	545
863	628
863	874
863	884
863	919
863	967
1164	1662
1164	1751
1164	1920
1662	1370
1662	1836
1662	1845
1662	1846
1751	1298
1751	1540
1920	1289
1920	1354
1920	1464
1920	502
1920	1502
1920	1506
1920	1514
1920	1652
1920	1655
1920	1712
1920	1720
1920	1790
1920	1968
1165	1261
1165	1970
1261	1760
1970	1224
1970	1338
1970	1455
1970	1497
1970	1568
1970	1612
1970	1639
1970	1696
1970	1717
1970	1733
1970	1790
1970	1855
1970	1935
1166	1640
1640	1497
1640	1660
1640	1831
176	844
844	264
844	313
844	628
844	699
844	884
844	967
1167	1768
1768	1209
1768	1363
1768	1701
1768	1846
1768	1978
1168	1374
1168	1432
1374	1175
1374	1646
1432	1513
1432	1587
1432	1922
1432	1935
314	723
588	820
1169	1255
1169	1880
1255	1201
1255	1791
1255	1908
1880	1286
1880	1312
1880	1531
1880	1583
1880	1642
178	321
178	827
321	394
827	189
827	319
827	568
827	845
827	971
179	504
504	552
504	567
504	637
504	971
180	586
180	779
586	381
586	570
586	971
779	278
779	363
779	628
779	629
779	740
1419	1337
1419	1708
1419	1845
1904	1187
1904	1204
1904	1240
1904	1325
1904	1513
1904	1540
1904	1574
1904	1677
1904	1704
1904	1707
1904	1765
1904	1767
1172	1188
1172	1299
1172	1691
1188	1527
1188	1700
1299	1483
1299	1503
1691	1577
1691	1835
1691	1922
1691	1944
1173	1354
1173	1473
1354	1658
1473	1517
1473	1992
1366	1917
1176	1855
1855	1443
1855	1537
1855	1556
1855	1595
1855	1750
1855	1850
1491	1590
1491	1845
1778	1240
1778	1421
1778	1560
1778	1605
1778	1773
1778	1873
181	240
181	631
631	637
631	841
182	873
873	184
873	356
873	370
873	790
183	460
460	445
460	790
1800	1226
1800	1284
1800	1412
1800	1629
1800	1702
1800	1726
1800	1923
1992	1209
1992	1232
1992	1295
1992	1338
1992	1371
1992	1522
1992	1586
1992	1612
1992	1635
1992	1676
1992	1729
1992	1790
1992	1915
1992	1922
1992	1968
1181	1464
1464	1244
1464	1277
184	218
218	349
1182	1398
1182	1565
1182	1968
1182	1978
1398	1509
1398	1719
1565	1480
1968	1213
1968	1226
1968	1239
1968	1253
1968	1372
1968	1477
1968	1478
1968	1509
1968	1583
1968	1588
1968	1732
1968	1735
1968	1802
1968	1918
1978	1527
1978	1698
1978	1761
1978	1767
1978	1790
1978	1856
1978	1861
1978	1921
1978	1944
185	534
534	246
534	248
534	423
534	572
1183	1371
1183	1669
1371	1336
1669	1307
186	874
874	524
874	597
874	772
874	801
874	896
874	919
1187	1671
1187	1712
1671	1370
1671	1639
1712	1504
1712	1513
188	967
967	192
967	246
967	515
967	551
967	648
967	723
967	843
967	887
967	971
1527	1249
1527	1523
1527	1536
1527	1866
1527	1873
1700	1363
1700	1646
1700	1667
190	305
190	372
305	371
372	556
372	747
871	253
871	278
871	379
871	540
871	747
871	785
871	840
1189	1284
1189	1424
1424	1237
1424	1330
1424	1422
1424	1528
1530	1243
1530	1758
192	317
192	562
317	339
317	531
562	414
1191	1377
1191	1480
1191	1884
1377	1914
1377	1917
1480	1534
1480	1726
1884	1272
1884	1278
1884	1481
1884	1483
1884	1498
1884	1509
1884	1536
1884	1809
194	725
194	1790
725	225
725	253
725	481
725	711
725	747
725	941
1790	1346
1790	1873
1192	1241
1192	1526
1192	1706
1241	1246
1526	1457
1526	1655
1706	1678
1706	1736
1706	1861
1193	1733
1193	1802
1733	1485
1733	1702
1802	1223
1802	1248
1802	1273
1802	1642
1802	1773
1802	1922
195	705
705	563
705	825
705	838
705	841
542	409
542	619
542	766
566	615
566	845
566	916
197	890
890	347
890	401
890	420
890	473
890	524
890	616
890	766
890	916
277	303
277	336
277	675
535	340
535	665
935	200
935	223
935	301
935	419
935	433
935	469
935	683
935	809
935	849
935	954
1708	1922
1196	1334
1196	1370
1370	1429
201	599
201	954
599	214
954	264
954	270
954	412
954	704
954	719
954	878
1198	1856
1856	1475
1856	1576
1856	1646
1856	1908
214	918
429	255
429	701
1590	1268
1590	1477
1773	1340
1773	1594
1773	1753
1773	1775
1200	1509
1509	1885
1201	1494
1494	1273
1494	1309
1494	1770
1494	1850
1202	1503
1202	1690
1503	1214
1503	1539
1321	1511
1923	1376
1923	1444
1923	1622
1923	1677
1923	1769
1923	1958
203	578
203	761
203	845
578	687
578	797
761	674
845	250
845	408
845	654
845	767
1207	1401
1207	1615
1207	1850
1401	1835
1401	1908
1615	1279
1615	1298
1850	1218
1850	1339
1850	1622
1850	1836
205	809
809	606
809	608
809	666
809	776
809	918
809	1958
206	298
206	554
298	1587
298	896
554	514
554	565
1209	1229
1229	1753
1288	1584
1288	1788
1701	1605
1701	1729
1701	1871
1212	1539
1212	1705
1539	1331
1705	1528
1705	1719
1705	1761
1705	1896
207	248
207	493
248	825
493	264
493	486
493	927
208	330
208	338
208	699
330	363
330	671
330	896
338	909
699	293
699	572
1213	1330
1330	1786
209	884
884	212
884	641
884	663
884	789
884	811
884	1820
1214	1446
1214	1516
1446	1667
210	303
210	509
303	363
303	823
509	823
212	785
785	589
785	619
785	757
785	762
785	811
785	924
511	247
511	878
1696	1508
1696	1678
1696	1795
1696	1900
1216	1274
1274	1732
1274	1788
918	313
918	529
918	576
918	671
918	677
918	708
918	744
918	919
918	925
708	828
216	419
216	724
216	811
419	780
724	354
724	1358
724	765
724	909
811	278
811	320
811	551
811	570
1219	1702
1219	1914
1702	1584
1702	1885
1702	1918
1914	1227
1914	1266
1914	348
1914	1348
1914	1381
1914	1882
1914	1908
1220	1568
1568	1704
1568	1796
1221	1315
1221	1441
1315	1607
1315	1616
1441	1396
1222	1667
1667	1233
1223	1805
1805	1234
1805	1479
1805	1693
1805	1795
217	577
577	615
1224	1517
1224	1655
1224	1885
1517	1443
1517	1767
1517	1820
1885	1542
1885	1737
1885	1750
1885	1861
1885	1873
1263	1234
349	539
349	919
219	451
451	941
221	607
607	403
607	1647
607	820
222	857
857	440
857	524
857	620
857	778
223	295
223	383
295	490
295	600
383	256
383	393
1944	1327
1944	1427
1944	1469
1944	1569
1944	1678
1944	1835
1753	1678
1753	1866
224	497
224	671
497	403
497	690
497	775
497	925
671	453
671	589
225	304
225	888
304	274
888	598
888	677
888	828
888	941
1230	1266
1230	1647
1230	1736
1266	1916
1647	1563
1736	1445
1736	1584
1736	1896
1552	1861
1552	1900
226	478
226	941
941	255
941	507
941	880
227	645
645	252
645	413
645	971
1232	1545
1232	1612
1545	1694
1545	1917
1612	1652
1233	1451
1233	1499
1451	1363
1451	1866
1499	1555
1499	1737
1499	1809
1234	1732
1235	1360
1360	1271
1360	1738
1236	1958
1958	1243
1958	1272
1958	1338
1958	1408
1958	1411
1958	1871
432	1242
432	817
232	486
232	823
486	780
823	264
823	344
823	359
823	840
823	843
1239	439
1239	1427
439	975
1427	1467
1427	1678
233	507
233	530
233	687
507	371
530	438
530	927
687	385
687	975
1240	1737
1737	1358
1737	1488
1737	1588
234	738
738	283
738	403
738	452
738	564
236	926
236	937
926	290
926	565
926	723
926	765
926	887
926	909
937	359
937	404
937	469
937	537
937	598
937	719
937	740
937	750
937	780
937	848
937	971
767	381
767	443
767	481
767	519
238	747
747	775
747	927
1243	1934
1934	1317
1934	1336
1934	1396
1934	1574
1934	1675
1934	1896
1934	1921
641	320
641	769
641	817
797	270
797	415
797	722
766	369
766	817
706	290
706	665
706	841
1244	1713
1713	1694
1713	1845
1713	1900
1553	1326
1553	1478
1908	1443
1908	1444
1908	1873
1908	1915
1908	1935
243	775
243	880
775	289
775	587
775	591
880	315
880	353
880	440
880	889
880	966
244	260
260	781
245	896
245	924
896	347
896	409
896	464
896	549
896	596
924	350
924	379
924	477
924	772
924	820
924	887
924	927
924	966
1248	1438
1249	1746
1746	1761
1746	1835
1746	1871
1746	1916
246	966
246	975
966	258
966	274
966	323
966	404
966	532
966	556
966	638
966	780
966	789
966	801
966	909
975	413
975	539
975	615
975	632
975	665
975	690
975	752
975	789
975	790
975	848
975	971
1285	1752
1285	1882
1692	1445
1692	1504
1692	1663
247	567
567	319
567	513
567	801
825	1293
825	472
825	759
825	841
250	537
250	666
666	423
666	971
1253	1738
1253	1918
1738	1338
1738	1523
1738	1624
1918	1345
1918	1752
1918	1873
1918	1917
1254	1760
1760	1289
1760	1698
1791	1324
1791	1663
1717	1326
1717	1498
1831	1467
1831	1607
1831	1635
1831	1866
1831	1921
1348	1512
1348	1607
1660	1616
254	564
564	616
564	971
256	366
256	576
366	613
366	853
576	258
576	878
257	269
257	388
269	313
269	390
269	647
388	589
388	622
1260	1707
1260	1846
1707	1399
1707	1479
1707	1487
1707	1796
1707	1896
1846	1307
1846	1523
1846	1576
259	608
1262	1468
1468	1845
1264	1273
1273	1658
1265	1322
1265	1367
1265	1769
1322	1387
1769	1583
1769	1861
781	472
781	515
781	635
781	740
261	296
296	629
1916	1422
1916	1639
1916	1761
447	286
849	470
849	627
849	701
1268	1645
1268	1722
1268	1917
1645	1372
1645	1513
1645	1726
1645	1797
1722	1429
1722	1555
1722	1922
1917	1522
1917	1689
1917	1716
1917	1775
1917	1915
540	446
540	853
1514	1520
1676	1346
1676	765
1676	1896
1687	1454
1687	1523
1687	1595
1687	1882
1270	1422
1422	1346
789	777
789	971
838	278
838	515
838	581
838	602
838	776
838	925
1577	1730
313	310
390	310
647	344
647	587
647	843
270	285
285	711
1272	1627
1272	1735
1272	1835
1627	1935
1735	1382
1735	1714
1735	1716
1835	1410
1658	1775
1788	1323
1788	1739
1788	1836
271	622
622	502
622	674
677	765
677	780
274	418
274	653
274	889
418	340
418	778
653	889
889	1286
889	392
889	436
889	759
889	909
1607	1915
1714	1324
1714	1586
1714	1770
1277	1426
1277	1524
1277	1861
1426	1882
1524	1600
1861	1534
336	334
336	452
336	459
675	515
675	634
675	722
1278	1344
1278	1488
1344	1543
1344	1775
1488	1698
1279	1684
1684	1466
1684	1689
1684	1836
1280	1586
1586	1435
1410	1445
1410	1487
1293	1519
514	757
514	919
916	289
916	367
916	420
916	759
281	293
281	772
293	638
772	532
282	714
714	412
714	428
714	878
1752	1493
1882	1305
1882	1407
1882	1501
1882	1531
1882	1796
1882	1812
1616	1775
284	909
909	370
909	778
909	848
1584	1569
1584	1629
286	655
286	776
655	1463
655	524
655	591
776	318
776	393
287	484
484	680
484	878
878	370
290	308
290	676
308	301
308	369
308	380
676	477
325	1326
1289	1357
1289	1921
1921	1465
1921	1487
1921	1501
1921	1646
1921	1935
1408	1873
1291	1351
1291	1521
1521	1485
1521	1614
638	704
638	757
841	406
841	749
1595	1765
1770	1312
1770	1679
1770	1765
1358	1522
1532	1729
490	459
490	506
600	587
600	593
629	465
1482	1775
1719	1378
1719	1704
1719	1845
297	587
297	778
587	778
778	770
1587	1628
1305	1478
1305	1663
1663	1469
506	592
506	606
506	710
301	315
301	409
302	538
1309	1646
1310	1329
1310	1624
1329	1566
1329	1694
1624	1406
1624	1689
1624	1820
1915	1761
1915	1873
1915	1896
307	523
307	558
307	834
523	770
558	387
834	519
834	545
834	616
834	674
834	719
723	387
1551	1425
1551	1609
1809	1455
1809	1693
531	519
1605	1704
318	452
452	840
1320	1463
1320	1469
1463	1866
1469	1522
322	674
674	365
674	470
1511	1548
1511	1609
1511	1628
1511	1739
323	488
488	357
488	757
750	403
750	752
765	470
1326	1466
1326	1775
1387	1406
1323	1574
1324	1569
1569	1396
326	848
848	665
848	748
1775	1563
1327	1456
1327	1594
1456	1758
1456	1820
1456	1871
1328	1425
1425	1704
1425	1765
762	425
1694	1421
1694	1560
333	565
333	613
613	529
613	606
1786	1465
1786	1889
752	602
752	663
459	502
1331	1439
1439	1871
1871	1750
340	505
340	654
505	648
654	423
1342	1600
1600	1761
1820	1729
1543	1471
637	717
347	350
347	919
919	440
919	532
919	602
919	616
919	927
348	463
463	1796
1347	1515
1347	1563
1515	1414
1515	1765
1563	1510
1563	1679
1512	1481
353	598
598	740
354	568
354	887
568	749
887	379
887	393
887	426
887	502
887	591
1352	1364
1376	1651
1356	1392
1356	1797
1797	1845
1522	1421
1609	1582
593	717
382	665
382	692
382	722
367	1679
1679	1724
1369	1460
1369	1537
1369	1583
1537	1730
1537	1866
1429	1457
556	384
495	731
495	971
820	392
820	415
748	389
1378	1542
414	412
414	545
840	421
840	441
692	441
692	455
722	502
722	512
393	1465
384	925
925	425
925	441
385	469
385	780
780	532
387	777
777	513
777	679
1386	1693
1693	1555
1693	1873
589	971
1406	1475
392	690
690	473
690	623
395	408
1896	1935
399	425
425	487
717	421
801	421
801	701
801	790
406	679
679	529
679	731
1399	1576
413	759
759	502
545	487
1935	1889
1935	1922
420	701
701	472
701	481
1407	1412
1412	1479
421	615
1873	1467
1487	1726
1411	1889
817	971
1414	1506
1414	1544
1506	1639
1544	1630
433	927
927	769
1635	1523
1635	1716
1635	1726
1922	1628
1922	1639
1922	1767
1421	1510
435	591
436	549
1678	1639
440	635
441	606
596	465
446	740
1513	1836
450	516
450	572
1508	1689
1442	1716
1716	1523
1443	1836
1836	1630
456	757
757	473
757	749
1866	1750
1795	1588
1795	1622
1454	1534
1454	1812
1812	1588
1812	1750
744	634
1455	1481
477	551
477	683
551	581
680	553
1720	1560
971	620
552	632
627	710
719	623
1497	1588
1502	602
710	597
513	749
532	620
1730	1761
1750	1677
