2000	0
1000	1331
1000	1785
1000	1830
1000	1998
1331	1325
1331	1587
1331	1806
1331	1982
1785	1153
1785	1252
1785	1496
1785	1615
1785	1644
1785	1730
1785	1841
1785	1878
1785	1917
1785	1932
1785	1990
1830	1053
1830	1246
1830	1300
1830	1313
1830	1479
1830	1546
1830	1556
1830	1566
1830	1599
1830	1713
1830	1863
1830	1913
1830	1915
1830	1966
1998	1036
1998	1046
1998	1052
1998	1061
1998	1134
1998	1290
1998	1353
1998	1422
1998	1443
1998	1499
1998	1500
1998	1561
1998	1619
1998	1628
1998	1702
1998	1709
1998	1722
1998	1747
1998	1764
1998	1808
1998	1834
1998	1842
1998	1866
1998	1867
1998	1870
1998	1887
1998	1894
1998	1897
1998	1910
1998	1924
1998	1931
1998	1941
1998	1958
1998	1961
1998	1965
1998	1969
1998	1992
1998	1997
1998	1999
1001	1619
1001	1947
1001	1950
1001	1966
1619	1398
1619	521
1619	1646
1619	1923
1619	1993
1619	1997
1947	1080
1947	1139
1947	1283
1947	1357
1947	1359
1947	1390
1947	503
1947	1506
1947	1592
1947	1611
1947	1629
1947	1657
1947	1694
1947	1746
1947	1759
1947	1791
1947	1803
1947	1846
1947	1868
1947	1878
1947	1882
1947	1887
1947	1896
1947	1899
1947	1909
1947	1929
1947	1987
1950	1134
1950	1215
1950	1272
1950	1310
1950	1393
1950	1557
1950	1590
1950	1622
1950	1677
1950	1681
1950	1729
1950	1739
1950	1763
1950	795
1950	1790
1950	1827
1950	1832
1950	1841
1950	1844
1950	1875
1950	1878
1950	1885
1950	1913
1950	1939
1950	1945
1950	1958
1950	1973
1950	1985
1966	1004
1966	1095
1966	1122
1966	1341
1966	1360
1966	1375
1966	1376
1966	1488
1966	1512
1966	1560
1966	1612
1966	1664
1966	1673
1966	1701
1966	1704
1966	1781
1966	1825
1966	1871
1966	1876
1966	1911
1966	1931
1966	1942
1966	1949
1966	1955
1966	1959
1966	1962
1966	1980
1966	1988
1966	1991
1966	1993
1002	1066
1002	1527
1002	1556
1002	739
1066	1760
1066	1789
1066	1900
1527	1547
1527	1780
1527	1951
1527	1975
1527	1991
1556	1027
1556	1324
1556	1546
1556	1726
1556	1887
739	31
739	251
739	322
739	676
739	832
739	863
739	895
739	907
739	958
0	758
0	830
0	889
0	986
758	136
758	237
758	252
758	1392
758	675
758	684
758	714
758	803
758	873
758	926
830	140
830	203
830	400
830	536
830	542
830	726
830	756
830	804
830	847
830	893
830	939
830	974
830	980
889	107
889	228
889	558
889	584
889	624
889	625
889	681
889	1690
889	742
889	766
889	814
889	886
889	942
889	964
889	970
889	975
889	994
986	213
986	247
986	290
986	498
986	611
986	670
986	692
986	702
986	704
986	706
986	715
986	731
986	744
986	798
986	811
986	821
986	837
986	853
986	858
986	866
986	895
986	906
986	920
986	929
986	940
986	941
986	946
986	1949
986	966
986	974
986	979
986	984
986	991
986	994
1	498
1	746
1	972
1	976
498	343
498	415
498	513
498	737
746	113
746	678
746	684
746	748
746	812
746	946
746	971
746	980
746	984
746	993
972	70
972	131
972	149
972	187
972	383
972	398
972	494
972	496
972	575
972	607
972	613
972	627
972	658
972	664
972	706
972	718
972	737
972	772
972	780
972	783
972	793
972	842
972	1845
972	885
972	935
972	937
972	945
972	957
972	990
972	994
972	998
976	96
976	294
976	411
976	427
976	486
976	502
976	618
976	653
976	680
976	685
976	699
976	764
976	778
976	793
976	803
976	1810
976	843
976	849
976	854
976	865
976	872
976	877
976	887
976	913
976	923
976	959
976	965
976	969
976	971
976	988
976	995
976	996
1003	1057
1003	1274
1003	1571
1003	1629
1057	1906
1057	1946
1057	1992
1274	1284
1274	1750
1274	1753
1274	1867
1571	1322
1571	1533
1571	1612
1571	1753
1571	1859
1571	1970
1629	1373
1629	1736
1629	1801
1629	1954
1629	1964
1629	1968
1004	1357
1004	1380
1004	1695
1357	1128
1357	1681
1357	1778
1380	1093
1380	1445
1380	1828
1380	935
1695	1227
1695	1234
1695	1442
1695	1647
1695	1667
1695	1827
1695	1939
1695	1986
2	173
2	806
2	881
2	953
173	660
173	921
173	925
806	83
806	304
806	495
806	510
806	590
806	914
806	930
806	940
806	941
806	947
806	951
806	974
881	78
881	128
881	142
881	253
881	616
881	629
881	655
881	697
881	779
881	816
881	838
881	870
881	938
881	948
881	965
881	996
953	130
953	143
953	274
953	315
953	329
953	431
953	454
953	504
953	531
953	549
953	566
953	576
953	591
953	643
953	686
953	717
953	750
953	802
953	814
953	818
953	868
953	941
953	979
953	981
953	993
953	994
953	995
1005	1636
1005	1837
1005	1957
1005	1997
1636	1226
1636	1247
1636	1416
1636	1676
1636	1903
1636	1928
1636	1972
1837	1033
1837	270
1837	1470
1837	1487
1837	1514
1837	1630
1837	1696
1837	1728
1837	1764
1837	1767
1837	1803
1837	1804
1837	1926
1837	1935
1837	1956
1957	1107
1957	1108
1957	1148
1957	1179
1957	1199
1957	1236
1957	1352
1957	1401
1957	1491
1957	1504
1957	1533
1957	1538
1957	1563
1957	1710
1957	1735
1957	1738
1957	1884
1957	1901
1957	1902
1957	1912
1957	1932
1957	1933
1957	1939
1957	1941
1957	1944
1957	1954
1957	1970
1957	1974
1957	1995
1997	1009
1997	1022
1997	1049
1997	100
1997	1167
1997	1287
1997	1300
1997	1356
1997	1428
1997	1461
1997	1585
1997	1593
1997	1606
1997	1699
1997	1719
1997	1788
1997	1797
1997	1809
1997	1816
1997	1822
1997	1832
1997	1835
1997	1845
1997	1865
1997	1892
1997	1895
1997	1906
1997	1908
1997	1915
1997	1918
1997	1941
1997	1952
1997	1971
1997	1977
1997	1979
1997	1982
1997	1993
1006	1498
1006	1696
1006	1711
1006	1930
1498	1430
1498	1490
1498	1678
1498	1882
1498	1973
1696	1244
1696	1345
1696	1479
1696	1576
1696	1866
1696	1902
1696	1911
1711	1007
1711	1360
1711	1377
1711	1842
1711	1912
1711	1922
1711	1928
1711	1968
1711	1975
1930	1144
1930	1314
1930	1524
1930	1532
1930	1537
1930	1552
1930	1558
1930	1592
1930	1605
1930	1626
1930	1655
1930	672
1930	1743
1930	1761
1930	1801
1930	1880
1930	1886
1930	1940
1930	1943
1930	1978
1930	1982
1930	1987
1930	1991
1007	1753
1007	1879
1007	1959
1753	182
1753	1697
1753	1749
1753	1835
1753	1882
1753	1968
1753	1980
1753	1995
1879	1037
1879	1667
1879	1668
1879	1683
1879	1733
1879	1742
1879	1748
1879	1778
1879	1814
1879	1884
1879	1907
1879	1931
1879	1942
1879	1944
1879	1952
1879	1967
1879	1974
1959	1052
1959	1154
1959	1222
1959	1246
1959	1253
1959	1551
1959	1573
1959	1594
1959	1610
1959	1692
1959	1762
1959	790
1959	1797
1959	1831
1959	1835
1959	1839
1959	1843
1959	1865
1959	1889
1959	1900
1959	1919
1959	1932
1959	1940
1959	1951
1959	1955
1959	1963
1959	1974
1959	1981
1008	1240
1008	1671
1008	1787
1008	1793
1240	1378
1240	1786
1240	1886
1671	1131
1671	1219
1671	1494
1671	1801
1671	1821
1671	1889
1671	1903
1671	1912
1787	1200
1787	1266
1787	1327
1787	1551
1787	1572
1787	1793
1787	1859
1787	1873
1787	1887
1787	1909
1787	1990
1793	1153
1793	1363
1793	1495
1793	1514
1793	1548
1793	1549
1793	1777
1793	1791
1793	1799
1793	1923
1793	1979
1009	71
1009	1743
1009	1982
71	401
71	701
71	982
1743	1089
1743	1344
1743	1390
1743	1411
1743	1501
1743	1761
1743	1800
1743	1920
1743	1921
1982	1051
1982	1162
1982	193
1982	1208
1982	1253
1982	1290
1982	1311
1982	1329
1982	1424
1982	1506
1982	1565
1982	1599
1982	1660
1982	1662
1982	1690
1982	1714
1982	1719
1982	1721
1982	1738
1982	1798
1982	1815
1982	1831
1982	1876
1982	1885
1982	1902
1982	1907
1982	1927
1982	1928
1982	1938
1982	1941
1982	1949
1982	1961
3	620
3	824
3	943
3	977
620	421
620	741
620	786
620	828
620	992
620	997
620	998
824	39
824	266
824	533
824	590
824	721
824	729
824	815
824	841
824	855
824	869
824	940
824	959
824	985
943	18
943	109
943	119
943	136
943	184
943	323
943	342
943	386
943	547
943	561
943	632
943	710
943	740
943	787
943	799
943	822
943	835
943	901
943	908
943	932
943	958
943	964
943	983
943	987
943	999
977	85
977	112
977	158
977	301
977	407
977	415
977	416
977	432
977	458
977	483
977	534
977	536
977	540
977	568
977	607
977	613
977	617
977	769
977	801
977	807
977	832
977	836
977	883
977	897
977	909
977	916
977	930
977	952
977	961
977	967
977	971
977	988
4	322
4	337
4	770
4	945
322	114
322	392
322	564
337	748
337	965
337	973
337	981
770	247
770	315
770	664
770	673
770	712
770	747
770	777
770	829
770	931
770	985
945	9
945	44
945	76
945	91
945	251
945	346
945	407
945	426
945	437
945	538
945	545
945	579
945	595
945	664
945	715
945	740
945	798
945	839
945	843
945	876
945	892
945	904
945	920
945	997
5	331
5	544
5	723
5	905
331	738
331	810
331	874
331	975
544	404
544	467
544	801
544	874
544	915
544	998
723	93
723	174
723	561
723	568
723	1635
723	755
723	796
723	902
723	964
905	202
905	295
905	308
905	426
905	483
905	624
905	708
905	724
905	802
905	1797
905	906
905	928
905	937
905	941
905	950
905	954
905	964
905	968
905	992
6	26
6	82
6	249
6	636
26	576
26	628
26	888
82	695
82	786
82	805
249	59
249	97
249	375
249	839
636	328
636	635
636	694
636	1859
636	895
636	933
636	999
7	333
7	780
7	787
7	892
333	406
333	721
333	842
333	991
780	207
780	285
780	496
780	1492
780	576
780	625
780	641
780	809
780	940
787	226
787	310
787	648
787	753
787	818
787	822
787	865
787	884
787	910
787	973
892	198
892	296
892	545
892	585
892	592
892	747
892	766
892	833
892	859
892	891
892	913
892	948
892	952
892	955
892	958
892	994
8	179
8	503
8	621
8	759
179	917
179	983
179	985
503	485
503	635
503	719
503	981
621	176
621	419
621	432
621	539
621	842
621	898
621	919
759	125
759	259
759	459
759	653
759	786
759	810
759	920
759	922
759	940
759	956
1010	1664
1010	1920
1010	1924
1010	1943
1664	1018
1664	1249
1664	1442
1664	1678
1664	1876
1664	1977
1664	1984
1920	1451
1920	1526
1920	1567
1920	1600
1920	1601
1920	1644
1920	1665
1920	1698
1920	1755
1920	1832
1920	1853
1920	1904
1920	1911
1920	1926
1920	1936
1920	1937
1920	1941
1920	1968
1920	1969
1920	1981
1920	1992
1924	1134
1924	1141
1924	1208
1924	1306
1924	1389
1924	1640
1924	1684
1924	1744
1924	1766
1924	1778
1924	1812
1924	1815
1924	1816
1924	1842
1924	888
1924	1905
1924	1932
1924	1948
1924	1971
1924	1977
1924	1978
1943	1022
1943	1075
1943	1118
1943	1128
1943	1259
1943	1329
1943	1332
1943	1502
1943	1503
1943	1577
1943	1605
1943	1699
1943	1706
1943	1714
1943	1726
1943	1768
1943	1816
1943	1833
1943	1842
1943	1862
1943	1867
1943	1899
1943	1961
1943	1973
1943	1976
9	16
9	676
9	700
16	148
16	245
16	937
676	79
676	276
676	449
676	482
676	878
676	934
676	954
700	63
700	369
700	494
700	551
700	732
700	925
700	965
700	982
10	233
10	418
10	799
10	931
233	309
233	944
233	949
418	197
418	609
418	694
418	927
418	961
799	147
799	431
799	733
799	752
799	837
799	883
799	903
799	917
799	959
799	980
931	128
931	140
931	169
931	190
931	314
931	359
931	488
931	637
931	716
931	771
931	790
931	797
931	804
931	823
931	844
931	886
931	917
931	934
931	966
931	969
931	998
11	99
11	929
11	950
11	989
99	560
99	668
99	1867
929	280
929	326
929	345
929	538
929	565
929	580
929	602
929	661
929	688
929	697
929	775
929	822
929	891
929	1888
929	909
929	923
929	957
929	963
929	975
929	983
929	991
950	54
950	127
950	138
950	162
950	269
950	355
950	415
950	449
950	495
950	513
950	518
950	527
950	577
950	604
950	645
950	660
950	860
950	872
950	893
950	917
950	949
950	961
950	982
950	987
950	994
989	25
989	229
989	259
989	269
989	304
989	346
989	429
989	525
989	601
989	611
989	679
989	1712
989	714
989	763
989	793
989	859
989	871
989	875
989	876
989	878
989	886
989	902
989	912
989	913
989	914
989	924
989	932
989	941
989	944
989	949
989	978
989	979
989	982
989	996
989	999
12	97
12	332
12	737
12	779
97	778
97	869
332	47
332	750
332	760
332	917
737	14
737	61
737	95
737	705
737	829
737	940
737	973
779	193
779	300
779	1389
779	556
779	815
779	882
779	912
779	922
779	974
13	394
13	807
13	919
13	992
394	29
394	566
394	618
394	823
807	267
807	303
807	396
807	442
807	699
807	848
807	935
807	942
807	955
807	959
807	962
919	90
919	398
919	521
919	532
919	581
919	600
919	615
919	695
919	732
919	767
919	805
919	834
919	911
919	922
919	928
919	938
919	940
919	944
919	957
919	966
992	218
992	266
992	304
992	305
992	377
992	443
992	447
992	479
992	530
992	557
992	597
992	600
992	626
992	669
992	736
992	745
992	748
992	757
992	767
992	776
992	784
992	786
992	853
992	856
992	858
992	883
992	908
992	913
992	932
992	962
992	969
992	970
992	975
992	997
1011	1371
1011	1662
1011	1816
1011	1829
1371	1762
1371	1856
1371	1915
1371	1925
1662	1338
1662	1689
1662	1713
1662	1749
1662	1890
1662	1892
1662	1935
1816	1251
1816	1562
1816	1853
1816	1854
1816	1907
1816	1921
1816	1961
1816	1962
1816	1970
1816	1988
1829	1074
1829	1262
1829	1574
1829	1705
1829	1805
1829	1848
1829	1872
1829	1881
1829	1898
1829	1906
1829	1908
1829	1938
1829	1941
1829	1969
1012	1158
1012	1794
1012	1889
1012	1973
1158	1386
1158	1857
1158	1860
1794	1251
1794	1277
1794	1473
1794	1522
1794	1532
1794	1584
1794	1599
1794	1760
1794	1808
1794	1912
1794	1917
1794	1994
1889	1147
1889	1386
1889	1400
1889	1653
1889	1706
1889	1718
1889	1770
1889	1810
1889	1833
1889	1895
1889	1910
1889	1923
1889	1932
1889	1953
1889	1958
1889	1974
1973	1050
1973	1137
1973	1187
1973	1292
1973	1417
1973	1435
1973	1441
1973	1461
1973	1471
1973	1507
1973	1536
1973	1633
1973	1683
1973	1719
1973	1728
1973	1736
1973	1737
1973	1745
1973	1747
1973	1798
1973	1812
1973	1869
1973	1882
1973	1888
1973	1893
1973	1907
1973	1936
1973	1965
1973	1977
14	726
14	949
14	999
726	61
726	89
726	153
726	368
726	568
726	617
726	895
726	912
949	55
949	75
949	222
949	305
949	342
949	375
949	387
949	433
949	648
949	681
949	749
949	797
949	849
949	858
949	896
949	920
949	938
949	954
949	966
949	967
949	968
949	969
949	994
999	90
999	149
999	229
999	310
999	358
999	417
999	463
999	464
999	485
999	486
999	504
999	565
999	683
999	751
999	793
999	811
999	825
999	840
999	857
999	863
999	870
999	878
999	894
999	908
999	913
999	922
999	927
999	928
999	937
999	951
999	969
999	974
999	983
999	988
999	993
999	997
1013	1817
1013	1865
1013	1868
1013	1993
1817	1076
1817	1262
1817	1362
1817	1535
1817	1630
1817	1656
1817	1813
1817	1850
1817	1951
1817	1958
1817	1988
1817	1991
1817	1996
1865	1047
1865	1091
1865	1269
1865	1421
1865	1603
1865	1610
1865	1690
1865	1707
1865	1731
1865	1769
1865	1805
1865	1871
1865	1873
1865	1967
1865	1975
1868	1062
1868	1111
1868	1403
1868	1626
1868	1709
1868	1710
1868	1724
1868	1752
1868	1754
1868	1804
1868	1807
1868	1814
1868	1885
1868	1928
1868	1960
1868	1965
1993	1043
1993	1172
1993	1266
1993	1267
1993	1395
1993	1404
1993	1434
1993	1445
1993	1504
1993	1520
1993	1566
1993	1624
1993	1704
1993	1755
1993	1796
1993	1818
1993	1835
1993	1846
1993	1901
1993	1908
1993	1917
1993	1927
1993	1934
1993	1937
1993	1941
1993	1958
1993	1960
1993	1963
1993	1969
1993	1972
1993	1975
1993	1976
1993	1986
1993	1989
1993	1996
15	255
15	656
15	927
15	947
255	282
255	784
255	796
255	841
656	63
656	611
656	657
656	848
656	882
656	912
656	998
927	55
927	84
927	107
927	368
927	425
927	428
927	599
927	630
927	641
927	677
927	721
927	743
927	768
927	865
927	913
927	926
927	933
927	948
927	962
927	996
947	41
947	176
947	178
947	199
947	214
947	220
947	420
947	435
947	439
947	541
947	598
947	619
947	711
947	766
947	818
947	828
947	832
947	835
947	839
947	898
947	914
947	952
947	956
947	961
947	971
148	757
148	875
148	962
245	346
245	523
245	939
937	106
937	159
937	287
937	321
937	383
937	438
937	581
937	589
937	630
937	703
937	738
937	811
937	914
937	946
937	954
937	968
937	981
937	990
937	991
937	998
1014	1183
1014	1405
1014	1893
1014	1971
1183	1244
1183	1412
1183	1858
1405	1323
1405	1520
1405	1684
1405	1844
1405	1913
1893	1204
1893	1278
1893	1559
1893	1560
1893	1565
1893	1673
1893	1715
1893	1843
1893	1851
1893	1852
1893	1856
1893	1859
1893	1900
1893	1913
1893	1944
1893	1974
1893	1990
1893	1999
1971	1088
1971	1198
1971	1368
1971	1421
1971	1451
1971	1496
1971	1569
1971	1605
1971	1643
1971	1669
1971	1715
1971	1741
1971	1770
1971	1803
1971	1833
1971	1845
1971	1851
1971	1877
1971	1885
1971	1897
1971	1913
1971	1926
1971	1934
1971	1969
1971	1972
1971	1978
1971	1986
1971	1988
1971	1995
1971	1996
17	209
17	672
17	775
17	933
209	91
209	272
209	499
672	505
672	512
672	580
672	711
672	752
672	912
672	988
775	318
775	378
775	506
775	606
775	686
775	895
775	902
775	960
775	965
933	158
933	270
933	403
933	409
933	537
933	559
933	571
933	642
933	671
933	708
933	748
933	768
933	778
933	800
933	832
933	877
933	898
933	1937
933	958
933	959
933	973
1015	1075
1015	1538
1015	1639
1015	1654
1075	1481
1075	1968
1538	1681
1538	1734
1538	1736
1538	1813
1538	1900
1639	1470
1639	1581
1639	1687
1639	1772
1639	1843
1639	1955
1639	1985
1654	1155
1654	1301
1654	1757
1654	1763
1654	1864
1654	1873
1654	1886
1016	1203
1016	1638
1016	1922
1016	1996
1203	1332
1203	1458
1203	1912
1638	1277
1638	1528
1638	1602
1638	1646
1638	673
1638	1774
1638	1962
1922	1039
1922	1326
1922	1346
1922	1377
1922	1413
1922	1521
1922	1522
1922	1528
1922	1543
1922	1615
1922	1653
1922	1691
1922	1697
1922	1727
1922	1853
1922	1945
1922	1969
1922	1985
1922	1995
1922	998
1922	1996
1996	1068
1996	1069
1996	1087
1996	1095
1996	1181
1996	1205
1996	1245
1996	1269
1996	1289
1996	1319
1996	1454
1996	1465
1996	1511
1996	1517
1996	1522
1996	1540
1996	1554
1996	1631
1996	1757
1996	1832
1996	1850
1996	1851
1996	1918
1996	1925
1996	1933
1996	1935
1996	1940
1996	1948
1996	1954
1996	1976
1996	1977
1996	1978
1996	1986
1996	1988
1996	1989
18	353
18	675
18	912
353	109
353	1131
353	424
353	845
675	258
675	741
675	757
675	800
675	851
675	899
675	974
912	60
912	274
912	338
912	414
912	461
912	462
912	1466
912	481
912	708
912	709
912	843
912	898
912	926
912	936
912	963
19	216
19	218
19	385
19	686
216	452
216	496
216	571
218	907
218	987
385	838
385	884
385	917
385	956
686	352
686	465
686	482
686	581
686	926
686	984
20	427
20	548
20	549
20	980
427	242
427	704
427	717
427	966
548	68
548	535
548	558
548	713
548	921
548	966
549	28
549	546
549	801
549	837
549	902
980	86
980	125
980	166
980	177
980	207
980	285
980	347
980	369
980	534
980	551
980	577
980	608
980	694
980	697
980	712
980	755
980	760
980	776
980	812
980	865
980	867
980	896
980	901
980	1890
980	909
980	911
980	915
980	985
980	987
21	712
21	868
21	928
21	963
712	471
712	485
712	492
712	743
712	791
712	804
712	903
868	283
868	471
868	693
868	776
868	784
868	797
868	825
868	873
868	876
868	891
868	932
868	964
868	990
868	996
928	92
928	205
928	289
928	487
928	650
928	760
928	761
928	772
928	800
928	854
928	860
928	865
928	899
928	913
928	925
928	932
928	1935
928	984
928	991
963	46
963	66
963	100
963	141
963	250
963	252
963	373
963	409
963	502
963	515
963	518
963	519
963	564
963	633
963	639
963	651
963	695
963	767
963	800
963	805
963	825
963	922
963	1925
963	960
963	967
963	970
963	997
22	48
22	87
22	489
22	801
48	542
48	967
48	982
87	379
87	887
87	935
489	44
489	702
489	890
489	917
489	951
801	228
801	235
801	386
801	514
801	1621
801	798
801	869
801	990
1017	1487
1017	1719
1017	1804
1017	1940
1487	1780
1487	1799
1487	1864
1487	1992
1719	1449
1719	1702
1719	1767
1719	1804
1719	1944
1719	1994
1804	1024
1804	1286
1804	1358
1804	1381
1804	1692
1804	1881
1804	1902
1804	1958
1804	1960
1804	1962
1940	1024
1940	1124
1940	1152
1940	1224
1940	1255
1940	1294
1940	1342
1940	1550
1940	1616
1940	615
1940	1653
1940	1853
1940	1858
1940	1886
1940	1898
1940	1927
1940	1929
1940	1933
1940	1934
1940	1962
1940	1974
1940	1994
1940	1995
1018	1611
1018	1798
1018	1852
1611	1211
1611	1775
1611	1776
1611	1795
1611	1808
1798	1119
1798	1243
1798	1297
1798	1400
1798	1641
1798	1828
1798	1847
1798	959
1798	1979
1798	1981
1852	1143
1852	1241
1852	1397
1852	1404
1852	1486
1852	1570
1852	1663
1852	1720
1852	1722
1852	1740
1852	1750
1852	1883
1852	1921
1852	1953
1852	1986
23	323
23	654
23	866
23	961
323	1567
323	842
323	934
654	130
654	397
654	1544
654	784
654	791
654	968
654	995
866	37
866	150
866	396
866	511
866	623
866	624
866	800
866	880
866	911
866	946
866	954
866	982
866	984
866	994
961	42
961	174
961	200
961	383
961	386
961	465
961	501
961	533
961	602
961	678
961	688
961	719
961	754
961	774
961	797
961	841
961	854
961	871
961	891
961	911
961	954
961	971
961	973
961	990
961	991
1019	1062
1019	1627
1019	1851
1019	1870
1062	1602
1062	1742
1627	1198
1627	1210
1627	1412
1627	1820
1627	1942
1627	1977
1627	1978
1851	1108
1851	1296
1851	1314
1851	1413
1851	1703
1851	1748
1851	1821
1851	1824
1851	1841
1851	1901
1851	1946
1851	1968
1851	1991
1870	1027
1870	1216
1870	1551
1870	1584
1870	588
1870	1691
1870	1776
1870	1777
1870	1807
1870	1845
1870	1849
1870	1855
1870	1905
1870	1968
1870	1977
1870	1988
24	230
24	948
24	993
24	998
230	225
230	278
230	615
948	36
948	40
948	136
948	345
948	428
948	533
948	592
948	627
948	679
948	707
948	713
948	740
948	749
948	751
948	821
948	825
948	850
948	871
948	888
948	907
948	940
948	951
948	988
993	1087
993	103
993	202
993	239
993	264
993	281
993	312
993	329
993	375
993	413
993	445
993	528
993	539
993	552
993	573
993	679
993	730
993	791
993	804
993	839
993	842
993	851
993	860
993	870
993	876
993	906
993	908
993	911
993	915
993	916
993	942
993	955
993	960
993	962
993	964
998	45
998	124
998	177
998	251
998	410
998	422
998	425
998	447
998	494
998	552
998	626
998	627
998	707
998	711
998	720
998	732
998	751
998	765
998	773
998	793
998	794
998	798
998	857
998	867
998	894
998	898
998	938
998	955
998	970
998	982
998	990
998	995
25	176
25	586
25	803
176	744
586	481
586	715
586	815
586	856
586	908
586	954
803	367
803	472
803	534
803	593
803	836
803	845
803	847
803	853
803	967
1020	1103
1020	1306
1020	1621
1020	1917
1103	1633
1103	1827
1103	1835
1306	1034
1306	1382
1306	1530
1621	1038
1621	1139
1621	1456
1621	1464
1621	1917
1621	1983
1917	1031
1917	1301
1917	1409
1917	1532
1917	1632
1917	1642
1917	1645
1917	1693
1917	1733
1917	1759
1917	1861
1917	1963
1917	1969
1917	1972
1917	1976
1917	1979
1917	1990
1021	1056
1021	1283
1021	1772
1021	1838
1056	1481
1056	1902
1056	1916
1283	1368
1283	1582
1283	1915
1772	1069
1772	1589
1772	1732
1772	1768
1772	1823
1772	886
1772	1867
1772	1933
1772	1977
1772	1995
1838	1155
1838	1537
1838	1563
1838	1597
1838	1782
1838	1866
1838	1891
1838	1895
1838	1899
1838	1939
1838	1946
1838	1949
1838	1965
1838	1976
1838	1991
576	46
576	435
576	527
576	955
628	611
628	713
628	772
628	870
628	883
628	911
628	970
888	66
888	109
888	463
888	531
888	666
888	674
888	776
888	833
888	851
888	879
888	897
888	900
888	906
888	996
888	997
27	287
27	483
27	936
27	968
287	231
287	821
287	925
483	193
483	897
483	946
936	192
936	219
936	224
936	254
936	288
936	388
936	404
936	409
936	443
936	467
936	499
936	504
936	681
936	735
936	820
936	825
936	844
936	864
936	886
936	916
936	934
936	938
968	72
968	73
968	146
968	269
968	368
968	393
968	446
968	634
968	637
968	640
968	642
968	664
968	734
968	783
968	840
968	859
968	861
968	869
968	907
968	910
968	926
968	973
968	990
968	995
968	997
1022	1577
1022	1620
1577	1519
1577	1575
1577	1790
1577	1961
1577	1984
1620	1321
1620	1368
1620	1761
1620	1776
1620	1825
1620	1942
1620	1975
1023	1206
1023	1746
1023	1811
1023	1977
1206	1272
1206	1499
1206	1694
1746	1163
1746	1199
1746	1272
1746	1373
1746	1722
1746	1803
1746	1822
1746	1900
1746	1955
1811	1260
1811	1393
1811	1537
1811	1545
1811	1672
1811	1732
1811	1799
1811	1802
1811	1880
1811	1906
1811	1910
1811	1968
1811	1972
1977	1195
1977	1282
1977	1311
1977	1646
1977	1678
1977	1693
1977	1724
1977	1729
1977	1731
1977	1754
1977	1780
1977	1833
1977	1875
1977	1880
1977	1886
1977	1890
1977	1898
1977	1906
1977	1933
1977	1949
1977	1956
1977	1968
1977	1969
1977	1991
1977	1999
1024	1395
1024	1831
1395	1291
1395	1631
1395	1874
1831	1151
1831	1548
1831	1588
1831	1609
1831	1615
1831	1658
1831	1682
1831	1716
1831	1887
1831	1933
1831	1994
1831	1995
1025	1606
1025	1841
1025	1858
1025	1991
1606	1064
1606	1896
1606	1909
1606	1975
1606	1985
1841	1269
1841	1297
1841	1322
1841	1359
1841	1580
1841	1713
1841	1840
1841	1897
1841	1903
1841	1945
1841	1954
1841	1975
1858	1128
1858	1258
1858	1280
1858	1284
1858	1478
1858	1755
1858	1770
1858	1812
1858	1867
1858	1883
1858	1912
1858	1927
1858	1945
1858	1979
1991	1031
1991	1048
1991	1059
1991	1064
1991	1194
1991	1318
1991	350
1991	1362
1991	1429
1991	1441
1991	1445
1991	1455
1991	1539
1991	1567
1991	1568
1991	1574
1991	1676
1991	1740
1991	1784
1991	1801
1991	1819
1991	1864
1991	1871
1991	1914
1991	1936
1991	1939
1991	1958
1991	1965
1991	1983
1991	1986
1026	1389
1026	1961
1026	1975
1026	1981
1389	1212
1389	1963
1961	1072
1961	1126
1961	1282
1961	1350
1961	1374
1961	1423
1961	1444
1961	1448
1961	1465
1961	1529
1961	1598
1961	1704
1961	1725
1961	1737
1961	1751
1961	1757
1961	1815
1961	1824
1961	1845
1961	1860
1961	1918
1961	1939
1961	1975
1961	1976
1975	1092
1975	1110
1975	1123
1975	1142
1975	1144
1975	1320
1975	1352
1975	477
1975	1495
1975	1548
1975	1562
1975	1603
1975	1616
1975	1640
1975	1769
1975	1812
1975	1825
1975	1826
1975	1856
1975	1905
1975	1913
1975	1942
1975	1952
1975	1976
1975	1979
1981	1036
1981	1280
1981	1318
1981	1465
1981	1481
1981	1497
1981	1543
1981	1563
1981	1599
1981	1714
1981	1767
1981	1774
1981	1807
1981	1835
1981	1845
1981	1862
1981	1864
1981	1869
1981	1887
1981	1892
1981	1898
1981	1900
1981	1915
1981	1928
1981	1942
1981	1945
1981	1948
1981	1974
1981	1980
1981	1986
1981	1988
1981	1999
28	77
28	397
28	994
77	641
77	900
77	926
397	642
397	788
397	808
994	98
994	197
994	250
994	283
994	363
994	461
994	465
994	488
994	541
994	563
994	599
994	682
994	692
994	721
994	1715
994	727
994	738
994	774
994	781
994	786
994	825
994	849
994	858
994	862
994	873
994	925
994	944
994	952
994	984
994	996
29	699
29	704
29	932
699	110
699	290
699	565
699	804
699	817
699	959
704	367
704	502
704	512
704	856
704	897
704	915
932	30
932	373
932	455
932	537
932	736
932	763
932	765
932	816
932	825
932	826
932	877
932	898
932	899
932	959
932	971
932	981
932	985
30	718
30	762
30	946
718	79
718	324
718	462
718	795
718	829
718	918
718	983
718	991
762	167
762	244
762	431
762	634
762	716
762	729
762	819
762	826
762	893
762	952
946	39
946	1068
946	154
946	252
946	384
946	518
946	598
946	632
946	689
946	768
946	790
946	841
946	848
946	855
946	858
946	890
946	918
946	959
946	987
946	995
31	315
31	644
31	942
315	599
315	743
644	165
644	187
644	513
644	571
644	713
644	904
644	960
942	152
942	338
942	446
942	462
942	539
942	555
942	639
942	680
942	685
942	754
942	788
942	805
942	842
942	875
942	906
942	918
942	920
942	921
942	959
942	973
942	978
942	991
32	73
32	606
32	783
32	880
73	398
73	568
606	238
606	501
606	688
606	813
606	917
606	983
783	421
783	442
783	444
783	747
783	829
783	904
783	908
783	915
783	969
880	433
880	440
880	455
880	520
880	610
880	615
880	645
880	687
880	877
880	894
880	897
880	934
880	952
880	957
880	983
1027	1537
1027	1903
1537	1177
1537	1485
1537	1673
1903	1080
1903	1119
1903	1126
1903	1160
1903	1276
1903	1327
1903	1416
1903	1530
1903	1741
1903	1745
1903	1803
1903	1894
1903	1918
1903	1960
1903	1990
1903	1999
1028	1427
1028	1566
1028	1945
1028	1964
1427	1083
1427	1178
1427	1608
1427	1834
1427	1884
1566	1642
1566	1769
1566	1786
1566	1944
1945	1055
1945	1109
1945	1110
1945	1335
1945	1344
1945	1347
1945	1375
1945	1401
1945	1471
1945	1475
1945	1623
1945	1626
1945	1738
1945	1840
1945	1845
1945	1855
1945	1874
1945	1899
1945	1936
1945	1962
1945	1979
1945	1992
1964	1045
1964	1273
1964	1289
1964	1372
1964	1406
1964	1431
1964	1436
1964	1491
1964	1659
1964	1667
1964	1672
1964	1744
1964	1754
1964	1791
1964	814
1964	1805
1964	1826
1964	1869
1964	1878
1964	1880
1964	1912
1964	1935
1964	1954
1964	1960
1964	1978
1964	1984
1964	1992
1964	1995
1964	1999
33	372
33	891
33	915
33	940
372	458
372	894
372	930
372	1933
891	274
891	423
891	590
891	615
891	781
891	820
891	838
891	855
891	893
891	915
891	920
891	960
891	979
915	40
915	107
915	515
915	608
915	749
915	815
915	847
915	867
915	897
915	903
915	956
915	967
915	1970
915	987
940	94
940	119
940	286
940	400
940	474
940	639
940	647
940	670
940	728
940	782
940	831
940	853
940	1932
940	955
940	991
940	995
1029	1303
1029	1335
1029	1835
1029	1984
1303	1229
1303	1728
1303	1755
1303	1898
1335	1440
1335	1891
1335	1995
1835	40
1835	1559
1835	1610
1835	1759
1835	1846
1835	1880
1835	1938
1835	1960
1835	1992
1984	1031
1984	1281
1984	1313
1984	1340
1984	1441
1984	1467
1984	1476
1984	1485
1984	1520
1984	1522
1984	1543
1984	1545
1984	1576
1984	1578
1984	1588
1984	1713
1984	1730
1984	1747
1984	1813
1984	1819
1984	1869
1984	1875
1984	1897
1984	1901
1984	1944
1984	1948
1984	1970
1984	1976
1984	1980
1984	1987
1984	1990
1984	1999
1030	1670
1030	1733
1030	1756
1030	1840
1670	1113
1670	1261
1670	1674
1670	1712
1670	1826
1670	1875
1670	1944
1670	1951
1733	1210
1733	1364
1733	1463
1733	1543
1733	1579
1733	1730
1733	1863
1733	1912
1756	1478
1756	1596
1756	1823
1756	1844
1756	1847
1756	1867
1756	1895
1756	1929
1756	1932
1756	1962
1840	1290
1840	1354
1840	1508
1840	1590
1840	1797
1840	1911
1840	1912
1840	1918
1840	1926
1840	1937
1840	1949
1840	1965
1840	1987
1031	1511
1511	1176
1511	1451
1511	1704
1511	1848
34	113
34	851
34	918
34	973
113	751
113	897
851	105
851	271
851	412
851	497
851	574
851	707
851	849
851	941
851	1962
851	975
851	978
918	210
918	221
918	302
918	363
918	572
918	650
918	674
918	696
918	713
918	797
918	805
918	834
918	874
918	876
918	904
918	941
918	987
918	996
973	57
973	98
973	132
973	208
973	357
973	360
973	469
973	490
973	532
973	573
973	631
973	665
973	669
973	692
973	714
973	742
973	823
973	844
973	857
973	894
973	913
973	926
973	944
973	985
35	761
35	766
35	768
35	960
761	430
761	592
761	721
761	777
761	826
761	854
761	870
761	901
761	1968
766	267
766	502
766	562
766	593
766	722
766	749
766	765
768	264
768	324
768	724
768	755
768	823
768	957
768	967
960	311
960	354
960	367
960	381
960	409
960	434
960	484
960	610
960	631
960	667
960	696
960	740
960	794
960	829
960	843
960	863
960	917
960	920
960	951
960	955
960	966
960	967
960	995
36	64
36	875
36	907
64	306
64	603
64	849
875	51
875	1050
875	63
875	100
875	301
875	313
875	511
875	677
875	706
875	733
875	842
875	955
875	978
907	156
907	261
907	295
907	327
907	357
907	478
907	696
907	717
907	730
907	765
907	804
907	858
907	870
907	904
907	911
1032	635
1032	1742
1032	1807
1032	1986
635	764
635	821
635	863
635	984
635	996
1742	1177
1742	1429
1742	1795
1742	1891
1742	1895
1742	1899
1742	1934
1742	1980
1807	1161
1807	1234
1807	1248
1807	1553
1807	1602
1807	1637
1807	1825
1807	1916
1807	1942
1807	1979
1986	1079
1986	1161
1986	1213
1986	1257
1986	1279
1986	1308
1986	1442
1986	1461
1986	1496
1986	1500
1986	1536
1986	1575
1986	1586
1986	1610
1986	1623
1986	1630
1986	1669
1986	1731
1986	1781
1986	1810
1986	1857
1986	1866
1986	1867
1986	1871
1986	1890
1986	1895
1986	1958
1986	1962
1986	1999
37	633
37	683
37	735
633	267
633	365
633	376
633	653
633	805
633	834
683	240
683	279
683	597
683	650
683	724
683	895
683	991
735	390
735	420
735	558
735	625
735	781
735	970
735	974
735	979
1033	1123
1033	1778
1033	1932
1123	277
1123	1780
1778	1302
1778	1341
1778	1360
1778	1401
1778	1510
1778	1514
1778	1713
1778	1926
1932	1121
1932	1135
1932	1411
1932	1436
1932	1441
1932	1533
1932	1552
1932	1590
1932	1675
1932	1747
1932	1833
1932	1898
1932	1928
1932	1978
1932	1985
1932	1988
38	869
38	903
38	987
38	995
869	134
869	183
869	212
869	399
869	555
869	564
869	579
869	597
869	751
869	820
869	864
903	168
903	456
903	492
903	509
903	674
903	728
903	784
903	794
903	862
903	873
903	884
903	917
903	974
903	1988
903	997
987	274
987	284
987	330
987	364
987	471
987	543
987	555
987	650
987	653
987	667
987	703
987	708
987	725
987	782
987	828
987	831
987	832
987	871
987	877
987	879
987	883
987	884
987	908
987	920
987	921
987	990
987	996
995	75
995	112
995	196
995	318
995	326
995	404
995	515
995	517
995	524
995	564
995	569
995	588
995	602
995	646
995	671
995	678
995	725
995	727
995	743
995	800
995	845
995	852
995	872
995	904
995	909
995	910
995	938
995	969
995	970
995	988
1034	1563
1034	1573
1034	1969
1563	1054
1563	1337
1563	1994
1573	295
1573	1457
1573	1581
1573	1813
1573	1987
1969	1042
1969	1155
1969	1241
1969	1382
1969	1433
1969	1451
1969	1477
1969	1512
1969	1549
1969	1655
1969	1718
1969	1776
1969	1828
1969	1867
1969	1872
1969	1882
1969	1883
1969	1885
1969	1916
1969	1931
1969	1937
1969	1962
1969	1978
1035	1272
1035	1361
1035	1784
1035	1875
1272	1470
1361	1300
1361	1385
1361	1493
1361	1990
1784	1210
1784	1431
1784	1631
1784	1739
1784	1758
1784	1872
1784	1904
1784	1936
1784	1941
1784	1974
1875	1142
1875	1250
1875	1322
1875	1523
1875	1715
1875	785
1875	1862
1875	1869
1875	1915
1875	1967
1875	1980
1875	1989
1875	1999
1036	1531
1036	1853
1531	1628
1531	1739
1531	1825
1531	1834
1531	1929
1531	1987
1853	1288
1853	1381
1853	1439
1853	1478
1853	1519
1853	1540
1853	1597
1853	1648
1853	1692
1853	1874
1853	1921
1853	1990
1037	1177
1037	1194
1037	1824
1177	1135
1194	1104
1194	1613
1824	1472
1824	1486
1824	1495
1824	1570
1824	1818
1824	1873
1824	1896
1824	1933
1824	1949
1824	1953
1824	1960
1824	1983
1038	1518
1038	1729
1038	1799
1518	1398
1518	1869
1518	1906
1518	1953
1518	1979
1729	1800
1729	1888
1729	1899
1729	1914
1729	1919
1729	1934
1729	1968
1799	1263
1799	1317
1799	1396
1799	1613
1799	1659
1799	751
1799	1828
1799	1864
1799	1999
1039	1356
1039	1412
1039	1935
1356	1596
1356	1625
1356	1918
1412	1332
1412	1847
1412	1877
1935	1041
1935	1050
1935	1080
1935	1400
1935	1474
1935	1500
1935	1622
1935	1635
1935	1843
1935	1857
1935	1859
1935	1884
1935	1896
1935	1905
1935	1926
1935	1944
1935	1955
1935	1968
1935	1970
1935	1989
1040	1814
1040	1907
1040	1953
1040	1990
1814	1221
1814	1399
1814	1425
1814	1553
1814	1561
1814	1647
1814	1849
1814	1882
1814	1939
1814	1967
1814	1992
1907	1106
1907	1121
1907	1211
1907	1524
1907	1669
1907	1673
1907	1741
1907	1792
1907	1806
1907	1813
1907	1833
1907	1849
1907	1901
1907	1918
1907	1928
1907	1983
1953	1051
1953	1093
1953	1120
1953	117
1953	1160
1953	1178
1953	1179
1953	1215
1953	1226
1953	1305
1953	1312
1953	1333
1953	1415
1953	1444
1953	1750
1953	1759
1953	1792
1953	1818
1953	1832
1953	1849
1953	1873
1953	1902
1953	1927
1953	1936
1990	1072
1990	1202
1990	1211
1990	1216
1990	1247
1990	1322
1990	1358
1990	1394
1990	1485
1990	1492
1990	1569
1990	1587
1990	1630
1990	1705
1990	1706
1990	1737
1990	1789
1990	1856
1990	1872
1990	1882
1990	1911
1990	1914
1990	1934
1990	1948
1990	1963
1990	1967
1990	1978
1990	1987
39	879
39	901
879	190
879	253
879	304
879	407
879	408
879	463
879	713
879	752
879	765
879	854
879	864
879	874
879	925
879	982
901	63
901	298
901	1314
901	476
901	508
901	551
901	579
901	629
901	822
901	834
901	848
901	897
901	899
901	930
901	952
40	914
914	348
914	464
914	605
914	750
914	755
914	777
914	778
914	808
914	870
914	885
914	897
914	916
914	967
914	978
914	984
914	988
41	257
41	272
41	725
257	294
257	690
257	755
257	845
272	475
272	558
272	745
725	68
725	588
725	809
725	859
725	883
725	956
725	962
1041	1774
1041	1846
1041	1860
1774	1114
1774	1278
1774	1397
1774	1643
1774	1769
1774	1877
1774	1913
1774	1939
1774	1941
1846	1060
1846	1093
1846	1278
1846	1416
1846	1693
1846	1825
1846	1834
1846	1876
1846	1902
1846	1948
1846	1955
1846	1994
1846	1995
1860	1110
1860	1154
1860	1291
1860	1326
1860	1457
1860	1459
1860	1549
1860	1652
1860	1691
1860	1738
1860	1833
1860	1881
1860	1900
1860	1967
1042	1065
1042	1239
1042	1269
1065	1762
1065	1766
1065	1919
1239	1287
1239	1849
1239	1937
1269	1470
42	722
42	805
42	813
722	78
722	266
722	378
722	540
722	543
722	592
722	594
722	833
805	221
805	258
805	431
805	470
805	596
805	859
813	161
813	626
813	678
813	748
813	809
813	812
813	834
813	886
813	898
813	920
813	1994
43	388
43	517
43	668
43	852
388	52
388	349
388	925
517	728
517	850
517	923
517	983
668	415
668	445
668	828
668	838
668	958
668	970
668	997
852	94
852	167
852	169
852	454
852	562
852	615
852	634
852	756
852	797
852	816
852	845
852	951
852	981
44	83
44	956
83	637
83	744
956	143
956	283
956	303
956	344
956	426
956	440
956	450
956	505
956	509
956	530
956	617
956	645
956	653
956	670
956	776
956	818
956	847
956	878
956	944
956	957
956	966
956	975
1043	1420
1043	1541
1043	990
1420	1584
1420	1604
1420	1679
1420	1871
1420	1926
1541	1071
1541	1640
1541	1704
1541	1859
1541	1899
1541	1936
990	121
990	146
990	213
990	387
990	457
990	469
990	522
990	530
990	554
990	584
990	678
990	679
990	714
990	717
990	771
990	788
990	789
990	872
990	882
990	890
990	898
990	916
990	922
990	955
990	969
990	970
990	971
1044	1727
1044	1859
1044	1897
1044	1937
1727	1045
1727	1046
1727	1456
1727	1612
1727	1790
1727	1873
1727	1908
1727	1914
1859	1266
1859	1320
1859	1404
1859	1426
1859	1469
1859	1580
1859	1910
1859	1955
1859	1976
1859	1995
1897	1080
1897	1094
1897	1450
1897	1453
1897	1478
1897	1560
1897	1678
1897	1688
1897	1740
1897	1752
1897	1781
1897	1808
1897	1902
1897	1942
1897	1972
1937	1058
1937	1076
1937	1251
1937	1259
1937	1363
1937	1630
1937	1660
1937	1669
1937	1702
1937	1779
1937	1847
1937	1848
1937	1888
1937	1910
1937	1929
1937	1965
1937	1978
1937	1980
1937	1985
45	349
45	508
45	910
349	162
349	478
349	619
508	642
508	867
508	909
508	955
910	86
910	115
910	147
910	266
910	362
910	445
910	522
910	531
910	539
910	691
910	713
910	777
910	778
910	867
910	885
910	895
1045	1192
1045	1861
1192	1744
1192	1827
1192	1938
1861	1127
1861	1162
1861	1280
1861	1282
1861	1355
1861	1396
1861	1410
1861	1590
1861	1716
1861	1723
1861	1759
1861	1894
1861	1908
1861	1942
1861	1960
1861	1972
1046	1176
1046	1397
1176	1267
1176	1796
1397	1769
1397	1802
1397	1954
1047	1321
1047	1919
1047	1989
1321	1572
1321	1703
1321	1867
1919	1051
1919	1180
1919	1186
1919	1201
1919	267
1919	1308
1919	1346
1919	1400
1919	1442
1919	1473
1919	1643
1919	1854
1919	1890
1919	1892
1919	1926
1919	1928
1919	1989
1919	1992
1989	1138
1989	1293
1989	1407
1989	1413
1989	1468
1989	1517
1989	1519
1989	1603
1989	1618
1989	1630
1989	1648
1989	1655
1989	1656
1989	1660
1989	1709
1989	1770
1989	1777
1989	1780
1989	1791
1989	1802
1989	1822
1989	1866
1989	1874
1989	1884
1989	1906
1989	1911
1989	1942
1989	1948
1989	1979
1989	1987
1989	1999
46	184
46	885
184	185
184	475
885	232
885	242
885	305
885	499
885	601
885	658
885	670
885	719
885	784
885	810
885	935
885	966
885	979
1048	1608
1048	1694
1048	1703
1608	1435
1608	1574
1608	1637
1608	1821
1608	1992
1694	1059
1694	1200
1694	1244
1694	1680
1694	1795
1694	1963
1703	1133
1703	1517
1703	1647
1703	1883
1703	1976
1703	1994
47	59
47	437
47	938
59	451
59	988
437	390
437	610
437	707
437	955
938	91
938	115
938	211
938	263
938	316
938	405
938	408
938	450
938	488
938	674
938	702
938	728
938	730
938	839
938	962
938	966
938	983
938	988
542	226
542	254
542	341
542	692
542	926
967	237
967	1353
967	363
967	367
967	436
967	559
967	649
967	662
967	731
967	736
967	863
967	871
967	890
967	895
967	896
967	917
967	922
967	958
967	971
967	978
967	984
982	132
982	178
982	208
982	482
982	523
982	540
982	591
982	594
982	608
982	611
982	634
982	650
982	747
982	751
982	782
982	795
982	809
982	836
982	867
982	887
982	896
982	897
982	922
982	941
982	958
982	991
1049	1691
1049	1883
1049	1902
1691	1055
1691	1096
1691	1650
1691	1730
1691	1797
1883	1088
1883	1092
1883	1210
1883	1270
1883	1343
1883	1526
1883	1744
1883	1751
1883	1818
1883	1863
1883	1869
1883	1874
1883	1901
1883	1951
1902	1369
1902	1374
1902	1452
1902	1458
1902	597
1902	1661
1902	1681
1902	1755
1902	1760
1902	1797
1902	1985
49	357
49	663
49	800
49	959
357	306
357	798
663	247
663	355
663	409
663	475
663	934
663	979
663	985
663	991
800	584
800	687
800	791
800	856
800	863
959	174
959	347
959	422
959	515
959	553
959	554
959	604
959	614
959	631
959	667
959	690
959	748
959	760
959	785
959	789
959	798
959	965
959	984
50	62
50	466
50	748
50	984
62	435
62	682
62	962
466	67
466	254
466	284
466	573
466	966
748	469
748	814
748	820
748	917
984	240
984	251
984	400
984	443
984	554
984	604
984	717
984	731
984	734
984	823
984	843
984	864
984	865
984	904
984	913
984	926
984	957
984	970
984	971
984	978
984	983
984	1976
984	996
51	193
51	507
51	996
507	468
507	785
507	812
507	908
507	962
996	124
996	142
996	168
996	294
996	317
996	428
996	465
996	476
996	505
996	523
996	547
996	622
996	649
996	657
996	681
996	684
996	685
996	733
996	767
996	811
996	817
996	839
996	849
996	920
996	935
996	974
996	988
1050	1979
1979	1154
1979	1264
1979	1386
1979	1406
1979	1450
1979	1460
1979	1485
1979	1567
1979	1659
1979	1677
1979	1687
1979	1716
1979	1736
1979	1771
1979	1802
1979	1874
1979	1876
1979	1880
1979	1901
1979	1904
1979	1952
1979	1968
1979	1972
1979	1974
1051	1871
1871	1253
1871	1257
1871	1291
1871	1385
1871	1456
1871	1706
1871	1707
1871	1737
1871	1880
1871	1946
1871	1951
1871	1999
52	263
52	429
52	588
263	189
263	373
263	573
429	250
429	604
429	796
429	1974
588	102
588	605
588	781
53	271
53	321
53	773
53	873
271	405
271	596
271	784
321	195
321	319
321	464
773	106
773	484
773	629
773	771
773	785
773	834
773	850
773	954
773	955
873	399
873	430
873	444
873	457
873	485
873	493
873	495
873	516
873	777
873	909
873	944
873	966
54	166
54	307
54	838
166	550
166	954
307	792
307	808
307	955
307	971
838	444
838	547
838	695
838	709
838	710
838	821
838	826
838	909
838	964
1052	1287
1052	1813
1287	1931
1287	1965
1813	1219
1813	1428
1813	1542
1813	1578
1813	1624
1813	1820
1813	1918
1813	1972
55	810
55	988
810	341
810	445
810	660
810	673
810	796
810	802
810	804
810	840
810	894
988	114
988	214
988	231
988	232
988	256
988	374
988	422
988	564
988	594
988	597
988	708
988	741
988	767
988	817
988	835
988	840
988	845
988	853
988	884
988	934
988	944
988	962
988	965
988	991
56	316
56	720
56	731
56	978
316	540
316	738
316	964
720	417
720	461
720	614
720	657
720	731
720	816
720	930
720	969
731	288
731	448
731	646
731	958
731	1978
978	81
978	120
978	131
978	195
978	247
978	296
978	355
978	381
978	487
978	619
978	681
978	706
978	738
978	749
978	792
978	794
978	837
978	900
978	916
978	939
978	941
978	957
978	974
978	991
978	997
1053	361
1053	1464
1053	1933
361	510
361	569
361	677
361	966
1464	1723
1464	1767
1464	1825
1464	1833
1933	1078
1933	1159
1933	1175
1933	1249
1933	1260
1933	1300
1933	1372
1933	1492
1933	1505
1933	1644
1933	1652
1933	1712
1933	1786
1933	1795
1933	1873
1933	1985
1054	1162
1054	1280
1054	1985
1162	1622
1280	1526
1985	1068
1985	1101
1985	1182
1985	1190
1985	1263
1985	1345
1985	1349
1985	1421
1985	1447
1985	1653
1985	1725
1985	1776
1985	1820
1985	1844
1985	1873
1985	1894
1985	1916
1985	1918
1985	1923
1985	1927
1985	1931
1985	1936
1985	1938
1985	1939
1985	1941
1985	1954
1985	1965
1985	1974
1055	1885
1055	1978
1885	1132
1885	1146
1885	1201
1885	1262
1885	1493
1885	1634
1885	1684
1885	1714
1885	1718
1885	1909
1885	1911
1885	1938
1885	1974
1978	1139
1978	1191
1978	1284
1978	1367
1978	1385
1978	1407
1978	1460
1978	1477
1978	1493
1978	1715
1978	1745
1978	1754
1978	1760
1978	1792
1978	1805
1978	1862
1978	1905
1978	1915
1978	1916
1978	1952
1978	1956
1978	1960
1978	1967
1481	1517
1481	1686
1481	1956
1916	1377
1916	1456
1916	1477
1916	1602
1916	1665
1916	1677
1916	1709
1916	1730
1916	1739
1916	1758
1916	1779
1916	1800
1916	1805
1916	1809
1916	1823
1916	1909
1916	1918
1906	1078
1906	1448
1906	1472
1906	1545
1906	1576
1906	1676
1906	1707
1906	1748
1906	1779
1906	1791
1906	1845
1906	1863
1906	1873
1906	1976
1946	1114
1946	1245
1946	1312
1946	1323
1946	1328
1946	1339
1946	1452
1946	1467
1946	1504
1946	1529
1946	1624
1946	1633
1946	1641
1946	1734
1946	1783
1946	1826
1946	1855
1946	1925
1946	1927
1946	1952
1946	1965
1946	1968
1946	1992
1946	1995
1992	1102
1992	1286
1992	1346
1992	1372
1992	1375
1992	1424
1992	1491
1992	1502
1992	1539
1992	1555
1992	1593
1992	1597
1992	1604
1992	1625
1992	1646
1992	1749
1992	1767
1992	1782
1992	1791
1992	1819
1992	1823
1992	1842
1992	1914
1992	1952
1992	1965
1992	1967
1992	1980
1992	1988
57	288
57	680
57	764
288	730
288	902
680	145
680	587
680	647
680	679
680	795
680	954
764	133
764	402
764	709
764	730
764	798
764	826
764	846
764	908
58	170
58	454
58	785
58	845
170	862
170	958
170	983
454	1740
454	767
454	954
785	330
785	406
785	612
785	793
785	834
785	954
785	957
845	127
845	365
845	631
845	742
845	782
845	841
845	951
845	952
451	290
451	325
451	428
451	685
451	782
60	607
60	864
60	902
607	122
607	479
607	774
607	922
607	964
864	72
864	384
864	537
864	558
864	659
864	705
864	827
864	860
864	925
864	930
864	958
902	156
902	343
902	474
902	524
902	560
902	655
902	690
902	744
902	793
902	934
902	969
902	970
902	985
61	862
61	882
862	224
862	343
862	444
862	447
862	467
862	522
862	559
862	791
862	814
862	861
862	874
862	969
882	129
882	413
882	436
882	525
882	622
882	701
882	727
882	771
882	776
882	819
882	844
882	847
882	858
1058	1292
1058	1565
1058	1790
1292	1288
1292	1717
1292	1915
1565	1453
1565	1559
1565	1899
1565	1904
1790	1254
1790	1399
1790	1709
1790	1788
1790	1912
1790	1952
1790	1955
1790	1963
1059	1958
1059	1960
1958	1126
1958	1465
1958	1496
1958	1539
1958	1653
1958	1665
1958	1688
1958	1702
1958	1704
1958	1751
1958	1752
1958	1761
1958	1857
1958	1862
1958	1882
1958	1886
1958	1901
1958	1905
1958	1944
1958	1956
1958	1987
1960	1112
1960	1142
1960	1214
1960	1266
1960	1501
1960	1582
1960	1594
1960	1605
1960	1656
1960	1687
1960	1708
1960	1730
1960	1775
1960	1821
1960	1833
1960	1900
1960	923
1960	1927
1960	1962
1960	1987
1060	1236
1060	1632
1060	1810
1236	1450
1236	1769
1632	1285
1632	1320
1632	1731
1632	1809
1632	1856
1632	1963
1810	1067
1810	1104
1810	1160
1810	1187
1810	1312
1810	1805
1810	1909
1810	1914
1810	1929
1810	1941
435	126
435	537
435	920
682	309
682	379
682	522
682	598
682	900
682	926
682	958
962	98
962	215
962	234
962	278
962	393
962	528
962	577
962	629
962	653
962	671
962	856
962	859
962	871
962	886
962	895
962	1884
962	898
962	921
962	941
962	979
1061	1806
1061	1901
1061	1949
1806	1097
1806	1367
1806	1536
1806	1580
1806	1685
1806	1688
1806	1847
1806	1874
1806	1929
1806	1942
1806	1974
1901	1232
1901	1276
1901	1294
1901	1307
1901	1355
1901	1426
1901	1601
1901	1617
1901	1685
1901	1895
1901	1929
1949	1074
1949	1350
1949	1406
1949	1425
1949	1426
1949	1457
1949	1568
1949	1602
1949	1669
1949	1708
1949	1734
1949	1754
1949	1792
1949	1905
1949	1911
1949	1941
1949	1942
1949	1965
1949	1974
1949	1995
306	223
306	782
306	1923
603	345
603	377
603	556
603	1622
603	706
603	828
603	884
849	123
849	472
849	613
849	640
849	750
849	833
849	899
849	906
849	930
1602	1171
1602	1912
65	208
65	370
65	543
65	802
208	627
370	596
370	839
370	860
370	925
543	479
543	1583
543	835
543	941
802	286
802	381
802	442
802	539
802	551
802	640
802	744
802	958
66	821
66	923
821	1509
821	624
821	701
821	705
821	716
821	724
821	740
923	78
923	84
923	135
923	203
923	292
923	348
923	386
923	423
923	444
923	580
923	685
923	693
923	790
923	831
923	832
923	835
923	898
1063	1121
1063	1226
1063	1489
1063	1954
1121	1954
1226	1663
1489	1267
1489	1479
1489	1628
1489	1698
1489	1995
1954	1334
1954	1339
1954	1387
1954	1406
1954	1417
1954	1418
1954	1459
1954	1490
1954	1534
1954	1614
1954	1637
1954	1651
1954	1748
1954	1757
1954	1800
1954	1848
1954	1896
1954	1934
1954	1942
1954	1965
67	85
67	358
67	667
85	511
85	846
358	662
358	970
358	991
667	460
667	580
667	673
667	728
667	971
68	110
68	939
110	520
110	652
939	101
939	159
939	226
939	300
939	325
939	346
939	369
939	1450
939	479
939	516
939	555
939	578
939	593
939	750
939	769
939	797
939	826
939	839
939	944
939	975
939	997
1064	1725
1064	1845
1725	1514
1725	1588
1725	1674
1725	1827
1725	1948
1725	1963
1725	1976
1845	1074
1845	1607
1845	1761
1845	1768
1845	1809
1845	1923
1845	1965
1845	1974
1762	1127
1762	1461
1762	1520
1762	1735
1762	1758
1762	1822
1762	1857
1762	1942
1762	1944
1766	1181
1766	1313
1766	1325
1766	1379
1766	1617
1766	1684
1766	1771
1766	1833
1766	1847
1766	1848
1760	1185
1760	1233
1760	1265
1760	1340
1760	1769
1760	1815
1760	1892
1760	1983
1789	1174
1789	1465
1789	1491
1789	1568
1789	1576
1789	1623
1789	1693
1789	1825
1789	1962
1789	1983
1900	1112
1900	1167
1900	1189
1900	1455
1900	1626
1900	1653
1900	1857
1900	1864
1900	1904
1900	979
1900	1983
1900	1999
1067	1341
1067	1681
1067	1925
1341	1129
1341	1359
1681	1767
1681	1781
1681	1948
1681	1952
1925	1101
1925	1235
1925	1273
1925	1388
1925	1443
1925	1546
1925	1562
1925	1600
1925	1675
1925	1783
1925	1808
1925	1873
1925	1881
1925	1910
1925	1913
1925	1976
1925	1987
1925	1994
69	137
69	192
69	600
69	671
137	151
137	528
137	952
192	217
192	717
600	260
600	346
600	531
600	594
600	826
671	293
671	424
671	772
671	900
671	985
70	639
70	732
70	823
639	468
639	847
639	872
639	970
732	135
732	262
732	371
732	717
732	863
732	922
823	98
823	440
823	1516
823	934
823	935
823	966
823	985
401	282
401	303
401	497
401	974
701	467
701	602
701	859
701	900
701	979
701	991
72	461
72	479
461	258
461	738
479	557
1068	1908
1908	1109
1908	1214
1908	1393
1908	1443
1908	1617
1908	1634
1908	1737
1908	1771
1908	1820
1908	1848
1908	1888
1908	1928
1908	1931
1908	1956
1908	1974
398	278
398	979
568	520
568	857
568	944
1069	1745
1069	1967
1745	1191
1745	1218
1745	1542
1745	1782
1745	1876
1745	1956
1745	1980
1967	1085
1967	1086
1967	1132
1967	1213
1967	1221
1967	1291
1967	1305
1967	1358
1967	1444
1967	1513
1967	1544
1967	1648
1967	1667
1967	1677
1967	1827
1967	1854
1967	1876
1967	1878
1967	1904
1967	1914
1967	1928
1967	1980
1967	1994
74	273
74	583
74	596
74	897
273	160
273	459
273	710
273	848
583	309
583	689
583	788
583	848
583	863
583	970
596	163
596	458
596	713
596	887
897	309
897	359
897	369
897	474
897	560
897	616
897	754
897	991
75	296
75	708
296	609
296	832
708	334
708	554
708	846
708	952
1070	1193
1070	1740
1070	1757
1070	1783
1193	1184
1193	1471
1193	1808
1740	1310
1740	1370
1740	1779
1740	1788
1740	1867
1740	1983
1757	1250
1757	1400
1757	1528
1757	1741
1757	1792
1757	1938
1783	1085
1783	1308
1783	1346
1783	1429
1783	1642
1783	1705
1783	1876
1783	1976
1783	1980
1071	1666
1071	1896
1071	1914
1666	1150
1666	1484
1666	1523
1666	1614
1666	1792
1666	1822
1666	1876
1666	1909
1896	1149
1896	1228
1896	1346
1896	1568
1896	570
1896	1623
1896	1668
1896	1822
1896	1848
1896	1876
1896	1905
1896	1915
1896	1972
1896	1994
1914	1084
1914	1153
1914	1354
1914	1421
1914	1437
1914	1598
1914	1692
1914	1726
1914	1741
1914	1833
1914	1843
1914	1904
1914	1948
1914	1970
1072	1648
1072	1708
1648	1601
1648	1877
1648	1911
1648	1915
1708	1091
1708	1288
1708	1347
1708	1505
1708	1773
1708	1800
1708	1934
76	194
76	478
76	922
194	677
194	703
194	920
478	237
478	841
478	863
922	368
922	411
922	1598
922	724
922	743
922	842
922	858
922	916
922	930
922	955
922	981
1073	1096
1073	1116
1073	1533
1073	1927
1096	1423
1096	1585
1116	1478
1116	1873
1116	1963
1533	1433
1533	1465
1533	1564
1927	1100
1927	1342
1927	1474
1927	1488
1927	1579
1927	1603
1927	1709
1927	1724
1927	1751
1927	1764
1927	1788
1927	1880
1927	1888
1927	1895
1927	1911
1074	1994
1994	1104
1994	1221
1994	1258
1994	1373
1994	1403
1994	1517
1994	1524
1994	1540
1994	1575
1994	1600
1994	1605
1994	1661
1994	1675
1994	1688
1994	1714
1994	1723
1994	1750
1994	1765
1994	1769
1994	1803
1994	1873
1994	1882
1994	1894
1994	1926
1994	1931
1994	1962
1994	1972
1968	1085
1968	1268
1968	1299
1968	1314
1968	1378
1968	1379
1968	1411
1968	1454
1968	1469
1968	1482
1968	1515
1968	1560
1968	1698
1968	1777
1968	1888
1968	1944
1968	1963
1968	1980
1076	1839
1076	1857
1839	1129
1839	1337
1839	1349
1839	1374
1839	1559
1839	1567
1839	1630
1839	1679
1839	1685
1839	1736
1839	1747
1839	1862
1839	1888
1839	1972
1857	1130
1857	1185
1857	1302
1857	1587
1857	1600
1857	1645
1857	1684
1857	1802
1857	1818
1857	1974
1077	1650
1077	1864
1077	1931
1077	1970
1650	1151
1650	1580
1650	1713
1650	1720
1650	1737
1650	1899
1864	1083
1864	1147
1864	1333
1864	1416
1864	1440
1864	1463
1864	1468
1864	1549
1864	1644
1864	1749
1864	1884
1931	1090
1931	1282
1931	1288
1931	1445
1931	1646
1931	1699
1931	1763
1931	1771
1931	1819
1931	1828
1931	1842
1931	1880
1931	1909
1931	1912
1931	1987
1970	1231
1970	1315
1970	1386
1970	1403
1970	1414
1970	1532
1970	1555
1970	1609
1970	1656
1970	1674
1970	1677
1970	1712
1970	1805
1970	1809
1970	1819
1970	1827
1970	1855
1970	1866
1970	1877
1970	1899
1970	1923
1970	1929
1970	1942
1970	1948
1970	1972
1078	1499
1078	1899
1499	1659
1499	1782
1499	1844
1899	1457
1899	1555
1899	1595
1899	1698
1899	1714
1899	1808
1899	1951
1899	1980
1899	1983
641	282
641	364
641	550
641	742
641	965
900	119
900	289
900	340
900	464
900	1488
900	566
900	598
900	740
900	754
900	854
900	863
900	911
900	997
926	114
926	328
926	375
926	505
926	560
926	601
926	652
926	677
926	837
926	1822
926	860
926	954
926	974
1079	1159
1079	1289
1079	1614
1159	1263
1159	1886
1289	1862
1289	1972
1614	1462
1614	1644
1614	1667
1614	1767
78	975
975	95
975	217
975	389
975	390
975	392
975	416
975	436
975	589
975	591
975	623
975	674
975	678
975	684
975	742
975	778
975	798
975	839
975	857
975	886
975	913
975	916
975	944
975	964
975	983
975	991
79	703
79	714
703	877
703	890
703	934
703	969
703	981
714	128
714	570
714	574
714	754
714	997
1081	1130
1081	1136
1081	1477
1081	1732
1130	1366
1130	1705
1136	1173
1136	1184
1136	1944
1477	1679
1477	1697
1732	1152
1732	1174
1732	1215
1732	1579
1732	1598
1732	1763
1732	1819
1732	1915
80	587
80	878
80	952
80	983
587	175
587	518
587	717
587	858
587	981
878	129
878	147
878	338
878	536
878	615
878	747
878	752
878	822
878	827
878	871
878	930
878	958
952	161
952	237
952	302
952	348
952	430
952	504
952	598
952	625
952	702
952	786
952	808
952	822
952	872
952	887
952	924
952	983
983	105
983	156
983	350
983	1385
983	456
983	475
983	541
983	547
983	589
983	634
983	665
983	711
983	784
983	828
983	874
983	876
983	925
983	974
983	979
983	981
1082	1463
1082	1637
1082	1769
1082	1976
1463	1311
1463	1674
1463	1731
1637	1148
1637	1493
1637	1952
1637	1956
1769	1155
1769	1673
1769	1999
1976	1223
1976	1243
1976	1329
1976	1437
1976	1466
1976	1472
1976	1561
1976	1617
1976	1706
1976	1710
1976	1716
1976	1750
1976	1759
1976	1761
1976	1847
1976	1905
1976	1948
1976	1963
1083	1175
1083	1974
1175	1833
1175	1882
1974	1141
1974	1156
1974	1256
1974	1275
1974	1509
1974	1544
1974	1555
1974	1591
1974	1631
1974	1633
1974	1797
1974	1843
1974	1854
1974	1955
1974	1956
1974	1983
1084	1188
1084	1261
1084	1702
1188	1298
1188	1317
1188	1697
1261	1401
1261	1618
1261	1767
1702	1658
1702	1755
1702	1890
1702	1910
81	366
81	575
81	608
366	153
366	458
366	871
366	969
575	246
575	265
575	772
575	777
575	908
608	197
608	826
608	925
608	971
1085	1468
1468	1422
1468	1744
1468	1956
1086	1105
1086	1381
1086	1721
1105	1413
1105	1644
1105	1827
1381	1383
1381	1672
1721	1165
1721	1634
1721	1684
1721	1892
1721	1929
1721	1952
1721	1972
1721	1983
695	246
695	448
695	619
695	658
695	743
786	223
786	377
786	395
786	526
786	792
786	930
637	729
637	736
637	751
637	767
637	874
744	294
744	327
744	954
744	964
744	970
1087	1108
1087	1266
1108	1972
84	434
84	572
434	268
434	645
434	826
434	835
572	187
572	843
572	884
572	886
572	890
1088	1260
1088	1944
1260	1339
1260	1704
1944	1296
1944	1377
1944	1490
1944	1589
1944	1628
1944	1651
1944	1675
1944	1689
1944	1718
1944	1741
1944	1773
1944	1818
1944	1873
1944	1939
1089	1133
1089	1316
1089	1651
1133	1676
1133	1910
1316	1528
1316	1643
1316	1645
1316	1999
1651	1092
1651	1365
1651	1418
1651	1747
1651	1956
511	258
511	753
511	808
846	182
846	522
846	605
846	630
846	721
846	727
846	794
846	831
846	833
846	856
846	969
846	974
86	133
86	711
133	602
133	842
711	1218
711	325
711	391
711	514
711	969
1090	1263
1090	1731
1090	1972
1263	1308
1731	1507
1731	1844
1731	1854
1731	1956
1972	1317
1972	1330
1972	1401
1972	1407
1972	1449
1972	1484
1972	1581
1972	1582
1972	1715
1972	1796
1972	1834
1972	1849
1972	1939
1972	1965
1972	1983
1972	1995
1091	1227
1091	1956
1227	1299
1227	1948
1956	1120
1956	1201
1956	1299
1956	1428
1956	1433
1956	1592
1956	1596
1956	1597
1956	1624
1956	1686
1956	1710
1956	1767
1956	1779
1956	1834
1956	1873
1956	1910
1956	1936
1092	1832
1832	1343
1832	1496
1832	1744
1832	1823
1832	1867
1832	1913
1832	1915
1832	1965
1832	1999
1093	1425
1425	1187
1425	1728
1425	1904
1094	1365
1094	1369
1094	1668
1365	1399
1365	1454
1365	1923
1369	1390
1369	1617
1369	1892
1668	1277
1668	1428
1668	1580
1668	730
1668	1884
1668	1951
1095	1642
1095	1802
1642	1164
1642	1513
1642	1712
1642	1855
1802	1422
1802	1508
1802	1598
1802	1607
1802	1707
1802	1773
1802	1881
379	254
379	750
379	808
887	453
887	472
887	581
887	599
887	648
887	659
887	691
887	857
887	898
887	916
887	935
887	974
887	979
935	261
935	324
935	407
935	421
935	534
935	698
935	788
935	809
935	815
935	857
935	909
935	925
935	941
935	970
935	981
935	991
88	181
88	308
88	334
88	871
181	411
181	834
181	991
308	497
308	622
308	812
334	168
334	863
334	934
871	298
871	412
871	490
871	649
871	670
871	965
871	979
89	616
89	651
89	817
616	562
616	579
616	728
616	747
616	974
651	157
651	428
651	523
651	698
651	969
651	971
817	132
817	226
817	243
817	426
817	441
817	741
817	749
817	816
817	965
90	335
90	839
335	160
335	456
335	601
335	750
839	219
839	555
839	1663
839	818
91	951
951	1107
951	115
951	275
951	411
951	476
951	491
951	509
951	519
951	523
951	533
951	551
951	578
951	598
951	630
951	812
951	860
951	904
951	934
951	974
92	185
92	211
92	241
185	665
185	979
211	609
211	904
241	101
241	518
241	909
1423	1344
1423	1362
1423	1428
1423	1825
1585	1385
1585	1495
1585	1693
1585	1761
1585	1987
1097	1368
1097	1402
1097	1551
1368	1734
1402	1408
1402	1579
1402	1828
1402	1847
1402	1895
1551	1752
1551	1878
1551	1995
1098	1626
1098	1641
1098	1800
1098	1995
1626	1414
1626	1697
1626	1777
1641	1574
1641	1591
1641	1718
1641	1723
1641	1823
1800	1290
1800	1387
1800	1440
1800	1792
1800	1882
1800	1926
1800	1988
1995	1217
1995	1241
1995	1256
1995	1325
1995	1336
1995	1505
1995	1550
1995	1690
1995	1700
1995	1726
1995	1749
1995	1752
1995	1781
1995	1815
1995	1822
1995	1834
1995	1844
1995	1856
1995	1923
1995	1938
1995	1955
1995	1983
93	371
93	733
93	1826
371	350
371	605
371	760
733	611
733	649
733	771
733	911
733	930
733	997
1826	1118
1826	1281
1826	1557
1826	1610
1826	1717
1826	1819
1826	1882
1826	1911
1826	1948
1826	1955
94	124
94	893
124	876
893	269
893	540
893	569
893	582
893	632
893	698
893	767
893	795
893	833
893	844
893	877
893	906
893	997
1099	1296
1099	1553
1099	1678
1099	1898
1296	1424
1296	1460
1553	1667
1553	1690
1553	1886
1553	1941
1678	1252
1678	1507
1678	1645
1678	1764
1898	1138
1898	1315
1898	1318
1898	1332
1898	1334
1898	1342
1898	1347
1898	1391
1898	1467
1898	1586
1898	1624
1898	1878
1898	1948
95	895
95	997
895	121
895	298
895	524
895	564
895	818
895	822
895	909
895	920
895	991
997	154
997	171
997	224
997	243
997	281
997	320
997	386
997	417
997	499
997	727
997	736
997	789
997	822
997	843
997	850
997	853
997	890
997	930
997	934
997	941
997	965
997	966
997	985
96	475
96	546
96	921
475	971
546	360
546	527
546	552
546	741
546	812
921	107
921	145
921	158
921	234
921	351
921	504
921	612
921	647
921	660
921	669
921	811
921	818
921	906
921	920
921	930
921	979
1100	1205
1100	1333
1100	1776
1205	1124
1205	1366
1333	1550
1333	1934
1776	1600
1776	1680
1776	1692
1776	1714
1776	1894
1776	1923
1101	1834
1101	1881
1834	1122
1834	1536
1834	1657
1834	1726
1834	1735
1834	1736
1834	1808
1834	1915
1881	1209
1881	1225
1881	1378
1881	1411
1881	1467
1881	1735
1881	1780
1881	1808
1881	1842
1881	1918
1881	1962
1881	1963
1881	1980
1102	1483
1102	1624
1102	1965
1483	1462
1483	1523
1483	1540
1483	1722
1483	1819
1624	1275
1624	1887
1965	1268
1965	1297
1965	1394
1965	1497
1965	1593
1965	1616
1965	1635
1965	1712
1965	1777
1965	1809
1965	1884
1965	1891
1965	1939
1965	1983
1633	1495
1633	1592
1633	1686
1633	1836
1827	1349
1827	1520
1827	1623
1827	1765
1827	1782
1827	1828
1827	1918
778	197
778	199
778	391
778	582
778	687
560	410
560	688
560	835
1867	1122
1867	1720
1867	1820
1867	1923
1867	1926
1867	1938
100	419
419	471
419	709
419	836
419	979
1104	1855
1855	1156
1855	1348
1855	1406
1855	1601
1855	1623
1855	1686
1855	1700
1855	1792
1855	1905
1855	1955
1855	1999
101	855
101	955
855	120
855	152
855	309
855	378
855	582
855	660
855	850
855	863
855	909
855	916
855	979
955	164
955	330
955	351
955	777
955	788
955	791
955	861
955	863
955	865
955	872
955	876
955	877
955	979
102	122
102	411
102	738
122	289
122	649
411	794
738	526
738	677
738	944
103	222
103	836
103	899
222	468
222	484
836	389
836	490
836	530
836	713
836	729
836	831
836	857
836	906
836	1987
899	199
899	463
899	487
899	550
899	553
899	664
899	743
899	791
899	818
899	1942
899	964
899	985
899	991
104	199
104	537
104	925
104	969
537	749
537	861
925	206
925	262
925	282
925	293
925	425
925	727
925	754
925	843
925	981
969	276
969	285
969	336
969	432
969	471
969	566
969	626
969	631
969	643
969	652
969	745
969	850
969	896
969	970
105	535
105	861
535	604
535	689
535	742
535	909
535	924
861	201
861	291
861	414
861	465
861	709
861	716
861	751
861	760
861	814
861	890
861	904
106	856
106	924
856	145
856	291
856	540
856	706
856	788
856	789
856	837
856	850
856	904
924	182
924	277
924	447
924	510
924	529
924	593
924	623
924	626
924	781
924	809
924	811
924	863
924	906
924	958
924	965
924	966
924	985
924	991
1413	1490
1413	1535
1644	1796
1644	1988
1106	1207
1106	1586
1106	1717
1207	1459
1207	1877
1207	1963
1586	1366
1586	1649
1586	1847
1586	1948
1717	1285
1717	1376
1717	1390
1717	1503
1717	1508
1717	1647
1717	1808
1107	1535
1107	1730
1535	1476
1535	1741
1535	1939
1535	1952
1730	1583
1730	1856
1730	1955
1109	1134
1109	1248
1248	1267
1248	1529
1248	1890
1110	1185
1185	1700
1111	1146
1111	1821
1111	1912
1146	1186
1146	1605
1821	1148
1821	1324
1821	1355
1821	1546
1821	1736
1821	1738
1821	1788
1821	1849
1821	1894
1821	1913
1912	1187
1912	1254
1912	1374
1912	1707
1912	1770
1912	1801
1912	1878
1912	1948
108	142
108	519
108	582
108	1913
142	844
519	373
519	404
519	716
582	459
582	529
582	985
1913	1241
1913	1328
1913	1351
1913	1383
1913	1679
1913	1736
1913	1737
1913	1801
1913	1866
1913	1951
1913	1987
1112	1748
1112	1877
1748	1135
1748	1770
1748	850
1748	1887
1748	1918
1748	1951
1877	1432
1877	1554
1877	1555
1877	1631
1877	1649
1877	1679
1877	1741
1877	1765
1877	1809
1877	1828
1877	1892
1113	1182
1113	1755
1113	1926
1182	1529
1182	1791
1755	1688
1755	1764
1755	1938
1755	1980
1926	1166
1926	1172
1926	1281
1926	1328
1926	377
1926	1486
1926	1520
1926	1655
1926	1658
1926	1890
1926	1915
1114	1770
1114	1797
1770	1342
1770	1375
1770	1394
1770	1686
1770	1758
1797	1165
1797	1466
1797	1536
1797	1673
1797	1764
1115	1191
1115	1238
1115	1451
1115	1850
1191	1522
1238	1663
1238	1764
1238	1988
1451	1773
1850	1117
1850	1256
1850	1396
1850	1455
1850	1510
1850	1525
1850	1548
1850	1557
1850	1570
1850	1599
1850	1812
1850	1928
1850	1980
1850	1999
109	292
292	532
292	827
292	958
1478	842
1873	1234
1873	1665
1873	1843
1873	1863
1963	189
1963	1270
1963	1313
1963	1363
1963	1492
1963	1503
1963	1709
1963	1764
1963	1765
1963	1812
1963	1844
1963	1872
1963	1876
1963	1934
1963	1952
1963	1983
1963	1999
520	447
520	646
520	791
652	360
652	662
652	765
652	1847
652	965
111	268
111	328
111	395
111	981
268	471
268	724
268	908
328	201
328	850
395	154
395	658
395	908
981	183
981	213
981	276
981	281
981	293
981	414
981	444
981	605
981	609
981	691
981	741
981	756
981	769
981	827
981	835
981	847
981	876
981	920
981	934
981	941
981	974
1117	1444
1117	1446
1117	1723
1444	1749
1444	1887
1446	1348
1446	420
1446	1505
1446	1544
1446	1895
1723	1330
1723	1589
1723	1715
1723	1777
1723	1795
1118	1327
1118	1939
1327	1217
1327	1909
1939	1337
1939	1476
1939	1512
1939	1529
1939	1539
1939	1595
1939	1609
1939	1649
1939	1856
1939	1872
1939	930
1939	1923
112	816
112	964
816	223
816	250
816	374
816	829
816	865
816	886
816	911
964	158
964	275
964	302
964	422
964	538
964	550
964	580
964	595
964	604
964	612
964	618
964	659
964	679
964	709
964	834
964	865
964	965
1119	1938
1119	1980
1938	1330
1938	1358
1938	1458
1938	1496
1938	1652
1938	1679
1938	1680
1938	1685
1938	1700
1938	1736
1938	1836
1938	1878
1938	1888
1938	1962
1938	1999
1980	1120
1980	1252
1980	1275
1980	1497
1980	1510
1980	1542
1980	1558
1980	1564
1980	1590
1980	1597
1980	1625
1980	1657
1980	1758
1980	1795
1980	1884
1980	1886
1980	1921
1980	1928
1980	1929
751	789
751	970
1120	1406
114	260
260	487
260	643
260	790
115	771
771	341
771	567
771	677
771	874
771	916
116	221
116	781
116	834
116	859
221	172
781	132
781	175
781	354
781	473
781	690
781	920
834	227
834	742
834	854
834	913
859	285
859	763
859	769
859	819
859	894
859	898
859	957
859	970
1122	1768
1768	1196
1768	1230
1768	1233
1768	1545
1768	1661
1768	1705
1768	1836
1768	1863
117	191
117	396
117	553
191	188
191	593
191	837
396	213
396	860
553	204
553	319
553	835
553	920
277	577
277	602
277	619
1780	1180
1780	1508
1780	1658
1780	1775
1780	1854
1780	965
118	526
118	709
118	741
118	966
526	248
526	757
526	909
526	930
709	131
709	286
709	521
741	529
741	1613
741	974
966	123
966	278
966	319
966	348
966	477
966	585
966	665
966	669
966	670
966	754
966	769
966	837
966	916
1124	1842
1124	1894
1842	1151
1842	1243
1842	1434
1842	1560
1842	1771
1842	1773
1842	1788
1842	1876
1894	1165
1894	1216
1894	1223
1894	1337
1894	1530
1894	1603
1894	1701
1894	1709
1894	1734
1894	1848
1894	1887
1894	1987
1125	1244
1125	1435
1125	1724
1125	1983
1244	1660
1435	1521
1435	1687
1435	1822
1724	1561
1724	1612
1724	1697
1724	1781
1724	1878
1724	1891
1983	1132
1983	1149
1983	1152
1983	1202
1983	1336
1983	1339
1983	1459
1983	1476
1983	1561
1983	1599
1983	1603
1983	1655
1983	1663
1983	1665
1983	1713
1983	1747
1983	1848
1983	1849
1983	1948
1983	1987
1126	1480
1480	1459
1480	1761
1480	1862
1480	1941
1480	1988
1127	1308
1127	1752
1752	1516
1752	1543
1752	1580
1752	1683
1752	1812
119	827
827	299
827	359
827	392
827	465
827	473
827	643
827	658
827	728
827	804
120	171
120	403
171	837
171	991
403	455
403	734
403	1820
121	225
121	407
225	493
225	877
1128	1338
1338	1530
1338	1688
1338	1955
1129	1157
1129	1904
1157	1362
1157	1848
1157	1987
1904	1343
1904	1469
1904	1474
1904	1497
1904	1539
1904	1554
1904	1576
1904	1616
1904	1625
1904	1680
1904	1848
1904	1999
1366	1387
1366	1843
1705	1386
1705	1476
1705	1652
1705	1728
1705	1734
1131	1450
1131	1578
1450	1786
1578	1166
1578	1601
1578	1847
1578	1874
1132	1936
1936	1279
1936	1320
1936	1326
1936	1372
1936	1379
1936	1475
1936	1510
1936	1534
1936	1549
1936	1589
1936	1771
1936	1775
1936	1869
1936	1872
1936	1895
1936	1928
289	389
289	631
649	509
649	561
649	829
123	791
123	872
791	304
791	577
791	883
872	154
872	167
872	219
872	408
872	494
872	705
872	832
872	894
1676	1534
1676	1647
1676	1758
1676	1915
1676	1962
1910	1184
1910	1326
1910	1367
1910	455
1910	1455
1910	1509
1910	1536
1910	1672
1910	1690
1910	1876
1910	1884
1910	1955
1135	1431
1431	1604
1431	1738
1431	1923
876	368
876	452
876	470
876	743
876	763
876	934
876	944
876	971
125	279
125	391
279	469
279	661
279	745
391	584
391	638
1173	1150
1173	1828
1173	1836
1184	1315
126	138
126	612
126	710
138	570
138	870
612	402
612	417
612	825
612	944
710	423
710	432
710	753
710	798
710	920
710	971
1137	1409
1137	1554
1137	1891
1409	1180
1409	1854
1409	1948
1409	1962
1554	1467
1554	1591
1554	1697
1891	1143
1891	1253
1891	1462
1891	1523
1891	1625
1891	1741
1891	1754
1891	1775
1891	1843
1891	1951
1891	1952
1891	1955
1891	970
1138	1319
1138	1763
1319	1682
1319	769
1319	1895
1763	1279
1763	1336
1763	1507
1763	1514
1763	1579
1763	1701
1763	1921
127	239
127	470
239	570
239	857
470	539
470	874
470	913
128	285
129	782
129	822
782	188
782	312
782	745
782	772
782	985
822	161
822	715
822	884
822	970
130	402
130	694
402	442
402	870
694	264
694	320
694	476
694	567
694	934
131	808
808	601
808	776
808	890
808	894
808	898
808	911
602	645
602	776
842	297
842	477
842	557
842	798
842	991
1139	1999
1999	1243
1999	1270
1999	1324
1999	1343
1999	1392
1999	1394
1999	1432
1999	1474
1999	1603
1999	1758
1999	1786
1999	1805
1999	1874
1999	1921
1999	1934
1999	1951
1999	1962
1999	1988
134	458
134	565
134	625
458	467
565	204
565	364
565	487
625	354
625	593
625	831
1140	1415
1140	1429
1140	1458
1140	1618
1415	1166
1415	1252
1415	1548
1415	1872
1429	1243
1429	1895
1458	1164
1458	1196
1618	1452
1618	1716
1618	1754
1618	1849
1618	1892
1141	1301
1141	1587
1301	1771
1301	1941
1587	1318
1587	1536
1587	1775
135	890
135	896
890	274
890	477
890	506
890	534
890	657
890	784
890	788
890	970
896	462
896	464
896	578
896	734
896	736
896	740
896	752
896	795
896	819
896	850
896	884
896	906
896	974
1142	1987
1987	1315
1987	1336
1987	1339
1987	1358
1987	1419
1987	1543
1987	1557
1987	1581
1987	1640
1987	1663
1987	1693
1987	1735
1987	1833
1987	1856
1987	1874
1987	1887
1987	1888
1987	1909
136	189
189	971
1143	1604
1143	1612
1604	1166
1604	1293
1604	1519
1612	1488
1612	1506
151	297
151	340
151	590
528	303
528	646
528	829
528	857
1144	1791
1144	1836
1791	1265
1791	1334
1791	1494
1791	1525
1791	1631
1836	1325
1836	1449
1836	1534
1836	1609
1836	1759
1836	1822
1836	1848
1836	1866
1836	1869
1836	1892
1836	1951
1145	1433
1145	1469
1145	1508
1145	1569
1433	1408
1433	1569
1469	1645
1469	1856
1508	1962
1569	1574
1569	1951
1569	1952
570	643
570	867
570	908
870	234
870	524
870	599
870	689
870	769
870	833
870	853
1186	1417
1186	1911
1605	1288
1147	1202
1147	1929
1202	1479
1929	1199
1929	1218
1929	1273
1929	1285
1929	1293
1929	1677
1929	1726
1929	1737
1929	1765
1929	1795
1929	1887
1929	1988
1148	1962
1962	1237
1962	1302
1962	1399
1962	1504
1962	1526
1962	1582
1962	1700
1962	1726
1962	1735
1962	1862
1962	1890
1149	1570
1149	1640
1570	1422
1570	1549
1570	1895
1640	1512
1640	1854
1640	1887
1150	1781
1150	1878
1781	1482
1781	1600
1781	1635
1781	1682
1781	1687
1878	1309
1878	1525
1878	1722
1878	1775
1878	1795
1878	1905
1878	1921
1151	1568
1568	1895
1568	1921
139	538
139	610
139	894
139	944
538	190
538	755
538	815
610	1310
610	674
610	745
610	930
894	448
894	506
894	547
894	624
894	664
894	747
894	854
894	886
944	310
944	384
944	481
944	594
944	613
944	623
944	657
944	729
944	776
944	796
944	941
140	505
140	690
505	784
690	141
690	442
690	777
690	985
141	814
141	854
814	280
814	574
814	624
814	705
814	917
814	985
854	275
854	382
854	523
854	752
854	765
854	844
844	200
844	248
844	622
844	734
844	850
844	908
844	909
844	916
143	291
143	354
291	646
291	734
354	804
144	424
144	558
144	812
144	884
424	318
424	665
424	797
558	382
812	692
812	697
812	841
812	906
812	954
884	157
884	640
884	661
884	793
884	811
884	832
884	974
145	757
757	382
757	460
757	638
757	750
757	809
757	815
146	324
146	991
324	351
991	236
991	414
991	452
991	477
991	561
991	571
991	629
991	662
991	1688
991	832
991	979
1152	1818
1818	1267
1818	1625
1818	1720
1818	1738
1818	1934
1818	1942
1818	1988
1153	1812
1812	1220
1812	1524
1812	1545
1812	1598
1812	1876
1812	1951
1154	1441
1441	1921
1156	1661
1156	1890
1661	227
1661	1391
1661	1417
1661	1786
1890	1286
1890	1438
1890	1532
1890	1572
1890	1707
1890	1758
1890	1767
1890	1805
1890	1825
147	198
198	270
198	916
149	293
149	789
293	212
789	238
789	404
789	530
789	573
789	717
789	909
150	685
150	687
150	763
685	327
685	692
685	760
687	467
687	552
687	562
687	655
687	666
763	510
763	591
763	617
763	678
763	860
763	877
297	215
297	300
297	664
340	278
340	496
340	840
590	749
590	809
590	858
152	727
152	904
727	792
727	815
727	971
904	165
904	265
904	490
904	563
904	599
904	867
904	874
904	941
153	283
153	729
283	456
729	164
729	573
729	908
729	985
1362	1178
1848	1387
1848	1647
1848	1749
1848	1882
1848	957
155	532
155	740
155	833
155	985
532	630
532	820
532	911
740	492
740	792
833	445
833	569
833	623
833	874
833	913
833	917
985	231
985	311
985	326
985	415
985	486
985	527
985	609
985	618
985	670
985	793
985	811
985	831
985	837
985	965
985	971
1886	1351
1886	1374
1886	1453
1886	1680
1886	1687
1886	1700
1886	1773
1886	1819
1886	1905
1886	1928
156	604
604	220
157	207
157	541
207	1233
541	330
541	557
541	630
1160	1892
1892	1169
1892	1214
1892	1295
1892	1340
1892	1353
1892	1497
1892	1657
1892	1909
159	551
159	661
551	934
661	474
661	567
661	647
661	697
1161	1509
1161	1564
1509	1690
1509	1796
1564	1323
1564	1581
1564	1665
1564	1844
160	562
160	630
562	669
562	743
630	493
1622	1246
1622	1307
1622	1407
1622	1955
1163	1351
1163	1521
1163	1895
1351	1256
1351	1345
1521	1510
1521	1519
1521	1631
1895	1254
1895	1307
1895	1722
1895	1833
161	425
425	381
425	974
162	215
162	707
215	363
707	329
707	438
707	574
707	648
707	819
1164	1515
1164	1918
1515	1189
1515	1418
1515	1607
1515	1786
1918	1171
1918	1217
1918	1348
1918	1410
1918	1494
1918	1597
1918	1738
1918	1869
163	282
163	650
163	677
650	515
650	886
677	449
164	713
164	971
971	248
971	485
971	577
971	585
971	659
971	666
971	674
971	715
971	742
971	837
971	847
971	957
165	362
165	613
362	281
362	753
362	788
613	281
613	300
613	647
1165	1264
1264	1488
1264	1880
1264	1909
550	736
550	911
550	934
954	187
954	376
954	497
954	567
954	595
954	622
954	646
954	648
954	653
954	811
954	831
954	958
954	965
167	318
318	514
168	665
665	1224
665	491
665	614
169	578
169	848
578	390
578	659
578	958
848	443
848	765
848	815
848	837
848	898
848	911
848	1911
848	958
1167	1275
1167	1764
1275	1728
1764	1204
1764	1744
1764	1928
1168	1388
1168	1583
1168	1616
1168	1928
1388	1500
1388	1775
1388	1788
1583	1233
1583	1418
1583	1645
1583	1833
1616	1679
1616	1884
1928	1231
1928	1317
1928	1328
1928	1552
1928	1615
1928	1645
1928	1884
1928	1909
958	172
958	235
958	299
958	326
958	350
958	355
958	359
958	547
958	566
958	728
958	1862
1169	1716
1169	1739
1169	1880
1716	1383
1716	1734
1716	1796
1716	1888
1739	1399
1739	1466
1739	1504
1739	1512
1739	1689
1739	1706
1880	1208
1880	1337
1880	1393
1880	1706
1880	1803
1880	1874
1880	1934
1880	1942
837	545
837	941
1170	1575
1170	1646
1170	1658
1170	1659
1575	1360
1575	1552
1575	1915
1646	1419
1646	1525
1658	1682
1658	1726
1658	877
1659	1479
1659	1720
1659	1866
1171	1209
1171	1689
1209	1375
1209	1847
1689	1200
1689	1591
1689	1751
1689	1765
1689	1952
1172	1214
1172	1692
1692	1502
1692	1782
1692	1805
172	264
172	756
264	698
756	217
756	529
756	597
756	626
756	774
756	776
756	841
660	794
660	843
660	874
1828	1293
1828	1403
1828	1540
1828	1561
1828	1588
1828	1698
174	473
473	493
473	941
473	974
175	344
175	662
344	476
344	840
344	979
662	317
662	716
662	965
1174	1510
1174	1777
1777	1197
1777	1354
1777	1849
1777	1872
1833	1754
1882	1304
1882	1398
1882	1408
1882	1555
1882	1594
1882	1854
1796	1273
1796	1471
1796	1495
1796	1542
1796	1653
1796	1677
1796	1951
1178	1426
1426	1254
1426	1786
1179	1866
1179	1923
1866	1315
1866	1434
1866	1449
1866	1675
1866	1682
1866	1685
1866	1792
1866	1874
1923	1231
1923	1259
1923	1419
1923	1562
1923	1609
1923	1615
1923	1905
1923	1951
1923	1988
177	795
177	819
795	655
795	753
795	754
795	840
795	979
819	1364
819	696
819	820
819	835
819	906
819	965
819	979
1180	1782
1782	1460
1782	1754
1782	1771
1782	1815
1782	1905
1181	1232
1181	1714
1232	1310
1232	1579
1714	1344
1714	1825
178	826
178	957
826	300
826	501
826	647
826	691
957	227
957	238
957	422
957	430
957	496
957	527
957	554
957	598
957	615
957	627
957	754
957	755
957	760
957	847
957	930
1529	1526
917	421
917	426
917	453
917	829
917	841
917	867
917	877
917	930
180	200
180	1265
180	640
180	829
200	747
1265	1657
1265	1788
640	502
640	556
640	730
829	244
829	339
829	374
829	439
1700	1250
1700	1788
1700	1911
1417	1376
1417	1424
1911	1384
1911	1502
1911	1559
1911	1686
1911	1788
1911	1803
1911	1941
182	265
265	480
265	728
1298	1242
1298	1501
1298	1734
1298	1941
1317	1246
1697	1257
1697	1888
183	359
183	365
365	832
365	930
1189	1323
1189	1506
1323	1419
1506	1247
1506	1952
979	210
979	299
979	428
979	455
979	512
979	617
979	619
979	653
979	840
979	843
186	506
186	705
186	815
186	840
506	646
506	832
705	450
705	681
705	702
815	521
815	632
815	666
840	408
840	491
840	642
840	860
840	874
188	369
188	390
1190	1249
1190	1448
1190	1795
1249	1744
1249	1905
1448	1655
1448	1771
1448	1844
1795	1215
1795	1290
1795	1631
1795	1887
190	320
320	500
320	595
1522	1707
593	214
593	790
1744	1347
1744	1432
1744	1576
217	284
717	970
1471	1847
1471	1862
1808	1432
1808	1439
1808	1643
1808	1751
1613	1256
1613	1547
1613	1815
1613	1825
920	632
920	647
920	828
920	853
195	697
195	760
697	294
697	443
697	1525
760	898
760	934
1195	1281
1195	1675
1195	1934
1281	1775
1675	1663
1675	1710
1675	1863
1934	1259
1934	1344
1934	1360
1934	1432
1934	1589
1934	1591
1934	1701
1934	1734
1934	1765
1934	1822
1934	1948
1934	1951
196	202
196	206
196	525
202	818
206	351
206	609
525	351
525	417
525	488
525	493
1196	1305
1196	1823
1305	1235
1305	1988
1823	1513
1823	1558
1823	1607
1823	1672
1823	1735
1823	1849
1823	1854
1823	1872
270	312
270	874
916	244
916	284
916	449
916	623
916	666
916	724
916	820
916	965
1197	1231
1197	1572
1197	1738
1572	1312
1572	1594
1572	1863
1738	1582
1738	1758
1198	1324
1198	1540
1324	1955
1540	1310
747	376
747	514
747	794
201	433
201	449
433	1411
433	440
433	850
449	648
818	460
818	835
818	908
818	911
203	232
203	843
232	529
843	242
843	658
843	664
843	730
1199	1255
1255	1408
1255	1592
1255	1872
1200	1712
1712	1399
1712	1710
1712	1761
204	313
204	792
313	290
313	356
313	360
792	345
792	482
792	527
792	556
792	774
792	941
205	261
205	311
205	719
261	883
261	974
311	561
311	614
719	468
719	494
719	659
719	749
719	769
719	867
609	410
609	638
1201	1652
1652	1228
1652	1609
1652	1822
1479	1268
1332	1874
1204	1314
1204	1490
1490	1701
627	631
627	674
627	831
499	518
499	659
210	490
210	605
490	865
605	574
605	734
1459	1951
212	500
212	796
500	552
500	865
500	867
500	906
796	314
796	441
796	442
796	501
796	673
796	877
214	545
545	430
545	536
545	563
1208	1948
1948	1286
1948	1350
1948	1367
1948	1584
1948	1628
1948	724
1948	1771
363	420
452	253
452	487
452	797
496	491
571	555
571	825
571	841
284	561
1847	1436
1847	1600
1847	1610
1847	1856
1211	1461
1461	1440
1212	298
1212	1844
1212	1955
298	352
1844	1434
1844	1462
1844	1599
1844	1707
1844	1722
1955	1213
1955	1309
1955	1442
1955	1457
1955	1484
1955	1596
1955	1863
1955	1872
1955	1909
1955	1952
219	745
745	622
745	658
745	867
220	584
220	794
584	634
584	825
794	336
794	684
794	769
1213	1557
1557	1299
1557	1454
468	420
468	1801
484	381
484	734
484	909
223	811
811	319
811	341
811	730
224	841
841	276
841	406
841	877
841	913
493	594
877	246
877	693
877	857
227	310
310	688
228	423
228	514
423	380
423	702
514	898
229	689
229	941
689	347
689	598
689	886
689	941
941	275
941	280
941	317
941	567
1216	1706
1706	1656
1706	1809
1217	1318
1218	1815
1815	1408
1815	1584
1815	1869
1815	1872
1815	1884
1815	1988
231	555
529	430
529	847
1219	1237
1219	1422
1237	1394
1237	1445
1422	1803
1220	1297
1220	1909
1220	1988
1297	1286
1909	1352
1909	1430
1909	1453
1909	1635
1909	1761
1909	1869
1988	1246
1988	1270
1988	1277
1988	1311
1988	1325
1988	1439
1988	1486
1988	1516
1988	1547
1988	1589
1988	1590
1988	1673
1988	1722
1988	1750
1988	1759
1988	1884
1221	1539
1539	1951
234	417
1222	1223
1222	1322
1222	1765
1223	1680
1765	1449
1765	536
1765	1592
1765	1667
235	352
235	669
352	303
352	772
669	413
669	638
669	911
236	262
236	530
236	857
262	412
262	491
530	860
857	253
857	647
857	790
857	934
1680	1300
1680	1545
1680	1736
1224	1512
1224	1915
1915	1379
1915	1387
1915	1393
1915	1803
1915	1856
1225	1534
1225	1862
1225	1888
1534	1562
1534	1805
1862	1430
1862	1491
1862	1558
1862	1610
1862	1617
1862	1684
1888	1376
1888	1437
1888	1684
1888	1704
1888	1750
1888	1952
1663	1550
1663	1856
238	767
767	724
767	831
1299	1473
1228	1442
1228	1952
1952	1258
1952	1378
1952	1414
1952	1466
1952	1525
1952	1779
1952	1801
1952	1819
1952	1863
1229	1593
1229	1660
1229	1775
1593	1513
1593	1562
1593	1649
1660	1447
1660	1759
1660	1869
1775	1410
1775	1686
1230	1258
1230	1438
1230	1921
1258	1473
1438	1273
1438	1359
1438	1382
1438	1517
1921	1235
1921	1285
1921	1350
1921	1414
1921	1493
1921	1516
1921	1598
1921	1656
1921	1657
1921	1682
1921	1720
1921	1792
240	421
240	536
421	788
536	469
909	355
909	382
909	684
909	853
242	327
327	798
1579	1843
243	414
243	974
414	488
974	342
974	356
974	441
974	453
974	474
974	622
974	666
1234	1854
1854	1271
1854	1396
1854	1419
1854	1690
1854	1758
1854	1779
1235	1735
1735	1242
1735	1307
1735	1822
244	831
831	380
831	589
831	749
1445	1591
1849	1354
1849	1372
1849	1507
1849	1693
1849	1701
1849	1773
523	970
1378	1951
1786	1347
1786	1430
1786	1550
1786	1761
246	436
436	280
436	865
1242	1722
1242	1820
1722	1741
1820	1384
1820	1475
1820	1494
1820	1594
1820	1709
1820	1726
1820	1779
247	693
693	253
693	753
693	790
693	804
693	867
248	457
248	716
457	531
457	772
457	804
716	554
716	930
716	1951
375	715
250	618
618	317
618	601
618	678
251	774
774	463
774	504
774	531
774	736
774	825
252	657
252	721
657	378
657	492
721	509
721	557
721	589
1245	1532
1245	1672
1245	1819
1532	1667
1672	1701
1672	1759
1672	1941
1819	1584
1819	1635
1819	1669
1247	1693
1247	867
1693	1460
867	480
867	742
254	688
688	259
688	691
688	835
1905	1294
1905	1524
1905	1674
1905	1698
1905	1718
1905	1942
1250	1679
1250	1734
1679	1367
1734	1276
784	377
784	777
1251	1377
1251	1548
1548	1254
256	338
256	516
256	580
256	965
338	410
516	1400
516	832
516	883
580	797
965	276
965	441
965	495
965	497
965	501
965	579
965	634
965	788
965	797
1252	1843
1843	1576
1843	1596
1843	1634
1843	1686
1843	1803
755	314
755	438
755	696
755	750
1253	1709
1408	1683
1592	1718
1872	1370
1872	1392
1872	1424
1872	1674
1872	1684
1257	1350
1257	1462
1462	1494
1473	1524
1473	1665
1259	1647
1647	1313
258	691
691	413
691	648
691	970
1704	874
1401	1311
1767	1447
1767	1588
1262	1430
1262	1503
1430	1560
1503	1476
1503	1805
259	440
259	698
440	913
698	342
698	376
698	380
698	752
643	482
643	624
643	906
790	446
790	617
790	853
790	883
883	412
883	416
883	446
883	448
883	469
883	646
883	825
412	567
412	724
491	356
1488	1436
1657	1530
1657	1951
1788	1326
1788	1588
373	460
573	286
1268	1595
1268	1686
1595	1345
1595	1607
1595	1759
1595	1941
1470	1437
1470	1874
1270	1779
1779	1685
1779	1869
1779	1942
480	592
480	611
480	752
480	860
728	392
1271	1334
1271	1549
1271	1751
1271	1803
1334	1792
1751	1547
1751	556
1751	1809
1751	1942
1803	1701
1803	1863
1284	1278
1284	1345
1750	1370
1750	1505
1750	1544
1750	1653
1728	1304
1728	1348
1728	1370
1728	1555
1276	1384
1276	1726
1384	1416
1384	1643
1277	1547
1547	1523
1547	1550
1278	1699
1699	1309
1699	1355
1699	1376
1699	1392
1699	1884
1279	1567
1279	1628
1567	1455
1628	1373
1628	1398
266	673
673	336
673	464
673	776
267	547
1526	1582
908	317
908	400
908	679
908	736
269	439
439	336
439	624
439	692
312	534
312	804
874	459
874	614
405	367
405	509
405	563
459	342
459	750
275	906
906	591
906	619
906	847
906	853
577	597
619	559
1282	1439
1439	1615
1439	1887
280	533
533	502
533	594
1582	1411
456	336
456	754
561	858
1285	1436
1436	1863
286	481
481	472
481	825
730	581
389	655
389	913
631	696
290	692
692	326
734	632
734	664
1291	1884
1884	1550
1884	1941
1293	1475
1475	1504
1475	1674
295	592
295	658
592	510
832	847
1294	1528
1294	1863
1528	1484
1863	1364
1863	1558
1863	1718
1863	1805
1863	1941
1295	1353
1295	1584
1295	1701
1295	1761
1353	1383
299	476
299	521
521	432
521	753
1424	1398
1460	1485
1501	1720
1501	1737
1501	1809
1941	1382
1941	1421
1941	1649
1941	1698
1941	1822
1941	1887
301	393
301	524
301	853
393	374
393	715
524	601
524	753
853	416
853	678
853	743
1771	1349
1771	1951
1302	1530
1302	1874
1530	1558
1874	1623
1874	1707
1874	1942
302	447
302	702
702	706
702	752
1304	1363
1304	1482
1304	1688
1363	1516
1482	347
1482	1589
1482	1687
1688	1355
1382	1418
1307	1649
1649	1340
1649	1552
305	642
305	804
642	378
642	531
1309	1754
1309	1869
1754	1801
1869	1591
1869	1625
1869	1687
497	865
622	674
614	399
614	638
614	898
534	777
356	413
356	552
360	589
314	410
314	557
557	453
1312	1428
599	611
599	809
540	820
319	898
898	591
595	400
595	463
595	513
595	753
392	384
564	638
934	420
934	432
934	566
934	809
1643	1542
1643	1887
1645	1414
1682	1552
1682	1559
1682	1720
769	450
769	772
325	617
325	828
617	858
828	348
828	559
828	629
828	765
828	860
828	886
1320	1856
1856	1336
1856	1718
1856	1809
798	601
850	406
850	626
850	655
1419	1544
329	488
329	684
684	860
684	886
330	445
1328	1607
1607	1749
1329	1434
1329	1759
1434	1452
750	441
406	594
1330	1443
1330	1720
1443	1416
1443	1502
1720	1609
863	364
863	453
1792	1634
1792	1667
1440	1410
1440	1502
339	408
339	820
339	860
339	911
820	341
820	387
820	809
820	930
860	591
911	477
911	1574
911	563
911	886
1340	1683
1683	1437
1683	1574
1683	1594
1683	1656
343	1432
343	865
865	753
865	913
1359	1452
345	645
645	581
645	736
347	809
809	970
1342	1404
1404	1392
1404	1472
1343	1715
1715	1349
1715	1523
350	486
486	426
486	501
772	382
772	431
413	752
552	696
1348	1656
970	626
970	634
970	681
970	715
970	913
589	913
510	383
569	448
569	567
569	629
1352	1513
1352	1713
1513	1942
1713	1364
1713	1673
1383	1887
1354	1710
1710	1391
1710	681
1710	1707
753	696
788	638
1596	1449
1596	1453
1625	1437
364	453
1452	422
1493	1809
930	492
930	522
1516	1747
1364	1685
1685	1560
1685	1876
1454	1486
1454	1669
460	655
460	706
374	448
715	380
715	666
1390	1601
1617	1407
376	659
1370	1635
1635	1951
380	765
765	384
1373	1801
1801	1457
1801	1581
1801	1634
383	556
556	585
1951	1494
1951	1588
1951	1737
1951	1876
1379	1410
1410	1484
387	623
387	648
623	754
655	443
913	512
913	632
638	585
566	742
1418	1942
1887	1391
399	431
399	559
559	492
455	858
563	474
563	579
1500	1514
1500	1942
1601	1447
1391	1698
1698	1825
1396	1749
1749	1747
1749	1825
752	666
1398	1669
1669	1773
1403	1634
1403	1718
1634	1486
1472	1655
1472	1677
415	472
472	441
1407	1414
416	450
416	847
450	1558
847	462
847	512
1484	1492
797	446
1942	1456
1942	1741
1544	1825
835	597
835	706
1421	1597
438	515
438	574
438	858
574	793
858	579
858	670
446	585
585	513
1687	1545
1822	1747
1615	1674
1505	1581
1447	1674
1447	1773
1773	1455
1773	1623
1773	1690
1655	1594
462	793
793	632
1453	1552
1456	1562
1485	1590
539	886
1466	1747
1467	1580
825	495
482	679
679	485
1677	1630
1665	1492
1665	1546
1474	1542
1474	1737
1542	1673
494	886
495	512
1491	1876
1876	1507
1809	1559
1809	1561
513	554
1497	1758
1805	1736
1519	1546
1546	1543
522	696
527	581
777	670
749	666
629	681
