1000
1331
1785
1830
1998
1001
1619
1947
1950
1966
1002
1066
1527
1556
739
0
758
830
889
986
1
498
746
972
976
1003
1057
1274
1571
1629
1004
1357
1380
1695
2
173
806
881
953
1005
1636
1837
1957
1997
1006
1498
1696
1711
1930
1007
1753
1879
1959
1008
1240
1671
1787
1793
1009
71
1743
1982
3
620
824
943
977
4
322
337
770
945
5
331
544
723
905
6
26
82
249
636
7
333
780
787
892
8
179
503
621
759
1010
1664
1920
1924
1943
9
16
676
700
10
233
418
799
931
11
99
929
950
989
12
97
332
737
779
13
394
807
919
992
1011
1371
1662
1816
1829
1012
1158
1794
1889
1973
14
726
949
999
1013
1817
1865
1868
1993
15
255
656
927
947
148
245
937
1014
1183
1405
1893
1971
17
209
672
775
933
1015
1075
1538
1639
1654
1016
1203
1638
1922
1996
18
353
675
912
19
216
218
385
686
20
427
548
549
980
21
712
868
928
963
22
48
87
489
801
1017
1487
1719
1804
1940
1018
1611
1798
1852
23
323
654
866
961
1019
1062
1627
1851
1870
24
230
948
993
998
25
176
586
803
1020
1103
1306
1621
1917
1021
1056
1283
1772
1838
576
628
888
27
287
483
936
968
1022
1577
1620
1023
1206
1746
1811
1977
1024
1395
1831
1025
1606
1841
1858
1991
1026
1389
1961
1975
1981
28
77
397
994
29
699
704
932
30
718
762
946
31
315
644
942
32
73
606
783
880
1027
1537
1903
1028
1427
1566
1945
1964
33
372
891
915
940
1029
1303
1335
1835
1984
1030
1670
1733
1756
1840
1031
1511
34
113
851
918
973
35
761
766
768
960
36
64
875
907
1032
635
1742
1807
1986
37
633
683
735
1033
1123
1778
1932
38
869
903
987
995
1034
1563
1573
1969
1035
1272
1361
1784
1875
1036
1531
1853
1037
1177
1194
1824
1038
1518
1729
1799
1039
1356
1412
1935
1040
1814
1907
1953
1990
39
879
901
40
914
41
257
272
725
1041
1774
1846
1860
1042
1065
1239
1269
42
722
805
813
43
388
517
668
852
44
83
956
1043
1420
1541
990
1044
1727
1859
1897
1937
45
349
508
910
1045
1192
1861
1046
1176
1397
1047
1321
1919
1989
46
184
885
1048
1608
1694
1703
47
59
437
938
542
967
982
1049
1691
1883
1902
49
357
663
800
959
50
62
466
748
984
51
193
507
996
1050
1979
1051
1871
52
263
429
588
53
271
321
773
873
54
166
307
838
1052
1287
1813
55
810
988
56
316
720
731
978
1053
361
1464
1933
1054
1162
1280
1985
1055
1885
1978
1481
1916
1906
1946
1992
57
288
680
764
58
170
454
785
845
451
60
607
864
902
61
862
882
1058
1292
1565
1790
1059
1958
1960
1060
1236
1632
1810
435
682
962
1061
1806
1901
1949
63
306
603
849
1602
65
208
370
543
802
66
821
923
1063
1121
1226
1489
1954
67
85
358
667
68
110
939
1064
1725
1845
1762
1766
1760
1789
1900
1067
1341
1681
1925
69
137
192
600
671
70
639
732
823
401
701
72
461
479
1068
1908
398
568
1069
1745
1967
74
273
583
596
897
75
296
708
1070
1193
1740
1757
1783
1071
1666
1896
1914
1072
1648
1708
76
194
478
922
1073
1096
1116
1533
1927
1074
1994
1968
1076
1839
1857
1077
1650
1864
1931
1970
1078
1499
1899
641
900
926
1079
1159
1289
1614
1080
78
975
79
703
714
1081
1130
1136
1477
1732
80
587
878
952
983
1082
1463
1637
1769
1976
1083
1175
1974
1084
1188
1261
1702
81
366
575
608
1085
1468
1086
1105
1381
1721
695
786
637
744
1087
1108
1266
84
434
572
1088
1260
1944
1089
1133
1316
1651
511
846
86
133
711
1090
1263
1731
1972
1091
1227
1956
1092
1832
1093
1425
1094
1365
1369
1668
1095
1642
1802
379
887
935
88
181
308
334
871
89
616
651
817
90
335
839
91
951
92
185
211
241
1423
1585
1097
1368
1402
1551
1098
1626
1641
1800
1995
93
371
733
1826
94
124
893
1099
1296
1553
1678
1898
95
895
997
96
475
546
921
1100
1205
1333
1776
1101
1834
1881
1102
1483
1624
1965
1633
1827
778
98
560
1867
100
419
1104
1855
101
855
955
102
122
411
738
103
222
836
899
104
199
537
925
969
105
535
861
106
856
924
107
1413
1644
1106
1207
1586
1717
1107
1535
1730
1109
1134
1248
1110
1185
1111
1146
1821
1912
108
142
519
582
1913
1112
1748
1877
1113
1182
1755
1926
1114
1770
1797
1115
1191
1238
1451
1850
109
292
1478
1873
1963
520
652
111
268
328
395
981
1117
1444
1446
1723
1118
1327
1939
112
816
964
1119
1938
1980
751
1120
1406
114
260
115
771
116
221
781
834
859
1122
1768
117
191
396
553
277
1780
118
526
709
741
966
1124
1842
1894
1125
1244
1435
1724
1983
1126
1480
1127
1308
1752
119
827
120
171
403
121
225
407
1128
1338
1129
1157
1904
1366
1705
1131
1450
1578
1132
1936
289
649
123
791
872
1676
1910
1135
1431
876
125
279
391
1173
1184
126
138
612
710
1137
1409
1554
1891
1138
1319
1763
127
239
470
128
285
129
782
822
130
402
694
131
808
132
602
842
1139
1999
134
458
565
625
1140
1415
1429
1458
1618
1141
1301
1587
135
890
896
1142
1987
136
189
1143
1604
1612
151
528
1144
1791
1836
1145
1433
1469
1508
1569
570
870
1186
1605
1147
1202
1929
1148
1962
1149
1570
1640
1150
1781
1878
1151
1568
139
538
610
894
944
140
505
690
141
814
854
844
143
291
354
144
424
558
812
884
145
757
146
324
991
1152
1818
1153
1812
1154
1441
1155
1156
1661
1890
147
198
149
293
789
150
685
687
763
297
340
590
152
727
904
153
283
729
1362
1848
1386
154
155
532
740
833
985
1886
156
604
157
207
541
1160
1892
158
159
551
661
1161
1509
1564
160
562
630
1622
1163
1351
1521
1895
161
425
162
215
707
1164
1515
1918
163
282
650
677
164
713
971
165
362
613
1165
1264
550
954
167
318
168
665
1166
169
578
848
1167
1275
1764
1168
1388
1583
1616
1928
958
1169
1716
1739
1880
837
1170
1575
1646
1658
1659
1171
1209
1689
1172
1214
1692
172
264
756
660
1828
174
473
175
344
662
1174
1510
1777
1833
1882
1267
1796
1178
1426
1179
1866
1923
177
795
819
1180
1782
1181
1232
1714
178
826
957
1529
1315
917
180
200
1265
640
829
1700
1417
1911
1187
182
265
1298
1317
1697
183
359
365
1189
1323
1506
979
186
506
705
815
840
187
188
369
390
1190
1249
1448
1795
190
320
1522
593
1744
217
717
1471
1808
1613
920
195
697
760
1195
1281
1675
1934
196
202
206
525
197
1196
1305
1823
270
916
1197
1231
1572
1738
1198
1324
1540
747
201
433
449
818
203
232
843
1199
1255
1200
1712
204
313
792
205
261
311
719
351
609
1201
1652
1479
1233
1332
1204
1314
1490
627
499
210
490
605
1459
212
500
796
213
214
545
1208
1948
363
452
496
571
284
1375
1847
1210
1211
1461
1212
298
1844
1955
219
745
220
584
794
1213
1557
468
484
223
811
224
841
493
877
226
227
310
1215
228
423
514
229
689
941
278
615
1216
1706
1217
1318
1218
1815
231
555
529
1219
1237
1422
1220
1297
1909
1988
1221
1539
309
234
417
1222
1223
1322
1765
235
352
669
236
262
530
857
1680
1224
1512
1915
1225
1534
1862
1888
237
1663
238
767
1299
1228
1442
1952
1229
1593
1660
1775
1230
1258
1438
1921
240
421
536
518
909
242
327
1310
1579
243
414
974
1234
1854
1235
1735
244
831
1394
1445
1849
346
523
1378
1786
246
436
1241
1242
1722
1820
1243
247
693
248
457
716
375
250
618
251
774
252
657
721
1245
1532
1672
1819
1246
253
1247
1693
867
254
688
1905
1250
1679
1734
784
1251
1377
1548
256
338
516
580
965
1252
1843
294
755
1253
1709
1254
1408
1592
1872
1256
1257
1350
1462
1473
1259
1647
258
691
1339
1704
1401
1767
1262
1430
1503
259
440
698
487
643
790
883
412
491
1488
1657
1788
373
573
1268
1595
1686
1470
1270
1779
480
728
1271
1334
1549
1751
1803
1273
1284
1750
1728
1276
1384
1726
1277
1547
1278
1699
1279
1567
1628
266
673
267
547
1526
471
724
908
269
439
312
874
405
459
274
275
906
276
577
619
469
1282
1439
280
533
1582
281
1345
456
561
1285
1436
1286
286
481
730
1288
389
631
1290
290
692
646
734
1291
1884
1293
1475
295
592
658
832
1294
1528
1863
300
664
1295
1353
1584
1701
1761
299
476
521
1424
1460
1501
1941
1300
301
393
524
853
1771
1302
1530
1874
302
447
702
1304
1363
1482
1688
1382
1307
1649
303
304
305
642
804
1309
1754
1869
1311
497
622
614
534
356
360
314
410
557
1312
1428
599
743
540
317
1313
319
898
595
464
392
564
934
1643
1645
1682
769
325
617
828
1320
1856
326
798
850
1419
329
488
684
1325
1326
330
445
1328
1607
1329
1434
1759
750
406
1330
1443
1720
863
1550
601
1792
336
1440
1336
339
408
820
860
911
341
1337
342
1340
1683
343
1432
865
1359
345
645
347
809
348
1342
1404
1343
1715
1344
1346
350
486
1347
772
355
413
552
1348
1656
970
589
510
569
1349
1352
1513
1713
1383
1354
1710
753
788
1355
1596
1625
420
364
453
1358
1452
1360
1385
1493
930
367
368
1516
1364
1685
1399
1454
1387
1367
460
374
448
715
1390
1617
376
659
377
378
1370
1635
1372
380
765
1373
1801
1374
381
1376
382
383
556
1951
384
1379
1410
386
387
623
648
655
913
638
566
1418
1887
399
431
559
400
1416
442
455
404
509
563
1500
594
1601
1391
1698
1392
409
1393
1631
1396
1749
567
752
1398
1669
1400
1403
1634
1718
1472
1520
1684
415
472
1407
1414
416
450
847
1484
1411
422
797
426
1942
1544
428
430
432
835
1421
1597
438
515
574
858
624
441
1825
443
444
446
585
1560
1558
1687
1822
1437
754
1517
1615
1502
531
1591
467
1505
1447
1674
1773
1655
706
462
793
463
1449
465
1453
1552
1486
1455
1456
1562
1457
1485
539
1494
1465
474
1466
1747
477
1467
1580
611
825
482
679
1677
485
501
1524
1665
1474
1542
1737
1504
1476
1589
492
1523
494
886
1492
495
512
1590
1491
1876
1809
513
1495
1496
1497
1758
1514
502
504
1805
1581
1507
1690
1519
1546
1707
554
1525
522
696
1667
1741
527
581
1536
1673
1736
777
1543
742
1545
749
1555
736
1559
1561
1574
1594
579
1576
629
1588
597
1598
1599
634
1600
1603
1609
1610
591
1623
598
776
1630
674
647
678
626
681
632
653
1653
666
670
