2000	0
0	113
0	115
0	307
0	685
1	37
1	101
1	112
1	139
1	320
1	658
1	684
1	718
1	905
1	963
2	87
2	127
2	231
2	240
2	307
2	467
2	569
2	631
2	644
2	780
2	857
2	891
2	939
2	968
3	191
3	424
3	427
3	487
3	511
3	524
3	544
3	568
3	652
3	767
4	61
4	138
4	427
4	452
4	562
4	577
4	617
4	743
4	788
4	859
4	940
5	30
5	118
5	272
5	382
5	447
5	500
5	504
5	585
5	613
5	634
5	649
5	685
5	714
5	907
6	43
6	124
6	220
6	307
6	401
6	416
6	480
6	722
6	772
6	787
6	818
6	869
6	941
6	986
7	306
7	331
7	419
7	432
7	522
7	752
7	868
8	11
8	112
8	155
8	156
8	323
8	428
8	533
8	801
8	881
8	923
9	21
9	110
9	236
9	238
9	375
9	428
9	531
9	629
9	745
9	747
9	760
9	804
9	836
9	982
10	193
10	414
10	511
10	649
10	806
10	881
10	954
11	80
11	131
11	161
11	175
11	202
11	583
11	752
11	868
12	137
12	293
12	302
12	372
12	541
12	566
12	680
12	704
12	778
12	862
13	66
13	275
13	343
13	359
13	550
13	561
13	739
13	855
13	880
13	882
14	115
14	286
14	415
14	696
14	736
14	784
14	957
15	153
15	241
15	423
15	458
15	576
15	579
15	633
15	694
15	715
15	832
15	890
15	916
15	960
16	48
16	290
16	428
16	434
16	496
16	547
16	578
16	619
16	646
16	733
16	739
16	745
16	753
16	808
16	828
16	836
16	946
16	1710
17	34
17	230
17	240
17	476
17	645
17	678
17	704
17	781
17	900
17	905
17	916
17	986
18	458
18	540
18	556
18	614
18	618
18	757
19	25
19	130
19	375
19	451
19	462
19	669
19	839
19	907
19	938
19	954
20	41
20	63
20	71
20	181
20	252
20	274
20	325
20	364
20	620
20	785
20	953
20	990
21	236
21	266
21	272
21	279
21	347
21	587
21	654
21	710
21	723
21	749
21	796
21	846
22	34
22	102
22	130
22	145
22	259
22	297
22	306
22	451
22	593
22	771
22	862
22	878
22	902
22	943
23	93
23	143
23	156
23	323
23	429
23	453
23	561
23	817
23	877
23	885
23	986
24	36
24	120
24	200
24	230
24	234
24	383
24	432
24	546
24	633
24	671
24	703
24	865
24	868
25	216
25	268
25	279
25	691
25	713
26	394
26	406
26	488
26	584
26	708
26	735
27	59
27	167
27	202
27	307
27	325
27	359
27	429
27	540
27	700
27	949
27	954
27	974
27	1893
28	105
28	146
28	209
28	229
28	353
28	532
28	594
28	708
28	957
29	99
29	371
29	518
29	712
29	936
29	968
29	994
30	334
30	401
30	906
30	932
31	48
31	147
31	705
31	740
31	787
31	788
31	860
31	871
31	880
31	923
32	236
32	287
32	312
32	395
32	446
32	698
32	727
32	809
32	872
32	890
33	93
33	119
33	292
33	352
33	515
33	636
33	695
33	901
34	106
34	135
34	162
34	345
34	362
34	376
34	431
34	553
34	634
34	658
34	944
35	87
35	134
35	206
35	327
35	408
35	439
35	504
35	737
35	765
35	797
36	84
36	160
36	512
36	531
36	650
36	669
36	777
36	925
36	957
36	969
37	110
37	123
37	128
37	163
37	469
37	644
37	662
37	771
37	887
38	283
38	297
38	498
38	502
38	508
38	531
38	594
38	695
38	731
38	778
38	881
38	918
39	108
39	157
39	258
39	308
39	362
39	414
39	813
39	933
39	944
40	45
40	139
40	249
40	296
40	348
40	407
40	459
40	530
40	623
40	660
41	216
41	350
41	408
41	413
41	495
41	536
41	683
41	739
41	840
41	853
42	304
42	519
42	746
42	772
42	894
42	957
42	1785
43	177
43	475
43	954
44	76
44	94
44	169
44	285
44	302
44	504
44	611
44	878
45	107
45	268
45	292
45	379
45	514
45	655
45	853
45	904
45	935
45	938
45	951
45	965
46	258
46	287
46	329
46	541
46	595
46	658
46	671
46	693
46	714
46	754
46	770
46	936
47	261
47	497
47	539
47	599
47	643
47	805
48	69
48	71
48	82
48	271
48	338
48	401
48	413
48	464
48	503
48	558
48	594
48	743
48	781
48	797
48	815
48	845
48	903
49	141
49	399
49	406
49	528
49	541
49	663
49	670
49	770
49	803
49	870
49	902
49	906
50	55
50	176
50	209
50	218
50	319
50	343
50	390
50	396
50	567
50	636
50	670
50	705
50	733
50	870
50	880
50	963
51	217
51	545
51	592
51	631
51	778
52	131
52	284
52	298
52	319
52	386
52	560
52	651
52	767
52	904
53	56
53	108
53	278
53	305
53	309
53	335
53	520
53	552
53	561
53	719
53	838
53	942
54	85
54	244
54	261
54	294
54	383
54	445
54	478
54	559
54	947
55	141
55	318
55	337
55	358
55	434
55	565
55	572
55	651
55	675
55	781
55	909
55	952
55	995
56	142
56	418
56	485
56	556
56	708
56	733
56	959
57	115
57	325
57	354
57	400
57	528
57	563
57	741
57	758
57	952
58	150
58	276
58	531
58	650
58	854
58	966
59	162
59	207
59	519
59	669
59	866
60	155
60	403
60	415
60	509
60	677
60	767
60	772
60	841
60	855
60	928
61	367
61	371
61	573
61	930
62	124
62	161
62	249
62	546
62	623
62	660
63	132
63	147
63	173
63	256
63	286
63	304
63	318
63	370
63	477
63	572
63	737
63	753
63	867
63	1612
64	73
64	271
64	457
64	505
64	525
64	531
64	545
64	562
64	581
64	770
65	146
65	205
65	267
65	275
65	338
65	423
65	615
65	755
65	887
65	919
66	84
66	127
66	133
66	143
66	242
66	245
66	261
66	305
66	383
66	657
66	909
67	168
67	299
67	401
67	434
67	439
67	551
67	567
67	577
67	611
67	747
67	796
67	883
68	197
68	280
68	334
68	385
68	480
68	588
68	720
68	750
68	754
68	800
68	816
68	850
68	919
69	261
69	262
69	379
69	416
69	485
69	533
69	536
69	601
69	618
70	124
70	386
70	454
70	501
70	770
70	812
70	995
71	217
71	219
71	263
71	303
71	318
71	378
71	455
71	508
71	667
71	826
71	842
71	848
71	961
72	230
72	247
72	282
72	323
72	447
72	480
72	517
72	594
72	595
72	630
72	842
72	926
72	967
73	201
73	432
73	728
73	737
73	767
73	842
73	871
73	881
73	901
73	932
74	274
74	280
74	459
74	711
74	813
75	595
75	597
75	631
75	659
75	723
75	745
75	911
76	127
76	599
76	797
76	876
76	944
76	970
77	81
77	88
77	189
77	245
77	385
77	432
77	452
77	676
77	677
77	769
77	770
77	856
77	904
77	936
78	144
78	194
78	245
78	252
78	604
78	660
78	703
78	909
78	975
79	211
79	282
79	354
79	488
79	695
79	771
79	789
79	810
79	882
79	929
79	970
80	104
80	115
80	221
80	363
80	456
80	588
80	703
80	711
80	797
80	819
80	948
81	255
81	453
81	459
81	728
81	873
81	878
81	938
82	120
82	174
82	193
82	250
82	340
82	358
82	432
82	503
82	540
82	542
82	630
82	725
82	735
82	913
82	969
83	173
83	277
83	342
83	575
83	660
83	750
83	835
83	965
84	501
84	779
84	795
84	825
84	885
84	892
84	909
85	185
85	276
85	520
85	640
85	875
85	901
85	944
85	990
85	1175
86	90
86	92
86	191
86	436
86	452
86	528
86	541
86	645
86	817
86	940
86	951
87	102
87	142
87	278
87	569
87	609
87	650
87	813
87	882
87	886
87	946
88	118
88	155
88	232
88	382
88	433
88	439
88	599
88	690
88	701
88	734
88	739
88	761
88	870
88	941
88	998
89	341
89	386
89	434
89	436
89	467
89	525
89	628
89	666
89	676
90	137
90	276
90	322
90	330
90	336
90	361
90	526
90	563
90	840
90	850
91	101
91	115
91	368
91	651
91	973
92	314
92	441
92	465
92	488
92	508
92	587
92	680
92	849
92	868
92	932
92	984
93	148
93	303
93	516
93	713
93	749
93	756
93	883
94	141
94	146
94	159
94	164
94	187
94	245
94	310
94	476
94	661
94	672
94	692
94	820
94	821
94	827
94	871
94	908
94	1854
95	163
95	259
95	277
95	327
95	372
95	378
95	641
95	668
95	691
95	778
95	800
95	820
95	840
96	166
96	167
96	276
96	410
96	469
96	750
96	810
97	105
97	118
97	130
97	193
97	366
97	403
97	602
97	776
97	825
97	846
97	923
97	977
98	243
98	246
98	278
98	369
98	373
98	404
98	558
98	714
98	720
98	779
98	826
98	996
99	226
99	490
99	558
99	891
100	256
100	346
100	394
100	522
100	568
100	597
100	840
100	847
100	976
101	128
101	311
101	343
101	388
101	396
101	622
101	980
101	981
102	319
102	446
102	451
102	599
102	687
102	717
102	751
103	219
103	552
103	627
103	644
103	686
103	749
103	870
103	912
104	140
104	175
104	206
104	256
104	265
104	338
104	357
104	367
104	448
104	553
104	562
104	576
104	586
104	799
104	892
104	970
105	112
105	117
105	123
105	356
105	502
105	523
105	528
105	566
105	612
105	707
105	762
105	792
105	858
105	898
105	960
106	243
106	463
106	524
106	569
106	581
106	638
106	713
106	819
106	938
106	985
107	121
107	132
107	174
107	277
107	336
107	531
107	776
107	938
108	343
108	376
108	380
108	396
108	405
108	712
108	845
108	855
109	430
109	431
109	555
109	602
109	698
109	708
109	770
109	868
110	134
110	241
110	376
110	409
110	627
110	643
110	842
110	847
110	885
111	196
111	323
111	552
111	661
111	735
111	911
112	239
112	315
112	428
112	459
112	555
112	701
112	896
112	972
112	991
113	263
113	374
113	400
113	589
113	699
113	737
113	886
114	151
114	172
114	193
114	357
114	420
114	448
114	576
114	602
114	632
114	637
114	677
114	730
114	817
114	911
114	921
115	124
115	206
115	337
115	374
115	431
115	478
115	503
115	636
115	867
115	932
116	286
116	294
116	784
116	822
116	981
117	159
117	224
117	319
117	355
117	447
117	501
117	552
117	617
117	658
117	731
117	749
118	367
118	431
118	563
118	722
118	787
118	804
118	898
118	912
118	987
119	488
119	554
119	575
119	587
119	600
119	628
119	695
119	750
119	834
119	905
120	211
120	308
120	739
120	765
120	808
120	969
120	976
121	140
121	296
121	400
121	413
121	414
121	519
121	551
121	767
121	935
122	304
122	313
122	738
122	885
122	888
123	230
123	441
123	443
123	484
123	744
123	977
123	1629
124	316
124	318
124	321
124	539
124	568
124	675
124	746
124	805
124	917
125	218
125	334
125	421
125	457
125	501
125	545
125	616
125	648
125	661
125	736
125	737
125	782
126	160
126	252
126	373
126	628
126	668
126	703
126	748
126	892
126	926
126	984
127	248
127	491
127	595
127	789
127	791
127	896
127	917
127	1776
128	172
128	406
128	687
128	719
128	725
129	138
129	270
129	499
129	514
129	520
129	635
129	970
130	224
130	360
130	490
130	569
130	727
130	1943
131	357
131	431
131	474
131	504
131	641
132	259
132	306
132	359
132	466
132	471
132	770
132	875
132	1304
133	165
133	278
133	339
133	347
133	436
133	655
133	901
133	982
134	329
134	362
134	374
134	382
134	501
134	575
134	631
134	858
134	960
134	981
135	266
135	357
135	632
135	665
135	759
135	854
135	979
136	417
136	555
136	884
137	166
137	175
137	196
137	265
137	362
137	514
137	803
137	842
137	996
138	280
138	313
138	680
138	687
138	758
138	887
139	183
139	286
139	377
139	607
139	627
139	714
139	791
139	798
139	803
140	241
140	253
140	488
140	555
140	754
140	758
140	808
140	956
140	999
141	182
141	184
141	263
141	329
141	392
141	472
141	878
142	171
142	175
142	176
142	261
142	430
142	923
142	998
143	217
143	224
143	484
143	530
143	572
143	610
143	633
143	708
143	749
143	803
143	850
143	907
143	949
144	327
144	363
144	410
144	457
144	737
145	153
145	455
145	513
145	688
145	698
145	720
145	942
145	963
146	393
146	705
146	818
146	825
146	828
146	953
147	250
147	574
147	578
147	654
147	779
147	808
147	963
148	234
148	264
148	314
148	423
148	772
148	944
149	240
149	284
149	317
149	639
149	837
149	879
149	958
149	995
150	240
150	277
150	299
150	332
150	364
150	387
150	419
150	546
150	801
150	850
150	884
150	937
150	949
150	989
151	380
151	461
152	178
152	422
152	445
152	517
152	519
152	646
152	704
152	708
152	791
152	801
152	806
152	888
152	929
152	931
152	970
153	159
153	272
153	312
153	560
153	616
153	645
153	717
153	749
153	822
153	827
154	333
154	409
154	628
154	929
154	930
155	162
155	265
155	449
155	517
155	738
155	757
155	762
155	853
156	221
156	243
156	313
156	328
156	363
156	416
156	434
156	646
156	866
156	948
157	313
157	352
157	499
157	595
157	672
157	693
157	772
157	875
157	910
157	973
158	164
158	314
158	398
158	518
158	573
158	574
158	702
159	200
159	297
159	326
159	435
159	543
159	590
159	850
159	861
159	971
160	285
160	323
160	401
160	456
160	520
160	708
160	849
160	899
160	963
161	210
161	587
161	740
161	751
161	919
162	370
162	458
162	498
162	530
162	576
162	593
162	683
162	728
162	830
162	963
163	274
163	456
163	500
163	864
163	914
164	509
164	607
164	656
164	740
164	753
164	855
164	885
164	897
164	995
165	290
165	350
165	364
165	373
165	504
165	785
165	849
166	506
166	618
166	671
166	701
166	990
167	200
167	436
167	493
167	573
167	590
167	677
167	709
167	725
167	806
168	544
168	574
168	593
168	762
168	807
168	836
168	841
168	960
168	962
168	965
169	346
169	433
169	459
169	481
169	496
169	691
170	197
170	241
170	345
170	448
170	614
170	668
170	862
170	964
170	991
171	305
171	317
171	383
171	418
171	477
171	520
171	542
171	554
171	618
171	686
171	741
171	852
171	887
172	443
172	698
172	737
172	743
172	793
172	807
172	815
173	433
173	714
173	936
173	999
174	386
174	411
174	454
174	512
174	580
174	595
174	827
174	950
175	271
175	409
175	454
175	516
175	711
175	733
175	780
176	216
176	370
176	412
176	440
176	564
176	582
176	707
176	756
176	785
176	853
177	234
177	257
177	300
177	321
177	517
177	523
177	646
177	791
177	868
177	990
177	1907
178	180
178	238
178	290
178	584
178	868
178	930
179	181
179	367
179	664
179	786
180	219
180	301
180	339
180	416
180	453
180	627
180	667
180	711
180	897
180	951
181	262
181	342
181	411
181	786
181	831
181	878
181	999
182	214
182	250
182	289
182	327
182	371
182	387
182	465
182	543
182	735
182	871
182	944
183	185
183	277
183	349
183	478
183	534
183	614
183	731
183	744
183	827
183	832
183	856
184	225
184	382
184	475
184	508
184	571
184	604
184	773
184	942
185	282
185	296
185	302
185	429
185	460
185	488
185	506
185	512
185	613
185	903
185	930
185	935
185	998
186	197
186	390
186	406
186	431
186	502
186	549
186	953
186	970
186	987
187	194
187	195
187	331
187	933
188	208
188	409
188	423
188	478
188	493
188	720
188	758
188	808
188	944
189	197
189	485
189	519
189	798
190	346
190	409
190	446
190	580
190	615
190	764
191	387
191	450
191	485
191	756
191	785
191	930
191	959
192	262
192	417
192	420
192	503
192	969
193	403
193	471
193	533
193	575
193	606
193	672
193	737
193	780
194	382
194	824
194	891
194	895
194	954
195	210
195	230
195	255
195	302
195	477
195	533
195	701
195	860
195	965
195	970
195	994
195	998
196	415
196	447
196	455
196	490
196	571
196	758
197	326
197	350
197	635
198	480
198	504
198	524
198	587
198	632
198	691
198	695
198	763
198	957
199	281
199	432
199	700
199	990
199	1364
200	314
200	329
200	337
200	369
200	394
200	472
200	599
200	748
200	840
201	344
201	491
201	809
201	901
201	911
201	985
202	312
202	380
202	515
202	521
202	533
202	580
202	859
202	900
203	246
203	351
203	450
203	479
203	665
203	721
203	818
203	867
204	260
204	334
204	579
204	869
204	893
204	909
204	961
205	366
205	435
205	588
205	625
205	663
205	753
205	848
205	900
205	961
206	222
206	229
206	347
206	506
206	609
206	814
207	304
207	466
207	509
207	597
207	800
207	831
207	920
207	1550
208	331
208	878
208	974
208	985
209	247
209	303
209	352
209	443
209	474
209	637
209	874
209	921
210	327
210	415
210	456
210	592
210	617
210	662
210	785
210	945
210	999
211	312
211	384
211	571
211	691
211	702
211	867
212	309
212	355
212	362
212	449
212	492
212	516
212	557
212	581
212	928
213	270
213	294
213	307
213	351
213	410
213	470
213	472
213	499
213	687
213	771
213	869
213	982
214	331
214	570
214	805
214	872
214	874
215	359
215	524
215	721
215	740
215	945
215	998
216	258
216	392
216	396
216	426
216	461
216	698
216	748
216	1661
217	222
217	294
217	330
217	368
217	816
217	870
217	949
218	333
218	486
218	533
218	606
218	611
218	630
218	692
218	718
218	813
218	830
218	961
218	987
218	1699
219	418
219	451
219	586
219	645
219	791
219	807
219	857
219	964
220	260
220	339
220	465
220	479
220	633
220	753
220	949
221	338
221	340
221	911
222	418
222	463
222	652
223	437
223	520
223	607
223	654
223	875
223	877
223	911
223	915
224	247
224	307
224	352
224	366
224	396
224	434
224	443
224	467
224	482
224	483
224	549
224	570
224	781
224	997
225	276
225	333
225	386
225	469
225	477
225	552
225	577
225	788
225	880
226	235
226	426
226	462
226	551
226	574
226	789
226	841
226	842
226	876
226	895
226	923
226	981
227	316
227	360
227	380
227	406
227	409
227	551
227	630
227	652
227	694
228	395
228	526
228	592
228	697
228	775
228	805
229	280
229	314
229	432
229	489
229	805
229	893
229	999
230	323
230	576
230	581
230	750
230	857
230	861
231	282
231	313
231	548
231	674
231	767
231	812
231	834
231	938
232	246
232	412
232	582
232	620
232	678
232	755
233	250
233	473
233	525
233	530
233	634
233	737
233	747
233	794
233	980
234	642
234	809
234	879
235	241
235	245
235	258
235	505
235	520
235	578
235	922
235	965
236	285
236	299
236	404
236	426
236	436
236	466
236	508
236	539
236	621
236	662
236	729
236	769
236	996
237	253
237	315
237	321
237	327
237	496
237	562
237	676
237	680
237	683
237	727
237	776
237	789
237	791
237	957
238	369
238	377
238	456
238	782
238	854
238	968
238	999
239	394
239	404
239	505
239	825
239	853
240	314
240	354
240	407
240	451
240	482
240	520
240	602
240	706
240	731
240	767
240	775
240	826
240	833
240	980
241	333
241	386
241	444
241	488
241	499
241	597
241	675
241	773
242	259
242	278
242	408
242	450
242	477
242	744
242	807
242	881
242	896
242	1888
243	318
243	629
243	639
243	659
243	691
243	755
243	773
243	908
243	945
244	349
244	410
244	459
244	680
244	742
244	819
245	526
245	601
245	724
245	901
246	260
246	347
246	361
246	398
246	625
246	650
246	901
246	985
247	277
247	285
247	374
247	390
247	661
247	896
248	255
248	391
248	483
248	564
248	582
248	614
248	667
248	781
249	294
249	333
249	393
249	436
249	463
249	633
249	667
249	777
249	819
249	911
249	927
249	929
249	963
249	1902
250	331
250	379
250	387
250	404
250	501
250	636
250	894
251	276
251	308
251	477
251	503
251	538
251	553
251	679
251	713
252	255
252	331
252	454
252	472
252	502
252	927
252	985
253	353
253	392
253	494
253	500
253	535
253	780
253	872
253	879
253	941
254	291
254	412
254	582
254	670
254	727
254	800
254	802
254	823
254	916
254	919
254	934
254	965
255	317
255	333
255	340
255	361
255	364
255	404
255	575
255	600
255	624
255	655
255	656
255	672
255	684
255	894
255	965
256	460
256	633
256	680
256	735
256	789
256	802
256	843
257	346
257	348
257	391
257	429
257	694
257	736
258	303
258	358
258	442
258	618
258	627
258	761
258	879
258	941
259	607
259	655
259	700
259	712
259	755
259	915
259	963
259	1444
260	428
260	432
260	538
260	564
260	625
260	639
260	790
260	811
260	860
260	896
261	410
261	447
261	635
261	676
261	739
261	819
261	834
261	871
261	938
262	280
262	840
262	873
262	900
262	906
262	928
262	938
263	396
263	404
263	454
263	644
263	689
263	782
263	983
264	398
264	419
264	588
264	613
264	637
264	726
264	736
264	781
264	895
264	916
264	940
265	335
265	338
265	420
265	436
265	541
265	563
265	586
265	602
265	640
265	739
265	829
265	857
265	902
266	327
266	389
266	532
266	569
266	631
266	694
266	753
266	827
267	291
267	339
267	348
267	409
267	705
267	714
267	949
268	279
268	423
268	539
268	583
268	615
269	505
269	529
269	684
269	802
269	998
270	387
270	423
270	449
270	570
270	868
270	942
271	606
271	712
271	715
271	906
271	960
272	394
272	423
272	454
272	492
272	596
272	655
272	676
272	829
272	888
272	894
272	951
273	288
273	517
273	587
273	641
273	656
273	720
273	780
273	787
273	788
273	858
273	863
274	277
274	458
274	615
274	723
274	743
274	813
274	960
274	986
275	363
275	380
275	405
275	470
275	563
275	580
275	632
275	826
275	861
275	877
275	884
275	893
275	901
275	905
275	906
275	914
275	942
275	960
276	500
276	671
276	995
277	503
277	596
277	776
277	1120
278	317
278	443
278	450
278	541
278	615
278	758
278	850
278	979
279	429
279	438
279	498
279	553
279	567
279	571
279	605
279	628
279	720
279	806
279	901
280	361
280	671
280	679
280	706
280	758
280	877
280	967
281	349
281	461
281	701
281	852
281	972
281	986
281	992
281	1150
282	461
282	980
282	986
282	997
283	286
283	487
283	526
283	656
283	718
283	724
283	740
283	803
283	985
284	384
284	431
284	579
284	611
284	629
284	658
284	700
284	746
284	791
285	446
285	628
285	720
285	758
285	947
286	336
286	341
286	386
286	639
286	699
286	780
286	782
286	959
287	487
287	665
287	693
287	761
287	940
288	351
288	750
289	341
289	378
289	436
289	513
289	567
289	848
289	946
290	358
290	453
290	510
290	915
290	931
291	382
291	898
291	908
292	419
292	433
292	446
292	447
292	471
292	626
292	636
292	667
292	692
292	780
292	883
292	930
293	404
293	618
293	699
294	520
294	1887
295	345
295	348
295	501
295	621
295	673
295	944
296	444
296	509
296	721
296	825
296	878
296	920
296	999
297	327
297	432
297	494
297	572
297	634
297	657
297	670
298	309
298	357
298	642
298	796
298	828
299	340
299	361
299	377
299	398
299	613
299	789
299	970
300	330
300	472
300	556
300	568
300	644
300	661
300	769
300	771
300	800
300	843
300	907
301	345
301	474
301	549
301	639
301	793
301	805
301	858
301	941
302	479
302	829
302	864
302	926
302	935
303	391
303	562
303	590
303	645
303	728
303	783
303	954
303	964
304	405
304	501
304	515
304	584
304	702
304	741
304	766
304	892
305	358
305	755
305	960
305	1443
306	345
306	427
306	483
306	493
306	683
306	768
306	813
306	856
306	920
307	320
307	709
307	761
307	1143
308	453
308	518
308	604
308	659
308	777
308	875
309	321
309	510
309	633
309	643
309	700
309	701
309	707
310	315
310	322
310	456
310	519
310	663
310	933
310	954
311	428
311	437
311	554
311	793
311	905
311	923
311	990
312	488
312	492
312	575
312	633
312	646
312	720
312	805
312	919
312	941
312	960
312	998
312	1864
313	362
313	436
313	437
313	474
313	520
313	753
313	795
313	977
313	991
314	315
314	390
314	674
315	371
315	570
315	608
315	753
315	780
315	990
316	365
316	377
316	582
316	591
316	644
316	698
317	406
317	446
317	557
317	731
317	898
318	405
318	486
318	494
318	563
318	613
318	788
318	802
318	913
318	921
318	989
318	1482
319	345
319	485
319	528
319	953
320	451
320	474
320	495
320	641
320	714
320	729
320	782
320	842
320	869
321	546
321	696
321	803
321	891
321	923
322	323
322	445
322	480
322	584
322	607
322	664
322	930
323	355
323	402
323	464
323	515
323	557
323	660
323	740
323	865
323	994
324	327
324	330
324	393
324	462
324	557
324	616
324	625
324	632
324	807
324	873
325	471
325	519
325	613
325	736
325	951
326	677
326	888
326	892
326	926
327	385
327	398
327	503
327	621
327	670
327	925
328	458
328	531
328	852
328	887
328	974
329	563
329	607
329	685
329	702
329	725
329	760
329	787
330	405
330	456
330	1174
331	554
331	632
331	643
331	686
331	1067
332	352
332	738
332	887
332	889
332	898
332	919
332	936
333	436
333	570
333	625
333	653
333	679
333	694
333	702
333	741
333	838
333	869
333	962
333	1601
334	337
334	386
334	569
334	678
334	856
334	881
335	429
335	552
335	626
335	696
335	767
335	946
335	988
336	366
336	427
336	432
336	476
336	630
336	715
336	850
336	865
337	391
337	591
337	595
337	651
337	744
337	824
337	879
338	436
338	440
338	502
338	641
338	684
338	979
338	1346
339	473
339	551
339	553
339	575
339	583
339	712
340	355
340	650
340	725
340	941
341	405
341	889
342	349
342	385
342	550
342	678
342	745
342	936
343	404
343	417
343	797
343	840
343	915
343	965
343	998
344	402
344	437
344	623
344	717
344	749
344	777
344	1954
345	479
345	654
345	759
345	787
345	808
345	847
345	877
345	992
346	399
346	440
346	540
346	945
346	967
347	407
347	457
347	474
347	514
348	490
348	576
348	810
348	830
348	957
348	992
349	496
349	518
349	521
349	542
349	559
349	612
349	647
349	919
350	534
350	613
350	742
350	879
350	962
350	983
351	505
351	734
352	486
352	555
352	755
352	764
352	913
352	962
353	382
353	799
353	857
353	898
354	455
354	460
354	545
354	819
354	883
354	921
355	393
355	672
355	906
355	1535
356	381
356	564
356	624
356	778
356	812
356	832
357	365
357	461
357	699
357	778
357	799
358	636
358	760
358	997
358	1659
359	412
359	480
359	506
359	726
359	933
360	568
360	592
360	612
360	622
360	676
360	692
360	731
360	917
360	973
360	997
361	386
361	393
361	498
361	558
362	425
362	449
362	458
362	567
362	619
362	753
362	841
363	404
363	639
363	706
363	793
363	917
363	935
363	948
363	965
364	414
364	451
364	570
364	647
364	730
364	775
364	841
364	862
364	927
364	984
365	380
365	627
365	802
366	459
366	500
366	663
366	777
366	957
367	376
367	590
367	626
367	661
367	673
367	765
367	865
367	989
367	998
367	1169
367	1850
368	406
368	421
368	569
368	580
368	594
368	812
368	869
368	935
369	491
369	711
369	765
369	978
370	429
370	464
370	520
370	572
370	650
370	776
370	791
370	801
370	834
370	943
371	593
371	645
371	691
371	783
371	786
371	874
372	388
372	399
372	404
372	523
372	626
372	634
372	637
372	778
372	831
372	900
373	752
373	962
373	963
373	1674
374	381
374	384
374	405
374	473
374	482
374	611
374	775
375	439
375	474
375	608
375	647
375	653
375	741
375	778
375	922
376	454
376	522
376	635
376	714
376	947
377	482
377	809
377	921
377	923
377	949
378	444
378	453
378	456
378	538
378	646
378	706
378	861
378	908
378	983
379	406
379	521
379	571
379	689
379	733
379	777
379	783
379	819
379	906
379	925
380	386
380	419
380	496
380	518
380	558
380	709
380	750
380	903
380	968
380	972
380	1552
381	603
381	757
381	786
381	832
381	849
382	395
382	565
382	627
382	708
382	755
382	791
382	796
383	390
383	418
383	449
383	634
383	650
383	821
383	855
383	915
383	921
384	424
384	699
384	755
384	914
384	1667
385	490
385	561
385	854
386	470
386	731
386	743
386	980
387	467
387	536
387	551
387	667
387	718
387	794
387	976
388	637
388	838
388	904
389	516
389	524
389	742
389	926
390	570
390	624
390	808
390	818
390	842
390	909
390	987
391	509
391	641
391	695
391	772
391	853
391	926
391	954
392	424
392	779
392	783
392	830
393	472
393	524
393	550
393	574
393	586
393	592
393	646
393	860
394	417
394	445
394	462
394	731
395	412
395	477
395	534
395	600
395	620
395	711
395	822
395	968
396	594
396	657
396	797
397	679
397	758
397	847
397	1800
398	415
398	435
398	508
398	604
398	814
398	958
399	462
399	630
399	772
399	888
399	904
400	421
400	439
400	545
400	940
400	952
401	411
401	436
401	490
401	494
401	710
401	718
401	867
401	891
401	912
401	914
401	973
401	976
402	445
402	561
402	597
402	689
402	752
402	774
402	962
403	548
403	601
403	946
404	416
404	445
404	520
404	678
404	734
404	760
405	488
405	701
405	850
405	959
405	990
406	438
406	443
406	470
406	495
406	633
406	672
406	860
406	934
407	696
407	715
407	744
407	850
408	628
408	669
408	865
408	911
409	466
409	562
409	603
409	648
409	661
409	696
409	799
409	967
410	474
410	558
410	806
410	837
410	1412
411	455
411	516
411	752
411	778
411	936
411	950
411	983
411	995
412	501
412	608
412	780
413	614
413	663
413	705
413	748
413	792
413	973
414	444
414	517
415	426
415	619
415	625
415	644
415	706
415	799
415	939
416	419
416	426
416	468
416	556
416	812
416	821
416	859
416	926
416	951
417	461
417	565
417	684
417	921
418	450
418	480
418	584
418	679
418	717
418	790
418	841
418	844
418	958
419	483
419	538
419	869
419	1218
420	519
420	795
420	836
420	905
420	943
421	504
421	585
421	649
421	657
421	923
421	961
422	453
422	481
422	600
422	664
422	690
422	698
423	457
423	490
423	496
423	851
423	882
423	889
423	958
424	478
424	644
424	781
424	879
424	882
425	557
425	655
425	687
425	909
425	922
426	459
426	525
426	737
426	867
426	927
427	488
427	504
427	523
427	546
427	926
427	941
428	671
428	773
428	879
429	501
429	699
429	804
429	818
429	828
429	916
429	949
429	1119
430	572
430	581
430	595
430	640
430	672
430	769
430	866
430	890
430	902
430	936
431	531
431	592
431	620
431	715
431	774
431	861
431	947
432	439
432	466
432	524
432	754
432	891
432	895
432	902
432	903
432	908
432	927
432	977
433	458
433	485
433	534
433	655
433	732
433	749
433	834
433	896
433	966
433	997
434	603
434	851
434	896
434	898
434	931
434	981
435	485
435	686
435	691
435	876
435	901
435	958
435	975
435	1464
436	444
436	494
436	549
436	735
436	832
436	837
437	455
437	665
437	699
437	842
437	893
438	567
438	626
438	674
438	755
439	440
439	459
439	512
439	536
439	610
439	901
439	907
439	996
440	629
440	670
440	693
440	844
441	558
441	653
441	729
441	810
441	850
441	945
441	970
442	490
442	599
442	639
442	677
442	821
442	950
443	832
443	856
443	965
443	973
444	515
444	844
444	848
444	868
445	517
445	571
445	751
445	921
445	935
446	576
446	650
446	713
446	755
446	926
446	986
447	487
447	494
447	572
447	747
447	782
447	963
447	982
448	454
448	577
448	751
448	880
448	992
448	1323
449	469
449	543
449	636
449	811
449	979
449	983
450	750
450	1631
451	469
451	508
451	536
451	589
451	648
451	964
451	982
452	598
452	768
452	938
453	575
453	635
453	647
453	757
454	487
454	807
454	903
455	475
455	503
455	535
455	950
456	704
456	741
456	871
457	716
457	861
457	910
457	915
458	644
458	705
458	720
458	927
458	982
458	983
459	466
459	540
459	541
459	606
459	774
459	843
459	913
460	636
460	647
460	845
460	962
461	526
461	704
461	738
461	936
461	950
461	979
461	987
462	543
462	605
462	843
462	887
463	476
463	951
464	655
464	762
464	811
464	929
464	995
465	593
465	935
466	475
466	557
466	613
466	738
466	770
466	802
466	892
466	924
467	494
467	526
467	647
467	702
467	826
467	893
467	943
468	574
468	657
468	660
468	826
468	874
468	885
469	525
469	585
469	633
469	723
469	915
469	963
470	482
470	511
470	671
470	694
470	716
470	770
470	929
470	934
470	975
470	999
471	605
471	713
471	895
471	916
472	575
472	725
472	805
472	830
472	838
472	851
472	953
472	1758
472	1934
473	481
473	603
473	829
473	874
473	886
473	993
474	483
474	505
474	556
474	741
474	832
474	845
474	847
474	859
474	981
474	991
475	498
475	581
475	583
475	716
475	872
476	482
476	564
476	586
476	639
476	655
476	753
476	829
476	857
476	888
477	487
477	661
477	704
477	831
477	980
477	1431
478	566
478	696
478	736
478	943
478	969
479	725
479	821
479	978
480	698
480	699
480	774
480	816
480	923
480	992
481	608
481	610
481	632
481	662
481	865
482	559
482	642
482	860
484	578
484	586
484	643
484	685
484	794
484	910
484	986
485	844
485	990
486	503
486	527
486	583
486	634
486	761
487	554
487	899
488	505
488	595
488	626
488	677
488	822
488	995
489	533
489	636
489	883
490	795
491	643
491	735
493	534
493	664
493	669
493	743
493	747
493	964
493	968
494	655
494	821
495	608
495	615
495	669
495	735
495	828
495	898
495	978
496	503
496	754
496	811
497	610
497	874
497	908
497	977
497	986
497	1932
498	547
498	552
498	589
498	687
498	758
499	542
499	545
499	554
499	557
499	642
499	673
499	914
499	923
499	928
499	1925
500	581
500	629
500	650
500	691
500	737
500	958
501	538
501	800
501	880
502	666
502	728
502	771
502	819
503	531
503	760
503	788
504	580
504	680
504	834
504	946
504	950
505	592
505	696
505	767
505	938
505	1651
506	652
506	672
506	818
506	874
507	526
507	828
507	859
507	905
507	1685
508	777
508	837
509	607
509	736
509	757
509	765
509	849
510	531
510	535
510	567
510	598
510	647
511	679
511	690
511	692
511	741
511	877
511	943
511	953
511	960
511	974
512	539
512	766
512	874
513	669
513	681
513	690
513	714
513	853
513	875
513	1708
514	548
514	938
514	980
514	999
515	715
515	777
516	903
517	619
517	924
518	738
518	751
518	758
518	922
518	927
518	945
518	989
519	564
519	628
519	696
519	720
519	774
519	789
519	831
519	843
519	886
520	554
520	633
520	736
520	797
520	917
520	968
521	572
521	581
521	721
521	852
521	919
521	949
522	537
522	637
522	719
522	820
522	874
522	953
523	683
523	777
523	794
523	976
524	619
524	708
524	850
524	980
524	982
525	607
525	761
525	828
525	954
525	984
526	624
526	638
526	771
526	777
526	813
526	879
526	896
526	908
527	563
527	584
527	612
527	749
527	833
527	917
527	960
528	536
528	623
528	625
528	647
528	662
528	734
528	862
529	610
529	619
529	643
529	710
529	801
529	847
530	549
530	564
530	637
530	776
530	910
530	987
531	652
531	766
531	868
531	927
531	997
532	648
532	809
532	828
532	831
532	862
532	898
532	985
533	695
533	720
533	857
534	571
534	658
534	700
535	638
535	788
535	946
536	653
536	677
536	740
536	845
536	885
536	886
536	970
536	1886
537	740
537	948
538	721
538	779
538	784
538	884
538	887
538	943
538	1335
539	591
539	667
539	752
539	775
539	875
540	547
540	762
540	937
540	961
541	542
541	682
541	963
542	835
542	960
543	609
543	753
543	799
543	982
544	583
544	586
544	640
544	731
544	864
544	865
544	877
545	574
545	701
545	787
545	796
545	833
545	898
545	913
546	684
546	890
546	929
546	979
547	728
547	824
548	625
548	776
549	558
549	616
549	694
549	737
549	763
549	769
549	837
549	844
549	937
549	960
550	579
550	606
550	615
550	729
550	821
551	766
551	772
551	852
551	956
552	557
552	630
552	894
552	939
552	960
553	604
553	868
553	976
553	986
554	722
554	925
555	559
555	602
555	792
555	866
555	964
556	617
556	627
556	673
557	568
558	635
558	822
558	850
559	783
559	833
559	844
560	567
560	581
560	603
560	628
560	738
561	646
561	672
561	901
561	933
562	669
562	709
563	678
563	715
563	796
564	581
564	786
564	804
565	574
565	629
565	641
565	864
565	925
566	618
566	959
567	609
567	788
567	840
567	979
568	673
568	752
568	777
568	844
568	860
568	939
568	1013
568	1666
569	649
570	808
570	941
570	984
571	636
571	637
571	709
571	820
572	712
572	721
572	824
573	812
573	895
573	955
574	575
574	797
574	932
574	946
574	952
575	628
575	745
575	818
575	990
576	778
576	877
576	895
576	941
577	694
578	588
578	770
578	787
578	821
578	878
578	984
579	584
579	707
579	713
579	764
579	782
579	821
579	856
579	974
580	592
580	680
580	684
580	773
580	799
580	884
581	652
581	655
581	814
581	930
582	747
582	772
582	856
583	711
583	727
583	793
583	795
583	943
583	992
584	681
584	795
584	910
584	934
585	648
585	682
585	689
585	844
586	677
586	740
586	925
586	997
587	644
587	708
587	715
587	974
588	597
588	606
588	718
588	949
588	979
588	1254
589	685
589	804
589	966
589	978
590	602
590	682
590	894
590	907
591	837
591	886
591	914
591	918
591	961
592	611
592	623
592	715
592	795
592	806
592	830
592	884
592	973
593	679
593	683
593	752
593	835
593	967
593	988
594	768
594	937
594	939
594	1651
595	670
595	724
595	875
595	1074
596	671
596	700
596	780
596	903
596	941
596	999
597	680
597	733
597	741
597	848
598	630
598	766
598	802
598	917
599	756
599	800
599	856
600	863
600	891
600	997
601	664
601	805
601	897
601	947
601	959
602	673
602	698
602	733
602	838
602	841
602	916
602	944
603	653
603	866
603	971
604	655
604	750
604	854
604	915
604	970
605	631
605	716
605	839
605	926
605	1343
605	1529
606	667
606	681
606	779
606	814
606	890
606	913
606	914
607	637
607	689
607	826
607	867
607	969
607	995
607	1747
608	671
608	685
608	753
609	682
609	756
609	812
609	888
609	918
609	932
610	768
610	896
610	956
611	927
611	932
612	615
612	637
612	676
612	928
613	850
613	904
613	961
613	968
614	689
614	929
614	953
614	973
614	981
615	717
616	638
616	843
616	917
617	655
617	674
617	683
617	829
617	872
617	956
618	699
618	855
618	877
618	898
618	924
618	968
618	971
619	621
619	776
619	909
619	912
619	917
619	937
620	670
620	693
620	699
620	893
620	937
620	1004
620	1270
621	650
621	686
621	924
621	996
621	998
621	1009
622	661
622	675
622	769
622	854
622	865
623	705
623	873
623	881
624	733
624	867
624	875
625	844
625	876
625	981
625	988
625	995
626	842
626	932
627	918
627	992
628	744
629	646
629	864
629	866
629	878
629	936
629	947
630	644
630	723
630	760
630	832
630	844
630	944
630	1510
631	773
632	667
632	685
632	760
632	925
632	991
633	693
633	739
633	747
633	878
633	954
634	643
634	831
636	650
636	901
636	1429
637	682
637	717
637	770
638	918
639	711
639	813
640	746
640	752
640	836
640	895
640	923
641	669
641	735
641	795
641	797
641	983
641	1601
642	756
642	763
642	787
642	865
642	929
643	869
643	930
643	998
644	667
644	832
645	734
645	754
645	798
645	847
645	851
645	905
646	748
646	797
646	900
646	937
646	994
647	981
647	1416
648	859
648	971
649	966
649	987
650	816
650	819
650	873
650	877
650	897
650	945
650	957
650	978
651	794
651	966
652	695
652	729
652	754
652	884
652	932
653	701
654	746
654	750
654	816
655	659
655	702
655	863
655	925
655	983
655	992
656	893
656	903
656	942
657	755
658	691
658	806
659	727
659	799
660	778
660	826
661	695
661	702
662	716
662	787
662	883
662	920
662	947
662	995
663	829
663	830
663	839
663	842
663	945
664	721
664	729
664	736
664	788
664	905
664	958
665	873
666	668
666	882
667	765
668	891
668	930
668	949
668	961
669	701
670	896
670	939
671	765
671	786
671	926
672	878
672	933
672	962
673	691
673	759
673	796
673	929
674	721
674	874
674	967
675	748
675	790
675	847
675	901
675	995
676	692
676	783
676	813
677	702
677	734
677	787
677	968
678	689
678	707
678	876
678	903
679	762
679	799
680	705
680	874
681	789
681	976
682	689
682	823
682	829
682	993
683	686
683	732
683	920
684	719
684	732
684	896
684	909
684	922
685	760
685	822
685	885
686	930
686	974
686	978
687	853
687	856
688	803
688	805
688	948
689	768
689	853
690	856
690	968
691	708
691	971
691	974
691	1053
692	842
692	847
693	695
693	749
693	869
693	910
694	752
694	756
694	824
694	932
695	711
696	874
696	977
697	795
697	825
697	862
698	704
698	733
698	969
699	734
699	933
700	784
700	895
700	935
700	939
700	967
701	748
701	787
702	798
702	936
703	864
703	890
703	901
704	714
704	727
704	764
704	835
705	771
706	713
706	779
706	797
706	826
706	943
706	977
707	827
707	829
707	882
707	929
708	711
708	732
708	761
708	994
709	762
709	793
709	811
709	949
710	929
711	826
711	904
711	916
711	951
711	1088
712	721
712	723
712	794
713	779
713	840
714	748
714	947
714	978
714	999
715	731
715	971
716	787
716	803
716	860
716	927
716	997
718	725
718	836
718	895
718	979
719	758
719	847
719	881
719	926
721	879
721	890
722	777
722	783
722	903
722	925
722	969
723	753
723	795
723	884
723	930
723	995
724	913
724	953
725	803
728	857
728	933
729	771
729	804
729	891
729	943
730	749
730	752
730	768
730	986
731	938
732	766
732	921
732	936
732	945
733	866
733	870
733	930
734	746
734	780
734	923
735	814
735	899
735	965
736	739
736	767
736	912
737	816
737	920
739	779
739	984
740	745
740	790
740	869
740	870
741	839
741	847
741	855
741	962
741	1435
742	796
742	816
742	961
742	980
743	895
744	879
744	999
745	985
746	758
746	766
746	832
746	1341
747	792
747	796
747	829
747	1821
748	1437
750	753
750	908
750	926
750	993
750	996
751	812
751	916
751	957
752	841
752	858
752	869
752	922
753	773
753	828
753	867
753	895
754	771
754	780
754	974
756	770
756	778
756	783
756	849
756	862
756	918
756	944
757	835
758	876
758	889
759	768
759	830
759	913
759	969
760	970
761	971
761	1344
762	952
762	994
763	786
763	836
763	855
763	888
763	890
764	801
764	858
765	778
765	825
766	780
766	962
766	977
767	784
767	789
767	962
768	869
768	961
768	994
769	832
769	947
770	921
771	874
772	831
773	790
773	800
773	932
773	965
774	782
774	863
774	925
775	922
776	837
776	903
776	923
777	874
777	998
778	787
778	962
779	884
779	962
780	889
780	924
780	997
782	803
782	947
783	933
784	802
784	840
784	930
785	788
785	973
785	1250
786	882
786	977
786	1864
787	805
787	874
787	876
787	943
787	993
788	809
788	866
789	958
789	988
789	1903
790	791
790	839
791	997
792	806
792	956
794	828
794	964
794	969
794	982
795	855
795	959
795	998
796	910
796	1511
797	847
797	860
797	863
799	914
800	810
800	867
800	889
800	954
800	972
801	805
801	947
803	913
803	989
803	995
804	935
805	820
805	980
806	864
806	952
807	900
807	990
808	962
809	941
809	980
810	912
810	948
810	985
811	998
812	814
812	980
813	860
814	827
814	865
814	866
814	1606
815	835
815	839
815	864
815	913
816	872
816	883
817	948
819	941
819	960
819	966
820	860
820	861
821	837
821	925
823	832
823	962
824	856
824	915
824	922
824	948
824	952
825	865
826	915
826	990
829	901
830	861
831	897
832	852
832	875
832	944
832	970
833	870
833	878
833	983
834	937
834	1836
837	843
837	852
838	879
838	900
838	904
839	860
839	986
840	909
840	1626
841	947
842	910
842	938
842	939
842	942
842	983
842	997
843	852
843	910
843	931
843	978
844	869
845	857
845	888
845	918
845	957
846	866
848	895
850	1482
851	872
851	963
851	1485
852	965
853	905
853	906
853	961
854	873
855	980
855	982
858	902
859	890
859	984
859	989
860	970
861	913
861	997
862	994
864	967
864	989
865	894
866	921
866	975
867	904
867	931
867	957
868	869
868	910
869	895
869	906
869	973
870	967
870	1214
871	880
872	931
874	882
875	906
876	902
876	904
876	943
877	883
877	893
877	919
877	929
877	974
879	958
880	884
880	907
880	913
880	978
880	1486
881	929
882	1574
883	906
883	912
883	945
883	946
883	964
883	1913
884	924
884	955
884	963
885	889
885	960
886	954
886	959
887	904
887	994
888	954
888	964
888	1959
890	921
891	898
891	954
892	900
895	982
896	912
896	920
896	982
898	958
899	906
899	914
900	926
900	927
900	971
902	975
902	1089
903	984
904	920
904	929
904	993
905	996
905	998
906	957
906	991
908	924
908	964
908	965
910	928
910	932
910	970
911	941
913	944
915	969
918	919
918	953
918	969
919	990
921	940
921	988
922	947
925	959
925	1999
926	950
928	961
928	979
929	950
929	977
931	972
932	966
932	996
933	971
934	1024
937	945
937	956
938	963
940	972
941	985
944	980
944	986
944	995
950	1066
951	982
952	955
952	972
954	966
958	973
959	996
959	1126
960	1490
971	998
972	1528
983	1177
1000	1057
1000	1074
1000	1117
1000	1536
1000	1550
1000	1585
1000	1652
1000	1791
1000	1813
1000	1822
1000	1864
1000	1914
1001	1143
1001	1388
1001	1394
1001	1452
1001	1605
1001	1681
1001	1728
1001	1880
1001	1892
1001	1946
1002	1109
1002	1284
1002	1366
1002	1501
1002	1583
1002	1623
1002	1649
1002	1719
1002	1734
1002	1759
1002	1865
1002	1951
1002	1958
1003	1151
1003	1173
1003	1298
1003	1333
1003	1364
1003	1434
1003	1453
1003	1505
1003	1672
1003	1773
1003	1923
1004	1022
1004	1712
1004	1723
1004	1868
1004	1892
1004	1925
1005	1241
1005	1508
1005	1555
1005	1591
1005	1610
1005	1723
1005	1746
1005	1760
1005	1804
1006	1061
1006	1096
1006	1275
1006	1327
1006	1347
1006	1525
1006	1589
1006	1672
1006	1689
1007	1102
1007	1288
1007	1376
1007	1401
1007	1423
1007	1610
1007	1755
1007	1812
1008	1074
1008	1187
1008	1226
1008	1295
1008	1381
1008	1541
1008	1917
1009	1019
1009	1149
1009	1172
1009	1255
1009	1333
1009	1515
1009	1625
1009	1652
1009	1691
1009	1815
1009	1959
1010	1073
1010	1156
1010	1470
1010	1500
1010	1713
1010	1899
1011	1042
1011	1298
1011	1317
1011	1332
1011	1386
1011	1437
1011	1523
1011	1561
1011	1742
1011	1755
1011	1776
1011	1908
1012	1057
1012	1083
1012	1367
1012	1422
1012	1433
1012	1658
1012	1721
1012	1737
1012	1894
1012	1993
1013	1083
1013	1169
1013	1237
1013	1400
1013	1476
1013	1482
1013	1582
1013	1592
1013	1636
1013	1726
1013	1894
1013	1932
1013	1958
1013	1969
1013	1996
1014	1042
1014	1098
1014	1243
1014	1395
1014	1462
1014	1507
1014	1681
1014	1684
1014	1912
1015	1178
1015	1408
1015	1481
1015	1543
1015	1685
1015	1710
1016	1028
1016	1222
1016	1238
1016	1341
1016	1368
1016	1408
1016	1434
1016	1585
1016	1711
1016	1799
1016	1885
1016	1901
1017	1019
1017	1032
1017	1191
1017	1253
1017	1330
1017	1416
1017	1460
1017	1555
1017	1652
1017	1662
1017	1803
1017	1903
1017	1931
1018	1210
1018	1226
1018	1350
1018	1366
1018	1435
1018	1910
1018	1968
1019	1039
1019	1053
1019	1055
1019	1137
1019	1228
1019	1703
1019	1752
1019	1883
1020	1061
1020	1116
1020	1474
1020	1515
1020	1570
1020	1590
1020	1704
1020	1712
1020	1731
1020	1747
1020	1783
1020	1784
1020	1804
1020	1856
1020	1893
1020	1933
1020	1992
1021	1078
1021	1267
1021	1431
1021	1536
1021	1549
1021	1556
1021	1590
1021	1606
1021	1777
1021	1792
1021	1875
1022	1084
1022	1270
1022	1519
1022	1552
1022	1646
1022	1731
1022	1735
1022	1848
1022	1862
1022	1897
1022	1994
1023	1091
1023	1424
1023	1477
1023	1493
1023	1642
1023	1726
1023	1863
1023	1974
1024	1038
1024	1148
1024	1155
1024	1187
1024	1204
1024	1245
1024	1347
1024	1535
1024	1576
1024	1681
1024	1688
1024	1995
1025	1075
1025	1095
1025	1159
1025	1225
1025	1322
1025	1431
1025	1523
1025	1526
1025	1649
1026	1295
1026	1637
1027	1127
1027	1157
1027	1199
1027	1249
1027	1365
1027	1366
1027	1399
1027	1409
1027	1599
1027	1635
1027	1806
1027	1854
1027	1883
1027	1904
1027	1942
1028	1119
1028	1152
1028	1253
1028	1501
1028	1757
1028	1853
1028	1879
1028	1884
1028	1929
1029	1055
1029	1173
1029	1220
1029	1306
1029	1348
1029	1592
1029	1638
1029	1842
1029	1851
1029	1929
1029	1946
1030	1100
1030	1211
1030	1361
1030	1364
1030	1374
1030	1429
1030	1603
1030	1676
1030	1807
1030	1833
1031	1117
1031	1123
1031	1126
1031	1174
1031	1205
1031	1213
1031	1279
1031	1520
1031	1680
1031	1777
1031	1803
1032	1142
1032	1454
1032	1543
1032	1647
1032	1731
1032	1745
1032	1781
1032	1855
1033	1279
1033	1373
1033	1416
1033	1515
1033	1576
1033	1914
1034	1099
1034	1177
1034	1321
1034	1355
1034	1388
1034	1429
1034	1434
1034	1500
1034	1502
1034	1606
1034	1697
1034	1782
1034	1821
1034	1894
1034	1899
1035	1226
1035	1588
1035	1602
1035	1750
1035	1764
1035	1965
1035	1994
1036	1061
1036	1474
1036	1512
1036	1541
1036	1548
1036	1581
1036	1615
1036	1632
1036	1642
1036	1648
1036	1653
1036	1755
1036	1920
1036	1947
1037	1236
1037	1276
1037	1277
1037	1278
1037	1342
1037	1353
1037	1400
1037	1518
1037	1544
1037	1712
1037	1772
1037	1841
1037	1895
1038	1074
1038	1223
1038	1245
1038	1366
1038	1389
1038	1428
1038	1538
1038	1591
1038	1595
1038	1689
1038	1758
1038	1864
1039	1047
1039	1327
1039	1387
1039	1539
1039	1550
1039	1709
1039	1779
1039	1909
1039	1951
1040	1049
1040	1232
1040	1501
1040	1625
1040	1687
1040	1727
1040	1746
1040	1828
1040	1928
1040	1990
1041	1061
1041	1063
1041	1136
1041	1289
1041	1325
1041	1471
1041	1607
1041	1622
1041	1656
1041	1796
1042	1057
1042	1065
1042	1157
1042	1184
1042	1282
1042	1353
1042	1483
1042	1500
1042	1534
1042	1593
1042	1681
1042	1690
1042	1725
1042	1955
1043	1225
1043	1567
1043	1723
1043	1769
1043	1804
1043	1855
1043	1913
1043	1999
1044	1832
1044	1852
1044	1938
1044	1972
1045	1143
1045	1309
1045	1392
1045	1448
1045	1454
1045	1749
1045	1888
1045	1926
1046	1150
1046	1258
1046	1273
1046	1394
1046	1436
1046	1445
1046	1770
1046	1813
1046	1861
1047	1067
1047	1155
1047	1350
1047	1399
1047	1637
1048	1424
1048	1542
1048	1661
1048	1873
1048	1897
1048	1983
1048	1993
1049	1081
1049	1150
1049	1229
1049	1256
1049	1382
1049	1409
1049	1497
1049	1551
1050	1126
1050	1290
1050	1448
1050	1498
1050	1931
1050	1980
1050	1988
1050	1990
1051	1098
1051	1214
1051	1217
1051	1354
1051	1427
1051	1471
1051	1535
1051	1640
1051	1673
1051	1705
1051	1837
1051	1898
1052	1061
1052	1092
1052	1110
1052	1330
1052	1515
1052	1578
1052	1594
1052	1615
1052	1705
1052	1706
1052	1763
1052	1876
1052	1907
1052	1926
1052	1943
1052	1966
1053	1315
1053	1505
1053	1573
1053	1616
1053	1679
1053	1719
1053	1810
1053	1863
1053	1948
1053	1988
1053	1997
1054	1274
1054	1380
1054	1750
1054	1761
1054	1920
1054	1970
1055	1125
1055	1253
1055	1281
1055	1363
1055	1526
1055	1621
1055	1736
1055	1841
1055	1843
1055	1985
1056	1067
1056	1228
1056	1232
1056	1234
1056	1254
1056	1479
1056	1521
1056	1640
1056	1679
1056	1992
1057	1130
1057	1330
1057	1671
1057	1779
1057	1811
1057	1846
1057	1861
1057	1894
1057	1937
1057	1954
1058	1198
1058	1277
1058	1431
1058	1440
1058	1469
1058	1500
1058	1589
1058	1613
1058	1672
1058	1932
1058	1968
1058	1996
1059	1214
1059	1234
1059	1364
1059	1385
1059	1428
1059	1447
1059	1604
1059	1634
1059	1684
1059	1809
1059	1829
1059	1992
1060	1108
1060	1139
1060	1238
1060	1313
1060	1430
1060	1478
1060	1491
1060	1736
1060	1926
1061	1093
1061	1202
1061	1228
1061	1455
1061	1685
1061	1773
1062	1107
1062	1109
1062	1149
1062	1389
1062	1473
1062	1564
1062	1629
1062	1680
1062	1801
1063	1094
1063	1165
1063	1186
1063	1450
1063	1598
1063	1714
1063	1768
1063	1822
1063	1869
1064	1070
1064	1078
1064	1082
1064	1287
1064	1382
1064	1411
1064	1698
1064	1801
1064	1818
1064	1953
1065	1087
1065	1113
1065	1177
1065	1272
1065	1373
1065	1399
1065	1414
1065	1619
1065	1986
1066	1074
1066	1153
1066	1408
1066	1485
1066	1583
1066	1715
1066	1789
1066	1941
1066	1948
1066	1960
1066	1961
1066	1966
1067	1348
1067	1429
1067	1435
1067	1599
1067	1915
1068	1111
1068	1186
1068	1218
1068	1653
1069	1244
1069	1299
1069	1380
1069	1787
1069	1893
1069	1995
1070	1134
1070	1175
1070	1328
1070	1335
1070	1668
1070	1805
1070	1951
1070	1970
1071	1077
1071	1139
1071	1144
1071	1413
1071	1427
1071	1790
1071	1828
1071	1833
1071	1861
1071	1953
1071	1986
1072	1508
1072	1703
1072	1805
1072	1905
1073	1115
1073	1201
1073	1212
1073	1217
1073	1279
1073	1698
1073	1769
1073	1936
1073	1974
1074	1082
1074	1100
1074	1133
1074	1179
1074	1181
1074	1190
1074	1194
1074	1253
1074	1355
1074	1410
1074	1459
1074	1527
1074	1782
1074	1805
1074	1867
1074	1920
1074	1977
1075	1113
1075	1208
1075	1257
1075	1440
1075	1579
1075	1625
1075	1659
1075	1902
1075	1912
1075	1931
1076	1097
1076	1275
1076	1312
1076	1572
1076	1721
1076	1750
1076	1777
1076	1988
1077	1203
1077	1289
1077	1308
1077	1421
1077	1495
1077	1498
1077	1533
1077	1596
1077	1790
1077	1853
1077	1914
1078	1192
1078	1211
1078	1309
1078	1390
1078	1554
1078	1719
1079	1197
1079	1330
1079	1342
1079	1413
1079	1504
1079	1558
1079	1595
1079	1629
1079	1668
1079	1695
1079	1766
1079	1798
1079	1875
1080	1085
1080	1124
1080	1166
1080	1190
1080	1321
1080	1326
1080	1705
1080	1793
1080	1942
1080	1952
1080	1975
1080	1977
1081	1091
1081	1356
1081	1441
1081	1562
1081	1564
1081	1665
1081	1734
1081	1962
1082	1086
1082	1130
1082	1182
1082	1188
1082	1278
1082	1282
1082	1369
1082	1636
1082	1646
1082	1782
1082	1793
1083	1225
1083	1341
1083	1388
1083	1419
1083	1475
1083	1551
1083	1570
1083	1718
1083	1823
1083	1957
1084	1123
1084	1127
1084	1265
1084	1352
1084	1357
1084	1444
1084	1471
1084	1764
1084	1905
1084	1921
1084	1940
1084	1999
1085	1170
1085	1203
1085	1225
1085	1255
1085	1422
1085	1499
1085	1500
1085	1534
1085	1652
1085	1908
1086	1178
1086	1243
1086	1292
1086	1313
1086	1378
1086	1427
1086	1601
1086	1713
1086	1848
1087	1099
1087	1154
1087	1281
1087	1380
1087	1572
1087	1690
1087	1869
1087	1873
1088	1319
1088	1342
1088	1482
1088	1582
1088	1633
1088	1688
1088	1705
1088	1762
1088	1764
1088	1817
1088	1832
1088	1891
1089	1236
1089	1340
1089	1438
1089	1648
1089	1838
1089	1844
1090	1123
1090	1131
1090	1470
1090	1632
1090	1662
1090	1683
1090	1702
1090	1751
1090	1862
1091	1142
1091	1163
1091	1398
1091	1430
1091	1441
1091	1481
1091	1500
1091	1801
1091	1812
1091	1872
1091	1978
1091	1990
1092	1100
1092	1235
1092	1267
1092	1487
1092	1635
1092	1660
1092	1768
1092	1914
1092	1925
1092	1992
1093	1189
1093	1232
1093	1272
1093	1330
1093	1345
1093	1370
1093	1391
1093	1567
1093	1603
1093	1637
1093	1645
1093	1688
1093	1851
1094	1099
1094	1197
1094	1228
1094	1233
1094	1286
1094	1538
1094	1746
1094	1811
1094	1825
1094	1879
1095	1170
1095	1197
1095	1220
1095	1578
1095	1591
1095	1694
1095	1744
1095	1787
1095	1829
1095	1962
1096	1126
1096	1175
1096	1181
1096	1265
1096	1596
1096	1669
1096	1759
1096	1941
1096	1943
1096	1975
1096	1992
1097	1313
1097	1603
1097	1628
1097	1645
1097	1688
1097	1809
1097	1937
1097	1987
1098	1109
1098	1804
1099	1278
1099	1382
1099	1465
1099	1580
1099	1640
1099	1705
1099	1761
1099	1853
1099	1893
1100	1149
1100	1294
1100	1411
1100	1670
1100	1806
1101	1436
1101	1480
1101	1658
1101	1716
1101	1858
1101	1888
1102	1113
1102	1166
1102	1197
1102	1281
1102	1349
1102	1405
1102	1415
1102	1667
1102	1678
1102	1701
1102	1831
1103	1233
1103	1267
1103	1390
1103	1457
1103	1470
1103	1515
1103	1540
1103	1678
1103	1805
1103	1935
1103	1952
1104	1212
1104	1355
1104	1519
1104	1528
1104	1568
1104	1694
1104	1850
1104	1937
1104	1969
1104	1997
1105	1193
1105	1333
1105	1372
1105	1464
1105	1465
1105	1489
1105	1543
1105	1577
1105	1815
1105	1851
1105	1853
1105	1937
1105	1985
1106	1172
1106	1253
1106	1449
1106	1472
1106	1517
1106	1661
1106	1664
1106	1686
1106	1708
1106	1750
1106	1891
1106	1948
1107	1226
1107	1258
1107	1282
1107	1400
1107	1409
1107	1601
1107	1604
1107	1611
1107	1739
1107	1825
1107	1867
1107	1913
1107	1970
1108	1139
1108	1231
1108	1422
1108	1711
1108	1856
1109	1223
1109	1243
1109	1447
1109	1569
1109	1585
1109	1608
1109	1616
1109	1755
1109	1814
1109	1873
1110	1112
1110	1177
1110	1481
1110	1530
1110	1724
1110	1739
1110	1781
1111	1153
1111	1245
1111	1290
1111	1446
1111	1501
1111	1511
1111	1514
1111	1518
1111	1784
1111	1801
1111	1844
1111	1875
1111	1919
1112	1114
1112	1239
1112	1415
1112	1683
1112	1691
1112	1912
1112	1955
1113	1221
1113	1359
1113	1376
1113	1516
1113	1536
1113	1625
1113	1709
1114	1170
1114	1334
1114	1493
1114	1502
1114	1611
1114	1811
1114	1880
1114	1905
1115	1158
1115	1301
1115	1402
1115	1762
1115	1928
1115	1930
1116	1154
1116	1286
1116	1335
1116	1351
1116	1484
1116	1608
1116	1626
1116	1651
1116	1673
1116	1772
1117	1266
1117	1419
1117	1545
1117	1661
1118	1165
1118	1291
1118	1473
1118	1644
1118	1723
1118	1771
1118	1862
1119	1268
1119	1417
1119	1469
1119	1661
1119	1717
1119	1822
1119	1880
1119	1982
1120	1318
1120	1403
1120	1491
1120	1795
1120	1928
1120	1961
1120	1964
1121	1131
1121	1132
1121	1176
1121	1270
1121	1347
1121	1378
1121	1533
1121	1579
1121	1632
1121	1666
1122	1153
1122	1305
1122	1324
1122	1348
1122	1579
1122	1601
1122	1664
1122	1680
1122	1731
1122	1890
1123	1191
1123	1313
1123	1364
1123	1479
1123	1589
1123	1735
1123	1855
1123	1965
1123	1999
1124	1249
1124	1533
1124	1630
1124	1782
1124	1946
1124	1950
1125	1202
1125	1203
1125	1261
1125	1328
1125	1342
1125	1417
1125	1591
1125	1656
1125	1753
1125	1797
1125	1832
1126	1288
1126	1345
1126	1373
1126	1405
1126	1602
1126	1744
1126	1747
1126	1823
1126	1926
1127	1255
1127	1279
1127	1415
1127	1459
1127	1644
1127	1763
1127	1827
1127	1858
1128	1268
1128	1278
1128	1437
1128	1864
1128	1898
1129	1389
1129	1453
1129	1457
1129	1572
1129	1772
1129	1882
1129	1978
1130	1264
1130	1268
1130	1489
1130	1516
1130	1695
1130	1710
1130	1764
1130	1979
1131	1401
1131	1427
1131	1467
1131	1671
1131	1772
1131	1805
1131	1971
1131	1975
1131	1994
1132	1135
1132	1155
1132	1204
1132	1282
1132	1394
1132	1406
1132	1776
1132	1997
1133	1150
1133	1196
1133	1338
1133	1404
1133	1603
1133	1616
1133	1621
1133	1649
1133	1720
1134	1145
1134	1178
1134	1216
1134	1371
1134	1502
1134	1576
1134	1723
1134	1817
1135	1142
1135	1523
1135	1575
1135	1588
1135	1599
1135	1643
1135	1930
1135	1972
1136	1153
1136	1217
1136	1484
1136	1835
1137	1298
1137	1306
1137	1369
1137	1822
1137	1915
1137	1983
1138	1176
1138	1256
1138	1292
1138	1374
1138	1557
1138	1664
1138	1805
1138	1878
1139	1153
1139	1307
1139	1368
1139	1384
1139	1430
1139	1544
1139	1548
1139	1746
1139	1860
1140	1174
1140	1506
1140	1638
1140	1670
1140	1732
1140	1759
1140	1881
1141	1303
1141	1332
1141	1394
1141	1472
1141	1726
1141	1763
1142	1164
1142	1294
1142	1381
1142	1389
1142	1401
1142	1405
1142	1421
1142	1431
1142	1609
1142	1752
1142	1781
1142	1853
1142	1861
1142	1871
1143	1451
1143	1892
1144	1308
1144	1371
1144	1375
1144	1412
1144	1644
1144	1780
1144	1932
1144	1949
1145	1343
1145	1419
1145	1519
1145	1539
1145	1560
1145	1598
1145	1930
1145	1965
1146	1188
1146	1544
1146	1673
1146	1761
1146	1894
1146	1916
1146	1981
1147	1195
1147	1403
1147	1529
1147	1570
1147	1613
1147	1699
1147	1812
1147	1962
1147	1971
1147	1976
1148	1348
1148	1361
1148	1487
1148	1758
1148	1781
1148	1792
1148	1890
1148	1989
1149	1159
1149	1373
1149	1378
1149	1426
1149	1436
1149	1510
1149	1697
1149	1781
1149	1818
1149	1929
1150	1178
1150	1202
1150	1569
1150	1710
1150	1724
1150	1732
1150	1837
1150	1918
1151	1408
1151	1518
1151	1587
1151	1609
1151	1623
1151	1859
1151	1889
1151	1969
1151	1973
1152	1245
1152	1256
1152	1382
1152	1566
1152	1630
1152	1669
1152	1683
1152	1779
1152	1799
1152	1922
1153	1398
1153	1425
1153	1483
1153	1550
1153	1557
1153	1576
1153	1721
1153	1782
1153	1897
1153	1987
1154	1278
1154	1327
1154	1388
1154	1482
1154	1618
1154	1630
1154	1635
1154	1726
1154	1937
1154	1955
1154	1998
1155	1156
1155	1274
1155	1424
1155	1526
1155	1540
1155	1546
1155	1582
1155	1770
1155	1844
1156	1400
1156	1472
1156	1555
1156	1615
1156	1686
1156	1687
1156	1705
1156	1802
1156	1836
1156	1855
1156	1890
1157	1540
1157	1638
1157	1783
1157	1785
1157	1802
1157	1887
1158	1281
1158	1402
1158	1404
1158	1573
1158	1580
1158	1640
1158	1655
1158	1692
1158	1749
1158	1796
1158	1851
1158	1896
1158	1947
1159	1275
1159	1308
1159	1382
1159	1623
1159	1633
1159	1785
1159	1898
1160	1348
1160	1367
1160	1472
1160	1690
1160	1717
1160	1848
1160	1972
1161	1369
1161	1711
1161	1721
1161	1728
1161	1819
1161	1935
1161	1956
1162	1218
1162	1338
1162	1549
1162	1604
1162	1638
1162	1653
1162	1889
1163	1197
1163	1238
1163	1334
1163	1694
1163	1798
1163	1865
1164	1377
1164	1424
1164	1455
1164	1489
1164	1650
1164	1728
1164	1813
1165	1181
1165	1263
1165	1272
1165	1373
1165	1548
1165	1566
1165	1597
1165	1722
1165	1773
1165	1823
1165	1833
1165	1846
1165	1916
1165	1977
1166	1273
1166	1327
1166	1455
1166	1625
1166	1641
1166	1852
1167	1170
1167	1369
1167	1377
1167	1500
1167	1761
1167	1787
1167	1856
1167	1967
1168	1458
1168	1677
1168	1713
1169	1448
1169	1637
1169	1691
1169	1755
1169	1761
1169	1776
1169	1807
1169	1827
1169	1905
1170	1248
1170	1249
1170	1572
1170	1656
1170	1662
1170	1714
1170	1766
1170	1788
1170	1845
1171	1225
1171	1237
1171	1252
1171	1338
1171	1374
1171	1441
1171	1541
1171	1602
1171	1620
1171	1786
1171	1831
1171	1914
1172	1253
1172	1829
1172	1848
1172	1929
1173	1266
1173	1308
1173	1489
1173	1715
1173	1758
1173	1896
1173	1949
1173	1973
1174	1260
1174	1298
1174	1488
1174	1690
1175	1218
1175	1316
1175	1559
1175	1578
1175	1584
1175	1683
1175	1691
1175	1741
1175	1774
1175	1844
1176	1186
1176	1448
1176	1520
1176	1547
1176	1665
1176	1681
1176	1923
1176	1993
1177	1245
1177	1494
1177	1558
1177	1867
1177	1894
1177	1917
1178	1188
1178	1329
1178	1460
1178	1535
1178	1546
1178	1634
1178	1663
1178	1747
1178	1899
1179	1183
1179	1241
1179	1318
1179	1368
1179	1370
1179	1422
1179	1657
1179	1844
1179	1943
1180	1197
1180	1263
1180	1418
1180	1445
1180	1532
1180	1557
1180	1624
1180	1776
1180	1801
1180	1863
1180	1898
1180	1970
1180	1985
1181	1197
1181	1213
1181	1371
1181	1410
1181	1596
1181	1656
1181	1737
1181	1749
1181	1758
1181	1767
1181	1813
1182	1295
1182	1377
1182	1589
1182	1675
1182	1759
1182	1909
1182	1945
1183	1290
1183	1388
1183	1454
1183	1602
1183	1786
1183	1833
1183	1840
1183	1848
1183	1868
1184	1290
1184	1393
1184	1903
1184	1936
1185	1306
1185	1634
1185	1744
1186	1394
1186	1412
1186	1488
1186	1578
1186	1687
1186	1803
1186	1826
1186	1839
1186	1849
1187	1216
1187	1382
1187	1418
1187	1442
1187	1495
1187	1687
1187	1934
1187	1948
1188	1252
1188	1291
1188	1434
1188	1462
1188	1474
1188	1503
1188	1575
1188	1588
1188	1613
1188	1662
1188	1684
1188	1781
1189	1227
1189	1393
1189	1456
1189	1459
1189	1469
1189	1496
1189	1521
1189	1577
1189	1757
1189	1846
1189	1876
1190	1229
1190	1321
1190	1339
1190	1375
1190	1531
1190	1972
1191	1320
1191	1338
1191	1349
1191	1507
1191	1549
1191	1740
1191	1980
1192	1196
1192	1296
1192	1318
1192	1363
1192	1366
1192	1451
1192	1475
1192	1491
1192	1567
1192	1661
1192	1768
1192	1844
1193	1219
1193	1281
1193	1294
1193	1347
1193	1375
1193	1451
1193	1460
1193	1894
1193	1899
1193	1979
1193	1997
1194	1208
1194	1222
1194	1353
1194	1370
1194	1385
1194	1453
1194	1585
1194	1621
1194	1821
1194	1875
1195	1484
1195	1682
1195	1850
1195	1928
1195	1988
1195	1992
1196	1235
1196	1383
1196	1399
1196	1611
1196	1969
1197	1275
1197	1503
1197	1568
1197	1730
1197	1907
1198	1264
1198	1460
1198	1742
1198	1774
1198	1831
1198	1916
1198	1995
1199	1219
1199	1456
1199	1489
1199	1644
1199	1655
1199	1728
1199	1859
1200	1203
1200	1330
1200	1356
1200	1594
1200	1763
1200	1815
1200	1850
1201	1231
1201	1454
1201	1589
1201	1625
1201	1721
1201	1933
1202	1272
1202	1466
1202	1643
1202	1677
1202	1683
1202	1687
1202	1780
1202	1980
1203	1222
1203	1223
1203	1235
1203	1269
1203	1329
1203	1408
1203	1453
1203	1526
1203	1527
1203	1530
1203	1647
1203	1648
1203	1664
1203	1902
1203	1913
1204	1222
1204	1319
1204	1415
1204	1483
1204	1631
1204	1783
1204	1797
1204	1835
1204	1838
1205	1390
1205	1395
1205	1569
1205	1597
1205	1610
1205	1635
1205	1676
1205	1785
1205	1831
1205	1926
1206	1243
1206	1279
1206	1422
1206	1641
1206	1708
1206	1761
1206	1783
1207	1296
1207	1305
1207	1345
1207	1375
1207	1441
1207	1523
1207	1570
1208	1245
1208	1462
1208	1619
1208	1641
1208	1758
1208	1900
1208	1947
1208	1978
1209	1294
1209	1388
1209	1406
1209	1452
1209	1454
1209	1465
1209	1562
1209	1677
1209	1954
1209	1978
1210	1248
1210	1351
1210	1517
1210	1592
1210	1638
1210	1653
1210	1685
1210	1881
1211	1404
1211	1580
1211	1684
1211	1688
1211	1715
1211	1731
1211	1876
1212	1312
1212	1373
1212	1392
1212	1419
1212	1644
1212	1751
1212	1956
1213	1384
1213	1625
1213	1685
1213	1705
1213	1906
1214	1339
1214	1414
1214	1547
1214	1657
1214	1670
1214	1678
1214	1857
1214	1931
1214	1947
1215	1255
1215	1324
1215	1404
1215	1427
1215	1455
1215	1479
1215	1602
1215	1625
1215	1720
1215	1742
1216	1269
1216	1272
1216	1318
1216	1343
1216	1733
1216	1873
1216	1874
1216	1930
1216	1945
1216	1962
1217	1239
1217	1311
1217	1359
1217	1539
1217	1552
1217	1584
1217	1796
1217	1911
1218	1443
1218	1524
1218	1715
1218	1740
1219	1575
1219	1709
1219	1784
1219	1901
1219	1902
1220	1311
1220	1332
1220	1423
1220	1427
1220	1617
1220	1681
1220	1754
1220	1809
1220	1815
1220	1872
1220	1962
1221	1470
1221	1557
1221	1604
1221	1725
1221	1931
1222	1236
1222	1255
1222	1296
1222	1351
1222	1471
1222	1619
1222	1621
1222	1756
1222	1832
1222	1907
1223	1272
1223	1329
1223	1344
1223	1372
1223	1436
1223	1468
1223	1483
1223	1690
1223	1750
1223	1866
1223	1867
1223	1976
1223	1980
1224	1402
1224	1421
1224	1461
1224	1497
1224	1512
1224	1534
1224	1713
1224	1828
1224	1908
1224	1963
1224	1981
1225	1261
1225	1328
1225	1340
1225	1368
1225	1571
1225	1847
1225	1851
1225	1948
1226	1301
1226	1304
1226	1572
1226	1628
1226	1685
1226	1790
1226	1886
1226	1895
1226	1904
1227	1328
1227	1432
1227	1451
1227	1533
1227	1747
1228	1311
1228	1408
1228	1621
1229	1391
1229	1397
1229	1421
1229	1512
1229	1593
1229	1613
1229	1986
1230	1236
1230	1286
1230	1486
1230	1637
1230	1737
1231	1287
1231	1314
1231	1364
1231	1467
1231	1487
1231	1682
1231	1707
1231	1791
1231	1834
1232	1436
1232	1590
1232	1716
1232	1799
1232	1846
1232	1911
1232	1912
1232	1938
1232	1988
1233	1401
1233	1483
1233	1676
1233	1709
1233	1724
1233	1765
1233	1816
1233	1926
1233	1936
1234	1247
1234	1327
1234	1389
1234	1758
1234	1786
1234	1992
1235	1371
1235	1413
1235	1738
1235	1948
1236	1251
1236	1298
1236	1523
1236	1553
1236	1559
1236	1680
1236	1823
1236	1936
1237	1295
1237	1578
1237	1888
1237	1925
1237	1998
1238	1240
1238	1328
1238	1331
1238	1390
1238	1558
1238	1901
1238	1967
1239	1263
1239	1315
1239	1319
1239	1333
1239	1416
1239	1564
1239	1581
1239	1681
1239	1925
1239	1962
1239	1972
1240	1288
1240	1385
1240	1396
1240	1467
1240	1490
1240	1736
1240	1949
1240	1959
1240	1988
1241	1248
1241	1294
1241	1412
1241	1419
1241	1486
1241	1535
1241	1691
1241	1704
1241	1895
1241	1920
1242	1283
1242	1327
1242	1343
1242	1355
1242	1685
1242	1757
1242	1923
1243	1332
1243	1425
1243	1506
1243	1736
1243	1757
1243	1815
1243	1870
1243	1928
1243	1943
1243	1967
1243	1970
1243	1971
1243	1994
1244	1271
1244	1389
1244	1621
1244	1639
1244	1686
1244	1745
1244	1761
1244	1788
1244	1829
1244	1910
1245	1256
1245	1261
1245	1333
1245	1371
1245	1583
1245	1800
1245	1966
1246	1428
1246	1554
1246	1681
1246	1782
1246	1827
1246	1864
1246	1900
1247	1304
1247	1337
1247	1854
1248	1287
1248	1317
1248	1335
1248	1466
1248	1705
1248	1896
1248	1993
1249	1321
1249	1347
1249	1415
1249	1460
1249	1678
1249	1696
1250	1260
1250	1303
1250	1341
1250	1406
1250	1471
1250	1584
1250	1647
1250	1849
1250	1968
1251	1387
1251	1427
1251	1445
1251	1735
1251	1766
1251	1925
1252	1817
1252	1926
1252	1943
1252	1976
1253	1383
1253	1511
1253	1630
1253	1682
1253	1872
1253	1982
1254	1286
1254	1303
1254	1320
1254	1456
1254	1516
1254	1560
1254	1621
1254	1640
1254	1958
1255	1266
1255	1276
1255	1312
1255	1440
1255	1563
1255	1575
1255	1823
1255	1936
1256	1354
1256	1366
1256	1384
1256	1492
1256	1530
1256	1532
1256	1569
1256	1632
1256	1688
1256	1773
1257	1362
1257	1397
1257	1447
1257	1462
1257	1480
1257	1905
1257	1961
1258	1362
1258	1383
1258	1470
1258	1532
1258	1543
1258	1833
1258	1839
1259	1291
1259	1493
1259	1602
1259	1731
1259	1838
1259	1923
1259	1969
1259	1970
1260	1262
1260	1423
1260	1506
1260	1538
1260	1766
1260	1958
1261	1622
1261	1724
1261	1826
1261	1884
1261	1935
1262	1438
1262	1492
1262	1587
1262	1641
1262	1717
1262	1934
1263	1450
1263	1656
1263	1662
1263	1716
1263	1818
1263	1835
1263	1837
1263	1988
1263	1995
1264	1551
1264	1580
1265	1375
1265	1382
1265	1418
1265	1429
1265	1442
1265	1588
1265	1686
1265	1739
1266	1298
1266	1386
1266	1415
1266	1557
1266	1715
1266	1785
1266	1980
1267	1295
1267	1311
1267	1337
1267	1608
1267	1670
1267	1738
1267	1978
1267	1998
1268	1324
1268	1615
1268	1720
1268	1852
1268	1873
1268	1995
1269	1631
1269	1761
1269	1765
1269	1839
1269	1936
1269	1966
1269	1993
1270	1275
1270	1447
1270	1499
1270	1556
1270	1686
1270	1769
1270	1795
1270	1864
1270	1913
1270	1991
1271	1398
1271	1541
1271	1628
1271	1754
1271	1992
1272	1342
1272	1463
1272	1789
1272	1806
1272	1936
1273	1537
1273	1716
1273	1942
1274	1422
1274	1468
1274	1477
1274	1560
1274	1657
1274	1681
1274	1847
1274	1878
1275	1350
1275	1451
1275	1590
1275	1617
1275	1774
1275	1932
1275	1976
1276	1377
1276	1524
1276	1608
1276	1738
1276	1920
1276	1958
1277	1307
1277	1505
1277	1534
1277	1556
1277	1560
1277	1725
1277	1750
1277	1794
1277	1812
1277	1832
1277	1997
1278	1333
1278	1355
1278	1469
1278	1517
1278	1541
1278	1627
1278	1665
1278	1698
1278	1734
1278	1900
1279	1302
1279	1600
1279	1763
1279	1765
1279	1848
1280	1330
1280	1342
1280	1512
1280	1710
1280	1732
1280	1840
1280	1863
1280	1884
1280	1925
1280	1959
1281	1338
1281	1436
1281	1447
1281	1644
1281	1650
1281	1662
1281	1760
1281	1840
1281	1847
1281	1856
1281	1888
1281	1904
1282	1507
1282	1571
1282	1735
1282	1964
1283	1301
1283	1663
1283	1669
1283	1698
1283	1740
1283	1764
1283	1882
1283	1983
1284	1347
1284	1381
1284	1431
1284	1458
1284	1716
1284	1740
1284	1775
1284	1860
1284	1890
1284	1907
1284	1978
1285	1304
1285	1372
1285	1524
1285	1545
1285	1712
1285	1814
1285	1839
1286	1336
1286	1483
1286	1498
1286	1540
1286	1659
1286	1737
1286	1752
1286	1774
1286	1923
1287	1302
1287	1306
1287	1363
1287	1552
1287	1629
1287	1657
1287	1675
1287	1733
1287	1737
1287	1867
1287	1881
1287	1885
1287	1902
1288	1562
1288	1575
1288	1654
1288	1694
1288	1753
1288	1769
1288	1825
1288	1888
1289	1292
1289	1301
1289	1313
1289	1365
1289	1373
1289	1410
1289	1786
1289	1870
1289	1876
1289	1951
1290	1381
1290	1448
1290	1584
1290	1640
1290	1847
1290	1867
1290	1945
1291	1458
1291	1479
1291	1697
1291	1737
1292	1309
1292	1447
1292	1466
1292	1480
1292	1649
1292	1734
1292	1762
1292	1798
1292	1804
1292	1988
1293	1473
1293	1495
1293	1795
1293	1962
1294	1309
1294	1556
1294	1581
1294	1635
1294	1752
1295	1342
1295	1350
1295	1416
1295	1470
1295	1629
1295	1750
1295	1973
1296	1354
1296	1418
1296	1882
1296	1934
1297	1442
1297	1446
1297	1492
1297	1496
1297	1640
1297	1982
1298	1420
1298	1568
1298	1574
1298	1600
1298	1689
1298	1744
1298	1843
1298	1938
1299	1473
1299	1582
1299	1654
1299	1882
1299	1886
1300	1327
1300	1592
1300	1753
1300	1823
1301	1334
1301	1473
1301	1763
1301	1834
1301	1840
1301	1916
1301	1926
1302	1428
1302	1561
1302	1590
1302	1814
1302	1878
1302	1966
1303	1323
1303	1412
1303	1457
1303	1542
1303	1877
1304	1413
1304	1591
1304	1741
1304	1773
1304	1780
1304	1807
1304	1885
1304	1952
1304	1973
1305	1368
1305	1537
1305	1558
1305	1701
1305	1722
1305	1764
1305	1766
1305	1856
1306	1385
1306	1577
1306	1582
1306	1612
1306	1625
1306	1630
1306	1894
1307	1642
1307	1680
1307	1743
1307	1754
1307	1867
1307	1939
1308	1311
1308	1470
1308	1540
1308	1691
1308	1754
1308	1814
1308	1834
1308	1880
1308	1942
1309	1394
1309	1404
1309	1436
1309	1504
1309	1518
1309	1535
1309	1574
1309	1586
1309	1792
1309	1834
1309	1950
1310	1407
1310	1525
1310	1914
1311	1503
1311	1554
1311	1570
1311	1748
1312	1378
1312	1465
1312	1636
1312	1654
1312	1667
1312	1689
1312	1697
1312	1717
1312	1758
1312	1831
1312	1918
1312	1931
1312	1941
1313	1324
1313	1372
1313	1401
1313	1520
1313	1770
1313	1816
1314	1330
1314	1389
1314	1429
1314	1432
1314	1447
1314	1571
1314	1584
1314	1671
1314	1737
1315	1384
1315	1477
1315	1505
1315	1672
1315	1893
1315	1974
1316	1413
1316	1465
1316	1555
1316	1652
1316	1693
1316	1719
1316	1796
1316	1817
1316	1880
1316	1974
1317	1525
1317	1543
1317	1544
1317	1726
1317	1808
1317	1820
1317	1873
1317	1879
1318	1327
1318	1371
1318	1590
1318	1630
1318	1858
1318	1902
1318	1931
1318	1939
1319	1677
1319	1716
1319	1750
1320	1479
1320	1533
1320	1547
1320	1575
1320	1581
1320	1921
1321	1617
1321	1684
1322	1328
1322	1359
1322	1399
1322	1435
1322	1633
1322	1721
1322	1745
1322	1758
1322	1905
1322	1906
1323	1450
1323	1481
1323	1618
1323	1621
1323	1722
1323	1759
1323	1902
1324	1328
1324	1575
1324	1784
1324	1804
1325	1381
1325	1452
1325	1476
1325	1509
1325	1510
1325	1524
1325	1544
1325	1593
1325	1751
1325	1804
1325	1896
1326	1328
1326	1362
1326	1430
1326	1431
1326	1578
1326	1644
1326	1747
1326	1980
1326	1991
1327	1417
1327	1469
1327	1542
1327	1614
1327	1677
1327	1760
1327	1984
1328	1413
1328	1471
1328	1486
1328	1524
1328	1615
1328	1620
1328	1868
1328	1943
1329	1457
1329	1635
1329	1767
1330	1352
1330	1390
1330	1405
1330	1409
1330	1636
1330	1698
1330	1747
1330	1760
1331	1470
1331	1495
1331	1626
1331	1645
1331	1661
1331	1834
1331	1926
1331	1969
1331	1995
1332	1350
1332	1355
1332	1371
1332	1605
1332	1632
1332	1780
1332	1819
1333	1455
1333	1522
1333	1549
1333	1605
1333	1703
1333	1762
1333	1765
1333	1778
1333	1790
1333	1807
1333	1848
1333	1874
1333	1948
1333	1996
1334	1564
1334	1583
1334	1625
1334	1924
1334	1954
1334	1978
1334	1989
1335	1352
1335	1597
1335	1899
1335	1951
1336	1341
1336	1348
1336	1411
1336	1457
1336	1563
1336	1734
1336	1848
1336	1927
1337	1346
1337	1398
1337	1463
1337	1526
1337	1690
1338	1400
1338	1502
1338	1558
1338	1759
1338	1836
1338	1869
1338	1943
1339	1411
1339	1533
1339	1589
1339	1841
1339	1969
1340	1516
1340	1709
1340	1956
1341	1470
1341	1724
1341	1743
1342	1607
1342	1626
1342	1852
1342	1971
1343	1352
1343	1452
1343	1675
1343	1727
1343	1822
1343	1935
1344	1462
1344	1486
1344	1662
1344	1696
1344	1703
1344	1882
1344	1915
1344	1928
1345	1360
1345	1389
1345	1405
1345	1591
1345	1719
1345	1725
1345	1732
1345	1756
1345	1828
1345	1847
1345	1882
1345	1898
1345	1978
1346	1587
1346	1588
1346	1683
1346	1730
1346	1747
1347	1350
1347	1532
1347	1637
1347	1723
1347	1763
1348	1429
1348	1545
1348	1644
1348	1682
1348	1773
1349	1417
1349	1617
1350	1379
1350	1436
1350	1451
1350	1489
1350	1581
1350	1584
1350	1589
1350	1593
1350	1709
1350	1793
1350	1965
1351	1585
1351	1936
1352	1564
1352	1639
1352	1945
1353	1453
1353	1464
1353	1635
1353	1793
1353	1834
1353	1918
1354	1443
1354	1448
1354	1656
1354	1727
1355	1385
1355	1389
1355	1549
1355	1659
1355	1847
1356	1423
1356	1503
1356	1557
1356	1782
1356	1858
1356	1908
1357	1417
1357	1461
1357	1475
1357	1486
1357	1621
1357	1760
1357	1827
1357	1913
1357	1955
1358	1549
1358	1693
1358	1702
1358	1709
1358	1741
1358	1761
1358	1843
1358	1865
1358	1990
1359	1635
1359	1713
1359	1772
1359	1777
1359	1891
1359	1918
1360	1521
1360	1530
1360	1613
1360	1654
1361	1495
1361	1577
1361	1652
1361	1771
1362	1486
1362	1635
1362	1684
1362	1783
1362	1866
1363	1407
1363	1408
1363	1464
1363	1685
1363	1725
1363	1758
1363	1876
1364	1516
1364	1556
1364	1593
1364	1695
1364	1720
1364	1911
1365	1657
1365	1734
1366	1715
1366	1725
1366	1865
1366	1949
1367	1432
1367	1539
1367	1558
1367	1581
1367	1740
1367	1912
1368	1433
1368	1645
1368	1913
1369	1422
1369	1454
1369	1473
1369	1552
1369	1894
1370	1381
1370	1416
1370	1420
1370	1539
1370	1613
1371	1826
1371	1997
1372	1393
1372	1483
1372	1797
1372	1877
1373	1609
1373	1784
1373	1850
1373	1872
1373	1971
1374	1461
1374	1806
1374	1857
1374	1946
1374	1962
1375	1386
1375	1402
1375	1437
1375	1477
1375	1497
1375	1543
1375	1578
1375	1590
1375	1671
1375	1799
1375	1857
1376	1393
1376	1474
1376	1490
1376	1523
1376	1688
1376	1712
1376	1757
1376	1809
1376	1855
1376	1867
1376	1885
1377	1538
1377	1563
1377	1575
1377	1688
1377	1699
1377	1758
1377	1877
1378	1405
1378	1428
1378	1449
1378	1568
1378	1826
1378	1886
1378	1958
1378	1971
1379	1420
1379	1535
1379	1554
1379	1571
1379	1685
1379	1761
1379	1846
1379	1885
1379	1914
1379	1961
1380	1597
1380	1656
1380	1672
1380	1704
1380	1827
1380	1851
1381	1530
1381	1612
1381	1615
1381	1660
1381	1977
1382	1472
1382	1753
1382	1761
1382	1993
1383	1415
1383	1585
1383	1742
1383	1777
1383	1781
1383	1833
1383	1860
1383	1861
1384	1540
1384	1698
1384	1735
1384	1738
1384	1887
1384	1928
1385	1400
1385	1502
1385	1539
1385	1566
1385	1569
1385	1570
1385	1593
1385	1662
1385	1718
1385	1841
1386	1485
1386	1510
1386	1587
1386	1734
1386	1741
1386	1814
1387	1548
1387	1656
1387	1658
1387	1708
1387	1774
1388	1443
1388	1463
1388	1495
1389	1425
1389	1540
1389	1561
1389	1567
1389	1785
1389	1960
1390	1447
1390	1506
1390	1815
1390	1977
1390	1998
1391	1477
1391	1653
1391	1719
1391	1771
1391	1893
1391	1900
1391	1952
1391	1961
1392	1431
1392	1609
1392	1785
1392	1980
1393	1436
1393	1602
1393	1753
1393	1894
1393	1914
1393	1944
1394	1492
1394	1720
1394	1871
1394	1906
1394	1960
1395	1689
1395	1723
1395	1728
1395	1891
1396	1416
1396	1611
1396	1618
1396	1672
1396	1677
1396	1688
1396	1862
1396	1877
1396	1928
1397	1424
1397	1666
1397	1697
1397	1824
1397	1845
1397	1866
1397	1900
1398	1454
1398	1460
1398	1527
1398	1732
1398	1989
1399	1544
1399	1575
1399	1690
1400	1501
1400	1768
1400	1790
1400	1858
1400	1954
1401	1515
1401	1676
1401	1711
1401	1730
1401	1752
1401	1760
1401	1961
1402	1415
1402	1488
1402	1591
1402	1656
1402	1882
1403	1585
1403	1599
1403	1624
1403	1694
1403	1844
1404	1423
1404	1441
1404	1483
1404	1586
1404	1943
1405	1422
1405	1533
1405	1579
1405	1975
1406	1564
1406	1768
1406	1944
1406	1987
1407	1448
1407	1826
1407	1856
1408	1449
1408	1554
1408	1578
1408	1673
1408	1694
1408	1917
1408	1929
1409	1748
1409	1813
1409	1914
1409	1967
1410	1470
1410	1715
1410	1737
1410	1753
1410	1778
1410	1859
1410	1920
1410	1927
1411	1415
1411	1475
1411	1481
1411	1707
1412	1487
1413	1490
1413	1679
1413	1987
1414	1426
1414	1649
1414	1732
1414	1822
1414	1923
1415	1476
1415	1525
1415	1657
1415	1699
1415	1780
1415	1799
1415	1821
1415	1929
1415	1962
1416	1532
1416	1549
1416	1565
1416	1755
1416	1900
1416	1979
1417	1470
1417	1524
1417	1552
1417	1663
1417	1820
1417	1925
1418	1480
1418	1623
1418	1727
1418	1896
1418	1979
1419	1466
1419	1641
1419	1814
1419	1881
1419	1972
1419	1974
1420	1442
1420	1459
1420	1919
1420	1925
1421	1614
1421	1622
1421	1624
1421	1629
1421	1750
1421	1775
1421	1916
1421	1917
1421	1930
1422	1886
1422	1920
1423	1582
1423	1803
1424	1448
1424	1494
1424	1529
1424	1609
1424	1722
1424	1745
1424	1901
1425	1766
1425	1927
1425	1942
1426	1527
1426	1738
1426	1845
1427	1433
1427	1531
1427	1545
1427	1575
1427	1632
1427	1654
1427	1749
1428	1654
1428	1665
1428	1742
1428	1776
1428	1801
1428	1802
1428	1908
1428	1914
1428	1968
1429	1439
1429	1449
1429	1487
1429	1497
1429	1749
1429	1764
1429	1811
1429	1893
1429	1990
1430	1518
1430	1577
1430	1628
1430	1644
1430	1830
1430	1853
1430	1890
1430	1911
1431	1543
1431	1604
1431	1641
1431	1946
1431	1977
1432	1466
1432	1467
1432	1483
1432	1604
1432	1626
1432	1785
1432	1792
1432	1975
1433	1822
1433	1916
1433	1989
1433	1999
1434	1515
1434	1748
1434	1841
1434	1949
1434	1996
1435	1474
1435	1579
1435	1693
1435	1721
1435	1767
1435	1773
1435	1820
1436	1525
1436	1529
1436	1645
1436	1920
1436	1966
1437	1477
1437	1633
1437	1637
1437	1778
1437	1998
1438	1549
1438	1558
1438	1682
1438	1804
1438	1848
1438	1917
1438	1990
1439	1452
1439	1496
1439	1872
1439	1898
1439	1905
1440	1668
1440	1706
1440	1877
1440	1904
1441	1473
1441	1512
1441	1578
1441	1701
1442	1466
1442	1689
1442	1764
1442	1775
1442	1810
1442	1957
1443	1462
1443	1646
1444	1620
1444	1846
1444	1959
1445	1504
1445	1774
1445	1811
1445	1939
1445	1971
1446	1498
1446	1544
1446	1808
1446	1913
1446	1994
1447	1457
1447	1525
1447	1620
1447	1627
1447	1681
1447	1999
1448	1553
1448	1611
1448	1633
1448	1638
1448	1813
1448	1915
1449	1583
1449	1612
1449	1954
1449	1982
1450	1507
1450	1612
1450	1722
1450	1742
1450	1902
1450	1934
1450	1980
1451	1576
1451	1684
1451	1726
1451	1783
1451	1916
1451	1962
1452	1824
1452	1833
1452	1918
1452	1937
1453	1455
1453	1508
1453	1515
1453	1638
1453	1760
1453	1789
1453	1796
1453	1953
1453	1996
1454	1502
1454	1516
1454	1541
1454	1556
1454	1598
1454	1890
1455	1685
1455	1761
1455	1865
1456	1489
1457	1480
1457	1495
1457	1615
1457	1646
1457	1859
1457	1864
1457	1949
1457	1980
1458	1544
1458	1732
1458	1741
1458	1857
1458	1888
1458	1920
1459	1468
1459	1494
1459	1705
1459	1866
1459	1973
1459	1980
1460	1499
1460	1579
1460	1607
1460	1942
1461	1598
1461	1702
1461	1889
1461	1914
1461	1935
1461	1953
1462	1663
1463	1624
1463	1661
1463	1799
1463	1813
1463	1920
1464	1534
1464	1595
1464	1643
1464	1648
1464	1814
1464	1817
1464	1883
1465	1488
1465	1554
1465	1763
1465	1802
1465	1927
1465	1956
1465	1980
1465	1988
1465	1996
1467	1538
1467	1609
1467	1618
1467	1723
1467	1793
1468	1593
1468	1689
1468	1752
1468	1808
1468	1877
1469	1501
1469	1530
1469	1870
1469	1880
1470	1595
1470	1670
1470	1883
1470	1891
1470	1955
1471	1636
1471	1703
1471	1790
1471	1830
1471	1900
1472	1647
1472	1684
1472	1716
1472	1805
1473	1688
1473	1804
1473	1933
1473	1953
1474	1477
1474	1854
1475	1536
1475	1577
1475	1628
1475	1633
1475	1651
1475	1652
1475	1673
1475	1778
1475	1903
1476	1505
1476	1512
1476	1775
1476	1871
1476	1882
1477	1499
1477	1633
1477	1674
1477	1682
1477	1747
1477	1770
1477	1788
1477	1807
1477	1932
1478	1627
1478	1630
1478	1779
1478	1791
1478	1946
1478	1976
1479	1513
1479	1629
1479	1639
1479	1686
1479	1761
1479	1769
1480	1529
1480	1537
1480	1897
1480	1900
1481	1548
1481	1615
1481	1779
1481	1985
1482	1764
1482	1774
1482	1853
1482	1862
1482	1876
1483	1749
1483	1762
1483	1783
1483	1964
1483	1998
1484	1498
1484	1574
1484	1682
1484	1727
1484	1817
1484	1828
1484	1832
1485	1548
1485	1556
1485	1787
1486	1501
1486	1540
1486	1544
1486	1616
1486	1753
1486	1761
1486	1951
1487	1698
1487	1942
1487	1960
1488	1540
1488	1701
1488	1928
1488	1960
1489	1508
1489	1575
1489	1578
1489	1774
1489	1829
1489	1944
1490	1516
1490	1520
1490	1577
1490	1602
1490	1623
1490	1778
1490	1923
1491	1639
1492	1737
1492	1767
1493	1625
1493	1726
1494	1604
1494	1614
1494	1654
1494	1748
1494	1814
1494	1829
1494	1858
1495	1735
1495	1786
1495	1800
1495	1833
1495	1885
1496	1521
1496	1525
1496	1623
1496	1870
1496	1988
1497	1546
1497	1741
1498	1531
1498	1723
1498	1760
1498	1809
1498	1923
1498	1925
1499	1549
1499	1774
1499	1803
1499	1814
1499	1872
1500	1666
1501	1507
1501	1582
1502	1594
1502	1757
1502	1818
1502	1848
1502	1980
1503	1677
1503	1688
1504	1576
1504	1581
1504	1630
1504	1818
1504	1944
1505	1586
1505	1640
1505	1696
1505	1823
1505	1958
1506	1601
1506	1668
1506	1783
1506	1888
1506	1934
1506	1944
1506	1970
1507	1508
1507	1556
1507	1766
1507	1788
1508	1540
1508	1566
1508	1646
1508	1670
1508	1675
1508	1871
1509	1698
1509	1795
1509	1973
1510	1546
1510	1669
1510	1681
1510	1762
1510	1810
1511	1526
1511	1749
1511	1793
1511	1809
1511	1836
1511	1905
1511	1983
1512	1520
1512	1530
1512	1679
1513	1729
1513	1737
1513	1765
1513	1985
1514	1620
1514	1634
1514	1686
1514	1750
1514	1755
1514	1796
1515	1541
1515	1542
1515	1548
1515	1835
1516	1711
1516	1752
1516	1760
1516	1988
1516	1992
1517	1644
1517	1903
1518	1774
1518	1784
1518	1972
1519	1683
1519	1770
1519	1883
1520	1521
1520	1630
1520	1694
1520	1781
1520	1872
1520	1887
1520	1957
1521	1679
1521	1688
1521	1742
1521	1859
1521	1962
1522	1606
1522	1685
1522	1697
1522	1702
1522	1778
1522	1873
1523	1544
1523	1650
1523	1737
1523	1831
1523	1836
1523	1838
1523	1962
1524	1539
1524	1603
1524	1617
1524	1726
1524	1783
1524	1809
1524	1845
1524	1865
1524	1912
1525	1548
1525	1624
1525	1632
1525	1679
1525	1700
1525	1778
1525	1901
1526	1527
1526	1593
1526	1713
1526	1786
1527	1754
1527	1765
1527	1859
1527	1945
1528	1834
1529	1821
1529	1835
1529	1861
1530	1717
1530	1721
1530	1982
1531	1590
1531	1643
1531	1887
1532	1548
1532	1780
1532	1798
1533	1552
1533	1629
1533	1820
1533	1834
1534	1606
1534	1612
1534	1676
1534	1836
1534	1866
1534	1876
1534	1987
1535	1732
1535	1740
1535	1899
1535	1992
1536	1937
1537	1929
1538	1544
1538	1574
1538	1619
1538	1693
1538	1700
1538	1788
1538	1902
1538	1906
1538	1958
1539	1644
1539	1773
1539	1781
1539	1837
1539	1857
1540	1597
1540	1598
1540	1641
1540	1894
1540	1994
1541	1603
1541	1668
1541	1777
1541	1858
1541	1859
1541	1953
1542	1556
1542	1630
1542	1714
1542	1789
1542	1823
1542	1904
1542	1987
1543	1549
1543	1614
1544	1921
1545	1573
1545	1647
1545	1742
1545	1746
1545	1847
1545	1858
1545	1915
1545	1950
1546	1675
1546	1743
1546	1827
1547	1555
1547	1641
1547	1664
1547	1736
1547	1837
1547	1860
1548	1550
1548	1591
1548	1619
1548	1624
1548	1664
1548	1726
1548	1811
1548	1903
1548	1937
1549	1736
1549	1768
1549	1825
1549	1826
1549	1859
1549	1881
1550	1582
1550	1608
1550	1632
1550	1671
1550	1717
1550	1734
1550	1819
1550	1859
1550	1914
1551	1654
1551	1743
1551	1795
1551	1798
1551	1894
1551	1948
1551	1988
1552	1576
1552	1617
1552	1725
1552	1729
1552	1801
1552	1814
1552	1815
1552	1925
1553	1775
1553	1791
1553	1948
1553	1969
1554	1558
1554	1603
1554	1624
1554	1639
1554	1641
1554	1692
1554	1761
1554	1839
1554	1852
1554	1860
1554	1887
1555	1711
1555	1754
1555	1771
1556	1841
1556	1844
1556	1851
1556	1870
1556	1933
1556	1955
1557	1711
1557	1715
1557	1743
1557	1793
1557	1821
1557	1865
1558	1626
1558	1631
1558	1636
1558	1687
1558	1760
1558	1879
1558	1882
1558	1891
1558	1900
1559	1621
1559	1629
1559	1662
1559	1694
1559	1736
1559	1868
1559	1879
1560	1581
1560	1763
1560	1874
1560	1907
1561	1727
1561	1958
1562	1874
1563	1634
1563	1660
1563	1704
1563	1876
1563	1905
1564	1673
1564	1878
1565	1689
1565	1741
1565	1939
1566	1589
1566	1645
1566	1932
1566	1979
1567	1666
1567	1700
1568	1894
1568	1944
1568	1962
1568	1981
1568	1990
1569	1613
1569	1699
1569	1755
1569	1932
1569	1999
1570	1585
1570	1622
1570	1735
1570	1777
1570	1850
1571	1581
1571	1589
1571	1794
1571	1885
1572	1607
1573	1844
1574	1817
1574	1855
1575	1578
1575	1635
1575	1815
1576	1927
1576	1929
1577	1614
1577	1655
1577	1691
1577	1799
1577	1824
1578	1644
1578	1666
1578	1782
1579	1687
1579	1821
1579	1946
1579	1948
1579	1962
1580	1783
1580	1827
1581	1899
1582	1706
1582	1985
1583	1616
1583	1643
1583	1697
1583	1706
1583	1746
1583	1749
1583	1781
1583	1857
1583	1894
1584	1754
1584	1824
1584	1955
1584	1990
1585	1657
1585	1665
1585	1720
1585	1913
1586	1598
1586	1837
1587	1803
1587	1923
1588	1762
1588	1910
1589	1619
1589	1682
1589	1693
1589	1766
1589	1770
1589	1775
1589	1887
1589	1959
1589	1973
1590	1755
1590	1822
1590	1971
1591	1911
1592	1657
1592	1924
1592	1960
1593	1740
1593	1818
1593	1882
1593	1942
1593	1969
1594	1645
1594	1659
1594	1837
1595	1733
1595	1747
1595	1786
1595	1916
1596	1600
1596	1687
1596	1779
1596	1889
1596	1911
1596	1922
1597	1775
1597	1937
1598	1749
1598	1792
1598	1859
1598	1984
1599	1651
1599	1942
1599	1944
1600	1612
1600	1627
1600	1629
1600	1739
1600	1875
1600	1923
1601	1609
1601	1825
1601	1890
1601	1950
1601	1982
1602	1619
1602	1756
1602	1874
1602	1953
1603	1752
1603	1804
1603	1879
1603	1881
1603	1950
1603	1977
1604	1657
1604	1810
1604	1879
1604	1948
1604	1981
1604	1982
1605	1670
1606	1780
1607	1736
1607	1810
1608	1772
1608	1833
1608	1853
1608	1913
1609	1666
1609	1674
1609	1956
1610	1624
1610	1790
1610	1990
1611	1629
1611	1653
1611	1727
1611	1837
1611	1903
1611	1938
1612	1700
1612	1701
1612	1825
1612	1906
1613	1634
1613	1664
1613	1723
1613	1748
1613	1887
1614	1667
1614	1679
1615	1650
1615	1719
1615	1776
1615	1886
1616	1780
1616	1784
1616	1897
1616	1903
1616	1918
1616	1919
1616	1933
1616	1957
1617	1644
1617	1722
1617	1818
1618	1636
1618	1985
1619	1650
1619	1808
1619	1930
1620	1663
1620	1687
1620	1696
1620	1830
1620	1855
1621	1784
1621	1903
1621	1914
1621	1927
1622	1671
1622	1756
1622	1921
1623	1715
1623	1899
1624	1705
1624	1726
1624	1756
1624	1971
1625	1892
1625	1902
1625	1936
1625	1944
1626	1664
1626	1748
1626	1881
1626	1910
1626	1989
1627	1640
1627	1736
1627	1782
1627	1857
1627	1898
1627	1904
1627	1941
1627	1962
1628	1723
1628	1769
1628	1858
1628	1945
1629	1639
1629	1760
1629	1855
1630	1723
1630	1900
1630	1988
1631	1633
1631	1781
1631	1791
1631	1885
1632	1664
1632	1759
1632	1924
1632	1952
1632	1991
1633	1741
1633	1930
1635	1704
1635	1709
1635	1844
1635	1919
1635	1920
1635	1988
1636	1784
1636	1830
1636	1869
1636	1926
1637	1708
1637	1710
1637	1786
1637	1794
1637	1799
1637	1820
1637	1931
1638	1646
1638	1701
1638	1735
1638	1863
1638	1996
1638	1997
1639	1762
1639	1867
1639	1996
1640	1684
1640	1692
1640	1710
1640	1835
1640	1992
1641	1739
1641	1800
1641	1896
1641	1983
1642	1860
1643	1792
1644	1663
1644	1664
1644	1700
1644	1811
1644	1904
1645	1659
1645	1801
1646	1713
1646	1846
1646	1898
1646	1951
1647	1648
1647	1670
1647	1771
1647	1873
1648	1678
1648	1680
1648	1745
1648	1764
1648	1811
1648	1813
1648	1865
1648	1939
1649	1741
1649	1805
1649	1928
1650	1767
1650	1917
1650	1929
1651	1745
1651	1748
1651	1811
1651	1859
1651	1895
1651	1984
1651	1994
1652	1753
1652	1776
1652	1798
1652	1805
1652	1887
1652	1956
1653	1807
1654	1683
1654	1777
1656	1658
1656	1695
1656	1914
1657	1924
1658	1684
1658	1803
1658	1954
1658	1971
1658	1994
1659	1694
1659	1722
1659	1766
1659	1912
1659	1946
1660	1701
1660	1702
1660	1779
1660	1842
1660	1894
1661	1680
1661	1684
1661	1701
1662	1680
1662	1823
1662	1929
1662	1976
1663	1810
1663	1955
1664	1700
1664	1856
1664	1919
1665	1675
1665	1681
1665	1753
1665	1945
1665	1963
1666	1915
1666	1978
1667	1686
1667	1803
1667	1908
1668	1751
1668	1781
1668	1859
1668	1920
1668	1930
1668	1979
1668	1993
1669	1937
1670	1683
1670	1872
1670	1892
1670	1917
1670	1930
1670	1947
1670	1961
1671	1728
1671	1861
1671	1873
1671	1902
1671	1930
1672	1702
1672	1773
1672	1788
1672	1849
1672	1957
1672	1969
1673	1718
1673	1824
1673	1855
1673	1858
1673	1909
1673	1910
1673	1974
1674	1812
1674	1912
1675	1743
1675	1861
1675	1868
1675	1882
1676	1770
1676	1791
1676	1980
1677	1713
1677	1714
1677	1823
1677	1856
1678	1680
1678	1739
1678	1782
1678	1849
1678	1890
1678	1891
1678	1986
1680	1697
1681	1903
1682	1707
1682	1718
1682	1806
1682	1989
1684	1695
1684	1748
1686	1936
1686	1964
1687	1708
1687	1793
1687	1980
1688	1792
1688	1794
1688	1960
1689	1941
1690	1897
1690	1959
1690	1996
1691	1721
1691	1732
1691	1904
1692	1807
1693	1726
1693	1836
1693	1919
1693	1957
1693	1966
1694	1730
1694	1906
1694	1975
1694	1995
1695	1793
1695	1816
1695	1933
1695	1937
1695	1981
1696	1848
1696	1960
1697	1823
1698	1706
1698	1802
1698	1934
1699	1764
1700	1779
1700	1842
1700	1960
1701	1801
1701	1803
1701	1835
1701	1948
1701	1986
1702	1743
1702	1885
1703	1806
1703	1906
1703	1963
1704	1734
1704	1938
1705	1777
1705	1790
1706	1768
1706	1964
1707	1782
1707	1835
1707	1839
1707	1955
1708	1853
1709	1835
1709	1889
1710	1755
1710	1776
1710	1798
1710	1811
1710	1841
1710	1874
1710	1968
1711	1800
1711	1959
1711	1998
1712	1936
1712	1996
1713	1953
1713	1966
1714	1733
1715	1830
1715	1929
1716	1943
1716	1970
1716	1986
1717	1754
1717	1796
1717	1843
1717	1889
1718	1739
1718	1751
1718	1838
1718	1839
1718	1861
1719	1909
1720	1782
1720	1857
1720	1860
1720	1961
1721	1753
1721	1840
1721	1961
1722	1742
1722	1975
1723	1799
1723	1960
1724	1785
1724	1879
1724	1927
1724	1991
1725	1736
1725	1825
1725	1830
1725	1882
1726	1856
1726	1992
1727	1808
1728	1797
1728	1827
1728	1865
1728	1883
1729	1778
1729	1790
1729	1813
1730	1772
1731	1874
1731	1919
1732	1948
1733	1839
1733	1913
1734	1755
1734	1807
1734	1957
1734	1960
1736	1839
1737	1739
1737	1755
1737	1766
1737	1770
1737	1803
1737	1885
1737	1935
1738	1872
1739	1901
1739	1920
1740	1836
1740	1844
1741	1980
1743	1787
1743	1949
1744	1818
1745	1789
1745	1821
1745	1862
1745	1920
1745	1943
1746	1859
1746	1882
1746	1898
1746	1984
1747	1781
1747	1965
1748	1759
1748	1783
1748	1993
1749	1808
1749	1832
1749	1943
1750	1763
1750	1851
1751	1783
1751	1852
1752	1844
1752	1962
1753	1780
1754	1760
1754	1878
1754	1905
1755	1879
1756	1770
1756	1837
1757	1861
1757	1873
1757	1881
1758	1759
1759	1870
1760	1765
1760	1878
1761	1896
1761	1973
1762	1816
1762	1959
1763	1792
1763	1804
1763	1849
1764	1826
1764	1841
1764	1904
1764	1948
1764	1951
1765	1913
1766	1786
1766	1849
1766	1893
1767	1874
1767	1896
1768	1867
1768	1910
1771	1898
1771	1974
1772	1964
1772	1983
1772	1997
1773	1895
1773	1910
1773	1943
1775	1884
1775	1913
1775	1948
1776	1828
1776	1918
1776	1996
1777	1871
1777	1881
1777	1962
1777	1966
1778	1806
1778	1853
1778	1883
1781	1818
1784	1788
1785	1827
1785	1987
1786	1823
1787	1805
1787	1829
1787	1909
1787	1936
1788	1902
1788	1963
1789	1801
1789	1897
1789	1923
1789	1943
1791	1964
1791	1988
1792	1928
1792	1970
1793	1806
1794	1926
1794	1987
1795	1840
1795	1884
1795	1939
1795	1958
1795	1986
1796	1837
1796	1868
1796	1869
1796	1986
1797	1917
1797	1950
1798	1918
1798	1919
1798	1968
1800	1939
1800	1995
1801	1829
1801	1975
1802	1976
1803	1888
1803	1932
1803	1960
1804	1852
1804	1884
1804	1939
1805	1924
1805	1988
1806	1812
1806	1854
1806	1885
1806	1984
1807	1814
1807	1818
1807	1877
1807	1960
1808	1850
1808	1988
1810	1864
1810	1895
1810	1901
1810	1999
1812	1824
1812	1874
1812	1896
1813	1822
1816	1894
1816	1948
1817	1827
1818	1832
1818	1835
1818	1941
1818	1965
1819	1825
1819	1858
1819	1859
1819	1991
1820	1906
1820	1959
1821	1822
1823	1903
1823	1998
1825	1852
1825	1951
1825	1979
1825	1996
1826	1880
1826	1902
1826	1910
1826	1984
1826	1990
1827	1828
1827	1903
1828	1904
1828	1912
1829	1886
1829	1891
1829	1896
1829	1908
1830	1963
1830	1972
1831	1851
1831	1902
1835	1886
1835	1947
1836	1839
1836	1905
1836	1925
1837	1891
1837	1912
1837	1999
1839	1913
1839	1958
1839	1986
1839	1994
1841	1848
1841	1901
1841	1928
1842	1843
1842	1876
1843	1937
1844	1894
1844	1988
1845	1922
1845	1984
1846	1852
1846	1929
1846	1978
1847	1852
1847	1880
1847	1907
1847	1918
1848	1903
1848	1964
1850	1891
1851	1965
1852	1915
1852	1925
1856	1866
1856	1958
1856	1970
1857	1904
1857	1906
1857	1988
1859	1950
1861	1964
1862	1963
1862	1980
1863	1968
1863	1993
1865	1876
1866	1982
1867	1949
1868	1925
1869	1947
1869	1986
1870	1871
1870	1881
1870	1897
1871	1968
1872	1915
1872	1963
1873	1892
1873	1901
1873	1935
1874	1982
1874	1999
1876	1917
1876	1926
1876	1935
1876	1952
1876	1958
1878	1893
1879	1912
1879	1981
1883	1897
1884	1892
1885	1965
1889	1915
1890	1950
1891	1976
1894	1922
1895	1975
1896	1926
1898	1985
1898	1991
1899	1932
1899	1971
1903	1906
1906	1938
1906	1997
1907	1914
1907	1928
1907	1961
1907	1976
1909	1942
1909	1948
1909	1981
1911	1924
1912	1966
1912	1975
1913	1967
1914	1991
1915	1969
1915	1975
1917	1925
1918	1938
1922	1948
1924	1932
1927	1937
1928	1976
1929	1993
1932	1971
1933	1965
1936	1973
1936	1983
1937	1968
1939	1968
1941	1972
1941	1999
1942	1947
1942	1950
1945	1979
1948	1951
1949	1986
1951	1971
1957	1970
1964	1982
1967	1980
1968	1973
1969	1983
1972	1995
1978	1990
1981	1986
1983	1994
1986	1995
1997	1999
