2000	0
0	7
0	59
0	121
0	136
0	327
0	421
0	554
0	575
0	760
0	867
0	958
0	975
0	980
1	2
1	75
1	169
1	191
1	374
1	543
1	635
2	18
2	146
2	283
2	355
2	358
2	603
2	611
2	637
2	660
2	736
2	738
2	764
2	774
2	808
2	848
2	927
2	967
3	8
3	91
3	102
3	119
3	306
3	459
3	812
3	921
4	169
4	309
4	320
4	620
4	622
4	718
5	30
5	77
5	153
5	273
5	283
5	308
5	459
5	570
5	741
5	771
5	795
5	867
5	1049
6	70
6	190
6	191
6	314
6	355
6	456
6	503
6	592
6	619
6	660
6	682
6	693
6	891
6	995
7	345
7	427
7	481
7	492
7	565
7	624
7	667
7	770
7	841
8	260
8	446
8	453
8	545
8	602
8	688
9	115
9	256
9	396
9	399
9	457
9	542
9	736
10	27
10	325
10	335
10	533
10	707
10	972
11	32
11	131
11	134
11	223
11	400
11	490
11	617
11	640
11	824
11	966
11	977
12	103
12	126
12	169
12	239
12	454
12	790
12	843
12	911
13	106
13	161
13	274
13	316
13	394
13	571
13	581
13	602
13	693
13	749
13	907
13	952
14	70
14	123
14	257
14	574
15	48
15	77
15	340
15	406
15	419
15	513
15	679
15	738
15	888
16	358
16	475
16	545
16	568
16	736
16	771
16	836
16	912
17	129
17	132
17	272
17	640
17	708
17	782
17	797
17	862
17	868
17	900
17	931
17	986
18	88
18	107
18	198
18	236
18	281
18	555
18	580
18	647
18	717
19	21
19	209
19	509
19	646
19	682
19	878
19	910
19	918
19	965
19	975
20	143
20	401
20	418
20	587
20	618
20	647
20	757
20	783
20	993
21	116
21	164
21	238
21	325
21	363
21	439
21	649
21	699
21	715
21	859
21	912
21	941
22	214
22	462
22	468
22	549
22	581
22	651
22	740
22	744
22	821
22	851
22	987
23	231
23	264
23	330
23	337
23	408
23	499
23	545
23	682
23	723
23	982
23	999
24	26
24	36
24	196
24	299
24	329
24	332
24	703
24	914
24	915
25	206
25	227
25	249
25	314
25	326
25	454
25	468
25	513
25	569
25	679
25	739
25	909
26	207
26	281
26	427
26	447
26	845
26	884
26	971
27	288
27	419
27	593
27	673
28	184
28	252
28	278
28	324
28	349
28	455
28	461
28	499
28	625
28	711
28	1015
29	144
29	196
29	299
29	413
29	496
29	691
29	720
30	117
30	551
30	691
30	762
30	880
30	883
30	925
31	150
31	306
31	311
31	325
31	410
31	507
31	553
31	662
32	53
32	113
32	190
32	357
32	393
32	480
32	492
32	605
32	637
32	974
32	996
33	394
33	446
33	597
33	628
33	850
33	958
33	965
34	75
34	379
34	382
34	416
34	432
34	475
34	664
34	808
34	862
34	993
35	86
35	320
35	369
35	552
35	700
35	971
36	108
36	246
36	445
36	566
36	580
36	698
36	742
36	987
37	84
37	111
37	133
37	287
37	435
37	486
37	706
37	723
37	815
37	824
37	955
38	58
38	95
38	118
38	138
38	172
38	231
38	656
38	710
38	862
38	887
38	902
39	79
39	266
39	490
39	554
39	569
39	635
39	677
39	744
39	849
39	964
39	987
39	999
40	143
40	182
40	270
40	278
40	365
40	550
40	567
40	705
40	832
40	967
40	1012
41	58
41	64
41	74
41	87
41	222
41	232
41	460
41	604
41	783
41	827
41	924
41	968
42	247
42	485
42	648
43	44
43	128
43	152
43	378
43	414
43	430
43	458
43	479
43	599
43	677
43	690
43	766
43	785
43	825
43	909
44	571
44	625
44	633
44	814
44	912
44	969
45	143
45	163
45	193
45	248
45	268
45	412
45	471
45	524
45	559
45	572
45	590
45	747
45	752
45	768
45	849
45	961
45	979
46	247
46	273
46	493
46	583
46	615
46	666
46	674
46	757
46	779
46	792
46	844
46	887
46	908
47	206
47	273
47	296
47	491
47	629
47	671
47	680
48	65
48	75
48	209
48	604
48	659
48	794
49	79
49	443
49	657
49	724
49	747
49	760
49	971
50	71
50	99
50	195
50	524
50	656
50	789
50	881
51	177
51	195
51	277
51	433
51	573
51	620
51	662
51	670
51	680
51	943
51	960
51	999
52	189
52	191
52	233
52	294
52	337
52	385
52	439
52	459
52	464
52	494
52	771
52	960
53	95
53	149
53	265
53	373
53	527
53	574
53	621
53	960
54	338
54	409
54	592
54	721
54	759
54	998
55	140
55	342
55	735
55	798
55	882
55	956
56	69
56	261
56	262
56	328
56	436
56	564
56	601
56	614
56	625
56	695
56	702
56	725
56	906
56	932
57	175
57	241
57	376
57	410
57	513
57	942
57	978
58	109
58	348
58	349
58	401
58	447
58	465
58	522
58	661
58	746
58	844
58	872
58	875
58	993
59	87
59	166
59	202
59	265
59	318
59	443
59	619
59	940
60	88
60	100
60	163
60	202
60	315
60	373
60	472
60	642
60	936
60	998
60	1064
61	109
61	355
61	357
61	408
61	467
61	507
61	520
61	733
61	766
61	774
61	788
61	795
61	902
61	933
61	969
62	64
62	160
62	236
62	296
62	605
62	632
62	755
62	835
62	950
63	94
63	184
63	268
63	340
63	380
63	416
63	433
63	437
63	468
63	578
63	643
63	716
63	830
63	853
63	904
63	916
63	958
63	1699
64	65
64	87
64	129
64	143
64	511
64	685
64	715
65	268
65	338
65	348
65	366
65	585
65	600
65	703
65	840
65	866
65	922
66	181
66	183
66	226
66	295
66	311
66	542
66	543
66	558
66	587
66	650
66	651
66	703
66	724
66	778
66	779
66	1297
67	85
67	153
67	387
67	439
67	441
67	476
67	483
67	491
67	646
67	852
67	1386
67	1527
68	354
68	418
68	588
68	639
68	776
68	989
68	996
69	109
69	166
69	172
69	398
69	435
69	526
69	639
69	826
69	834
69	896
70	110
70	164
70	168
70	186
70	290
70	411
70	554
70	658
70	682
70	871
71	120
71	188
71	394
71	643
71	698
71	992
72	79
72	95
72	306
72	361
72	383
72	418
72	448
72	464
72	486
72	539
72	578
72	601
72	650
72	862
72	914
72	931
73	110
73	199
73	260
73	342
73	412
73	420
73	493
73	562
73	699
73	863
74	111
74	287
74	374
74	748
75	248
75	403
75	446
75	676
75	697
75	784
75	790
76	145
76	242
76	251
76	261
76	597
76	634
76	817
76	902
77	325
77	630
77	779
77	824
78	118
78	162
78	265
78	271
78	309
78	434
78	441
78	480
78	551
78	608
78	669
78	755
78	767
78	864
78	902
78	940
78	964
78	998
79	100
79	165
79	167
79	308
79	400
79	606
79	630
79	767
79	824
79	873
80	210
80	319
80	413
80	580
80	604
80	636
80	652
80	666
80	678
80	795
80	817
80	844
80	944
81	255
81	286
81	594
81	629
81	733
82	95
82	400
82	455
82	494
82	586
82	737
82	825
82	846
82	977
82	1729
82	1787
83	186
83	204
83	307
83	331
83	437
83	517
83	542
83	679
83	954
83	997
84	306
84	313
84	611
84	641
84	726
84	732
84	742
84	860
85	227
85	304
85	363
85	386
85	546
85	565
85	590
85	633
85	778
85	836
85	952
86	101
86	147
86	426
86	595
86	627
86	629
86	854
87	97
87	215
87	279
87	421
87	449
87	653
87	724
87	738
87	934
88	170
88	189
88	302
88	438
88	532
88	579
88	637
89	347
89	525
89	683
89	690
89	745
89	927
89	933
90	182
90	190
90	192
90	253
90	357
90	596
90	606
90	659
90	810
90	883
90	905
90	934
91	183
91	318
91	415
91	608
91	747
91	861
92	185
92	213
92	282
92	571
92	597
92	791
92	801
92	819
93	114
93	149
93	151
93	184
93	278
93	432
93	446
93	546
93	645
93	712
93	805
93	839
93	874
93	931
94	183
94	362
94	377
94	405
94	468
94	540
94	701
94	746
94	780
94	903
95	172
95	229
95	267
95	400
95	444
95	615
95	712
95	879
95	994
96	197
96	226
96	523
96	565
96	1783
97	212
97	283
97	374
97	851
98	208
98	372
98	374
98	584
98	623
98	663
98	735
98	816
98	842
98	910
98	1445
99	147
99	327
99	369
99	380
99	382
99	529
99	533
99	564
99	628
99	895
99	911
100	124
100	282
100	366
100	381
100	543
100	546
100	719
100	839
101	268
101	304
101	425
101	528
101	633
101	665
101	703
101	734
101	741
101	824
101	894
102	147
102	225
102	430
102	459
102	608
102	612
103	305
103	468
103	473
103	554
103	848
103	875
103	1529
104	492
104	961
104	1200
105	232
105	465
105	602
105	955
106	206
106	720
106	759
106	821
106	826
107	210
107	234
107	393
107	456
107	511
107	675
107	709
107	810
107	946
108	217
108	399
108	401
108	526
108	595
108	740
108	768
108	822
108	853
108	863
109	145
109	241
109	455
109	496
109	533
109	736
109	768
109	870
109	895
110	122
110	134
110	427
110	539
110	676
110	699
110	722
110	782
110	863
110	912
111	241
111	366
111	402
111	455
111	463
111	743
111	769
111	779
111	885
111	947
112	113
112	191
112	223
112	226
112	232
112	308
112	320
112	399
112	539
112	658
112	975
113	142
113	369
113	499
113	555
113	694
113	703
113	723
113	774
113	806
114	180
114	346
114	506
114	555
114	625
114	641
114	765
114	802
114	806
114	955
114	987
114	1879
115	266
115	278
115	843
115	875
115	914
115	920
116	255
116	263
116	295
116	330
116	381
116	565
116	910
116	958
116	969
117	272
117	334
117	378
117	431
117	437
117	442
117	760
117	859
117	874
117	909
117	917
117	952
118	159
118	172
118	540
118	692
118	729
119	125
119	128
119	269
119	337
119	352
119	639
119	734
119	807
120	178
120	181
120	182
120	184
120	197
120	206
120	366
120	372
120	438
120	469
120	501
120	503
120	587
120	636
120	691
121	196
121	285
121	386
121	611
121	728
121	756
121	950
122	138
122	193
122	195
122	202
122	389
122	461
122	648
122	736
122	748
122	958
122	974
122	1629
123	185
123	350
123	355
123	547
123	684
123	713
123	786
123	912
124	159
124	376
124	411
124	419
124	437
124	486
124	663
124	666
125	171
125	337
125	362
125	419
125	645
125	676
125	804
126	140
126	212
126	240
126	260
126	283
126	330
126	341
126	385
126	391
126	483
126	600
126	758
126	872
126	973
127	418
127	543
127	609
127	693
127	742
127	751
127	803
127	818
127	853
127	854
128	237
128	353
128	433
128	489
128	525
128	567
128	573
128	596
128	629
128	754
129	166
129	193
129	347
129	554
129	654
129	1169
130	212
130	391
130	453
130	824
130	866
130	989
131	152
131	247
131	249
131	252
131	344
131	376
131	637
131	758
131	764
131	937
131	990
132	282
132	913
132	980
132	1390
133	175
133	350
133	378
133	488
133	556
133	633
133	639
133	702
134	292
134	424
134	460
134	506
134	539
134	649
134	763
134	791
134	807
134	821
134	906
135	264
135	483
135	665
135	720
135	804
135	877
136	212
136	366
136	417
136	542
136	591
136	642
136	710
136	733
136	755
136	785
136	796
136	835
137	145
137	218
137	321
137	438
137	471
137	485
137	505
137	576
137	699
137	915
137	938
138	614
138	716
139	144
139	278
139	344
139	412
139	487
139	497
139	570
139	641
139	733
139	860
139	880
139	915
139	1423
140	295
140	567
140	683
140	746
141	208
141	210
141	250
141	296
141	330
141	377
141	386
141	503
141	505
141	667
141	686
141	687
141	725
141	898
142	464
142	705
142	857
142	986
142	1242
143	165
143	449
143	468
143	639
143	666
143	700
143	730
143	751
143	990
143	1706
144	148
144	377
144	411
144	483
144	757
144	767
144	770
144	840
145	239
145	242
145	294
145	323
145	389
145	460
145	640
145	744
145	824
145	901
146	425
146	503
146	532
146	594
146	883
146	928
146	930
146	981
147	151
147	261
147	310
147	331
147	356
147	448
147	493
147	553
147	605
147	753
147	758
147	932
147	933
147	945
147	1076
148	214
148	334
148	345
148	353
148	494
148	562
148	613
148	685
148	804
148	933
149	208
149	225
149	281
149	315
149	398
149	532
149	644
149	789
149	797
149	860
150	234
150	452
150	713
150	862
150	995
151	292
151	680
151	787
151	824
151	861
151	966
152	188
152	316
152	325
152	410
152	427
152	453
152	485
152	514
152	556
152	631
152	979
152	985
153	154
153	206
153	221
153	253
153	265
153	416
153	517
153	523
153	585
153	634
154	175
154	185
154	272
154	396
154	420
154	719
154	751
154	800
154	839
154	847
154	978
155	173
155	290
155	317
155	346
155	452
155	476
155	885
155	898
156	290
156	368
156	436
156	558
156	662
156	796
156	860
156	890
156	959
157	393
157	568
157	573
157	634
157	887
158	215
158	619
158	665
158	687
158	694
158	828
158	964
158	997
158	998
159	264
159	304
159	318
159	578
159	598
159	797
159	965
160	232
160	352
160	375
160	491
160	563
160	707
161	163
161	187
161	220
161	355
161	403
161	459
161	470
161	558
161	667
161	685
161	759
161	779
161	791
161	822
162	269
162	270
162	537
162	672
162	696
162	749
162	850
162	879
162	936
163	343
163	347
163	394
163	473
163	612
163	645
163	650
163	750
163	815
163	1134
164	219
164	285
164	301
164	393
164	408
164	506
164	716
164	766
164	882
164	908
164	929
165	255
165	316
165	427
165	538
165	624
165	691
165	748
165	788
165	911
166	285
166	665
166	721
166	923
166	970
166	999
167	663
167	723
167	762
167	791
167	801
167	808
167	943
167	960
167	994
168	178
168	182
168	236
168	244
168	357
168	382
168	488
168	640
168	766
168	899
168	974
168	975
169	276
169	324
169	357
169	493
169	655
169	911
170	193
170	233
170	341
170	411
170	426
170	438
170	467
170	487
170	636
170	663
170	717
170	718
170	932
171	290
171	607
171	625
171	659
171	662
172	249
172	325
172	432
172	701
172	781
172	863
172	962
172	978
172	1548
173	336
173	440
173	540
173	928
173	997
174	197
174	249
174	434
174	934
174	953
175	415
175	588
175	640
175	724
175	777
175	846
175	910
175	961
175	988
176	296
176	372
176	570
176	585
176	766
176	789
176	807
177	436
177	506
177	513
177	550
177	595
178	701
178	712
178	719
178	728
178	735
178	761
178	781
179	237
179	269
179	369
179	686
179	839
179	953
180	274
180	553
180	611
180	633
180	813
180	870
181	230
181	236
181	281
181	354
181	400
181	411
181	429
181	449
181	579
181	707
181	940
181	988
182	207
182	223
182	296
182	370
182	425
182	438
182	549
182	552
182	589
182	914
182	916
182	962
182	979
183	634
183	733
183	748
183	957
183	972
183	990
184	191
184	291
184	306
184	644
184	701
184	810
184	887
184	961
184	989
185	371
185	398
185	415
185	429
185	463
185	703
185	751
185	911
185	982
186	269
186	311
186	334
186	417
186	547
186	570
186	664
186	682
186	876
187	355
187	710
187	877
187	883
187	952
187	953
187	958
187	989
188	702
188	752
189	228
189	447
189	505
189	555
189	588
189	595
189	923
190	225
190	385
190	408
190	423
190	446
190	702
190	971
191	246
191	392
191	632
191	654
191	686
191	839
191	895
191	973
192	207
192	370
192	433
192	525
192	580
192	609
192	675
192	710
192	758
193	199
193	382
193	389
193	533
193	541
193	598
193	735
194	344
194	440
194	495
194	545
194	644
194	698
194	709
194	891
194	921
194	947
195	308
195	345
195	393
195	394
195	545
195	681
195	702
195	847
196	259
196	423
196	458
196	545
196	578
196	630
196	724
196	871
196	971
197	309
197	469
197	632
197	741
197	744
197	979
198	201
198	262
198	444
198	573
198	613
198	657
198	823
199	265
199	294
199	378
199	455
199	529
199	966
200	290
200	418
200	469
200	510
200	534
200	690
200	713
200	993
200	1173
201	266
201	297
201	354
201	411
201	448
201	486
201	588
201	616
201	649
201	740
201	812
201	827
201	850
201	882
201	931
201	975
201	1468
201	1934
202	276
202	375
202	512
202	662
202	679
202	764
202	773
203	238
203	276
203	303
203	315
203	360
203	453
203	535
203	557
203	559
203	829
203	856
203	942
203	996
204	281
204	500
204	540
204	815
205	363
205	423
205	456
205	569
205	762
205	837
205	865
205	943
205	951
206	265
206	298
206	411
206	534
206	565
206	604
206	613
206	679
206	702
206	891
206	981
207	245
207	302
207	414
207	507
207	693
207	746
207	871
208	253
208	924
208	941
208	969
208	988
209	227
209	247
209	278
209	312
209	362
209	494
209	632
209	754
209	895
209	963
210	372
210	462
210	653
210	874
210	921
210	953
211	238
211	250
211	259
211	305
211	306
211	392
211	543
211	609
211	640
211	712
211	717
211	720
211	725
211	816
211	836
211	869
212	303
212	526
212	731
212	771
212	782
212	925
212	984
213	410
213	913
214	229
214	526
214	592
214	664
214	711
214	719
215	226
215	261
215	572
215	575
215	611
215	860
215	944
216	300
216	456
216	554
216	560
216	566
216	569
216	611
216	734
216	848
216	854
216	926
217	295
217	504
217	675
217	718
217	771
217	860
217	950
217	970
218	225
218	417
218	676
218	767
218	772
218	866
218	973
219	282
219	449
219	590
219	729
219	859
220	235
220	246
220	286
220	335
220	611
220	742
220	795
220	874
221	231
221	462
221	500
221	506
221	515
221	596
221	709
221	762
221	801
221	837
221	883
221	897
222	249
222	312
222	491
222	621
222	862
222	974
222	990
223	268
223	395
223	413
223	458
223	594
223	606
223	623
223	963
224	286
224	340
224	437
224	539
224	601
224	614
224	640
224	653
224	691
224	740
224	756
224	827
224	899
224	995
224	997
225	377
225	513
225	556
225	614
225	785
225	788
226	378
226	468
226	484
226	770
226	773
226	849
226	961
227	315
227	549
227	569
227	721
227	725
227	908
228	280
228	444
228	505
228	538
228	550
228	645
228	774
228	844
229	292
229	408
229	496
229	639
229	670
229	689
230	232
230	385
230	421
230	424
230	683
230	792
230	800
230	844
230	969
231	269
231	652
231	796
231	842
231	952
231	958
231	978
232	662
232	708
232	725
232	765
233	507
233	517
233	549
233	584
233	645
233	721
233	794
233	1580
234	356
234	384
234	490
234	996
235	319
235	410
235	682
235	744
235	971
236	271
236	313
236	331
236	527
236	706
236	730
236	799
236	985
237	616
237	677
237	757
237	824
237	998
238	457
238	731
238	874
238	930
238	943
238	966
238	975
239	470
239	541
239	602
239	645
239	708
239	793
239	893
240	245
240	274
240	279
240	293
240	660
240	914
240	983
241	310
241	355
241	587
241	674
241	829
241	944
242	425
242	436
242	524
242	600
242	624
242	649
242	958
242	988
242	994
243	405
243	470
243	532
243	700
243	803
243	894
243	977
244	325
244	428
244	625
244	751
244	833
244	843
244	862
244	907
245	259
245	443
245	444
245	488
245	720
245	885
245	888
246	296
246	310
246	666
246	817
246	928
247	330
247	628
247	900
248	383
248	397
248	405
248	424
248	645
248	754
248	761
248	794
248	969
249	391
249	501
249	517
249	716
249	728
249	751
249	784
249	889
249	947
250	590
250	724
250	823
250	854
250	964
251	280
251	321
251	400
251	489
251	520
251	778
251	901
252	267
252	278
252	400
252	460
252	654
252	702
252	850
252	851
252	856
252	880
253	306
253	440
253	465
253	525
253	585
253	633
253	790
253	936
254	499
254	718
254	723
254	855
254	954
255	280
255	317
255	330
255	440
255	511
255	721
255	862
255	952
256	319
256	352
256	368
256	388
256	402
256	481
256	837
256	880
256	918
256	975
256	1678
257	264
257	282
257	322
257	342
257	426
257	495
257	505
257	614
257	664
257	742
257	906
258	260
258	267
258	463
258	625
258	745
258	854
258	983
258	1369
259	480
259	763
259	878
259	920
259	975
260	440
260	448
260	525
260	581
260	595
260	799
260	812
260	899
260	917
261	272
261	303
261	511
261	524
261	538
261	743
261	825
261	840
261	869
261	923
261	965
262	263
262	322
262	399
262	446
262	584
262	651
262	682
262	794
262	947
263	356
263	410
263	453
263	462
263	641
263	681
263	704
263	777
263	828
263	838
263	854
263	920
263	939
264	314
264	434
264	443
264	552
264	625
264	692
264	915
265	343
265	453
265	704
265	742
265	748
265	753
265	846
265	853
265	991
266	292
266	320
266	344
266	580
266	700
266	922
266	930
266	942
267	303
267	390
267	674
267	917
267	920
267	931
267	986
268	415
268	483
268	513
268	579
268	704
268	846
268	943
269	296
269	329
269	388
269	451
269	622
269	647
269	667
269	683
269	843
270	394
270	395
270	531
270	561
270	614
270	670
270	689
270	794
270	854
270	932
270	970
271	612
271	712
271	728
271	899
271	906
271	912
271	956
272	273
272	543
272	580
272	749
272	848
272	957
273	300
273	354
273	516
273	622
273	818
273	848
273	1370
273	1909
274	280
274	803
275	361
275	369
275	559
275	807
275	965
276	576
276	684
276	694
276	870
277	289
277	304
277	319
277	377
277	483
277	694
277	829
278	415
278	422
278	767
278	812
278	826
278	957
278	1281
279	384
279	390
279	396
279	493
279	522
279	579
279	602
279	680
279	766
279	908
280	397
280	487
280	621
280	637
280	803
280	811
280	825
280	942
280	997
281	314
281	340
281	381
281	481
281	485
281	568
281	569
281	711
281	715
281	745
281	775
281	992
282	447
282	461
282	574
282	722
282	730
282	745
282	773
282	786
282	803
282	849
282	930
282	985
283	366
283	453
283	486
283	666
283	699
283	735
283	745
283	770
283	773
283	884
283	912
283	979
284	594
284	631
284	660
284	804
285	513
285	562
285	838
285	854
285	882
285	926
286	353
286	507
286	518
286	649
286	669
286	686
286	983
286	990
287	299
287	572
287	590
287	724
287	890
287	901
287	1134
288	573
288	596
288	690
288	752
288	800
288	918
288	952
288	1163
289	325
289	332
289	343
289	472
289	476
289	568
289	593
289	836
290	344
290	488
290	604
290	612
290	934
290	947
290	983
291	376
291	534
291	683
291	684
291	721
291	966
292	669
292	837
292	881
292	898
292	899
293	426
293	539
293	540
293	576
293	584
293	596
293	597
293	712
293	788
293	992
294	387
294	472
294	682
294	877
294	881
294	973
294	979
294	980
294	987
295	647
295	669
295	812
295	865
295	930
296	441
296	850
296	874
296	955
297	313
297	325
297	402
297	430
297	480
297	704
297	861
298	369
298	372
298	463
298	532
298	644
298	719
298	783
299	414
299	525
299	648
299	692
299	724
299	777
299	882
300	351
300	531
300	550
300	839
300	847
300	868
300	918
301	322
301	460
301	527
301	579
301	657
301	664
301	699
301	755
301	842
301	979
301	994
301	1584
302	325
302	341
302	622
302	696
302	758
302	772
302	863
303	448
303	475
303	581
303	841
303	867
303	890
303	933
303	977
304	470
304	843
304	943
304	999
305	367
305	381
305	585
305	645
305	741
305	760
305	790
305	849
305	863
305	977
306	390
306	417
306	516
306	589
306	679
306	802
306	941
307	314
307	421
307	423
307	480
307	590
307	702
307	737
307	766
307	798
307	862
308	323
308	671
308	691
308	889
308	965
308	986
309	862
309	871
309	933
309	944
310	340
310	432
310	459
310	485
310	522
310	592
310	683
310	690
310	727
310	803
310	819
310	927
310	991
311	482
311	493
311	577
311	673
311	841
311	922
311	940
311	959
311	1816
312	380
312	831
312	857
313	339
313	426
313	433
313	492
313	602
313	713
313	762
314	460
314	526
314	777
314	800
314	891
314	942
314	990
315	660
315	766
315	908
316	438
316	617
316	714
317	415
317	437
317	452
317	481
317	668
317	857
317	882
317	1290
318	423
318	575
318	626
318	682
318	687
318	851
318	893
318	976
319	363
319	426
319	503
319	643
319	708
319	807
319	808
319	853
319	941
319	973
319	1798
320	399
320	419
320	505
320	640
320	690
320	769
320	789
320	876
321	531
321	610
321	634
321	643
321	852
321	886
322	535
322	575
322	794
322	815
322	997
323	329
323	421
323	502
323	664
323	727
323	729
323	819
323	911
324	872
324	950
324	972
325	498
325	742
326	365
326	419
326	453
326	742
326	1004
327	351
327	373
327	377
327	397
327	604
327	756
327	815
327	969
328	423
328	551
328	717
328	816
328	817
328	881
328	964
328	998
329	419
329	439
329	482
329	644
329	831
329	833
329	949
330	461
330	481
330	576
330	588
330	631
330	702
330	728
330	795
330	868
330	976
331	542
331	555
331	706
331	809
331	825
331	838
332	480
332	678
332	716
332	854
332	880
332	927
332	1984
333	404
333	429
333	474
333	492
333	511
333	649
333	653
333	712
333	868
334	369
334	370
334	380
334	574
334	578
334	651
334	939
334	984
335	469
335	638
335	695
335	704
335	885
335	973
336	351
336	354
336	448
336	515
336	613
336	733
336	798
337	481
337	620
337	637
337	713
337	724
337	928
338	395
338	738
338	747
338	909
338	921
339	351
339	384
339	412
339	650
339	701
339	817
339	847
339	857
339	969
340	351
340	489
340	528
340	562
340	605
340	997
341	357
341	403
341	770
341	863
342	385
342	400
342	569
342	676
342	783
342	812
342	832
342	860
342	949
342	1530
343	522
343	563
343	644
343	725
343	795
343	799
344	455
344	858
344	940
344	983
345	383
345	566
345	710
345	742
345	980
346	349
347	521
347	525
347	584
347	939
348	361
348	472
348	518
348	677
348	738
348	823
348	888
348	936
349	485
349	605
349	685
350	388
350	417
350	474
350	511
350	705
350	742
350	829
350	1107
351	677
351	739
351	747
351	754
351	774
351	790
351	846
351	922
352	366
352	471
352	480
352	565
352	659
352	698
352	732
353	401
353	503
353	553
353	787
354	364
354	506
354	513
354	577
354	594
354	657
354	783
354	940
355	427
355	710
355	806
355	882
355	898
356	451
356	502
356	567
356	586
356	670
356	812
356	826
357	371
357	387
357	504
357	517
357	806
357	945
358	361
358	520
358	636
358	673
358	714
358	746
358	751
358	856
358	874
358	909
358	963
358	966
359	383
359	439
359	448
359	490
359	557
359	761
359	765
359	964
360	374
360	748
360	827
360	950
360	967
360	988
361	753
361	968
361	985
362	486
362	816
362	834
362	967
363	392
363	493
363	706
363	732
363	752
364	392
364	475
364	766
365	431
365	439
365	543
365	564
365	566
365	603
365	664
365	719
365	739
365	860
365	868
365	933
365	963
365	977
366	379
366	397
366	436
366	618
366	626
366	628
366	769
366	990
366	993
367	517
367	710
367	719
367	793
367	849
367	936
367	994
367	1348
368	616
368	797
368	934
369	444
369	632
369	651
369	666
369	667
369	786
369	965
369	999
370	593
370	719
370	878
370	967
371	412
371	429
371	457
371	499
371	520
371	576
371	616
371	863
371	890
371	911
372	528
372	614
373	393
373	433
373	441
373	707
373	834
373	901
373	955
373	991
373	999
374	379
374	396
374	446
374	530
374	531
374	555
374	591
374	678
374	739
374	785
374	937
375	515
375	519
375	524
375	534
375	575
375	576
375	581
375	647
375	858
375	860
375	939
376	440
376	491
376	573
376	614
376	662
376	687
376	734
376	853
376	892
377	398
377	418
377	529
377	715
377	746
377	817
377	879
377	990
377	997
378	420
378	504
378	633
378	666
378	792
378	889
378	961
378	989
379	448
379	478
379	548
379	550
379	846
379	855
379	922
380	437
380	454
380	554
380	598
380	708
380	735
380	772
380	788
380	889
381	577
381	635
381	689
381	887
382	675
382	694
382	741
382	762
382	828
382	832
382	994
383	427
383	455
383	476
383	670
383	689
383	735
383	750
384	420
384	517
384	602
384	688
384	700
384	841
385	399
385	789
385	808
385	816
385	818
385	940
385	973
386	570
386	624
386	986
387	498
387	530
387	590
387	625
387	940
388	617
388	814
388	829
389	470
389	478
389	480
389	530
389	535
389	738
389	775
389	781
390	405
390	435
390	462
390	477
390	601
390	955
390	968
390	1705
391	457
391	592
391	640
391	653
391	965
392	448
392	490
392	651
392	720
392	935
392	979
393	431
393	591
393	629
393	632
393	677
393	761
393	790
393	937
394	474
394	664
394	677
394	869
394	879
394	931
394	947
395	435
395	441
395	448
395	495
395	499
395	547
395	708
395	841
395	867
395	943
396	466
396	492
396	494
396	509
396	536
396	551
396	617
396	702
396	706
396	815
396	845
396	1189
397	399
397	476
397	696
397	784
397	928
397	947
398	550
398	568
398	753
398	762
398	764
398	947
398	983
399	520
399	540
399	662
399	715
399	742
399	750
399	771
400	410
400	512
400	552
400	614
400	669
400	692
400	766
400	898
400	907
400	952
400	956
400	975
401	409
401	413
401	479
401	713
401	869
401	949
401	967
402	465
402	632
402	775
402	848
402	852
402	951
402	954
402	1318
403	514
403	558
403	667
403	733
403	760
403	799
403	890
403	913
403	927
403	948
404	405
404	707
404	849
404	893
404	901
404	934
404	941
405	406
405	568
405	573
405	657
405	853
405	874
405	890
405	896
406	482
406	541
406	545
406	820
406	848
406	996
407	486
407	493
407	558
407	746
407	793
408	431
408	667
408	710
409	512
409	652
409	670
409	707
409	714
409	772
409	793
409	808
409	960
409	969
410	497
410	522
410	557
410	806
411	481
411	559
411	569
411	643
411	803
411	936
412	440
412	511
412	550
412	592
412	602
412	620
412	675
412	827
412	843
412	848
412	1292
413	425
413	469
413	489
413	638
413	805
413	837
413	859
414	513
414	574
414	579
414	582
414	753
414	846
414	871
415	448
415	799
415	833
415	881
415	892
415	915
415	988
415	1374
416	547
416	693
416	1569
417	475
417	510
417	530
417	565
417	778
418	871
419	432
419	473
419	594
419	631
419	702
419	771
419	803
419	830
419	995
420	742
420	850
420	881
421	439
421	459
421	648
421	802
421	870
421	919
421	920
421	1573
422	502
422	572
422	628
423	459
423	531
423	571
423	630
423	636
423	646
423	806
423	896
423	995
423	1816
424	427
424	505
424	522
424	546
424	623
424	719
424	730
424	754
424	1578
425	437
425	448
425	460
425	606
425	614
425	715
425	758
425	941
425	956
426	633
426	669
426	722
426	783
426	840
427	484
427	637
427	846
427	927
428	456
428	627
428	755
428	895
428	902
429	635
429	643
429	680
429	834
429	949
430	552
430	724
430	746
430	872
430	997
431	817
432	561
432	641
432	657
432	682
432	750
432	868
432	872
432	953
433	478
433	479
433	488
433	563
433	884
433	893
433	926
433	949
434	484
434	634
434	740
434	774
434	834
435	472
435	536
435	634
435	790
435	932
436	447
436	453
436	519
436	584
436	611
436	641
436	727
436	742
436	813
436	865
436	930
437	498
437	533
437	626
437	713
437	883
438	583
438	644
438	730
438	752
438	877
438	996
439	489
439	669
439	777
439	860
439	920
440	638
440	788
440	866
440	910
441	600
441	782
441	831
441	837
441	941
442	783
442	796
442	998
442	1275
443	480
443	563
443	576
443	672
444	502
444	540
444	595
444	619
444	814
444	941
445	526
445	741
445	777
446	577
446	707
446	723
447	604
447	643
447	671
447	816
447	856
447	904
447	906
447	996
448	570
448	572
448	626
448	658
448	660
448	758
448	890
448	912
448	1928
449	484
449	523
449	594
449	658
449	1797
450	619
450	666
450	697
450	704
450	832
450	966
451	541
451	589
451	685
451	813
451	931
451	997
452	541
452	859
453	492
453	500
453	543
453	565
453	720
453	801
454	527
454	551
454	607
454	840
454	857
454	924
454	976
455	481
455	726
455	740
455	831
455	852
455	865
455	899
456	606
456	610
456	725
456	813
456	823
456	833
456	915
456	958
456	989
457	631
457	637
457	682
457	897
457	969
458	538
458	888
458	994
458	1604
459	546
459	587
459	666
460	513
460	645
460	831
460	922
460	946
461	490
461	499
461	527
461	650
461	721
461	762
461	995
461	999
462	493
462	495
462	536
462	691
462	710
462	824
462	861
462	872
463	523
463	580
463	589
463	634
463	726
463	890
464	506
464	619
464	652
464	688
464	907
465	486
465	495
465	600
465	715
465	953
466	563
466	646
466	678
466	781
466	955
467	570
467	653
467	660
467	846
468	496
468	498
468	722
468	736
468	737
469	509
469	554
469	687
469	902
469	936
470	543
470	619
470	641
470	743
470	750
470	779
470	826
471	486
471	646
471	810
471	843
472	644
472	649
472	712
472	717
473	490
473	549
473	627
473	683
473	796
473	840
473	989
473	991
474	611
474	704
474	893
474	917
474	936
475	659
476	684
476	877
476	998
477	528
477	566
477	653
477	760
478	657
478	721
478	805
478	874
478	999
479	581
479	801
479	848
479	857
479	872
479	985
480	623
480	699
480	707
480	756
480	813
481	736
481	744
481	862
481	903
481	911
481	949
481	958
482	556
482	565
482	607
482	722
482	740
482	832
483	709
483	791
483	909
483	961
484	503
484	541
484	634
484	726
484	859
484	882
484	901
485	728
485	802
485	831
485	905
485	1452
486	621
487	742
487	843
487	1448
488	862
488	889
489	541
489	606
489	678
489	974
490	596
490	609
490	711
490	881
490	887
490	1531
491	510
491	609
491	737
491	756
491	816
491	820
491	850
492	528
492	711
492	809
492	856
493	510
493	556
493	580
493	590
493	609
493	676
493	704
493	934
493	936
494	647
494	668
494	789
494	800
494	1231
495	587
496	671
496	672
496	688
496	745
496	788
496	819
496	935
496	946
496	972
497	662
497	898
498	690
498	788
498	793
498	794
498	948
498	967
499	606
499	667
499	777
499	898
499	943
500	537
500	573
500	632
500	688
500	900
500	946
501	585
501	765
501	818
501	822
501	984
502	634
502	883
502	898
502	924
503	669
503	672
503	783
504	557
504	566
504	829
505	668
505	719
505	723
506	518
506	549
506	585
506	638
506	651
506	665
506	679
506	811
506	826
507	519
507	625
507	626
507	800
507	833
508	679
508	763
508	913
508	939
509	528
509	707
509	727
509	771
509	788
509	839
509	915
509	1063
510	554
510	569
510	727
511	583
511	648
511	740
511	760
511	796
511	923
511	946
512	684
512	779
512	815
512	924
512	929
513	514
513	523
513	679
513	796
513	848
513	857
514	542
514	764
514	842
514	877
514	946
515	586
515	687
515	773
515	860
515	993
516	571
516	649
516	725
516	822
516	876
516	880
516	886
516	941
516	960
517	661
517	684
517	720
517	721
517	740
517	863
517	874
517	921
518	616
518	823
519	595
519	767
519	1513
520	589
520	909
520	965
520	967
521	670
521	714
521	719
521	765
521	823
521	920
521	966
522	535
522	825
522	864
522	899
523	524
523	654
523	680
523	801
524	564
524	657
524	726
524	745
524	920
524	934
525	563
525	632
525	656
525	690
525	768
525	769
525	796
525	896
525	973
525	978
525	986
526	686
526	986
526	988
527	549
527	596
527	707
527	756
528	547
528	906
528	938
528	966
529	674
529	758
529	814
529	836
530	732
530	770
530	901
530	999
530	1033
530	1206
531	736
531	740
531	753
531	875
531	929
531	947
531	971
531	1532
532	555
532	560
532	595
532	719
532	825
532	861
533	600
533	646
533	799
533	800
533	801
533	863
533	973
533	978
534	652
534	659
534	756
534	830
535	548
535	560
535	640
535	689
535	721
535	790
536	559
536	607
536	702
536	812
536	847
536	886
536	936
536	960
536	998
537	628
537	669
537	743
537	921
537	922
538	732
538	736
538	749
538	753
538	764
538	859
538	923
538	931
539	571
539	625
539	697
539	759
539	808
539	864
539	976
540	740
540	847
540	992
541	684
541	697
541	914
541	995
542	628
542	797
542	923
543	548
543	640
543	806
543	810
543	827
543	893
543	965
543	973
544	580
544	674
544	832
544	891
544	948
545	727
545	917
546	650
546	774
546	777
546	807
546	899
546	956
547	597
547	676
547	963
548	626
548	730
548	745
548	805
548	860
548	986
549	555
549	732
549	895
549	956
550	646
550	679
550	734
550	1945
551	564
551	681
552	603
552	694
552	884
552	979
553	625
553	651
553	767
553	797
553	804
553	1252
554	785
554	919
555	636
555	639
555	649
555	706
555	755
555	946
555	955
555	980
556	685
556	842
556	936
556	981
557	646
557	778
557	871
557	905
558	590
558	608
558	654
558	672
559	763
559	865
559	936
559	957
559	970
559	993
560	568
560	939
561	656
561	677
561	695
561	907
562	596
562	677
562	679
562	716
562	745
562	852
562	896
562	985
563	682
563	689
563	727
563	829
563	875
563	921
563	950
564	624
564	940
565	686
565	762
565	777
565	813
565	949
565	995
566	714
566	853
566	866
566	966
566	1037
567	614
567	715
567	768
567	820
567	871
567	967
568	677
568	858
568	895
568	909
568	918
569	613
569	665
569	684
569	803
569	805
569	878
569	939
570	614
570	655
570	716
570	775
570	821
570	855
570	978
571	639
571	782
571	844
571	845
571	882
571	908
572	644
572	674
572	752
572	919
572	920
573	895
573	967
574	689
574	708
574	803
574	941
575	610
575	649
575	760
576	674
576	693
577	725
577	735
577	832
577	928
579	755
579	774
579	791
580	691
580	759
580	891
581	844
581	884
581	966
582	676
582	723
582	823
582	983
582	996
583	593
583	712
583	733
583	823
583	863
583	906
584	715
584	735
585	748
585	782
585	851
585	854
585	878
585	879
585	887
585	927
586	646
586	657
586	659
586	685
586	827
586	895
587	732
587	862
588	637
588	757
588	765
588	792
588	795
588	801
588	831
588	928
588	929
588	933
588	950
588	975
588	1584
589	649
589	732
589	794
589	828
589	965
590	786
590	835
590	964
590	1318
591	602
592	613
592	645
592	660
592	700
592	777
592	780
592	823
592	876
592	912
592	928
593	738
593	754
593	766
593	929
593	955
594	673
594	812
594	972
595	865
595	926
596	623
596	792
596	960
596	971
597	629
597	703
597	724
597	744
598	641
598	884
598	925
598	975
599	649
599	696
599	887
600	649
600	890
600	1695
601	690
601	735
601	757
601	901
601	958
601	960
601	980
602	622
602	651
602	657
602	963
603	653
603	819
604	673
604	781
604	824
605	662
605	702
605	925
605	974
605	981
606	691
606	705
606	754
607	629
607	631
607	658
607	736
607	922
608	624
608	730
608	735
608	759
608	771
608	823
608	829
608	977
609	870
609	959
610	743
610	827
610	888
610	958
611	895
611	912
612	699
612	761
612	833
612	939
612	943
613	661
613	690
613	709
613	749
613	987
614	692
614	770
614	968
614	984
615	804
615	810
615	856
616	657
616	914
617	632
617	661
617	830
617	872
617	901
617	930
617	945
618	785
618	838
618	900
619	627
620	646
620	659
620	705
620	854
620	993
621	992
622	754
622	763
622	783
622	836
622	856
622	926
623	793
623	975
624	672
624	713
624	795
624	984
625	651
625	699
625	949
625	968
626	672
626	677
626	947
627	773
628	634
628	804
628	972
628	1492
629	670
629	745
629	758
629	870
630	677
630	701
630	709
630	749
630	844
630	882
630	954
631	867
631	874
631	918
631	968
632	714
632	728
632	762
632	786
632	801
632	858
632	860
632	947
633	706
633	837
633	884
633	919
634	636
634	764
634	906
634	965
634	993
635	649
635	651
635	726
635	764
635	826
635	897
636	686
636	911
636	986
637	716
637	727
637	738
637	767
638	685
638	949
638	1825
640	642
640	652
640	690
640	791
640	847
640	926
641	847
641	859
641	1411
642	705
642	739
642	777
643	726
643	801
643	859
643	889
644	738
644	901
645	802
645	971
646	901
647	650
647	668
647	777
647	865
648	710
648	731
648	830
648	852
648	974
649	670
649	761
651	955
652	666
652	687
652	711
652	737
652	858
652	886
652	1815
653	667
653	751
653	835
654	764
654	946
655	689
655	708
655	718
655	844
656	833
656	892
657	676
657	734
657	739
657	830
657	833
657	849
657	925
658	694
658	744
658	790
658	906
658	962
659	704
659	752
659	804
660	760
660	788
660	807
660	896
660	897
660	934
661	739
661	852
661	956
662	836
662	867
662	947
663	688
663	693
663	730
663	835
663	887
663	945
663	961
664	806
664	847
665	734
665	847
666	684
667	695
667	950
668	715
668	789
668	827
668	850
668	977
669	858
669	885
669	926
670	802
670	823
671	809
671	967
672	755
673	892
673	898
673	966
674	710
674	732
674	814
675	833
675	839
675	853
675	986
676	729
676	891
676	957
676	1442
677	708
677	714
677	804
677	902
677	964
678	683
678	707
678	724
678	759
678	867
678	874
678	971
679	715
679	811
679	840
679	895
679	925
679	931
680	862
681	698
682	754
682	761
682	789
683	713
683	755
683	949
684	726
684	818
684	839
684	941
684	990
685	740
685	929
685	962
686	814
686	830
686	894
686	968
687	723
687	769
688	866
688	941
689	720
689	733
689	741
689	756
689	768
689	834
690	710
690	886
690	913
690	940
691	759
691	768
691	817
691	883
692	735
692	775
692	831
692	849
692	914
693	709
693	737
693	820
693	960
693	1936
694	747
694	801
694	953
695	769
695	849
695	897
695	955
696	759
696	891
696	910
697	963
697	984
697	1088
698	757
698	830
698	861
700	814
700	831
700	843
700	874
701	786
701	787
701	824
701	852
701	1154
702	710
704	788
704	789
704	900
704	953
705	765
705	805
705	832
705	987
705	992
706	735
706	903
706	960
707	748
707	877
708	785
708	855
708	930
708	1233
709	788
709	979
709	984
710	736
710	812
710	833
712	776
712	895
712	921
713	923
714	726
714	727
715	741
715	875
715	987
716	920
717	881
718	722
718	804
718	807
718	874
718	897
719	748
719	898
719	953
719	961
720	788
720	832
721	753
721	760
721	782
721	981
721	1873
722	741
722	766
722	791
722	808
722	837
722	1708
723	740
723	742
723	748
724	884
724	981
725	865
725	920
726	754
726	889
726	915
727	856
728	780
728	973
729	754
729	779
729	838
729	911
730	975
731	752
731	780
731	830
731	847
731	922
731	960
731	971
732	740
733	812
733	886
734	788
734	927
735	759
735	932
736	1935
737	789
737	799
737	907
738	751
738	895
739	745
739	954
740	750
741	888
741	949
741	985
742	773
742	872
742	958
742	992
742	1408
743	780
743	940
743	969
744	804
744	879
744	883
745	767
745	789
746	1317
747	856
747	870
747	946
748	978
749	781
749	904
749	934
749	935
750	923
751	780
751	933
751	935
752	930
755	760
755	833
755	850
756	983
756	998
757	814
758	788
758	967
759	952
759	954
759	968
759	1243
760	769
760	875
760	971
762	798
762	854
762	856
762	974
762	1717
763	835
763	855
763	865
763	915
763	940
764	786
764	804
764	808
764	826
764	887
764	895
764	909
764	913
764	958
765	884
766	935
767	800
768	894
768	958
769	899
769	920
769	966
770	907
770	980
771	779
772	779
772	926
772	955
773	775
773	809
773	975
774	794
774	879
774	902
775	806
775	898
776	795
776	841
776	972
777	782
777	904
777	1241
778	785
779	896
779	951
780	901
780	939
781	855
781	877
781	904
781	911
781	984
782	832
782	977
783	825
783	1031
784	894
784	944
784	966
785	880
786	805
786	912
786	926
787	793
787	840
787	920
788	824
788	845
788	849
788	887
788	888
788	967
789	822
789	894
789	950
790	976
792	800
792	836
792	895
792	1243
793	868
793	981
795	896
795	990
796	858
796	881
796	888
796	959
797	846
798	825
798	919
798	930
798	959
798	961
799	843
799	853
799	1556
800	831
800	840
800	858
800	875
800	888
800	958
801	841
802	929
802	958
802	986
802	1752
803	984
804	823
804	923
804	974
805	958
805	975
805	992
805	993
806	924
806	970
807	900
807	983
808	952
809	838
809	873
809	896
809	969
809	971
809	1509
810	931
811	884
811	931
811	938
811	955
812	982
813	816
813	873
815	949
815	953
816	842
817	858
820	854
820	897
820	924
820	982
821	909
822	897
822	969
822	975
822	979
823	834
824	955
824	996
825	831
825	949
825	973
825	977
825	1525
826	841
826	885
826	969
826	1910
827	871
827	888
827	930
827	933
828	848
829	837
829	877
830	886
831	977
831	1037
832	908
832	916
832	990
833	855
833	927
834	946
834	949
835	853
836	869
836	942
837	924
839	910
840	970
840	998
841	848
841	938
841	956
842	883
842	898
842	979
842	995
843	1108
845	894
845	920
845	968
846	947
847	955
847	966
849	1470
850	905
850	984
851	992
854	979
857	895
857	922
857	993
860	970
863	873
863	930
863	1451
865	893
865	901
865	928
866	950
866	971
867	960
867	965
867	973
869	894
870	981
870	982
871	933
873	877
873	952
874	977
874	1099
876	977
877	985
877	1920
878	979
878	1713
879	895
879	926
880	966
881	899
881	980
882	914
883	905
883	919
887	921
887	956
887	983
887	988
887	999
887	1507
888	900
888	932
889	1849
890	965
893	959
895	931
896	907
896	925
897	939
898	914
898	1775
899	999
900	996
901	928
902	989
903	913
903	970
903	985
904	905
904	931
905	952
905	979
908	910
908	919
908	937
910	972
911	926
911	941
912	985
913	988
914	951
914	991
915	926
916	961
921	960
923	945
923	950
923	973
924	969
924	996
926	1511
931	946
931	955
932	965
935	945
935	983
937	967
938	960
940	980
940	998
940	999
943	996
943	1230
945	974
945	989
950	966
950	967
951	993
953	983
955	991
961	962
964	1534
966	1492
969	978
970	978
973	995
974	977
979	982
981	985
982	1542
983	997
986	1559
1000	1053
1000	1149
1000	1428
1000	1605
1000	1749
1000	1881
1001	1019
1001	1055
1001	1161
1001	1196
1001	1220
1001	1290
1001	1295
1001	1538
1001	1821
1001	1947
1002	1079
1002	1106
1002	1169
1002	1176
1002	1258
1002	1894
1002	1937
1002	1945
1003	1220
1003	1251
1003	1368
1003	1758
1003	1807
1003	1894
1003	1915
1003	1957
1004	1019
1004	1071
1004	1201
1004	1278
1004	1304
1004	1308
1004	1501
1004	1574
1004	1717
1004	1863
1005	1105
1005	1139
1005	1174
1005	1217
1005	1325
1005	1515
1005	1532
1005	1767
1006	1105
1006	1227
1006	1364
1006	1387
1006	1419
1006	1624
1006	1828
1007	1085
1007	1107
1007	1462
1007	1747
1007	1840
1008	1073
1008	1221
1008	1301
1008	1604
1008	1668
1008	1674
1008	1725
1008	1772
1008	1941
1008	1955
1009	1051
1009	1093
1009	1170
1009	1311
1009	1347
1009	1449
1009	1548
1009	1582
1009	1595
1009	1721
1009	1885
1009	1892
1009	1957
1010	1059
1010	1119
1010	1156
1010	1223
1010	1438
1010	1449
1010	1786
1010	1890
1010	1902
1010	1916
1010	1924
1011	1027
1011	1058
1011	1078
1011	1372
1011	1721
1011	1732
1011	1895
1012	1072
1012	1136
1012	1238
1012	1325
1012	1348
1012	1374
1012	1414
1012	1478
1012	1595
1012	1599
1012	1613
1012	1850
1012	1990
1013	1057
1013	1078
1013	1271
1013	1294
1013	1349
1013	1353
1013	1442
1013	1613
1013	1635
1013	1731
1013	1927
1013	1929
1014	1129
1014	1147
1014	1214
1014	1297
1014	1376
1014	1419
1014	1447
1014	1552
1014	1934
1014	1995
1015	1025
1015	1047
1015	1098
1015	1108
1015	1173
1015	1185
1015	1201
1015	1206
1015	1237
1015	1283
1015	1322
1015	1338
1015	1394
1015	1424
1015	1523
1015	1670
1015	1719
1015	1915
1015	1951
1015	1998
1016	1020
1016	1030
1016	1045
1016	1141
1016	1243
1016	1383
1016	1493
1016	1495
1016	1751
1016	1790
1016	1843
1016	1922
1016	1934
1016	1969
1017	1105
1017	1728
1018	1131
1018	1162
1018	1195
1018	1447
1018	1570
1018	1597
1018	1853
1018	1867
1018	1945
1019	1127
1019	1199
1019	1227
1019	1285
1019	1406
1019	1437
1019	1806
1019	1992
1020	1037
1020	1060
1020	1083
1020	1262
1020	1289
1020	1577
1020	1764
1020	1884
1020	1923
1020	1961
1021	1043
1021	1052
1021	1163
1021	1291
1021	1513
1021	1538
1021	1953
1021	1981
1021	1991
1022	1072
1022	1164
1022	1295
1022	1549
1022	1566
1022	1601
1022	1615
1022	1714
1023	1051
1023	1071
1023	1095
1023	1242
1023	1518
1023	1569
1023	1597
1023	1710
1023	1877
1024	1038
1024	1066
1024	1138
1024	1167
1024	1260
1024	1288
1024	1475
1024	1478
1024	1669
1024	1844
1025	1048
1025	1187
1025	1214
1025	1554
1025	1557
1025	1749
1025	1814
1026	1036
1026	1090
1026	1095
1026	1155
1026	1306
1026	1522
1026	1795
1026	1903
1027	1261
1027	1630
1027	1638
1027	1685
1027	1828
1027	1932
1028	1050
1028	1223
1028	1290
1028	1369
1028	1496
1028	1527
1028	1720
1028	1772
1028	1785
1028	1802
1028	1911
1028	1981
1029	1109
1029	1121
1029	1164
1029	1300
1029	1310
1029	1336
1029	1450
1029	1464
1029	1571
1029	1910
1029	1993
1030	1044
1030	1170
1030	1171
1030	1276
1030	1302
1030	1363
1030	1521
1030	1544
1030	1613
1030	1704
1030	1850
1030	1897
1030	1984
1031	1035
1031	1045
1031	1257
1031	1284
1031	1610
1031	1719
1031	1766
1031	1850
1031	1915
1031	1941
1031	1943
1031	1955
1032	1092
1032	1182
1032	1216
1032	1222
1032	1238
1032	1473
1032	1527
1032	1782
1032	1858
1032	1975
1033	1193
1033	1334
1033	1336
1033	1448
1033	1535
1033	1537
1033	1696
1033	1928
1034	1111
1034	1324
1034	1352
1034	1467
1034	1568
1034	1979
1034	1996
1035	1064
1035	1112
1035	1369
1035	1386
1035	1602
1035	1731
1035	1766
1035	1964
1036	1311
1036	1349
1036	1532
1036	1588
1036	1642
1036	1708
1036	1721
1036	1958
1037	1103
1037	1214
1037	1303
1037	1368
1037	1420
1037	1519
1037	1555
1037	1672
1037	1685
1037	1730
1037	1870
1038	1226
1038	1296
1038	1530
1038	1822
1038	1829
1038	1859
1038	1864
1038	1963
1038	1975
1039	1405
1039	1715
1039	1921
1040	1086
1040	1216
1040	1354
1040	1416
1040	1469
1040	1472
1040	1720
1040	1777
1040	1824
1041	1099
1041	1136
1041	1332
1041	1393
1041	1454
1041	1485
1041	1579
1041	1633
1041	1839
1041	1887
1041	1916
1041	1971
1042	1090
1042	1099
1042	1258
1042	1325
1042	1484
1042	1503
1042	1720
1042	1830
1042	1902
1042	1922
1043	1076
1043	1236
1043	1365
1043	1398
1043	1429
1043	1468
1043	1696
1043	1882
1043	1949
1044	1083
1044	1175
1044	1187
1044	1253
1044	1272
1044	1278
1044	1464
1044	1526
1044	1751
1044	1824
1044	1905
1045	1286
1045	1387
1045	1550
1045	1639
1045	1716
1045	1856
1045	1864
1045	1978
1046	1600
1046	1636
1046	1695
1046	1844
1047	1216
1047	1276
1047	1418
1047	1605
1047	1660
1047	1694
1047	1726
1047	1742
1047	1758
1047	1924
1047	1939
1048	1051
1048	1115
1048	1153
1048	1239
1048	1391
1048	1653
1048	1818
1048	1839
1048	1875
1048	1996
1049	1115
1049	1150
1049	1244
1049	1618
1049	1655
1049	1702
1049	1765
1049	1830
1050	1173
1050	1240
1050	1286
1050	1386
1050	1511
1050	1536
1050	1729
1050	1909
1051	1117
1051	1139
1051	1142
1051	1167
1051	1201
1051	1217
1051	1433
1051	1570
1051	1584
1051	1587
1051	1606
1051	1707
1051	1723
1051	1782
1052	1331
1052	1491
1052	1551
1052	1609
1052	1749
1052	1755
1052	1907
1052	1971
1053	1086
1053	1138
1053	1218
1053	1668
1053	1869
1054	1107
1054	1246
1054	1259
1054	1290
1054	1591
1054	1735
1054	1809
1054	1865
1054	1929
1054	1970
1055	1113
1055	1152
1055	1238
1055	1307
1055	1416
1055	1437
1055	1449
1055	1456
1055	1487
1055	1501
1055	1639
1055	1643
1055	1750
1055	1807
1055	1922
1056	1197
1056	1282
1056	1291
1056	1312
1056	1330
1056	1671
1056	1683
1056	1826
1056	1863
1056	1873
1057	1110
1057	1147
1057	1149
1057	1212
1057	1215
1057	1344
1057	1409
1057	1453
1057	1511
1057	1536
1057	1696
1057	1761
1057	1807
1057	1880
1057	1955
1058	1108
1058	1261
1058	1416
1058	1539
1058	1550
1058	1608
1058	1609
1058	1678
1058	1886
1058	1964
1059	1452
1059	1562
1059	1753
1059	1760
1059	1773
1059	1783
1059	1897
1060	1162
1060	1180
1060	1254
1060	1276
1060	1545
1060	1751
1060	1848
1060	1871
1060	1901
1060	1906
1060	1954
1060	1965
1061	1115
1061	1199
1061	1220
1061	1253
1061	1415
1061	1425
1061	1442
1061	1463
1061	1464
1061	1807
1061	1881
1061	1971
1062	1273
1062	1363
1062	1386
1062	1506
1062	1571
1062	1645
1062	1778
1062	1865
1062	1947
1062	1961
1063	1163
1063	1209
1063	1323
1063	1380
1063	1417
1063	1478
1063	1681
1063	1814
1063	1821
1063	1844
1063	1871
1063	1926
1063	1943
1064	1078
1064	1140
1064	1168
1064	1315
1064	1430
1064	1660
1064	1698
1064	1761
1064	1878
1064	1889
1064	1998
1065	1134
1065	1407
1065	1493
1065	1775
1065	1776
1065	1884
1065	1947
1066	1078
1066	1203
1066	1361
1066	1369
1066	1420
1066	1614
1066	1747
1066	1808
1066	1903
1066	1932
1067	1138
1067	1243
1067	1313
1067	1342
1067	1353
1067	1366
1067	1437
1067	1507
1067	1569
1067	1587
1067	1621
1067	1712
1067	1770
1067	1842
1067	1847
1067	1916
1067	1923
1068	1104
1068	1405
1068	1415
1068	1513
1068	1541
1068	1621
1068	1651
1068	1703
1068	1737
1068	1952
1068	1959
1069	1193
1069	1269
1069	1336
1069	1524
1069	1744
1069	1754
1069	1940
1070	1114
1070	1200
1070	1295
1070	1395
1070	1470
1070	1535
1070	1601
1070	1642
1070	1657
1070	1778
1070	1864
1070	1913
1070	1923
1070	1970
1070	1989
1071	1137
1071	1189
1071	1295
1071	1493
1071	1554
1071	1703
1071	1776
1071	1887
1072	1252
1072	1340
1072	1455
1072	1582
1072	1722
1072	1825
1072	1861
1072	1870
1072	1895
1072	1952
1072	1956
1073	1123
1073	1189
1073	1198
1073	1309
1073	1359
1073	1479
1073	1672
1073	1676
1073	1696
1073	1722
1073	1884
1073	1890
1073	1944
1074	1206
1074	1221
1074	1521
1074	1607
1074	1616
1074	1656
1074	1668
1074	1902
1074	1937
1074	1952
1075	1102
1075	1383
1075	1505
1075	1523
1075	1575
1075	1620
1075	1642
1075	1777
1076	1078
1076	1092
1076	1168
1076	1236
1076	1253
1076	1279
1076	1495
1076	1537
1076	1628
1076	1727
1076	1963
1077	1177
1077	1185
1077	1207
1077	1293
1077	1314
1077	1715
1077	1814
1077	1857
1077	1939
1078	1143
1078	1268
1078	1330
1078	1351
1078	1429
1078	1462
1078	1900
1078	1967
1078	1969
1079	1088
1079	1181
1079	1194
1079	1196
1079	1329
1079	1369
1079	1454
1079	1524
1079	1657
1079	1744
1079	1788
1080	1135
1080	1282
1080	1431
1080	1582
1080	1823
1080	1965
1080	1969
1081	1103
1081	1129
1081	1178
1081	1199
1081	1246
1081	1317
1081	1423
1081	1456
1081	1519
1081	1782
1081	1891
1081	1899
1082	1205
1082	1260
1082	1520
1082	1581
1082	1947
1082	1950
1082	1971
1082	1998
1083	1304
1083	1418
1083	1464
1083	1599
1083	1723
1083	1952
1083	1961
1084	1089
1084	1132
1084	1391
1084	1408
1084	1616
1084	1619
1084	1844
1084	1924
1084	1931
1084	1964
1085	1193
1085	1257
1085	1299
1085	1333
1085	1578
1085	1603
1085	1639
1085	1939
1085	1944
1085	1993
1085	1997
1086	1099
1086	1142
1086	1212
1086	1285
1086	1296
1086	1463
1086	1546
1086	1611
1086	1758
1086	1761
1086	1822
1087	1231
1087	1326
1087	1384
1087	1385
1087	1868
1087	1959
1088	1130
1088	1141
1088	1228
1088	1289
1088	1397
1088	1939
1089	1126
1089	1157
1089	1316
1089	1431
1089	1452
1089	1554
1089	1634
1089	1915
1090	1155
1090	1176
1090	1191
1090	1222
1090	1235
1090	1415
1091	1203
1091	1292
1091	1361
1091	1776
1091	1817
1091	1832
1091	1990
1092	1247
1092	1317
1092	1368
1092	1396
1092	1452
1092	1560
1092	1694
1092	1795
1092	1922
1093	1096
1093	1205
1093	1247
1093	1286
1093	1293
1093	1441
1093	1481
1093	1495
1093	1521
1093	1569
1094	1447
1094	1511
1094	1575
1094	1606
1094	1736
1094	1794
1095	1524
1095	1554
1095	1563
1095	1581
1095	1654
1095	1949
1096	1225
1096	1234
1096	1407
1096	1727
1096	1784
1096	1917
1096	1923
1097	1119
1097	1203
1097	1219
1097	1338
1097	1342
1097	1373
1097	1607
1097	1713
1097	1752
1097	1964
1098	1148
1098	1219
1098	1249
1098	1427
1098	1496
1098	1734
1098	1752
1098	1957
1099	1237
1099	1280
1099	1486
1099	1638
1099	1678
1099	1877
1099	1910
1100	1180
1100	1266
1100	1332
1100	1390
1100	1421
1100	1462
1100	1474
1100	1496
1100	1647
1100	1694
1100	1759
1100	1846
1100	1858
1100	1906
1101	1131
1101	1150
1101	1172
1101	1277
1101	1428
1101	1516
1101	1554
1101	1555
1101	1574
1101	1616
1101	1843
1101	1862
1101	1933
1101	1990
1102	1250
1102	1288
1102	1318
1102	1321
1102	1325
1102	1335
1102	1528
1102	1678
1102	1903
1103	1197
1103	1512
1103	1586
1103	1608
1103	1630
1103	1726
1103	1839
1103	1879
1103	1928
1104	1122
1104	1185
1104	1490
1104	1726
1104	1761
1104	1832
1104	1886
1104	1965
1105	1165
1105	1285
1105	1439
1105	1488
1105	1512
1105	1602
1105	1613
1105	1720
1105	1789
1105	1895
1106	1120
1106	1148
1106	1269
1106	1274
1106	1341
1106	1346
1106	1443
1106	1651
1106	1670
1106	1799
1107	1210
1107	1256
1107	1334
1107	1361
1107	1447
1107	1579
1107	1597
1107	1733
1107	1896
1108	1142
1108	1208
1108	1662
1109	1699
1109	1733
1109	1772
1110	1117
1110	1227
1110	1308
1110	1365
1110	1389
1110	1438
1110	1464
1110	1529
1110	1610
1110	1647
1110	1710
1110	1853
1110	1855
1110	1880
1110	1958
1110	1971
1111	1115
1111	1340
1111	1448
1111	1525
1111	1690
1111	1774
1111	1806
1111	1852
1112	1153
1112	1206
1112	1513
1112	1535
1112	1682
1112	1763
1112	1825
1113	1160
1113	1266
1113	1296
1113	1380
1113	1385
1113	1624
1113	1643
1113	1716
1113	1797
1113	1798
1113	1918
1113	1977
1114	1258
1114	1265
1114	1397
1114	1451
1114	1470
1114	1496
1114	1521
1114	1544
1114	1551
1114	1774
1114	1849
1115	1219
1115	1221
1115	1338
1115	1377
1115	1424
1115	1545
1115	1645
1115	1664
1115	1774
1115	1903
1115	1997
1116	1192
1116	1298
1116	1427
1116	1588
1116	1645
1116	1649
1116	1791
1116	1898
1117	1223
1117	1277
1117	1503
1117	1544
1117	1560
1117	1563
1117	1663
1117	1678
1117	1715
1117	1795
1117	1845
1117	1936
1118	1397
1118	1416
1118	1469
1118	1473
1118	1523
1118	1735
1118	1737
1118	1877
1118	1907
1119	1385
1119	1396
1119	1700
1119	1901
1119	1910
1120	1189
1120	1241
1120	1528
1120	1563
1120	1567
1120	1596
1120	1618
1120	1679
1120	1729
1121	1226
1121	1792
1122	1196
1122	1330
1122	1455
1122	1570
1122	1941
1122	1948
1123	1170
1123	1190
1123	1272
1123	1273
1123	1302
1123	1324
1123	1325
1123	1350
1123	1366
1123	1367
1123	1460
1123	1553
1123	1748
1123	1946
1123	1999
1124	1304
1124	1370
1124	1463
1124	1546
1124	1674
1124	1710
1124	1762
1124	1807
1124	1883
1125	1131
1125	1280
1125	1286
1125	1518
1125	1564
1125	1724
1125	1736
1125	1894
1126	1170
1126	1497
1126	1841
1127	1142
1127	1198
1127	1235
1127	1273
1127	1362
1127	1437
1127	1714
1127	1839
1127	1918
1127	1990
1128	1167
1128	1168
1128	1194
1128	1197
1128	1335
1128	1538
1128	1673
1128	1843
1128	1912
1129	1167
1129	1256
1129	1260
1129	1559
1129	1587
1129	1666
1129	1701
1129	1773
1129	1824
1129	1943
1130	1330
1130	1476
1130	1864
1131	1226
1131	1343
1131	1415
1131	1431
1131	1444
1131	1487
1131	1533
1131	1640
1131	1654
1131	1793
1131	1916
1132	1168
1132	1266
1132	1572
1132	1914
1132	1936
1132	1966
1133	1226
1133	1372
1133	1410
1133	1413
1133	1727
1133	1991
1134	1329
1134	1335
1134	1493
1134	1572
1134	1647
1134	1752
1134	1785
1134	1993
1135	1158
1135	1184
1135	1198
1135	1317
1135	1318
1135	1352
1135	1385
1135	1450
1135	1552
1135	1638
1135	1678
1135	1755
1135	1794
1135	1873
1135	1921
1136	1166
1136	1204
1136	1207
1136	1293
1136	1703
1136	1726
1137	1193
1137	1282
1137	1395
1137	1522
1137	1593
1137	1691
1137	1901
1137	1952
1138	1204
1138	1219
1138	1359
1138	1892
1138	1977
1139	1267
1139	1356
1139	1583
1139	1691
1139	1867
1140	1234
1140	1247
1140	1607
1140	1632
1140	1766
1140	1958
1141	1173
1141	1235
1141	1323
1141	1565
1141	1572
1141	1678
1141	1720
1141	1767
1141	1890
1142	1234
1142	1249
1142	1316
1142	1331
1142	1395
1142	1461
1142	1526
1142	1762
1142	1765
1142	1946
1142	1952
1142	1980
1143	1152
1143	1157
1143	1449
1143	1656
1143	1716
1143	1871
1143	1892
1144	1165
1144	1412
1144	1432
1144	1480
1144	1595
1144	1611
1144	1800
1144	1948
1145	1259
1145	1290
1145	1432
1145	1526
1145	1590
1145	1714
1145	1750
1145	1884
1145	1911
1145	1940
1146	1192
1146	1435
1146	1464
1146	1890
1147	1159
1147	1193
1147	1215
1147	1252
1147	1284
1147	1339
1147	1359
1147	1438
1147	1454
1147	1583
1147	1614
1147	1625
1147	1663
1147	1687
1147	1788
1147	1844
1147	1856
1147	1880
1148	1210
1148	1458
1148	1530
1148	1761
1149	1245
1149	1266
1149	1268
1149	1293
1149	1369
1149	1531
1149	1587
1149	1779
1149	1781
1149	1793
1149	1798
1150	1175
1150	1308
1150	1380
1150	1484
1150	1512
1151	1352
1151	1469
1151	1571
1151	1581
1151	1701
1152	1206
1152	1213
1152	1249
1152	1440
1152	1522
1152	1739
1152	1961
1153	1428
1153	1557
1153	1794
1153	1839
1153	1841
1153	1845
1154	1321
1154	1537
1154	1757
1154	1834
1154	1942
1155	1334
1155	1650
1155	1838
1156	1167
1156	1268
1156	1359
1156	1794
1157	1255
1157	1275
1157	1276
1157	1287
1157	1882
1157	1948
1158	1357
1158	1441
1158	1451
1158	1546
1158	1593
1158	1619
1158	1716
1158	1749
1158	1864
1158	1886
1158	1951
1159	1401
1159	1445
1159	1479
1159	1549
1159	1576
1159	1866
1160	1317
1160	1611
1160	1911
1160	1940
1160	1953
1160	1995
1161	1296
1161	1490
1161	1607
1161	1621
1161	1644
1161	1675
1161	1729
1161	1835
1161	1872
1161	1882
1161	1884
1161	1962
1162	1184
1162	1219
1162	1251
1162	1468
1162	1500
1162	1558
1162	1623
1162	1724
1162	1756
1162	1852
1162	1967
1163	1222
1163	1226
1163	1231
1163	1263
1163	1286
1163	1734
1163	1796
1163	1997
1164	1176
1164	1248
1164	1314
1164	1423
1164	1525
1164	1534
1164	1566
1164	1680
1164	1720
1164	1985
1165	1331
1165	1377
1165	1662
1165	1905
1165	1918
1165	1972
1166	1186
1166	1203
1166	1232
1166	1358
1166	1373
1166	1416
1166	1445
1166	1601
1166	1623
1166	1645
1166	1838
1166	1958
1167	1287
1167	1544
1167	1555
1167	1587
1167	1740
1167	1966
1167	1976
1168	1184
1168	1271
1168	1394
1168	1496
1168	1512
1168	1606
1168	1668
1168	1675
1168	1774
1168	1777
1169	1271
1169	1382
1169	1510
1169	1522
1169	1751
1169	1753
1169	1839
1170	1225
1170	1649
1170	1711
1170	1827
1170	1862
1170	1890
1171	1187
1171	1272
1171	1316
1171	1497
1171	1581
1172	1197
1172	1234
1172	1296
1172	1352
1172	1528
1172	1575
1172	1794
1172	1836
1173	1233
1173	1275
1173	1295
1173	1447
1173	1547
1173	1670
1173	1679
1173	1704
1173	1828
1173	1899
1173	1928
1174	1204
1174	1243
1174	1304
1174	1365
1174	1713
1174	1716
1174	1781
1174	1884
1174	1941
1175	1194
1175	1344
1175	1345
1175	1521
1175	1643
1175	1696
1176	1399
1176	1487
1176	1514
1176	1538
1176	1571
1176	1683
1176	1707
1177	1186
1177	1273
1177	1542
1177	1803
1177	1867
1177	1905
1178	1193
1178	1214
1178	1472
1178	1506
1178	1542
1178	1757
1178	1760
1178	1983
1179	1340
1179	1344
1179	1359
1179	1439
1179	1626
1179	1849
1180	1219
1180	1340
1180	1392
1180	1405
1180	1461
1180	1506
1180	1579
1180	1693
1180	1705
1180	1903
1181	1275
1181	1452
1181	1502
1181	1597
1181	1765
1181	1769
1182	1187
1182	1188
1182	1285
1182	1325
1182	1338
1182	1396
1182	1419
1182	1468
1182	1550
1182	1644
1182	1658
1182	1709
1182	1748
1182	1773
1182	1793
1182	1973
1183	1187
1183	1208
1183	1939
1184	1593
1184	1656
1184	1886
1184	1966
1184	1972
1185	1276
1185	1368
1185	1377
1185	1398
1185	1516
1185	1521
1185	1728
1185	1757
1185	1767
1185	1792
1185	1831
1185	1950
1186	1306
1186	1410
1186	1478
1186	1541
1186	1587
1186	1588
1186	1651
1186	1671
1186	1726
1186	1924
1187	1275
1187	1369
1187	1478
1187	1482
1187	1494
1187	1669
1187	1723
1187	1795
1187	1850
1188	1246
1188	1269
1188	1275
1188	1464
1188	1769
1188	1775
1188	1838
1188	1993
1189	1210
1189	1453
1189	1456
1189	1842
1189	1884
1190	1546
1190	1602
1190	1657
1190	1945
1191	1432
1191	1528
1191	1664
1191	1705
1191	1711
1191	1785
1191	1807
1192	1414
1192	1534
1192	1587
1192	1679
1192	1961
1192	1971
1193	1207
1193	1458
1193	1495
1193	1525
1193	1528
1193	1739
1193	1801
1193	1919
1194	1403
1194	1636
1194	1667
1194	1758
1194	1967
1195	1337
1195	1542
1195	1700
1195	1717
1195	1744
1195	1810
1195	1848
1195	1867
1196	1299
1196	1402
1196	1415
1196	1470
1196	1651
1196	1694
1196	1754
1196	1761
1196	1817
1196	1965
1197	1327
1197	1377
1197	1382
1197	1454
1197	1461
1197	1542
1197	1663
1197	1992
1198	1257
1198	1661
1198	1706
1198	1796
1198	1887
1198	1977
1198	1986
1199	1296
1199	1320
1199	1374
1199	1564
1199	1738
1199	1781
1199	1785
1200	1260
1200	1442
1200	1492
1200	1543
1200	1550
1200	1552
1200	1677
1200	1802
1200	1861
1201	1291
1201	1314
1201	1323
1201	1349
1201	1355
1201	1356
1201	1433
1201	1700
1201	1733
1201	1746
1201	1766
1201	1937
1202	1227
1202	1354
1202	1386
1202	1460
1202	1697
1202	1703
1202	1705
1202	1917
1203	1237
1203	1318
1203	1600
1203	1689
1203	1783
1203	1894
1203	1900
1204	1261
1204	1283
1204	1353
1204	1372
1204	1428
1204	1511
1204	1592
1204	1611
1204	1706
1204	1790
1204	1826
1204	1842
1204	1902
1205	1244
1205	1284
1205	1327
1205	1351
1205	1367
1205	1469
1205	1568
1205	1624
1205	1681
1205	1715
1205	1818
1205	1822
1205	1942
1205	1967
1206	1218
1206	1241
1206	1381
1206	1665
1206	1787
1206	1800
1206	1953
1206	1990
1207	1268
1207	1562
1208	1226
1208	1295
1208	1323
1208	1423
1208	1531
1208	1739
1208	1797
1208	1989
1209	1315
1209	1328
1209	1359
1209	1455
1209	1456
1209	1574
1209	1640
1209	1651
1209	1824
1209	1961
1210	1498
1210	1537
1210	1774
1210	1801
1210	1822
1210	1941
1211	1469
1211	1577
1211	1633
1211	1796
1211	1837
1212	1516
1212	1521
1212	1627
1212	1733
1212	1945
1213	1292
1213	1364
1213	1398
1213	1490
1213	1497
1213	1677
1213	1687
1213	1701
1214	1222
1214	1273
1214	1312
1214	1465
1214	1551
1214	1569
1214	1606
1214	1691
1214	1828
1215	1254
1215	1288
1215	1384
1215	1394
1215	1533
1215	1578
1215	1622
1215	1657
1215	1704
1215	1712
1216	1280
1216	1334
1216	1467
1216	1489
1216	1523
1216	1527
1216	1725
1216	1995
1217	1399
1217	1448
1217	1730
1217	1899
1218	1227
1218	1240
1218	1336
1218	1371
1218	1521
1218	1582
1218	1683
1218	1870
1218	1890
1218	1931
1218	1957
1219	1405
1219	1484
1219	1626
1219	1690
1219	1729
1219	1769
1219	1934
1219	1939
1219	1977
1220	1379
1220	1609
1220	1633
1220	1721
1220	1886
1221	1289
1221	1461
1221	1577
1221	1713
1221	1739
1221	1857
1221	1859
1221	1864
1221	1882
1221	1910
1221	1920
1221	1921
1222	1239
1222	1350
1222	1423
1222	1474
1222	1588
1222	1602
1223	1256
1223	1473
1223	1482
1223	1661
1223	1716
1223	1720
1223	1739
1223	1866
1223	1883
1223	1930
1223	1988
1224	1274
1224	1540
1224	1644
1224	1733
1224	1816
1224	1832
1224	1852
1224	1896
1224	1929
1225	1314
1225	1330
1225	1403
1225	1419
1225	1580
1225	1740
1225	1767
1225	1818
1225	1853
1226	1360
1226	1361
1226	1687
1226	1722
1226	1783
1226	1818
1226	1947
1227	1233
1227	1476
1227	1526
1227	1719
1227	1802
1227	1806
1227	1953
1228	1406
1228	1432
1228	1609
1228	1634
1228	1665
1228	1668
1228	1710
1228	1729
1228	1807
1229	1653
1229	1730
1229	1850
1229	1854
1229	1961
1230	1258
1230	1271
1230	1349
1230	1403
1230	1516
1230	1667
1230	1791
1231	1320
1231	1336
1231	1651
1231	1714
1232	1277
1232	1573
1232	1584
1232	1899
1233	1314
1233	1372
1233	1450
1233	1533
1233	1593
1233	1607
1233	1803
1233	1871
1234	1265
1234	1440
1234	1461
1234	1560
1234	1699
1234	1787
1234	1843
1234	1918
1234	1955
1235	1392
1235	1470
1235	1576
1235	1620
1235	1639
1235	1815
1236	1259
1236	1286
1236	1445
1236	1459
1236	1513
1236	1585
1236	1758
1236	1812
1237	1277
1237	1282
1237	1293
1237	1621
1237	1768
1237	1845
1237	1933
1238	1340
1238	1395
1238	1612
1238	1979
1239	1252
1239	1399
1239	1404
1239	1601
1239	1642
1239	1841
1239	1862
1239	1885
1239	1936
1239	1996
1240	1270
1240	1328
1240	1355
1240	1549
1240	1604
1240	1629
1240	1708
1241	1248
1241	1254
1241	1301
1241	1440
1241	1583
1241	1730
1241	1747
1241	1895
1241	1938
1241	1955
1242	1376
1242	1529
1242	1586
1242	1835
1242	1935
1242	1937
1242	1950
1243	1312
1243	1365
1243	1396
1243	1667
1243	1680
1243	1823
1243	1850
1243	1876
1243	1929
1243	1953
1244	1308
1244	1346
1244	1374
1244	1739
1244	1884
1244	1961
1244	1995
1244	1996
1245	1279
1245	1351
1245	1448
1245	1548
1245	1582
1245	1733
1246	1333
1246	1348
1246	1482
1246	1506
1246	1546
1246	1638
1246	1739
1246	1797
1247	1449
1247	1469
1247	1671
1247	1708
1247	1752
1247	1815
1247	1818
1247	1945
1248	1324
1248	1691
1248	1870
1249	1250
1249	1412
1249	1492
1249	1523
1249	1552
1249	1697
1249	1705
1249	1775
1249	1814
1249	1887
1250	1287
1250	1300
1251	1457
1251	1517
1251	1657
1251	1771
1251	1798
1252	1260
1252	1283
1252	1290
1252	1385
1252	1423
1252	1499
1252	1503
1252	1957
1252	1969
1253	1259
1253	1377
1253	1498
1253	1512
1253	1755
1254	1292
1254	1329
1254	1406
1254	1407
1254	1722
1254	1756
1254	1946
1254	1952
1255	1350
1255	1400
1255	1447
1255	1598
1255	1616
1255	1737
1255	1779
1255	1795
1255	1877
1255	1940
1255	1990
1256	1322
1256	1438
1256	1483
1256	1519
1256	1531
1256	1705
1256	1860
1256	1869
1256	1898
1256	1936
1256	1951
1257	1330
1257	1416
1257	1438
1257	1443
1257	1481
1257	1578
1257	1584
1257	1647
1257	1650
1257	1656
1257	1671
1257	1870
1257	1949
1258	1302
1258	1627
1258	1756
1258	1762
1258	1840
1258	1860
1258	1929
1259	1406
1259	1623
1259	1862
1259	1896
1260	1563
1260	1596
1260	1639
1260	1744
1260	1899
1260	1936
1261	1285
1261	1320
1261	1635
1261	1649
1261	1863
1261	1875
1261	1897
1261	1932
1262	1304
1262	1358
1262	1359
1262	1369
1262	1385
1262	1470
1262	1529
1262	1663
1262	1742
1262	1949
1262	1968
1263	1333
1263	1339
1263	1415
1263	1450
1263	1663
1263	1855
1263	1894
1263	1971
1264	1427
1264	1592
1264	1708
1264	1709
1264	1711
1264	1747
1264	1782
1264	1820
1264	1825
1265	1343
1265	1523
1265	1623
1265	1649
1265	1749
1265	1986
1266	1633
1266	1854
1267	1271
1267	1610
1267	1872
1268	1291
1268	1433
1268	1479
1268	1527
1268	1586
1268	1681
1268	1716
1268	1725
1268	1852
1268	1971
1269	1501
1269	1603
1269	1924
1270	1398
1270	1767
1270	1788
1270	1861
1270	1882
1270	1995
1271	1478
1271	1592
1271	1628
1271	1759
1271	1766
1271	1928
1272	1276
1272	1380
1272	1510
1272	1636
1272	1669
1272	1777
1272	1866
1272	1937
1273	1383
1273	1426
1273	1431
1273	1822
1273	1938
1273	1976
1273	1985
1274	1349
1274	1499
1274	1537
1274	1623
1274	1672
1274	1701
1274	1742
1274	1784
1274	1844
1274	1925
1275	1424
1275	1618
1275	1897
1275	1935
1276	1406
1276	1462
1276	1568
1276	1600
1276	1632
1276	1653
1276	1680
1276	1802
1276	1825
1276	1845
1276	1873
1276	1965
1277	1293
1277	1436
1277	1545
1277	1616
1277	1638
1277	1689
1277	1944
1277	1962
1278	1333
1278	1401
1278	1475
1278	1486
1278	1741
1278	1827
1278	1883
1278	1900
1278	1903
1279	1288
1279	1436
1279	1493
1279	1545
1279	1654
1279	1687
1279	1748
1279	1770
1280	1342
1280	1599
1280	1753
1280	1859
1280	1912
1281	1339
1281	1370
1281	1498
1281	1617
1281	1635
1281	1695
1281	1747
1281	1817
1281	1895
1282	1354
1282	1436
1282	1626
1282	1730
1282	1915
1283	1328
1283	1368
1283	1379
1283	1592
1283	1638
1283	1702
1283	1737
1283	1804
1283	1831
1284	1450
1284	1554
1284	1558
1284	1576
1284	1646
1284	1726
1284	1914
1284	1999
1285	1378
1285	1417
1285	1543
1285	1593
1285	1613
1285	1651
1285	1782
1286	1514
1286	1648
1286	1705
1286	1774
1286	1788
1286	1947
1287	1395
1287	1466
1287	1797
1288	1304
1288	1433
1288	1585
1288	1725
1288	1997
1289	1480
1289	1710
1289	1715
1289	1853
1290	1415
1290	1531
1290	1556
1290	1690
1290	1779
1290	1925
1290	1935
1290	1944
1291	1425
1291	1476
1291	1531
1291	1539
1291	1547
1291	1587
1291	1620
1291	1638
1291	1657
1291	1717
1292	1400
1292	1414
1292	1429
1292	1670
1292	1671
1292	1907
1293	1302
1293	1334
1293	1362
1293	1385
1293	1513
1293	1760
1293	1850
1293	1876
1294	1340
1294	1401
1294	1602
1294	1729
1294	1770
1295	1353
1295	1415
1295	1484
1295	1561
1295	1745
1295	1879
1295	1891
1295	1892
1295	1922
1295	1946
1295	1988
1296	1530
1296	1534
1296	1572
1296	1655
1296	1698
1296	1925
1296	1959
1297	1329
1297	1333
1297	1525
1297	1821
1297	1905
1297	1934
1297	1949
1297	1998
1298	1377
1298	1379
1298	1418
1298	1502
1298	1668
1298	1859
1298	1994
1299	1316
1299	1334
1299	1403
1299	1475
1299	1511
1299	1672
1299	1967
1300	1629
1300	1642
1300	1646
1300	1754
1300	1778
1300	1965
1301	1367
1301	1461
1301	1466
1301	1514
1301	1561
1301	1580
1301	1674
1301	1853
1301	1856
1301	1869
1301	1870
1302	1333
1302	1393
1302	1655
1302	1667
1302	1691
1302	1724
1302	1824
1302	1936
1302	1965
1303	1428
1303	1472
1303	1483
1303	1553
1303	1753
1303	1824
1303	1888
1304	1378
1304	1501
1304	1555
1304	1760
1304	1763
1304	1966
1304	1990
1305	1645
1305	1654
1305	1661
1305	1703
1305	1827
1305	1848
1305	1918
1306	1417
1306	1503
1306	1546
1306	1562
1306	1688
1306	1856
1306	1931
1306	1970
1307	1474
1307	1496
1307	1528
1307	1671
1307	1750
1307	1788
1307	1972
1308	1362
1308	1367
1308	1605
1308	1613
1308	1702
1308	1819
1309	1402
1309	1409
1309	1420
1309	1435
1309	1617
1309	1698
1309	1884
1310	1377
1310	1521
1310	1561
1310	1648
1310	1686
1310	1716
1310	1837
1310	1881
1310	1899
1311	1368
1311	1531
1311	1622
1311	1744
1311	1798
1311	1926
1311	1934
1312	1394
1312	1420
1312	1445
1312	1560
1312	1809
1312	1847
1312	1987
1313	1350
1313	1408
1313	1421
1313	1465
1313	1491
1313	1547
1313	1692
1314	1404
1314	1765
1314	1837
1315	1342
1315	1503
1315	1630
1315	1651
1315	1759
1315	1873
1315	1938
1315	1972
1316	1381
1316	1433
1316	1620
1316	1721
1316	1814
1316	1826
1317	1362
1317	1449
1317	1549
1317	1777
1317	1904
1317	1911
1317	1927
1318	1443
1318	1555
1318	1700
1318	1834
1318	1993
1319	1359
1319	1713
1319	1800
1320	1362
1320	1864
1320	1874
1320	1875
1321	1403
1321	1417
1321	1418
1321	1454
1321	1460
1321	1636
1321	1715
1321	1852
1321	1872
1321	1895
1321	1945
1322	1558
1322	1572
1322	1618
1322	1663
1322	1729
1322	1859
1322	1921
1322	1925
1323	1358
1323	1375
1323	1608
1323	1668
1323	1954
1323	1988
1324	1578
1324	1630
1324	1656
1324	1708
1324	1960
1325	1336
1325	1389
1325	1437
1325	1502
1325	1637
1325	1802
1325	1826
1325	1972
1325	1976
1326	1481
1326	1766
1326	1960
1326	1999
1327	1411
1327	1439
1327	1450
1327	1521
1327	1633
1327	1720
1327	1722
1327	1981
1328	1353
1328	1356
1328	1471
1328	1600
1328	1601
1328	1635
1328	1725
1328	1752
1329	1400
1329	1609
1329	1691
1329	1722
1329	1752
1329	1785
1329	1845
1330	1345
1330	1355
1330	1505
1330	1616
1330	1694
1330	1931
1331	1358
1331	1450
1331	1465
1331	1514
1331	1598
1331	1655
1331	1682
1331	1747
1331	1938
1332	1341
1332	1394
1332	1460
1332	1509
1332	1550
1332	1559
1332	1672
1332	1865
1332	1877
1333	1378
1333	1397
1333	1480
1333	1584
1333	1689
1333	1798
1333	1854
1334	1414
1334	1447
1334	1510
1334	1511
1334	1519
1334	1530
1334	1558
1334	1579
1334	1642
1334	1663
1334	1729
1334	1792
1334	1813
1334	1988
1335	1552
1335	1570
1335	1572
1335	1584
1335	1719
1335	1829
1336	1591
1336	1689
1336	1842
1336	1930
1336	1934
1337	1524
1337	1537
1337	1575
1337	1963
1338	1582
1339	1382
1339	1408
1339	1482
1339	1552
1339	1602
1339	1614
1339	1823
1339	1865
1339	1991
1340	1408
1340	1746
1340	1817
1340	1963
1341	1363
1341	1515
1341	1681
1341	1703
1341	1730
1341	1767
1341	1851
1341	1889
1342	1344
1342	1515
1342	1557
1342	1575
1342	1732
1342	1879
1342	1880
1342	1971
1343	1368
1343	1840
1343	1841
1344	1470
1344	1508
1344	1510
1344	1512
1344	1585
1344	1875
1345	1401
1345	1530
1345	1816
1345	1948
1346	1355
1346	1381
1346	1424
1346	1776
1346	1920
1347	1472
1347	1549
1347	1884
1347	1952
1348	1388
1348	1392
1348	1426
1348	1483
1348	1508
1348	1514
1348	1727
1348	1884
1348	1968
1349	1423
1349	1617
1349	1658
1349	1961
1350	1660
1350	1801
1350	1804
1350	1955
1351	1383
1351	1751
1351	1808
1351	1969
1351	1981
1352	1505
1352	1717
1352	1834
1352	1855
1352	1943
1353	1370
1353	1426
1353	1466
1353	1486
1353	1491
1353	1635
1353	1638
1353	1858
1353	1926
1354	1418
1354	1428
1354	1652
1354	1704
1355	1558
1356	1426
1356	1546
1356	1633
1356	1689
1356	1862
1357	1376
1357	1400
1357	1585
1357	1620
1357	1642
1357	1884
1357	1893
1357	1990
1358	1425
1358	1448
1358	1488
1358	1524
1358	1617
1358	1738
1358	1782
1358	1835
1358	1839
1358	1911
1359	1490
1359	1727
1359	1766
1359	1826
1359	1959
1360	1437
1360	1470
1360	1478
1360	1527
1360	1624
1360	1722
1360	1761
1360	1763
1360	1804
1360	1827
1360	1832
1360	1960
1360	1968
1360	1982
1361	1433
1361	1599
1361	1803
1361	1899
1361	1933
1361	1967
1362	1457
1362	1560
1362	1669
1362	1772
1362	1823
1363	1366
1363	1420
1363	1435
1363	1441
1363	1468
1363	1520
1363	1679
1363	1773
1363	1786
1363	1973
1364	1476
1364	1540
1364	1632
1364	1724
1364	1736
1364	1766
1364	1954
1364	1999
1365	1632
1365	1648
1365	1914
1366	1502
1366	1600
1366	1613
1366	1691
1367	1464
1367	1602
1368	1370
1368	1601
1368	1655
1368	1674
1368	1744
1368	1783
1368	1939
1369	1390
1369	1582
1369	1628
1369	1854
1370	1511
1370	1802
1370	1834
1370	1848
1370	1879
1370	1915
1370	1938
1371	1373
1371	1644
1371	1750
1371	1880
1371	1902
1371	1963
1372	1418
1372	1419
1372	1532
1372	1534
1372	1652
1372	1740
1372	1786
1372	1977
1372	1978
1373	1556
1373	1590
1373	1622
1373	1635
1374	1545
1374	1548
1374	1554
1374	1575
1374	1593
1374	1748
1374	1749
1374	1829
1374	1854
1374	1882
1374	1941
1374	1976
1375	1430
1375	1540
1375	1548
1375	1686
1375	1802
1376	1578
1376	1584
1376	1617
1376	1648
1376	1837
1376	1901
1377	1378
1377	1629
1377	1685
1377	1714
1377	1765
1377	1850
1377	1878
1378	1414
1378	1523
1378	1616
1378	1628
1378	1644
1378	1668
1378	1937
1379	1491
1379	1737
1380	1399
1380	1409
1380	1515
1380	1626
1380	1687
1380	1697
1380	1840
1380	1967
1381	1387
1381	1508
1381	1657
1381	1795
1381	1833
1381	1840
1381	1937
1382	1521
1382	1819
1382	1892
1382	1956
1383	1489
1383	1502
1383	1503
1383	1539
1383	1555
1384	1386
1384	1743
1384	1852
1384	1882
1385	1468
1385	1506
1385	1513
1385	1577
1385	1580
1385	1605
1385	1615
1385	1656
1385	1677
1385	1779
1385	1889
1385	1986
1385	1993
1386	1443
1386	1509
1386	1572
1386	1614
1386	1711
1386	1743
1386	1794
1386	1989
1387	1410
1387	1480
1387	1533
1387	1623
1387	1700
1387	1781
1387	1791
1387	1818
1387	1842
1387	1883
1387	1890
1387	1940
1388	1433
1388	1517
1388	1631
1388	1649
1388	1754
1388	1834
1389	1402
1389	1506
1389	1513
1389	1626
1389	1640
1389	1670
1389	1847
1389	1851
1389	1910
1389	1968
1389	1992
1390	1419
1390	1434
1390	1758
1390	1772
1391	1637
1391	1643
1391	1682
1391	1852
1391	1960
1392	1499
1392	1531
1392	1536
1392	1630
1392	1742
1392	1772
1392	1829
1392	1902
1392	1972
1393	1533
1393	1555
1393	1705
1393	1743
1393	1825
1393	1923
1393	1949
1394	1400
1394	1402
1394	1499
1394	1862
1394	1946
1394	1989
1395	1451
1395	1625
1395	1667
1395	1672
1395	1782
1395	1815
1396	1401
1396	1436
1396	1449
1396	1456
1396	1462
1396	1568
1396	1686
1396	1714
1396	1916
1397	1438
1397	1595
1397	1624
1397	1791
1397	1965
1397	1969
1398	1510
1398	1527
1398	1591
1398	1597
1398	1660
1398	1849
1398	1864
1398	1981
1399	1410
1399	1505
1399	1587
1399	1724
1399	1754
1399	1767
1399	1801
1399	1912
1399	1951
1400	1435
1400	1492
1400	1535
1400	1577
1400	1608
1400	1677
1400	1705
1400	1738
1400	1784
1400	1898
1400	1969
1400	1986
1401	1440
1401	1523
1401	1617
1401	1698
1401	1741
1401	1808
1401	1826
1401	1829
1401	1911
1401	1917
1401	1921
1402	1484
1402	1954
1402	1971
1402	1979
1402	1999
1403	1428
1403	1548
1403	1551
1403	1645
1403	1799
1403	1882
1404	1722
1404	1756
1404	1863
1404	1936
1404	1937
1404	1952
1404	1980
1405	1466
1405	1585
1405	1836
1405	1866
1405	1958
1406	1413
1406	1707
1406	1760
1406	1818
1406	1827
1406	1895
1407	1448
1407	1570
1407	1622
1408	1435
1408	1436
1408	1792
1408	1861
1408	1912
1409	1435
1409	1460
1409	1582
1409	1612
1409	1904
1410	1609
1410	1779
1410	1859
1410	1917
1410	1985
1411	1497
1411	1505
1411	1632
1411	1648
1411	1870
1411	1978
1412	1659
1412	1706
1412	1750
1412	1889
1412	1926
1412	1940
1413	1463
1413	1503
1413	1533
1413	1561
1413	1667
1413	1753
1413	1816
1414	1518
1414	1586
1414	1650
1414	1791
1414	1883
1414	1979
1415	1447
1415	1489
1415	1556
1415	1628
1415	1704
1415	1748
1415	1772
1415	1862
1415	1986
1416	1430
1416	1434
1416	1459
1416	1494
1416	1650
1416	1699
1416	1921
1417	1425
1417	1471
1417	1832
1417	1848
1417	1880
1417	1882
1418	1622
1418	1790
1418	1868
1418	1878
1418	1892
1418	1977
1419	1676
1419	1728
1419	1775
1419	1844
1420	1484
1420	1505
1420	1509
1420	1660
1420	1814
1420	1869
1420	1937
1420	1940
1421	1510
1421	1631
1421	1649
1421	1706
1422	1527
1422	1647
1423	1649
1423	1690
1423	1822
1423	1844
1423	1936
1423	1938
1423	1941
1424	1460
1424	1462
1424	1668
1424	1746
1424	1839
1424	1924
1425	1505
1425	1567
1425	1616
1425	1659
1425	1666
1425	1805
1425	1897
1426	1601
1426	1664
1426	1834
1426	1904
1427	1533
1427	1806
1427	1824
1427	1865
1427	1911
1427	1970
1428	1507
1428	1602
1428	1765
1428	1905
1428	1990
1429	1639
1429	1775
1429	1823
1429	1841
1429	1926
1430	1467
1430	1481
1430	1665
1430	1729
1430	1935
1430	1943
1431	1751
1431	1851
1432	1543
1432	1562
1432	1606
1432	1857
1433	1458
1433	1723
1433	1980
1434	1535
1434	1596
1434	1615
1434	1848
1434	1876
1434	1900
1434	1986
1434	1995
1435	1747
1435	1782
1435	1927
1435	1967
1435	1975
1435	1978
1436	1441
1436	1479
1436	1522
1436	1651
1436	1711
1436	1942
1436	1951
1437	1496
1437	1524
1437	1656
1437	1697
1437	1743
1437	1949
1438	1503
1438	1722
1438	1872
1438	1925
1439	1531
1439	1533
1439	1679
1439	1684
1439	1719
1439	1764
1439	1935
1440	1600
1440	1773
1440	1820
1440	1890
1441	1529
1441	1534
1441	1918
1441	1938
1442	1578
1442	1731
1442	1780
1442	1792
1442	1835
1442	1849
1442	1904
1442	1922
1443	1645
1443	1869
1443	1937
1443	1978
1443	1992
1444	1826
1444	1890
1445	1494
1445	1539
1445	1704
1445	1938
1446	1698
1446	1908
1447	1522
1447	1651
1447	1677
1447	1749
1447	1813
1447	1843
1447	1887
1448	1479
1448	1506
1448	1533
1448	1536
1448	1543
1448	1913
1448	1946
1449	1531
1449	1559
1449	1646
1449	1872
1449	1885
1450	1486
1450	1697
1450	1764
1450	1974
1451	1524
1451	1590
1451	1656
1451	1687
1451	1778
1451	1943
1452	1476
1452	1514
1452	1603
1452	1715
1452	1752
1452	1806
1453	1472
1453	1481
1453	1580
1453	1582
1453	1589
1453	1623
1453	1650
1453	1822
1454	1592
1454	1832
1454	1842
1454	1845
1454	1964
1454	1998
1455	1456
1455	1537
1455	1578
1455	1619
1455	1628
1455	1752
1455	1829
1455	1976
1456	1750
1456	1825
1456	1874
1457	1507
1457	1788
1457	1934
1457	1941
1458	1468
1458	1546
1458	1563
1458	1601
1458	1684
1458	1707
1458	1711
1458	1784
1458	1815
1458	1838
1458	1980
1458	1997
1459	1483
1459	1867
1459	1923
1459	1965
1460	1581
1460	1660
1460	1703
1460	1709
1460	1860
1461	1552
1461	1617
1461	1663
1461	1868
1462	1510
1462	1518
1462	1631
1462	1856
1462	1884
1462	1990
1463	1479
1463	1530
1463	1587
1463	1595
1463	1618
1463	1723
1463	1794
1463	1934
1464	1480
1464	1592
1464	1624
1464	1770
1464	1842
1464	1916
1465	1550
1465	1745
1465	1753
1465	1786
1465	1878
1465	1880
1465	1887
1465	1944
1466	1487
1466	1798
1467	1559
1467	1561
1467	1577
1467	1656
1467	1729
1467	1832
1467	1883
1467	1935
1468	1638
1468	1770
1468	1783
1468	1900
1468	1932
1469	1700
1469	1816
1469	1992
1470	1532
1470	1657
1470	1819
1470	1827
1470	1943
1471	1599
1471	1617
1471	1662
1471	1802
1472	1516
1472	1558
1472	1655
1472	1700
1472	1814
1472	1885
1472	1892
1472	1895
1472	1908
1473	1618
1473	1831
1474	1656
1474	1804
1474	1982
1475	1572
1475	1766
1475	1775
1476	1545
1476	1572
1476	1826
1477	1484
1477	1525
1477	1557
1477	1910
1478	1546
1478	1671
1478	1799
1478	1969
1478	1971
1479	1783
1479	1801
1479	1933
1480	1533
1480	1664
1480	1693
1481	1544
1481	1587
1481	1598
1481	1751
1482	1531
1482	1653
1482	1824
1482	1855
1482	1878
1482	1912
1483	1673
1483	1703
1483	1909
1483	1996
1484	1727
1484	1911
1485	1637
1485	1725
1485	1884
1485	1926
1486	1778
1486	1811
1486	1930
1486	1957
1486	1977
1487	1966
1488	1510
1488	1629
1488	1718
1488	1752
1488	1837
1488	1845
1488	1942
1488	1951
1489	1490
1489	1729
1489	1864
1489	1907
1489	1911
1489	1945
1489	1966
1490	1574
1490	1690
1490	1691
1490	1809
1490	1822
1491	1507
1491	1569
1491	1640
1491	1733
1491	1767
1491	1822
1491	1945
1492	1691
1492	1694
1492	1774
1492	1867
1492	1955
1493	1602
1493	1645
1493	1754
1493	1821
1494	1502
1494	1689
1494	1767
1494	1900
1494	1988
1495	1559
1495	1642
1495	1810
1495	1964
1496	1497
1496	1503
1496	1535
1496	1681
1496	1910
1497	1544
1497	1579
1497	1600
1497	1621
1497	1648
1497	1732
1497	1861
1497	1902
1497	1985
1498	1545
1498	1621
1498	1689
1498	1725
1498	1757
1498	1795
1498	1807
1498	1951
1499	1508
1499	1712
1499	1817
1499	1837
1499	1900
1499	1986
1500	1607
1500	1660
1500	1777
1501	1522
1501	1593
1501	1596
1501	1637
1501	1787
1501	1887
1501	1967
1502	1526
1502	1549
1502	1575
1502	1603
1502	1729
1502	1769
1502	1794
1502	1868
1502	1893
1503	1529
1503	1761
1504	1604
1504	1613
1504	1635
1504	1680
1504	1774
1504	1845
1504	1894
1505	1515
1505	1565
1505	1619
1505	1640
1505	1772
1505	1844
1505	1929
1506	1820
1506	1917
1507	1599
1507	1617
1507	1620
1507	1634
1507	1677
1507	1723
1507	1735
1507	1762
1507	1800
1507	1837
1507	1854
1507	1876
1507	1965
1508	1536
1508	1610
1508	1629
1508	1759
1508	1762
1508	1794
1508	1804
1509	1676
1509	1685
1509	1809
1509	1929
1509	1997
1510	1606
1510	1615
1510	1666
1510	1976
1511	1612
1511	1636
1511	1781
1511	1859
1511	1870
1511	1923
1511	1950
1512	1530
1512	1759
1512	1823
1512	1839
1512	1918
1513	1880
1513	1966
1514	1563
1514	1851
1514	1878
1515	1812
1515	1873
1516	1576
1516	1583
1516	1909
1517	1586
1517	1675
1517	1754
1517	1891
1517	1902
1517	1932
1518	1597
1518	1762
1518	1915
1518	1955
1518	1957
1519	1575
1519	1759
1519	1848
1519	1857
1520	1684
1520	1844
1520	1906
1520	1937
1520	1982
1521	1812
1522	1619
1522	1728
1522	1738
1522	1914
1522	1956
1523	1756
1523	1942
1524	1673
1524	1781
1524	1866
1524	1887
1524	1900
1525	1641
1525	1837
1525	1860
1525	1963
1526	1635
1526	1677
1526	1706
1526	1784
1526	1789
1526	1868
1526	1880
1527	1578
1527	1722
1528	1658
1528	1713
1528	1785
1528	1800
1528	1819
1528	1932
1528	1996
1529	1575
1529	1775
1529	1884
1529	1929
1529	1962
1530	1609
1530	1666
1530	1708
1530	1774
1530	1905
1531	1557
1531	1566
1531	1580
1531	1653
1531	1714
1531	1774
1531	1930
1532	1726
1532	1856
1532	1920
1532	1938
1533	1772
1533	1847
1533	1884
1533	1957
1533	1974
1533	1984
1533	1998
1534	1589
1534	1663
1534	1725
1534	1741
1534	1800
1534	1801
1534	1816
1534	1857
1534	1981
1534	1984
1534	1999
1535	1536
1535	1698
1535	1702
1535	1844
1536	1578
1536	1663
1536	1692
1536	1821
1537	1637
1537	1721
1537	1726
1537	1969
1537	1974
1538	1579
1538	1611
1538	1762
1538	1763
1538	1846
1539	1692
1539	1701
1539	1839
1540	1678
1540	1985
1541	1602
1541	1718
1541	1844
1541	1926
1542	1600
1542	1614
1542	1619
1542	1648
1542	1794
1542	1795
1542	1872
1542	1958
1543	1596
1543	1600
1543	1736
1543	1853
1543	1909
1543	1956
1543	1965
1543	1978
1544	1565
1544	1684
1544	1756
1544	1882
1544	1940
1545	1670
1545	1743
1545	1759
1545	1781
1545	1796
1546	1575
1546	1583
1546	1588
1546	1625
1546	1785
1546	1981
1547	1790
1547	1904
1548	1628
1548	1629
1548	1788
1548	1977
1549	1767
1549	1772
1549	1930
1550	1695
1550	1797
1550	1868
1550	1904
1552	1560
1552	1575
1552	1615
1552	1622
1552	1685
1553	1614
1553	1802
1553	1856
1553	1876
1554	1764
1554	1776
1554	1919
1554	1922
1554	1996
1555	1764
1555	1799
1555	1955
1556	1625
1556	1679
1556	1786
1556	1811
1556	1853
1556	1895
1556	1932
1557	1643
1557	1648
1557	1828
1557	1834
1557	1986
1558	1563
1558	1616
1558	1742
1558	1904
1558	1997
1559	1597
1559	1650
1559	1727
1559	1752
1559	1782
1560	1594
1560	1596
1560	1728
1560	1792
1560	1840
1560	1923
1562	1564
1562	1654
1562	1727
1562	1810
1562	1823
1562	1943
1562	1978
1562	1997
1563	1578
1563	1688
1563	1882
1564	1725
1564	1738
1564	1799
1564	1818
1564	1927
1565	1569
1566	1625
1567	1676
1567	1716
1567	1916
1568	1577
1568	1613
1568	1627
1568	1747
1568	1821
1568	1846
1568	1851
1568	1905
1568	1965
1568	1970
1569	1579
1569	1723
1569	1779
1569	1802
1569	1892
1570	1700
1570	1709
1570	1756
1570	1786
1570	1840
1570	1960
1571	1643
1571	1657
1571	1719
1571	1764
1571	1810
1571	1918
1572	1576
1572	1749
1572	1780
1572	1907
1573	1695
1573	1871
1574	1579
1574	1772
1574	1874
1574	1938
1574	1989
1575	1840
1575	1931
1575	1999
1576	1579
1576	1581
1576	1702
1576	1778
1576	1782
1576	1821
1576	1826
1576	1855
1577	1689
1577	1698
1577	1762
1577	1840
1577	1865
1578	1669
1578	1783
1578	1790
1578	1890
1579	1620
1579	1650
1579	1824
1579	1971
1580	1731
1580	1863
1580	1867
1580	1923
1580	1937
1581	1695
1581	1887
1581	1947
1581	1984
1582	1755
1582	1856
1582	1870
1582	1927
1583	1589
1583	1640
1583	1655
1583	1757
1583	1816
1584	1595
1584	1633
1584	1684
1584	1808
1585	1593
1585	1614
1585	1686
1585	1746
1585	1896
1585	1931
1586	1700
1587	1598
1587	1648
1587	1701
1587	1707
1587	1712
1587	1812
1587	1930
1587	1992
1588	1645
1588	1674
1588	1751
1588	1835
1589	1636
1589	1709
1589	1775
1589	1890
1589	1907
1589	1958
1589	1985
1590	1624
1590	1727
1590	1820
1591	1603
1591	1617
1591	1803
1591	1828
1591	1873
1591	1979
1592	1963
1592	1998
1593	1764
1594	1648
1594	1668
1594	1671
1595	1664
1595	1735
1595	1764
1595	1834
1595	1874
1595	1957
1595	1964
1596	1740
1597	1748
1597	1786
1597	1811
1597	1877
1597	1929
1598	1906
1598	1962
1599	1602
1599	1650
1599	1718
1599	1858
1599	1899
1600	1667
1600	1675
1600	1685
1601	1697
1601	1720
1601	1737
1601	1863
1601	1916
1601	1927
1601	1930
1602	1658
1602	1810
1602	1965
1603	1663
1603	1708
1603	1729
1603	1874
1603	1958
1604	1672
1604	1844
1604	1869
1604	1871
1605	1943
1606	1688
1606	1717
1606	1780
1606	1894
1607	1618
1607	1631
1607	1726
1607	1962
1608	1625
1608	1717
1608	1931
1609	1813
1609	1902
1609	1905
1610	1686
1610	1839
1610	1868
1611	1694
1612	1687
1612	1691
1612	1710
1612	1732
1612	1819
1612	1918
1613	1650
1613	1654
1613	1694
1613	1739
1613	1872
1613	1965
1613	1984
1614	1738
1614	1799
1614	1824
1615	1654
1615	1745
1615	1800
1615	1872
1615	1930
1615	1932
1615	1945
1615	1963
1615	1990
1615	1994
1616	1630
1616	1733
1616	1915
1616	1969
1617	1688
1617	1765
1617	1873
1617	1930
1617	1990
1617	1999
1618	1673
1618	1792
1618	1856
1618	1884
1618	1905
1619	1769
1619	1849
1619	1945
1619	1975
1620	1664
1620	1988
1621	1756
1621	1788
1621	1851
1621	1925
1622	1824
1622	1919
1623	1634
1623	1737
1623	1948
1623	1970
1624	1767
1624	1809
1624	1930
1624	1957
1625	1734
1625	1737
1625	1773
1625	1801
1625	1925
1626	1853
1627	1676
1627	1756
1628	1673
1628	1757
1628	1836
1628	1878
1628	1917
1628	1988
1629	1734
1629	1870
1629	1875
1630	1696
1630	1833
1630	1967
1630	1981
1631	1694
1631	1746
1631	1903
1632	1654
1632	1675
1632	1695
1632	1762
1632	1861
1632	1881
1632	1931
1632	1951
1632	1967
1633	1666
1633	1706
1633	1844
1633	1882
1633	1953
1634	1836
1634	1864
1634	1992
1635	1641
1635	1800
1635	1865
1635	1914
1636	1724
1636	1735
1636	1747
1636	1824
1636	1865
1636	1943
1637	1739
1637	1887
1638	1677
1638	1713
1638	1730
1638	1928
1639	1683
1639	1767
1639	1894
1640	1741
1640	1835
1641	1788
1641	1790
1641	1995
1642	1795
1642	1905
1642	1921
1643	1724
1643	1783
1643	1914
1643	1959
1644	1675
1644	1746
1644	1795
1644	1810
1644	1891
1646	1651
1646	1671
1646	1841
1646	1934
1647	1825
1647	1864
1647	1890
1647	1925
1647	1987
1648	1802
1648	1812
1648	1826
1648	1986
1648	1990
1649	1860
1649	1981
1649	1999
1650	1663
1650	1756
1650	1825
1650	1910
1650	1956
1650	1981
1651	1686
1651	1734
1651	1803
1652	1699
1652	1899
1653	1867
1653	1915
1654	1710
1654	1899
1655	1688
1655	1800
1656	1748
1656	1991
1656	1996
1657	1716
1657	1859
1657	1989
1657	1997
1658	1703
1658	1921
1658	1926
1659	1781
1659	1805
1659	1911
1660	1726
1660	1799
1660	1809
1660	1942
1661	1855
1661	1892
1662	1764
1662	1889
1662	1903
1662	1943
1662	1967
1663	1706
1663	1710
1663	1862
1663	1897
1663	1907
1663	1933
1664	1695
1664	1876
1664	1959
1665	1812
1665	1864
1665	1929
1666	1688
1666	1830
1666	1904
1666	1914
1666	1951
1667	1705
1667	1711
1667	1798
1668	1812
1668	1871
1669	1681
1669	1919
1670	1768
1670	1826
1671	1696
1671	1746
1671	1769
1671	1770
1671	1852
1671	1911
1671	1989
1672	1720
1672	1849
1672	1881
1672	1975
1673	1714
1673	1811
1673	1895
1673	1910
1674	1742
1674	1807
1674	1821
1674	1937
1675	1715
1675	1943
1675	1980
1675	1998
1676	1754
1676	1807
1676	1836
1676	1847
1676	1928
1676	1974
1678	1810
1680	1818
1680	1898
1680	1902
1680	1957
1681	1700
1681	1764
1681	1963
1682	1765
1682	1906
1683	1917
1684	1697
1684	1779
1684	1934
1684	1953
1684	1987
1685	1753
1685	1760
1685	1779
1685	1826
1685	1845
1685	1852
1685	1868
1686	1833
1686	1901
1686	1918
1687	1691
1687	1750
1687	1823
1687	1998
1688	1738
1689	1769
1689	1811
1689	1844
1689	1856
1689	1946
1689	1989
1690	1705
1690	1763
1690	1778
1690	1836
1690	1993
1691	1843
1691	1860
1692	1866
1692	1867
1692	1953
1692	1990
1693	1923
1694	1700
1694	1897
1695	1755
1695	1847
1695	1885
1695	1934
1696	1928
1696	1983
1697	1810
1698	1818
1698	1919
1699	1741
1699	1764
1700	1870
1700	1974
1701	1751
1701	1914
1701	1935
1701	1956
1702	1746
1702	1762
1702	1765
1702	1906
1703	1764
1703	1777
1704	1783
1704	1982
1705	1777
1705	1945
1706	1738
1706	1844
1706	1871
1706	1953
1707	1733
1707	1793
1707	1796
1707	1840
1707	1852
1707	1951
1708	1834
1708	1894
1708	1921
1708	1965
1709	1760
1710	1717
1710	1861
1712	1718
1712	1756
1712	1806
1712	1847
1712	1952
1712	1993
1713	1817
1714	1908
1714	1948
1714	1961
1715	1914
1716	1757
1716	1824
1717	1765
1717	1813
1717	1901
1717	1947
1718	1727
1718	1823
1718	1826
1718	1859
1718	1892
1718	1955
1719	1921
1720	1795
1720	1822
1720	1836
1721	1911
1722	1729
1722	1792
1722	1967
1723	1768
1723	1953
1724	1827
1725	1757
1726	1735
1726	1895
1726	1924
1726	1948
1727	1921
1727	1926
1727	1984
1727	1990
1728	1739
1728	1787
1729	1768
1729	1796
1729	1870
1729	1914
1729	1963
1729	1986
1730	1886
1732	1752
1732	1783
1732	1826
1732	1848
1732	1983
1733	1948
1735	1852
1735	1862
1735	1942
1735	1965
1736	1739
1736	1769
1736	1801
1736	1829
1736	1915
1736	1948
1737	1997
1738	1862
1738	1970
1739	1770
1739	1800
1739	1836
1739	1839
1739	1926
1739	1937
1739	1942
1740	1906
1742	1793
1742	1855
1742	1947
1742	1982
1742	1988
1743	1853
1743	1978
1744	1823
1745	1811
1745	1829
1745	1856
1745	1991
1746	1787
1747	1840
1747	1908
1747	1975
1748	1908
1748	1911
1749	1774
1749	1812
1749	1824
1749	1901
1750	1803
1750	1818
1750	1964
1750	1965
1751	1772
1751	1793
1752	1786
1752	1811
1752	1856
1753	1959
1754	1756
1754	1871
1754	1984
1756	1760
1756	1844
1756	1986
1757	1835
1757	1843
1757	1851
1757	1872
1758	1881
1758	1882
1759	1974
1760	1888
1761	1854
1761	1967
1761	1972
1762	1797
1763	1869
1764	1778
1764	1808
1764	1884
1765	1897
1766	1856
1767	1900
1767	1940
1767	1946
1768	1802
1768	1804
1768	1894
1769	1842
1769	1889
1770	1870
1770	1929
1771	1854
1771	1868
1773	1813
1773	1974
1774	1795
1774	1926
1775	1913
1776	1854
1776	1890
1776	1905
1777	1970
1777	1977
1777	1992
1778	1892
1779	1807
1779	1826
1780	1799
1780	1980
1783	1803
1783	1842
1783	1878
1783	1903
1784	1803
1784	1957
1785	1979
1786	1896
1787	1892
1787	1970
1787	1977
1788	1862
1788	1971
1788	1976
1789	1862
1789	1912
1790	1814
1790	1919
1791	1893
1792	1820
1792	1988
1793	1933
1794	1840
1795	1988
1798	1890
1800	1814
1800	1901
1800	1922
1801	1956
1803	1880
1803	1902
1804	1876
1804	1927
1805	1938
1806	1877
1806	1917
1806	1942
1807	1848
1807	1908
1807	1919
1808	1826
1808	1925
1808	1973
1809	1826
1809	1870
1809	1900
1811	1867
1811	1889
1811	1918
1812	1895
1813	1824
1813	1832
1813	1976
1814	1842
1814	1964
1814	1998
1815	1867
1815	1956
1816	1830
1817	1858
1817	1919
1817	1924
1818	1975
1819	1843
1819	1886
1819	1943
1820	1925
1820	1972
1821	1825
1821	1830
1821	1902
1822	1876
1823	1960
1823	1965
1824	1830
1824	1856
1824	1858
1824	1971
1825	1849
1826	1847
1826	1873
1826	1879
1826	1938
1827	1929
1827	1984
1828	1841
1828	1984
1829	1831
1829	1958
1831	1962
1831	1982
1832	1858
1832	1974
1834	1943
1835	1977
1836	1984
1837	1852
1837	1874
1837	1980
1837	1983
1838	1851
1838	1899
1838	1918
1839	1858
1839	1895
1839	1957
1840	1856
1841	1949
1842	1896
1842	1937
1843	1906
1843	1923
1844	1884
1848	1861
1848	1905
1848	1944
1848	1987
1849	1883
1850	1964
1850	1968
1853	1894
1853	1922
1853	1980
1854	1914
1855	1858
1857	1938
1858	1921
1859	1946
1861	1864
1861	1876
1863	1983
1864	1969
1866	1915
1866	1934
1867	1915
1868	1966
1868	1981
1871	1924
1872	1884
1872	1886
1875	1988
1877	1969
1877	1985
1878	1970
1878	1988
1880	1925
1880	1966
1883	1910
1883	1928
1883	1961
1885	1886
1885	1968
1887	1927
1888	1998
1891	1907
1891	1938
1891	1943
1895	1966
1896	1988
1899	1932
1901	1939
1902	1924
1903	1907
1904	1917
1904	1986
1909	1929
1910	1924
1914	1967
1915	1993
1918	1944
1921	1943
1921	1995
1922	1996
1928	1964
1929	1953
1929	1958
1929	1973
1929	1975
1930	1931
1931	1956
1932	1996
1936	1969
1938	1990
1938	1995
1939	1983
1941	1984
1942	1945
1945	1959
1951	1986
1953	1965
1973	1995
1975	1990
1976	1990
1977	1992
1978	1999
1984	1988
1995	1996
