2000	0
1000	1352
1000	1534
1000	1710
1000	1981
1352	1716
1352	1796
1352	1871
1352	1899
1534	1102
1534	1298
1534	1384
1534	1617
1534	1740
1534	1805
1710	1400
1710	1434
1710	1484
1710	1721
1710	1902
1710	1911
1710	1912
1710	1977
1710	1990
1981	1008
1981	1251
1981	1268
1981	1371
1981	1411
1981	1443
1981	1490
1981	1589
1981	1736
1981	1771
1981	1785
1981	1804
1981	1811
1981	1812
1981	1833
1981	1842
1981	1845
1981	1855
1981	1863
1981	1876
1981	1909
1981	1910
1981	1912
1981	1931
1981	1946
1981	1955
1981	1959
1981	1961
1981	1966
1981	1972
1981	1989
1981	1992
1981	1994
0	150
0	247
0	321
0	599
150	586
150	728
150	841
247	357
247	863
247	989
247	997
321	85
321	417
321	437
321	799
599	108
599	443
599	619
599	691
599	738
599	895
599	989
1001	1615
1001	1708
1001	1992
1001	1994
1615	1016
1615	1750
1615	1826
1615	1873
1615	1884
1615	1911
1615	1958
1708	1217
1708	1259
1708	1796
1708	1827
1708	1868
1708	1902
1708	1935
1708	1956
1708	1983
1992	1085
1992	1087
1992	1091
1992	1204
1992	1223
1992	1469
1992	1533
1992	1571
1992	1605
1992	1637
1992	1654
1992	1658
1992	1748
1992	1752
1992	1799
1992	1826
1992	1832
1992	1834
1992	1842
1992	1850
1992	1882
1992	1902
1992	1905
1992	1906
1992	1908
1992	1915
1992	1919
1992	1947
1992	1950
1992	1957
1992	1969
1992	1971
1992	1977
1992	1989
1992	1995
1992	1996
1994	1121
1994	1186
1994	1313
1994	1365
1994	1379
1994	1388
1994	1479
1994	1494
1994	1518
1994	1535
1994	1543
1994	1549
1994	1629
1994	1649
1994	1661
1994	1673
1994	1684
1994	1705
1994	1728
1994	1780
1994	1789
1994	1806
1994	1818
1994	1834
1994	1852
1994	1864
1994	1872
1994	1881
1994	1883
1994	1916
1994	1917
1994	1926
1994	1944
1994	1949
1994	1950
1994	1968
1994	1988
1002	1734
1002	1905
1002	1946
1002	1996
1734	1041
1734	1102
1734	1122
1734	1549
1734	1593
1734	897
1734	1920
1734	1952
1734	1961
1734	1972
1905	1090
1905	1201
1905	1242
1905	1336
1905	1354
1905	1488
1905	1690
1905	1691
1905	1760
1905	1794
1905	1849
1905	1893
1905	1914
1905	1918
1905	1937
1905	1960
1905	1977
1905	1980
1905	1982
1905	1990
1946	1209
1946	1381
1946	1465
1946	1468
1946	1497
1946	1530
1946	1557
1946	1623
1946	1638
1946	1712
1946	1802
1946	1803
1946	1808
1946	1842
1946	1892
1946	1896
1946	1903
1946	1910
1946	1918
1946	1919
1946	1926
1946	1928
1946	1968
1946	1970
1946	1983
1996	1024
1996	1065
1996	1241
1996	1261
1996	1291
1996	1296
1996	1390
1996	1395
1996	1447
1996	1481
1996	1595
1996	1665
1996	1675
1996	1715
1996	1731
1996	1760
1996	1767
1996	1784
1996	1792
1996	1872
1996	1891
1996	1907
1996	1908
1996	1920
1996	1921
1996	1930
1996	1941
1996	1949
1996	1952
1996	1954
1996	1957
1996	1976
1996	1982
1996	1984
1996	1986
1996	1991
1996	1997
1	330
1	705
1	870
1	901
330	180
330	650
330	958
330	968
705	352
705	408
705	513
705	810
705	850
705	860
705	898
705	971
705	1977
870	79
870	239
870	474
870	608
870	616
870	725
870	756
870	773
870	777
870	778
870	886
870	888
870	931
870	932
870	959
870	961
870	967
901	10
901	40
901	114
901	186
901	440
901	442
901	452
901	634
901	706
901	834
901	845
901	920
901	961
901	964
901	965
901	976
901	986
901	987
901	991
901	997
2	29
2	581
2	909
2	982
29	143
29	1583
29	843
581	207
581	615
581	732
581	747
581	959
581	993
909	13
909	31
909	49
909	96
909	397
909	482
909	484
909	600
909	768
909	774
909	779
909	856
909	888
909	900
909	904
909	907
909	922
909	944
909	957
909	962
909	988
982	28
982	243
982	422
982	424
982	433
982	446
982	487
982	498
982	507
982	546
982	645
982	693
982	695
982	746
982	762
982	772
982	800
982	811
982	823
982	833
982	859
982	876
982	880
982	917
982	926
982	962
982	964
982	969
982	981
982	984
982	988
982	990
982	991
982	992
1003	1753
1003	1780
1003	1862
1003	1989
1753	1079
1753	1100
1753	1250
1753	1361
1753	1362
1753	1439
1753	1517
1753	1527
1753	1764
1753	1904
1753	1995
1780	1256
1780	1305
1780	1345
1780	1613
1780	1636
1780	1647
1780	1751
1780	1866
1780	1939
1780	1998
1780	1999
1862	1472
1862	1537
1862	1544
1862	1674
1862	1715
1862	1728
1862	1755
1862	1778
1862	1804
1862	1888
1862	1940
1862	1959
1862	1986
1862	1990
1862	1991
1862	1997
1989	1015
1989	1047
1989	1096
1989	1233
1989	1268
1989	1281
1989	1494
1989	1496
1989	1501
1989	1513
1989	1611
1989	1683
1989	1690
1989	1785
1989	1806
1989	1812
1989	1839
1989	1841
1989	1844
1989	1848
1989	1853
1989	1888
1989	1893
1989	1914
1989	1916
1989	1918
1989	1924
1989	1941
1989	1950
1989	1956
1989	1967
1989	1977
1989	1980
1989	991
3	332
3	642
3	711
3	1924
332	359
332	399
332	605
332	822
642	188
642	276
642	400
642	422
642	552
642	623
642	802
711	118
711	237
711	474
711	770
711	861
711	871
711	887
711	932
711	938
1924	1161
1924	1232
1924	1242
1924	1349
1924	1436
1924	1548
1924	1620
1924	1707
1924	1709
1924	1778
1924	1835
1924	1881
1924	1892
1924	1916
1924	1927
1924	1929
1924	1939
1924	1941
1924	1954
1924	1975
1924	1993
1924	1998
1004	1311
1004	1477
1004	1746
1004	1964
1311	1220
1311	1470
1311	1625
1311	1779
1477	1722
1477	1750
1477	1863
1477	1933
1477	1972
1746	1325
1746	1342
1746	1564
1746	1698
1746	1699
1746	1739
1746	1798
1746	1803
1746	1950
1746	1959
1964	1006
1964	1039
1964	1137
1964	1284
1964	1330
1964	1423
1964	1434
1964	1483
1964	1554
1964	1563
1964	1606
1964	1622
1964	1649
1964	1685
1964	1691
1964	1702
1964	1821
1964	1852
1964	1860
1964	1869
1964	1918
1964	1928
1964	1937
1964	1956
1964	1959
1964	1961
1964	1963
1964	1975
1964	1983
1964	1984
1964	1988
1005	1263
1005	1741
1005	1917
1005	1918
1263	1069
1263	1648
1263	1719
1263	1971
1741	89
1741	1107
1741	1662
1741	1692
1741	1788
1741	1859
1741	1872
1741	1886
1741	1940
1741	1956
1917	1210
1917	1307
1917	1385
1917	1416
1917	1522
1917	1616
1917	1629
1917	1733
1917	1787
1917	1788
1917	1792
1917	1809
1917	1824
1917	1831
1917	1872
1917	1886
1917	1928
1917	1933
1917	1977
1917	1980
1917	1995
1918	1275
1918	1419
1918	1503
1918	1588
1918	1598
1918	593
1918	1683
1918	1765
1918	1874
1918	1879
1918	1893
1918	1902
1918	1912
1918	1925
1918	1927
1918	1938
1918	1974
1918	1976
4	393
4	647
4	696
4	999
393	294
393	443
393	775
393	939
393	993
647	659
647	664
647	676
647	822
647	916
647	949
647	988
647	992
696	492
696	501
696	520
696	739
696	775
696	838
696	914
696	972
696	977
999	23
999	45
999	58
999	134
999	300
999	306
999	338
999	372
999	374
999	402
999	444
999	533
999	625
999	631
999	636
999	656
999	697
999	727
999	749
999	751
999	756
999	764
999	784
999	833
999	855
999	858
999	874
999	908
999	925
999	933
999	942
999	951
999	960
999	965
999	975
999	978
999	986
999	988
999	990
1006	1478
1006	644
1006	1980
1478	1285
1478	1344
1478	1674
1478	775
1478	1873
644	380
644	450
644	638
644	706
644	756
644	787
644	882
644	961
1980	1109
1980	1286
1980	1299
1980	1334
1980	1367
1980	1480
1980	1492
1980	1515
1980	1519
1980	1554
1980	1558
1980	1660
1980	1690
1980	1702
1980	1725
1980	735
1980	1740
1980	1754
1980	1756
1980	1786
1980	1789
1980	1832
1980	1846
1980	1879
1980	1884
1980	1908
1980	1910
1980	1984
1980	1985
1980	1999
1007	1579
1007	1600
1007	1641
1007	1952
1579	1384
1579	1541
1579	1776
1579	1874
1579	1949
1579	1982
1600	1297
1600	1365
1600	1658
1600	1696
1600	1744
1600	1962
1600	1968
1641	1273
1641	1675
1641	1676
1641	1923
1641	1957
1641	1971
1641	1990
1952	1012
1952	1023
1952	1309
1952	1380
1952	1411
1952	1454
1952	1474
1952	1530
1952	1612
1952	1678
1952	1688
1952	1751
1952	1762
1952	1770
1952	1778
1952	1779
1952	1811
1952	1815
1952	1839
1952	1849
1952	1879
1952	1897
1952	1911
1952	1942
1952	1982
1952	984
5	441
5	741
5	837
5	984
441	259
441	732
441	793
441	881
441	970
741	241
741	423
741	440
741	744
741	809
741	884
741	926
741	928
741	968
741	997
837	15
837	129
837	377
837	580
837	638
837	643
837	676
837	679
837	802
837	1800
837	880
837	882
837	959
837	976
984	65
984	80
984	202
984	307
984	371
984	449
984	485
984	526
984	562
984	591
984	700
984	704
984	718
984	762
984	800
984	809
984	840
984	846
984	871
984	878
984	879
984	880
984	883
984	916
984	930
984	944
984	958
984	960
984	968
984	973
984	976
984	978
6	205
6	259
6	465
6	948
205	38
205	326
205	794
259	425
259	931
259	959
465	176
465	767
465	826
465	914
465	923
948	346
948	355
948	489
948	498
948	549
948	600
948	603
948	684
948	702
948	740
948	775
948	786
948	810
948	822
948	823
948	857
948	860
948	864
948	899
948	905
948	913
948	924
948	936
948	966
948	972
948	988
7	349
7	597
7	792
7	816
349	88
349	702
349	908
349	989
597	574
597	606
597	620
597	629
597	753
597	879
597	908
792	722
792	729
792	811
792	836
792	842
792	846
792	877
792	891
792	918
792	922
792	935
792	990
816	141
816	226
816	451
816	496
816	571
816	672
816	745
816	754
816	826
816	857
816	899
816	927
816	953
8	1233
8	337
8	753
8	956
1233	1458
1233	1488
337	634
337	906
337	927
337	931
753	14
753	204
753	246
753	372
753	643
753	645
753	804
753	838
753	954
956	234
956	323
956	373
956	404
956	429
956	450
956	468
956	606
956	607
956	664
956	702
956	709
956	716
956	721
956	843
956	846
956	849
956	869
956	892
956	903
956	908
956	1936
956	941
956	957
956	961
956	987
956	992
956	998
9	311
9	416
9	671
9	860
311	424
311	605
311	949
311	960
416	488
416	831
416	860
416	900
416	963
671	201
671	534
671	776
671	804
671	874
671	933
671	945
671	990
860	317
860	395
860	507
860	692
860	771
860	828
860	851
860	898
860	965
860	972
860	976
860	993
860	995
1008	1219
1008	1383
1008	1462
1219	1206
1219	1351
1219	1941
1383	1720
1383	1751
1383	1848
1383	1903
1462	1033
1462	1345
1462	1869
1462	1907
1462	1950
10	222
10	693
10	872
222	47
222	709
222	803
693	84
693	480
693	556
693	595
693	640
693	717
693	964
693	994
872	19
872	58
872	140
872	213
872	250
872	338
872	435
872	513
872	556
872	1681
872	739
872	850
872	883
872	942
872	943
872	985
872	998
11	445
11	694
11	890
11	965
445	18
445	118
445	575
445	576
445	918
694	530
694	571
694	717
694	742
694	746
694	830
694	894
694	944
694	969
890	132
890	258
890	375
890	733
890	767
890	809
890	839
890	892
890	900
890	907
890	912
890	927
890	931
890	971
890	976
890	980
890	995
890	998
965	77
965	174
965	181
965	206
965	214
965	307
965	396
965	427
965	437
965	446
965	476
965	539
965	703
965	716
965	739
965	757
965	761
965	789
965	815
965	897
965	959
965	966
965	969
965	972
965	979
965	994
965	997
12	13
12	267
12	692
12	778
13	698
13	859
267	79
267	165
267	627
267	877
692	32
692	767
692	794
692	916
692	932
692	955
692	978
692	980
778	414
778	548
778	590
778	750
778	800
778	818
778	939
778	952
778	972
778	973
1009	329
1009	1759
1009	1933
1009	1959
329	783
329	957
329	985
329	998
1759	1558
1759	1775
1759	1790
1759	1814
1759	1898
1759	1940
1759	1958
1759	1969
1759	1970
1759	1987
1759	1998
1933	1061
1933	1229
1933	1269
1933	1456
1933	1559
1933	1578
1933	1792
1933	1807
1933	1834
1933	1876
1933	1895
1933	1916
1933	1922
1933	1932
1933	1937
1933	1943
1933	1944
1933	1954
1933	1968
1933	1969
1933	1993
1933	1998
1959	1147
1959	1182
1959	1237
1959	1250
1959	1310
1959	1324
1959	1326
1959	1333
1959	1517
1959	1540
1959	1555
1959	1609
1959	1640
1959	1699
1959	1701
1959	1722
1959	1785
1959	1796
1959	1807
1959	1831
1959	1881
1959	1889
1959	1925
1959	1945
1959	1947
698	70
698	192
698	274
698	384
698	482
698	829
698	838
698	884
698	913
859	100
859	126
859	224
859	484
859	515
859	543
859	548
859	626
859	649
859	657
859	817
859	962
859	974
859	976
14	594
14	957
14	992
594	287
594	846
594	850
594	881
594	912
594	936
594	1993
957	99
957	269
957	444
957	500
957	535
957	580
957	625
957	651
957	672
957	695
957	710
957	733
957	734
957	745
957	779
957	821
957	824
957	867
957	888
957	935
957	958
957	967
957	983
957	992
957	994
992	67
992	1218
992	236
992	343
992	420
992	499
992	525
992	588
992	623
992	648
992	652
992	679
992	709
992	738
992	748
992	756
992	834
992	845
992	848
992	855
992	857
992	865
992	881
992	919
992	920
992	934
992	935
992	940
992	945
992	946
992	959
992	968
992	985
15	91
15	280
15	899
91	470
91	961
91	972
280	34
280	233
280	383
280	626
899	161
899	191
899	237
899	260
899	302
899	309
899	342
899	380
899	430
899	522
899	563
899	610
899	676
899	681
899	845
899	903
899	912
899	998
1010	1730
1010	1865
1010	1923
1010	1955
1730	1058
1730	1282
1730	1318
1730	1742
1730	1793
1730	1878
1730	1954
1730	1966
1730	1988
1730	1999
1865	1148
1865	1158
1865	1208
1865	1326
1865	1522
1865	1608
1865	1749
1865	1778
1865	1788
1865	1795
1865	1889
1865	1902
1865	1914
1865	1966
1865	1970
1865	1990
1923	1019
1923	1065
1923	1153
1923	1214
1923	1245
1923	1292
1923	1294
1923	1422
1923	1639
1923	1671
1923	1682
1923	1851
1923	1854
1923	1867
1923	1888
1923	1945
1923	1954
1923	1962
1923	1965
1923	1979
1923	1988
1923	1997
1955	1029
1955	1278
1955	1318
1955	1417
1955	1418
1955	1518
1955	1555
1955	1640
1955	1652
1955	1726
1955	1732
1955	1739
1955	1783
1955	1786
1955	1791
1955	1852
1955	1896
1955	1902
1955	1925
1955	1926
1955	1928
1955	1932
1955	1940
1955	1956
1955	1965
1955	1969
1955	1987
16	294
16	848
16	916
16	969
294	532
294	939
294	990
848	194
848	250
848	324
848	506
848	511
848	1632
848	718
848	720
848	740
848	789
848	857
848	916
848	981
848	987
916	85
916	367
916	382
916	436
916	598
916	621
916	645
916	730
916	765
916	807
916	810
916	827
916	840
916	861
916	920
916	937
916	975
916	997
969	53
969	158
969	331
969	360
969	369
969	528
969	539
969	540
969	550
969	1616
969	618
969	623
969	670
969	722
969	769
969	802
969	814
969	842
969	873
969	874
969	880
969	905
969	920
969	922
969	973
969	977
969	979
969	994
1011	1314
1011	1367
1011	1782
1011	1830
1314	1748
1314	1878
1314	1967
1314	1972
1367	1092
1367	458
1367	1620
1782	1113
1782	1231
1782	1298
1782	1387
1782	1547
1782	1784
1782	1788
1782	1855
1782	1934
1782	1954
1782	1965
1782	1991
1830	1012
1830	1026
1830	1096
1830	1386
1830	1614
1830	1770
1830	1781
1830	1793
1830	1798
1830	1892
1830	915
1830	1910
1830	1925
1830	1930
1830	1945
1012	1942
1012	1988
1942	1062
1942	1071
1942	1328
1942	1409
1942	1446
1942	1459
1942	1507
1942	1571
1942	1586
1942	1588
1942	1608
1942	1655
1942	1684
1942	1775
1942	1796
1942	841
1942	1834
1942	1857
1942	1899
1942	1909
1942	1915
1942	1949
1942	1968
1942	1991
1988	1045
1988	1077
1988	1292
1988	1344
1988	1425
1988	1470
1988	1471
1988	1513
1988	1596
1988	1597
1988	1688
1988	1690
1988	1697
1988	1704
1988	1709
1988	1728
1988	1747
1988	1779
1988	1794
1988	1795
1988	1809
1988	1823
1988	1825
1988	880
1988	1894
1988	1932
1988	1945
1988	1953
1988	1956
1988	1962
1988	1970
1988	1972
1013	1288
1013	1845
1013	1897
1013	1979
1288	1473
1288	1629
1288	1864
1288	1929
1845	1126
1845	1130
1845	1216
1845	1272
1845	1300
1845	377
1845	1709
1845	1776
1845	1793
1845	1867
1845	1919
1845	1963
1845	1973
1845	1974
1897	1042
1897	1071
1897	1093
1897	1172
1897	1297
1897	1381
1897	1484
1897	1612
1897	1796
1897	1832
1897	1834
1897	1864
1897	1874
1897	1932
1897	1965
1897	1975
1897	1977
1897	1990
1979	1111
1979	1119
1979	229
1979	1322
1979	1491
1979	1553
1979	1629
1979	1661
1979	1664
1979	1673
1979	1687
1979	1739
1979	1747
1979	1751
1979	1755
1979	1799
1979	1822
1979	1836
1979	1855
1979	1857
1979	1858
1979	1876
1979	1887
1979	1907
1979	1908
1979	1931
1979	1953
1979	1965
1979	1973
1979	1986
1979	1990
1979	1991
17	93
17	308
17	384
17	867
93	115
93	993
93	995
308	559
308	1920
308	930
308	953
384	232
384	598
384	770
384	801
867	78
867	145
867	293
867	297
867	559
867	605
867	700
867	766
867	771
867	814
867	1859
867	929
867	944
867	993
867	995
18	701
18	742
18	943
701	32
701	454
701	651
701	752
701	823
701	845
701	907
701	1941
701	996
742	136
742	353
742	438
742	444
742	533
742	579
742	627
742	686
742	822
943	86
943	347
943	354
943	481
943	488
943	489
943	636
943	678
943	687
943	740
943	797
943	842
943	852
943	863
943	904
943	915
943	934
943	939
943	940
943	949
943	955
943	972
943	985
943	991
943	995
1014	1262
1014	1379
1014	1441
1014	976
1262	1043
1262	1469
1262	1729
1262	1928
1379	1395
1379	1983
1379	1990
1441	1327
1441	1405
1441	1530
1441	1623
1441	1644
976	74
976	175
976	197
976	233
976	320
976	374
976	383
976	437
976	505
976	661
976	686
976	703
976	729
976	731
976	841
976	845
976	858
976	863
976	898
976	920
976	930
976	940
976	944
976	955
976	971
976	975
976	986
1015	1164
1015	1518
1015	1656
1164	1529
1164	1536
1164	1916
1518	1803
1518	1914
1518	1987
1656	1361
1656	1536
1656	1568
1656	1668
1656	1872
1656	1911
1656	1957
1656	1971
1016	1388
1016	1806
1016	1859
1388	1725
1388	1840
1388	1921
1806	1106
1806	1455
1806	1558
1806	1683
1806	1800
1806	1811
1806	1852
1806	1892
1806	1932
1806	1960
1806	1962
1859	1135
1859	1192
1859	1305
1859	1492
1859	1583
1859	1628
1859	1699
1859	1775
1859	1802
1859	1891
1859	1922
1859	1954
1859	1965
1859	1966
19	108
19	929
19	986
108	57
108	348
929	22
929	62
929	264
929	495
929	531
929	552
929	634
929	655
929	660
929	715
929	823
929	831
929	879
929	908
929	911
929	930
929	944
929	953
929	959
929	974
929	980
929	987
986	21
986	43
986	191
986	251
986	261
986	290
986	305
986	362
986	377
986	396
986	423
986	487
986	566
986	604
986	697
986	751
986	773
986	779
986	805
986	838
986	854
986	900
986	918
986	921
986	925
986	936
986	939
986	953
986	967
986	972
986	978
986	979
1017	1068
1017	1528
1017	1822
1017	1841
1068	1303
1068	1487
1068	1871
1528	1563
1528	1603
1528	1694
1528	1817
1528	1892
1528	1970
1822	1180
1822	1480
1822	1558
1822	1654
1822	1693
1822	1700
1822	1765
1822	1777
1822	1807
1822	1814
1822	1860
1822	1930
1822	1931
1841	1195
1841	1552
1841	1638
1841	1699
1841	1713
1841	1761
1841	1772
1841	1818
1841	1827
1841	1850
1841	1906
1841	1950
1841	1987
1841	1990
1018	1290
1018	1650
1018	1971
1018	1977
1290	1561
1290	1565
1290	1707
1290	1784
1650	1323
1650	1328
1650	1627
1650	1652
1650	1818
1650	1903
1650	1937
1650	1954
1971	1020
1971	1096
1971	1105
1971	1162
1971	1187
1971	1296
1971	1389
1971	1426
1971	1457
1971	1480
1971	1538
1971	1591
1971	1599
1971	1671
1971	1677
1971	1692
1971	1727
1971	1784
1971	1787
1971	1788
1971	1792
1971	1873
1971	1882
1971	1883
1971	1887
1971	1889
1971	1901
1977	1067
1977	1182
1977	1297
1977	1438
1977	1486
1977	1512
1977	1515
1977	1582
1977	1602
1977	1637
1977	1662
1977	1704
1977	1714
1977	1747
1977	1826
1977	1843
1977	1874
1977	1876
1977	1892
1977	1899
1977	1908
1977	1927
1977	1945
1977	1960
1977	1968
1977	1984
20	36
20	456
20	583
20	613
36	219
36	954
36	995
456	87
456	464
456	660
456	843
456	945
583	220
583	854
583	880
583	902
583	935
583	987
613	255
613	560
613	646
613	796
613	887
613	897
613	922
1019	1232
1019	1424
1019	1700
1232	1267
1232	1916
1424	1567
1424	1707
1424	1798
1424	1833
1424	1945
1700	1197
1700	1301
1700	1599
1700	1601
1700	1718
1700	1772
1700	1820
1700	1935
21	423
21	902
21	977
423	408
423	413
423	496
902	61
902	265
902	411
902	523
902	542
902	639
902	659
902	686
902	722
902	739
902	826
902	874
902	885
902	925
902	950
902	955
902	980
902	985
902	991
977	58
977	152
977	173
977	181
977	232
977	419
977	492
977	502
977	504
977	567
977	569
977	631
977	662
977	688
977	713
977	749
977	762
977	785
977	804
977	829
977	868
977	885
977	894
977	896
977	898
977	917
977	922
977	927
977	936
977	962
977	997
1020	1740
1020	1876
1020	1968
1740	1489
1740	1635
1740	1638
1740	1790
1740	1936
1740	1974
1740	1975
1740	1998
1876	1138
1876	1512
1876	1553
1876	1633
1876	1643
1876	1670
1876	1795
1876	1871
1876	1925
1876	1941
1876	1949
1876	1972
1876	1999
1968	1038
1968	1052
1968	1150
1968	1226
1968	1308
1968	1393
1968	1597
1968	1640
1968	1648
1968	1649
1968	1655
1968	1675
1968	1679
1968	1699
1968	1748
1968	1749
1968	1755
1968	1757
1968	1851
1968	1890
1968	1907
1968	1908
1968	1909
1968	1911
1968	1921
22	67
22	461
22	981
67	660
67	850
461	553
461	851
461	854
461	862
461	995
981	30
981	52
981	79
981	172
981	270
981	434
981	477
981	518
981	563
981	605
981	627
981	691
981	746
981	757
981	758
981	777
981	1799
981	821
981	822
981	876
981	886
981	894
981	898
981	913
981	926
981	936
981	942
981	946
981	951
981	960
981	989
981	997
23	113
23	547
23	764
113	766
113	962
113	964
547	555
547	640
547	756
547	771
547	985
547	989
764	273
764	333
764	497
764	686
764	806
764	831
764	894
764	903
764	935
764	978
1021	1101
1021	1207
1021	1688
1021	1810
1101	1532
1101	1898
1101	1902
1207	1623
1207	1983
1207	1999
1688	1353
1688	1651
1688	1661
1688	1755
1688	865
1688	1961
1688	1995
1810	1037
1810	1085
1810	1257
1810	1463
1810	1472
1810	1524
1810	1599
1810	1694
1810	1695
1810	1738
1810	1755
1810	1957
1810	1987
24	383
24	553
24	854
24	898
383	508
383	935
383	968
553	215
553	541
553	931
553	936
553	939
854	200
854	262
854	263
854	632
854	685
854	782
854	801
854	849
854	863
854	877
854	900
854	973
898	331
898	507
898	545
898	554
898	688
898	718
898	730
898	757
898	762
898	794
898	819
898	838
898	857
898	1852
898	873
1022	1061
1022	1218
1022	1907
1022	1911
1061	1864
1061	1948
1218	1863
1218	1975
1907	1493
1907	1519
1907	1592
1907	1593
1907	1612
1907	1622
1907	1678
1907	1696
1907	1800
1907	1823
1907	1828
1907	1848
1907	1853
1907	1899
1907	1949
1907	1973
1907	1997
1911	1130
1911	1259
1911	1456
1911	1670
1911	1735
1911	1752
1911	818
1911	1869
1911	1883
1911	1891
1911	1909
1911	1934
1911	1957
1911	1984
1911	1985
1911	1986
1911	1987
1023	1368
1023	1599
1023	1834
1368	1520
1368	1755
1368	1808
1368	1984
1599	1616
1599	1729
1599	1826
1599	1890
1834	1268
1834	1321
1834	1603
1834	1663
1834	1707
1834	1721
1834	1755
1834	1795
1834	1837
1834	940
1024	1342
1024	1525
1024	1965
1342	1705
1342	1901
1342	1993
1525	1281
1525	1459
1525	1662
1525	1771
1525	1774
1525	1824
1965	1371
1965	1436
1965	1455
1965	1500
1965	1512
1965	1550
1965	1552
1965	1575
1965	1624
1965	1673
1965	1685
1965	1731
1965	1797
1965	1843
1965	1849
1965	1856
1965	1858
1965	1880
1965	1887
1965	1895
1965	1915
1965	1935
1965	1970
1965	1985
1965	1995
25	84
25	562
25	773
25	923
84	388
84	914
562	37
562	103
562	612
562	782
562	818
773	1507
773	507
773	805
773	811
773	880
773	931
773	975
773	980
773	998
923	123
923	215
923	240
923	289
923	371
923	412
923	541
923	580
923	611
923	775
923	796
923	815
923	829
923	919
923	930
923	958
923	962
923	978
923	980
923	988
923	995
26	109
26	185
26	843
26	868
109	397
109	431
109	779
185	1320
185	677
185	731
843	28
843	114
843	261
843	343
843	469
843	731
843	740
843	815
843	826
843	836
843	950
868	101
868	164
868	353
868	601
868	664
868	667
868	734
868	762
868	768
868	789
868	866
868	893
868	950
868	973
868	997
27	726
27	761
27	932
27	989
726	231
726	368
726	525
726	529
726	772
726	820
726	828
726	832
726	1922
761	223
761	320
761	438
761	451
761	578
761	702
761	703
761	715
761	907
761	947
932	1049
932	277
932	417
932	432
932	489
932	519
932	641
932	680
932	750
932	807
932	812
932	828
932	925
932	926
932	942
932	947
932	949
932	952
932	955
932	967
932	983
989	76
989	92
989	106
989	145
989	176
989	200
989	245
989	261
989	379
989	390
989	580
989	600
989	608
989	707
989	721
989	733
989	736
989	746
989	748
989	780
989	1889
989	886
989	888
989	895
989	919
989	922
989	937
989	968
989	990
989	997
28	749
28	959
749	491
749	565
749	762
749	780
749	781
749	824
749	878
749	896
959	38
959	170
959	248
959	282
959	314
959	490
959	493
959	508
959	653
959	746
959	765
959	804
959	825
959	828
959	908
959	926
959	937
959	944
959	945
959	973
959	987
959	996
1025	1394
1025	1667
1025	1860
1025	1940
1394	1364
1394	1603
1394	1896
1394	1974
1667	1595
1667	1598
1667	1693
1667	1768
1667	1844
1667	1866
1667	1920
1667	1949
1860	1454
1860	1597
1860	1610
1860	1666
1860	1675
1860	1677
1860	1758
1860	1779
1860	1824
1860	1828
1860	1856
1860	1888
1860	1970
1860	1986
1940	1111
1940	1143
1940	1166
1940	1200
1940	1264
1940	1276
1940	1364
1940	1469
1940	1489
1940	1510
1940	1692
1940	1744
1940	1749
1940	1771
1940	1850
1940	1889
1940	1891
1940	1939
1940	1948
1940	1966
1940	1978
1026	1608
1026	1623
1026	1835
1608	1169
1608	1718
1608	1842
1608	1857
1608	1902
1623	1220
1623	1222
1623	1306
1623	1397
1835	1209
1835	1369
1835	1490
1835	1665
1835	1693
1835	1744
1835	1776
1835	1829
1835	1831
1835	1938
1835	1953
1835	1956
1835	1970
1835	1993
1027	1760
1027	1856
1027	1910
1027	1948
1760	1155
1760	1537
1760	1790
1760	1884
1760	1887
1760	1925
1760	1950
1760	1983
1760	1997
1856	1328
1856	1546
1856	1558
1856	1562
1856	1604
1856	1637
1856	1671
1856	1719
1856	1790
1856	1836
1856	1889
1856	1949
1856	1967
1856	1982
1910	1037
1910	1105
1910	1215
1910	1427
1910	1439
1910	1506
1910	1548
1910	1653
1910	1691
1910	1765
1910	1766
1910	1849
1910	1868
1910	1880
1910	1894
1910	1912
1910	1922
1948	1029
1948	1115
1948	1202
1948	1217
1948	1247
1948	1287
1948	1332
1948	1411
1948	1416
1948	1459
1948	1533
1948	1577
1948	1618
1948	1678
1948	1689
1948	1726
1948	1803
1948	1874
1948	1884
1948	1912
1948	1926
1948	1928
1948	1953
1948	1967
1948	1969
1028	1508
1028	1776
1028	1825
1028	1991
1508	1273
1508	1365
1508	1373
1508	1655
1508	1851
1776	1070
1776	1227
1776	1687
1776	1852
1776	1875
1776	1898
1776	1945
1776	1990
1825	1045
1825	1091
1825	1269
1825	1313
1825	1335
1825	1607
1825	1659
1825	1772
1825	1857
1825	1872
1825	1899
1825	1956
1825	1991
1991	1064
1991	1115
1991	1120
1991	1130
1991	1135
1991	1140
1991	1245
1991	1286
1991	1354
1991	1366
1991	1421
1991	1438
1991	1574
1991	1616
1991	1704
1991	1716
1991	1732
1991	1757
1991	1775
1991	1798
1991	1824
1991	1864
1991	1950
1991	1954
1991	1957
1991	1962
1991	1963
1991	1970
1991	1976
1991	1986
1991	1990
1029	1486
1029	1796
1486	1456
1486	1492
1486	1769
1486	1973
1796	1292
1796	1634
1796	1693
1796	1729
1796	1775
1796	1863
1796	1998
1030	1380
1030	1883
1030	1931
1030	1997
1380	1057
1380	1715
1380	1998
1883	1116
1883	1264
1883	1287
1883	1316
1883	1485
1883	1516
1883	1523
1883	1595
1883	1620
1883	1775
1883	1819
1883	1855
1883	1919
1883	1956
1883	1969
1931	1107
1931	1161
1931	1287
1931	1329
1931	1434
1931	1436
1931	1539
1931	1603
1931	1621
1931	1682
1931	1704
1931	1728
1931	1774
1931	1820
1931	1847
1931	1863
1931	1896
1931	1903
1931	1945
1931	1985
1931	1986
1997	1035
1997	1085
1997	1127
1997	1145
1997	1148
1997	1149
1997	1224
1997	1259
1997	1357
1997	1359
1997	1377
1997	1387
1997	1455
1997	1520
1997	1662
1997	1666
1997	1694
1997	1751
1997	1785
1997	1791
1997	1823
1997	1843
1997	1858
1997	1873
1997	1874
1997	1904
1997	1913
1997	1919
1997	1926
1997	1939
1997	1943
1997	1967
1997	1975
1997	1995
1031	1149
1031	1276
1031	1951
1031	1985
1149	1801
1149	1820
1276	1749
1276	861
1276	1973
1951	1069
1951	1121
1951	1196
1951	1229
1951	1282
1951	1309
1951	1410
1951	1460
1951	1484
1951	1493
1951	1535
1951	1551
1951	1555
1951	1617
1951	1702
1951	1713
1951	1735
1951	1756
1951	1762
1951	1789
1951	1807
1951	1839
1951	1871
1951	1901
1951	1909
1951	1939
1951	1970
1951	1985
1985	1043
1985	1054
1985	1091
1985	1375
1985	1444
1985	1526
1985	1604
1985	1612
1985	1672
1985	1715
1985	1774
1985	1790
1985	805
1985	1875
1985	1882
1985	1889
1985	1891
1985	1892
1985	1893
1985	1898
1985	1915
1985	1925
1985	1930
1985	1944
1985	1949
1985	1950
1985	1954
1985	1958
1985	1961
1985	1972
143	132
143	920
143	951
1583	1179
1583	1204
1583	1205
1583	1589
1583	1909
1032	1053
1032	1066
1032	1227
1032	1439
1053	1048
1053	1408
1053	1415
1066	1657
1066	1848
1066	1945
1227	1428
1227	1595
1439	1547
1439	850
1439	1892
30	767
30	780
30	817
767	46
767	98
767	251
767	691
767	834
767	939
767	993
767	996
780	192
780	226
780	319
780	458
780	768
780	802
780	819
780	821
780	963
780	983
817	162
817	326
817	437
817	483
817	582
817	615
817	617
817	675
817	806
817	917
817	947
817	967
1033	1816
1033	1904
1033	1982
1816	1270
1816	1378
1816	1447
1816	1452
1816	1538
1816	1586
1816	1593
1816	1757
1816	1797
1816	1870
1816	1891
1816	1927
1816	1956
1816	1976
1904	1191
1904	1430
1904	1431
1904	1526
1904	1532
1904	1543
1904	1549
1904	1584
1904	1640
1904	1697
1904	1733
1904	1833
1904	1836
1904	1852
1904	1899
1904	1927
1904	1961
1904	1970
1982	1041
1982	1067
1982	1235
1982	1266
1982	1346
1982	1387
1982	1454
1982	1458
1982	1481
1982	1511
1982	1557
1982	1574
1982	1575
1982	1695
1982	1731
1982	1797
1982	1817
1982	1821
1982	1838
1982	1849
1982	1873
1982	1887
1982	1893
1982	1925
1982	1939
1982	1941
1982	1956
1982	1973
1982	1993
31	449
31	733
31	912
449	270
449	630
449	643
449	953
733	468
733	471
733	587
733	904
733	927
733	933
733	966
912	224
912	235
912	284
912	371
912	372
912	606
912	608
912	640
912	788
912	799
912	806
912	880
912	884
912	944
912	974
912	990
912	997
912	998
32	866
32	884
866	202
866	212
866	215
866	392
866	479
866	507
866	551
866	616
866	731
866	793
866	893
866	904
866	914
866	964
866	979
884	72
884	89
884	487
884	537
884	551
884	559
884	685
884	748
884	844
884	908
884	919
884	934
884	942
884	963
884	998
1034	1440
1034	1589
1034	1602
1034	1613
1440	1238
1440	1430
1440	1560
1440	1613
1440	1998
1589	1371
1589	1565
1589	1916
1589	1995
1602	1494
1602	1793
1602	1794
1602	1885
1602	1916
1602	1937
1613	1191
1613	1438
1613	1839
1613	1915
1613	1928
1035	1870
1035	1891
1035	1932
1870	1047
1870	1056
1870	1141
1870	1308
1870	1332
1870	1392
1870	1408
1870	1459
1870	1703
1870	1704
1870	1766
1870	1840
1870	1854
1870	1898
1870	1957
1891	1095
1891	1189
1891	1605
1891	1609
1891	1643
1891	1687
1891	1757
1891	1877
1891	1920
1891	1929
1891	1957
1891	1976
1932	1056
1932	1264
1932	1338
1932	1357
1932	1506
1932	1515
1932	1646
1932	1758
1932	1779
1932	1821
1932	1832
1932	1852
1932	1890
1932	1938
1932	1949
1932	1954
1932	1961
1932	1975
1932	1993
1036	1363
1036	1536
1036	1921
1036	1969
1363	1260
1363	1323
1363	1716
1363	1783
1536	1464
1536	1743
1536	1921
1536	1976
1921	1157
1921	1206
1921	1375
1921	1415
1921	1423
1921	1427
1921	1498
1921	1527
1921	1642
1921	1645
1921	1686
1921	1712
1921	1762
1921	1804
1921	1836
1921	1885
1921	1898
1921	1927
1921	1966
1969	1120
1969	1255
1969	1346
1969	1407
1969	1482
1969	1636
1969	1654
1969	1669
1969	1670
1969	1695
1969	1698
1969	1719
1969	1727
1969	1765
1969	1773
1969	1788
1969	1892
1969	1906
1969	1920
1969	1928
1969	1929
1969	1947
1969	1975
1969	1990
1969	1998
1037	1817
1037	1871
1817	1048
1817	1174
1817	1224
1817	1497
1817	1709
1817	1714
1817	1803
1817	1805
1817	1903
1817	1934
1817	1993
1817	1995
1871	1054
1871	1104
1871	1257
1871	1346
1871	1365
1871	1413
1871	1418
1871	1432
1871	1673
1871	1706
1871	1950
1871	1962
1038	1160
1038	1563
1038	1869
1160	1594
1160	1626
1160	1790
1563	1566
1563	1781
1563	935
1563	1999
1869	1313
1869	1390
1869	1406
1869	1431
1869	1473
1869	1541
1869	1546
1869	1644
1869	1682
1869	789
1869	1794
1869	1851
1869	1853
33	418
33	538
33	889
33	963
418	162
418	419
418	448
418	479
418	963
538	309
538	624
538	762
538	875
538	878
538	905
889	76
889	296
889	354
889	409
889	520
889	535
889	554
889	717
889	723
889	724
889	740
889	759
889	782
889	831
889	887
889	941
889	950
889	968
963	129
963	149
963	170
963	248
963	252
963	272
963	552
963	606
963	633
963	652
963	686
963	710
963	730
963	738
963	831
963	851
963	858
963	863
963	887
963	915
963	942
963	951
963	961
963	979
963	988
1039	1243
1039	1888
1039	1890
1243	1626
1243	1642
1243	1722
1888	1331
1888	1459
1888	1471
1888	1503
1888	1526
1888	1659
1888	1687
1888	1826
1888	1853
1888	1937
1888	1960
1888	1962
1888	1986
1888	1999
1890	1073
1890	1186
1890	1191
1890	1354
1890	1473
1890	1674
1890	1749
1890	1847
1890	1916
1890	1919
1890	1920
1890	1937
1890	1949
1890	1960
1890	1972
34	388
34	485
34	824
388	239
388	1409
388	861
388	946
485	531
485	639
485	962
485	964
824	51
824	299
824	454
824	475
824	1682
824	720
824	739
824	807
824	941
824	970
824	971
824	988
1040	1684
1040	1712
1040	1778
1040	1808
1684	1475
1684	1593
1684	1701
1684	1764
1684	1799
1684	1885
1712	1423
1712	1634
1712	1837
1712	1884
1712	1898
1712	1922
1712	1944
1778	1412
1778	420
1778	1831
1778	1837
1778	1896
1778	1908
1778	1945
1778	1970
1808	1257
1808	1409
1808	1484
1808	1638
1808	1737
1808	1745
1808	1818
1808	1935
1808	1963
1808	1990
1808	1999
1041	1254
1041	1961
1254	1445
1254	1456
1254	1473
1254	1657
1961	1086
1961	1199
1961	1296
1961	1307
1961	1317
1961	1345
1961	1389
1961	1418
1961	1446
1961	1488
1961	1550
1961	1578
1961	1582
1961	1597
1961	1749
1961	1864
1961	1867
1961	908
1961	1915
1961	1953
1961	1966
1961	1974
35	620
35	725
35	974
35	980
620	343
620	462
620	910
620	941
620	1976
620	979
725	636
725	1680
725	735
725	785
725	813
725	851
725	946
725	996
974	61
974	242
974	256
974	258
974	288
974	324
974	364
974	370
974	409
974	427
974	539
974	587
974	590
974	610
974	687
974	754
974	798
974	828
974	835
974	845
974	873
974	896
974	900
974	930
974	936
974	946
974	952
974	953
974	998
980	47
980	171
980	201
980	220
980	312
980	411
980	544
980	593
980	690
980	760
980	776
980	842
980	844
980	846
980	858
980	862
980	878
980	933
980	937
980	942
980	945
980	946
980	952
980	962
980	970
980	971
980	975
219	303
219	602
219	944
954	133
954	224
954	288
954	315
954	440
954	483
954	530
954	576
954	593
954	603
954	646
954	700
954	735
954	783
954	805
954	819
954	835
954	847
954	864
954	878
954	886
954	911
954	951
954	961
954	966
954	973
995	43
995	55
995	307
995	1322
995	331
995	401
995	414
995	424
995	519
995	520
995	637
995	665
995	704
995	723
995	772
995	775
995	831
995	849
995	873
995	897
995	903
995	905
995	914
995	922
995	928
995	935
995	952
995	955
995	979
995	998
37	227
37	365
37	401
227	600
227	928
227	994
365	669
365	790
365	803
365	938
401	529
401	700
401	813
401	994
38	283
38	344
283	518
283	833
283	931
283	993
344	163
344	1618
344	747
344	862
39	83
39	235
39	917
39	973
83	517
83	659
83	946
235	325
235	410
917	97
917	421
917	444
917	589
917	593
917	658
917	781
917	788
917	794
917	812
917	841
917	842
917	844
917	857
917	904
917	913
917	950
917	967
917	993
973	42
973	319
973	350
973	367
973	439
973	464
973	670
973	710
973	724
973	743
973	786
973	800
973	803
973	806
973	1807
973	827
973	832
973	840
973	856
973	857
973	862
973	919
973	970
973	988
973	997
40	738
40	777
40	829
738	318
738	509
738	670
738	765
738	885
738	964
738	978
777	301
777	430
777	483
777	484
777	598
777	666
777	877
777	927
777	934
829	257
829	403
829	527
829	593
829	715
829	801
829	908
829	947
829	951
829	983
829	998
1042	1052
1042	1065
1042	1875
1052	1637
1052	1837
1065	1576
1875	1044
1875	1144
1875	1220
1875	1225
1875	1317
1875	1495
1875	1531
1875	1624
1875	1664
1875	1789
1875	1867
1875	1896
1875	1914
1875	1934
1875	1953
1043	1225
1043	1745
1225	1900
1225	1935
1745	1109
1745	1413
1745	1426
1745	1594
1745	1598
1745	1742
1745	1839
1745	1957
1745	1967
41	112
41	864
41	928
41	979
112	188
112	847
112	911
864	144
864	336
864	455
864	501
864	678
864	706
864	808
864	851
864	871
864	885
864	904
864	936
864	941
864	971
928	181
928	341
928	396
928	470
928	480
928	487
928	602
928	1660
928	712
928	774
928	841
928	844
928	886
928	888
928	907
928	910
928	938
928	951
928	985
928	994
979	104
979	238
979	377
979	392
979	414
979	422
979	430
979	470
979	554
979	645
979	682
979	703
979	727
979	757
979	786
979	797
979	852
979	880
979	905
979	911
979	915
979	919
979	947
979	964
979	970
979	985
1044	1544
1044	1833
1044	1939
1544	1624
1544	1807
1544	1820
1544	1900
1544	1993
1833	1096
1833	1123
1833	1461
1833	572
1833	1622
1833	1761
1833	1762
1833	1789
1833	1838
1833	1913
1833	1944
1833	1972
1939	1082
1939	1088
1939	1190
1939	1249
1939	1329
1939	1454
1939	1491
1939	1627
1939	1714
1939	1771
1939	1772
1939	1848
1939	1912
1939	1919
1939	1928
1939	1936
1939	1956
1939	1958
1939	1995
42	558
42	572
42	669
558	160
558	1216
558	608
558	874
558	983
558	990
572	563
572	748
572	836
572	945
572	950
669	54
669	736
669	755
669	794
669	915
669	985
669	987
1045	1055
1045	1866
1055	1046
1055	1791
1055	1922
1866	1110
1866	1289
1866	1325
1866	1349
1866	1353
1866	1622
1866	1717
1866	1798
1866	1861
1866	1885
1866	1894
1866	1902
1866	1914
1866	1978
1046	1312
1046	1496
1046	1763
1312	1353
1312	1452
1312	679
1312	1779
1496	1163
1496	1370
1496	1572
1496	1936
1763	1054
1763	1118
1763	1183
1763	1580
1763	1639
1763	1675
1763	1914
1763	1934
1763	1935
1763	1960
1763	1975
43	634
43	914
634	361
634	489
634	611
634	896
914	73
914	274
914	546
914	577
914	617
914	683
914	702
914	752
914	760
914	770
914	785
914	801
914	842
914	920
914	960
914	988
1047	1894
1047	1901
1894	1070
1894	1100
1894	1162
1894	1258
1894	1369
1894	1658
1894	1696
1894	1698
1894	1767
1894	1785
1894	1787
1894	1827
1894	1884
1894	1922
1894	1927
1894	1998
1901	1140
1901	1203
1901	1302
1901	1307
1901	1444
1901	1588
1901	1639
1901	1685
1901	1783
1901	1838
1901	1854
1901	1858
1901	1936
1901	1943
1901	1953
1901	1962
1901	1963
44	171
44	381
44	513
44	930
171	281
171	561
381	272
381	462
381	646
381	707
381	940
513	189
513	325
513	412
513	645
930	211
930	310
930	314
930	342
930	408
930	511
930	747
930	801
930	823
930	827
930	833
930	835
930	844
930	891
930	953
930	955
930	964
45	96
45	810
45	818
96	516
96	802
810	190
810	316
810	541
810	779
810	873
810	891
810	924
810	946
810	988
810	990
818	50
818	225
818	324
818	676
818	739
818	830
818	921
818	931
818	968
818	970
46	752
46	856
46	937
752	152
752	346
752	406
752	784
752	892
752	949
752	971
752	983
856	145
856	197
856	346
856	506
856	736
856	828
856	834
856	839
856	850
856	858
856	939
856	953
856	987
937	208
937	505
937	521
937	543
937	556
937	567
937	685
937	723
937	743
937	862
937	893
937	900
937	922
937	933
937	949
937	951
937	961
937	964
937	983
937	991
937	993
47	179
47	960
179	763
179	793
179	885
960	255
960	1280
960	301
960	316
960	347
960	440
960	482
960	505
960	566
960	629
960	641
960	656
960	678
960	697
960	722
960	736
960	813
960	849
960	861
960	886
960	887
960	906
960	962
960	970
1048	1375
1048	1624
1375	1840
1375	1843
1624	1333
1624	1799
1624	1938
1624	1998
1049	1298
1049	1561
1049	1804
1298	1668
1298	1804
1561	1129
1561	1693
1561	1736
1561	1786
1561	1814
1804	1062
1804	1696
1804	1724
1804	1758
1804	1784
1804	1882
1804	1885
1804	1944
1804	1962
48	320
48	892
48	924
48	996
320	510
320	925
892	290
892	368
892	403
892	462
892	484
892	527
892	574
892	659
892	723
892	900
892	939
892	951
892	955
892	972
892	990
892	994
924	121
924	126
924	286
924	327
924	434
924	457
924	573
924	587
924	596
924	686
924	779
924	820
924	881
924	903
924	921
924	938
924	942
924	946
924	968
924	975
996	68
996	110
996	216
996	253
996	354
996	389
996	575
996	603
996	648
996	747
996	783
996	787
996	796
996	811
996	812
996	813
996	835
996	840
996	858
996	871
996	897
996	925
996	927
996	933
996	934
996	947
996	950
996	952
996	968
996	971
996	988
996	990
996	997
49	618
49	719
49	966
618	497
618	619
618	712
618	790
618	804
618	881
719	198
719	1442
719	608
719	727
719	748
719	836
719	911
719	970
719	988
966	210
966	234
966	240
966	379
966	399
966	402
966	473
966	557
966	649
966	658
966	712
966	714
966	755
966	759
966	772
966	781
966	807
966	836
966	845
966	878
966	882
966	895
966	927
966	936
966	964
966	997
50	291
50	811
50	945
291	403
291	496
291	952
291	998
811	414
811	601
811	728
811	751
811	820
811	827
811	873
811	880
811	922
945	195
945	203
945	444
945	467
945	519
945	598
945	650
945	744
945	791
945	812
945	842
945	844
945	861
945	1872
945	919
945	933
945	952
945	962
945	968
945	993
1050	1392
1050	1706
1050	1772
1050	971
1392	1206
1392	1695
1392	1733
1706	1215
1706	1435
1706	1463
1706	1647
1706	1757
1706	1805
1706	834
1706	1954
1772	1059
1772	1322
1772	1539
1772	1637
1772	1687
1772	1694
1772	1815
971	53
971	155
971	170
971	263
971	285
971	292
971	299
971	346
971	431
971	491
971	541
971	573
971	782
971	795
971	798
971	814
971	815
971	882
971	895
971	896
971	939
971	941
971	942
51	712
51	847
51	896
712	119
712	385
712	569
712	643
712	788
712	962
847	94
847	230
847	432
847	458
847	477
847	772
847	790
847	800
847	851
847	878
847	915
847	952
847	962
896	104
896	217
896	514
896	550
896	568
896	622
896	709
896	734
896	758
896	791
896	821
896	849
896	904
896	962
896	970
1051	1184
1051	1277
1051	1505
1051	1818
1184	1175
1184	1384
1184	1765
1277	1202
1277	1737
1277	1750
1277	1831
1505	1595
1505	1769
1505	1775
1505	1864
1505	1995
1818	1351
1818	1474
1818	1481
1818	1570
1818	1714
1818	1728
1818	1844
1818	1863
1818	1880
1818	1984
1637	1293
1637	1523
1637	1973
1837	1554
1837	1556
1837	1638
1837	1791
1837	1847
1837	1853
1837	862
1837	1884
1837	1903
1837	1922
1837	1966
1837	1974
1408	1739
1408	1788
1408	1896
1408	1937
1415	1427
1415	1442
1415	1729
1415	1889
1054	1874
1874	1119
1874	1235
1874	1331
1874	1466
1874	1635
1874	1665
1874	1689
1874	1696
1874	1762
1874	1936
1874	1963
1791	1094
1791	1226
1791	1321
1791	1500
1791	1520
1791	1542
1791	1564
1791	1724
1791	1937
1922	1151
1922	1157
1922	1180
1922	1246
1922	1320
1922	1412
1922	1447
1922	1657
1922	1756
1922	1824
1922	1843
1922	1872
1922	1886
1922	1898
1922	1960
1922	1986
52	224
52	687
52	940
687	534
687	630
687	798
687	894
687	926
687	972
940	149
940	180
940	389
940	434
940	517
940	541
940	609
940	635
940	651
940	655
940	677
940	683
940	754
940	798
940	805
940	850
940	855
940	871
940	879
940	882
940	933
53	413
53	539
413	75
413	168
413	926
413	967
539	460
539	806
539	857
54	653
54	993
54	998
653	193
653	268
653	336
653	827
653	841
653	876
653	878
993	1144
993	164
993	178
993	230
993	285
993	323
993	543
993	639
993	663
993	677
993	709
993	734
993	763
993	765
993	807
993	822
993	833
993	858
993	862
993	874
993	906
993	915
993	920
993	946
993	978
993	988
993	994
998	78
998	183
998	184
998	199
998	211
998	312
998	363
998	474
998	552
998	554
998	577
998	598
998	607
998	673
998	727
998	736
998	801
998	813
998	862
998	913
998	920
998	935
998	949
998	952
998	961
998	985
55	686
55	951
55	955
686	532
686	997
951	317
951	325
951	334
951	382
951	514
951	535
951	561
951	680
951	748
951	770
951	805
951	825
951	840
951	883
951	915
951	938
951	983
951	991
955	147
955	313
955	339
955	500
955	532
955	537
955	578
955	665
955	702
955	743
955	770
955	782
955	831
955	846
955	855
955	883
955	947
955	952
955	964
955	1967
56	347
56	697
56	910
56	958
347	94
347	727
697	233
697	515
697	845
697	874
697	878
697	978
910	82
910	92
910	178
910	290
910	304
910	312
910	476
910	516
910	520
910	526
910	673
910	689
910	695
910	766
910	775
910	820
910	855
910	882
910	906
958	95
958	182
958	201
958	220
958	287
958	313
958	503
958	519
958	567
958	630
958	646
958	654
958	667
958	674
958	716
958	722
958	802
958	842
958	852
958	865
958	903
958	913
958	926
958	972
958	990
57	218
57	589
57	774
218	782
218	925
218	961
589	293
589	326
589	533
589	746
589	885
589	972
774	354
774	370
774	529
774	551
774	615
774	786
774	787
774	793
774	918
58	242
242	182
242	763
242	802
1056	1611
1056	1648
1611	1267
1611	1271
1611	1476
1611	1937
1611	1963
1611	1990
1648	1284
1648	1609
1648	1703
1648	1733
1648	1770
1648	1970
1057	1568
1057	1855
1057	1990
1568	1764
1568	1803
1568	1938
1568	1957
1568	1999
1855	1154
1855	1445
1855	1527
1855	1694
1855	1729
1855	1792
1855	1802
1855	1813
1855	1903
1855	1906
1855	1925
1855	1943
1990	1133
1990	1137
1990	1212
1990	1372
1990	1397
1990	1436
1990	1466
1990	1479
1990	1537
1990	1578
1990	1689
1990	1713
1990	1723
1990	1727
1990	1731
1990	1747
1990	1864
1990	1884
1990	1919
1990	1930
1990	1974
1990	1976
1058	1222
1058	1705
1058	1899
1222	1390
1222	1967
1705	1466
1705	1494
1705	1502
1705	1606
1705	1767
1705	1887
1705	1976
1899	1110
1899	1399
1899	1428
1899	1510
1899	1511
1899	1550
1899	1731
1899	1749
1899	1853
1899	1857
1899	1878
1899	1915
1899	1950
59	107
59	374
59	615
59	630
107	237
107	677
107	938
374	949
374	991
615	281
615	322
615	906
615	961
630	382
630	766
630	852
630	879
1059	1097
1059	1371
1059	1476
1097	1857
1097	1861
1097	1941
1371	1829
1476	1060
1476	1562
1476	1912
1476	1998
60	246
60	666
60	893
60	911
246	147
246	654
246	661
666	556
666	567
666	600
666	873
666	918
666	946
666	949
893	116
893	121
893	345
893	531
893	606
893	631
893	658
893	695
893	763
893	883
893	931
893	934
893	942
893	962
893	975
893	988
911	148
911	199
911	232
911	328
911	525
911	723
911	756
911	758
911	798
911	812
911	850
911	855
911	905
911	915
911	1950
911	968
1060	1577
1060	1584
1060	1889
1577	1849
1577	1881
1577	1937
1577	1975
1577	1998
1584	1166
1584	1495
1584	1626
1584	1691
1584	1998
1889	1253
1889	1340
1889	1453
1889	1461
1889	1498
1889	1643
1889	1800
1889	1842
1889	1912
1889	1972
61	215
61	758
758	375
758	435
758	664
758	713
758	784
758	796
758	895
758	904
1864	1318
1864	1360
1864	1509
1864	1554
1864	1703
1864	1738
1864	1884
1864	1938
1864	1953
1062	1644
1062	1950
1644	1272
1644	1585
1644	1689
1644	1707
1644	1863
1644	1975
1950	1324
1950	1401
1950	1519
1950	1552
1950	1570
1950	1663
1950	1784
1950	1861
1950	1880
1950	1958
1950	1967
1950	1974
1950	1976
1950	1984
1950	1987
62	504
62	727
62	906
504	460
504	480
504	656
504	751
504	975
727	133
727	428
727	760
727	933
906	73
906	333
906	355
906	356
906	1433
906	478
906	490
906	545
906	675
906	804
906	832
906	933
906	936
906	985
906	987
1063	1092
1063	1680
1063	1882
1063	1960
1092	1307
1092	1906
1680	1128
1680	1238
1680	1506
1680	1912
1680	1936
1680	1963
1680	1972
1882	1253
1882	1449
1882	1451
1882	1461
1882	1601
1882	649
1882	1653
1882	1664
1882	1691
1882	1768
1882	1814
1882	1821
1882	1913
1882	1967
1960	1156
1960	1175
1960	1179
1960	1192
1960	1635
1960	1677
1960	1694
1960	1725
1960	1726
1960	1727
1960	1731
1960	1762
1960	1771
1960	779
1960	1840
1960	1843
1960	1872
1960	1877
1960	1893
1960	1896
1960	1938
1960	1967
63	475
63	603
63	631
63	645
475	132
475	560
475	939
475	972
603	334
603	506
603	808
603	968
631	163
631	857
631	953
631	968
645	585
645	991
645	997
64	439
64	535
64	655
64	950
439	736
439	795
439	803
439	852
535	490
535	659
535	936
655	549
655	732
655	814
655	865
655	891
655	919
950	153
950	175
950	231
950	250
950	287
950	486
950	540
950	561
950	563
950	565
950	668
950	708
950	734
950	737
950	755
950	782
950	849
950	874
950	944
1064	1321
1064	1541
1064	1844
1321	1590
1321	1973
1541	1676
1541	1873
1541	1902
1541	1962
1844	1132
1844	1133
1844	1188
1844	1318
1844	1361
1844	1453
1844	1564
1844	1596
1844	1649
1844	1666
1844	1879
1844	1884
1576	1186
1576	1547
1576	1671
1576	1717
1576	1976
1576	1995
65	1317
65	355
65	789
1317	1384
1317	1842
355	90
355	807
789	133
789	182
789	527
789	703
789	737
789	809
789	841
789	991
1657	1155
1657	1310
1657	1646
1657	1732
1657	1819
1657	1976
1848	1074
1848	1150
1848	1194
1848	1217
1848	1360
1848	1414
1848	1652
1848	1655
1848	1944
1848	1949
1848	1963
1945	1404
1945	1506
1945	1560
1945	1647
1945	1665
1945	1692
1945	1713
1945	1727
1945	1785
1945	1820
1945	1823
1945	1832
1945	1858
1945	1880
1945	1900
1945	1915
1945	1949
66	895
66	934
66	987
66	988
895	70
895	241
895	380
895	452
895	585
895	588
895	629
895	663
895	667
895	766
895	834
895	886
895	903
895	970
934	94
934	125
934	286
934	334
934	348
934	395
934	464
934	546
934	679
934	684
934	806
934	809
934	1867
934	888
934	908
934	970
934	978
934	988
987	88
987	101
987	226
987	257
987	340
987	398
987	400
987	482
987	565
987	573
987	622
987	628
987	665
987	748
987	755
987	759
987	799
987	807
987	826
987	852
987	855
987	858
987	865
987	913
987	918
987	968
988	69
988	167
988	312
988	387
988	522
988	614
988	672
988	704
988	721
988	722
988	783
988	879
988	883
988	897
988	947
988	953
988	968
988	985
988	1986
1067	1616
1067	1978
1616	1201
1616	1293
1616	1843
1978	1119
1978	1285
1978	1299
1978	1377
1978	1405
1978	1426
1978	1470
1978	1475
1978	1491
1978	1513
1978	1592
1978	1603
1978	1630
1978	1634
1978	1643
1978	1653
1978	659
1978	1668
1978	1685
1978	1692
1978	1754
1978	1773
1978	1813
1978	1838
1978	1908
1978	1926
1978	1928
1978	1938
1978	1954
1978	1972
1978	1998
1303	1472
1303	1799
1303	1814
1303	1954
1487	1286
1487	1840
1487	1853
1487	1949
1487	1986
1069	1526
1069	1944
1526	1330
1526	1703
1526	1885
1944	1221
1944	1245
1944	1434
1944	1548
1944	1601
1944	1612
1944	1669
1944	1675
1944	1738
1944	1744
1944	1789
1944	1815
1944	1827
1944	1872
1944	1880
1944	1892
1944	1898
1944	1929
1944	1963
660	244
660	322
660	370
660	804
660	935
660	975
850	476
850	524
850	575
850	724
850	728
850	881
850	908
850	983
68	318
68	575
68	891
318	361
318	528
318	907
575	546
575	605
575	766
891	230
891	252
891	300
891	394
891	1625
891	675
891	766
891	768
891	812
891	833
891	838
891	849
891	941
891	947
891	962
1070	1718
1070	1877
1718	1112
1718	1248
1718	1497
1718	1604
1718	1731
1718	1789
1718	1967
1877	1163
1877	1333
1877	1344
1877	1349
1877	1488
1877	1520
1877	1586
1877	1787
1877	1800
1877	1803
1877	1928
1877	1943
1877	1962
1877	1963
1877	1972
69	621
69	836
69	905
621	127
621	403
621	488
621	601
621	617
621	784
836	118
836	241
836	298
836	565
836	588
836	730
836	795
836	800
836	900
905	361
905	501
905	518
905	529
905	612
905	639
905	703
905	710
905	716
905	782
905	786
905	1892
905	920
905	947
1071	1369
1071	1646
1369	1416
1369	1861
1646	1083
1646	1283
1646	1618
1646	1774
1646	1943
1646	1957
1072	1256
1072	1783
1072	1802
1072	1938
1256	1242
1256	1694
1256	1758
1783	1306
1783	1361
1783	1588
1783	1693
1783	1851
1783	1873
1783	1967
1783	1975
1783	1999
1802	1209
1802	1283
1802	1339
1802	1469
1802	1569
1802	1677
1802	1915
1802	1953
1802	1983
1802	1987
1938	1090
1938	1114
1938	1117
1938	1159
1938	1249
1938	1347
1938	1517
1938	1617
1938	1635
1938	1790
1938	1800
1938	1813
1938	1887
1938	1900
1938	1915
1938	1934
1938	1962
70	797
70	994
797	136
797	787
797	791
797	795
797	819
797	865
797	875
797	894
797	931
797	939
994	159
994	166
994	1287
994	305
994	310
994	314
994	361
994	422
994	431
994	477
994	544
994	549
994	568
994	578
994	702
994	762
994	781
994	813
994	826
994	835
994	839
994	845
994	849
994	877
994	918
994	920
994	921
994	991
71	688
71	699
71	925
71	949
688	239
688	435
688	623
688	1654
688	709
688	873
699	194
699	196
699	258
699	1407
699	386
699	561
699	616
699	646
699	894
925	82
925	117
925	253
925	325
925	363
925	369
925	397
925	406
925	454
925	568
925	759
925	844
925	853
925	869
925	926
949	193
949	602
949	626
949	652
949	673
949	700
949	728
949	755
949	791
949	831
949	849
949	853
949	855
949	1873
949	880
949	935
949	967
1073	1373
1073	1471
1073	1962
1373	1154
1373	1205
1373	1986
1471	1357
1471	1387
1471	1757
1962	1100
1962	1230
1962	1337
1962	1450
1962	1479
1962	1551
1962	1556
1962	1562
1962	1729
1962	1788
1962	1821
1962	1839
1962	1843
1962	1884
1962	1915
1962	1976
1962	1999
1074	1668
1074	1927
1074	1999
1668	1125
1668	1152
1668	1178
1668	1362
1668	1635
1927	1330
1927	1430
1927	1516
1927	1529
1927	1612
1927	1628
1927	1661
1927	1666
1927	1672
1927	1720
1927	1738
1927	1795
1927	1831
1927	1886
1927	1906
1927	1949
1999	1081
1999	1095
1999	1108
1999	1125
1999	1139
1999	1291
1999	1470
1999	1542
1999	1547
1999	1586
1999	1661
1999	1742
1999	1743
1999	1755
1999	1768
1999	1769
1999	1777
1999	1792
1999	1801
1999	1861
1999	1873
1999	1886
1999	1895
1999	1909
1999	1954
1999	1966
1999	1973
1999	1974
1075	1470
1075	1719
1075	1935
1075	1953
1470	1762
1719	1077
1719	1252
1719	1431
1719	1697
1719	1735
1719	1797
1935	1138
1935	1347
1935	1378
1935	1438
1935	1524
1935	1582
1935	1691
1935	1737
1935	1749
1935	1762
1935	776
1935	1828
1935	1857
1935	1880
1935	1893
1935	1896
1935	1936
1935	1986
1953	1270
1953	1338
1953	1407
1953	1502
1953	1512
1953	1631
1953	1709
1953	1803
1953	1815
1953	1840
1953	1849
1953	1868
1953	1898
1953	1925
1953	1926
1953	1929
1953	1934
1953	942
1953	1974
72	540
72	922
72	936
540	493
540	601
540	841
540	1915
922	159
922	217
922	453
922	462
922	548
922	588
922	638
922	713
922	765
922	791
922	799
922	1803
922	832
936	139
936	573
936	632
936	667
936	757
936	765
936	771
936	814
936	833
936	853
936	857
936	961
936	985
936	991
1076	1350
1076	1543
1076	1975
1076	1998
1350	1304
1350	1412
1350	1739
1350	1884
1543	1252
1543	1675
1543	1798
1543	1915
1975	1241
1975	1280
1975	1393
1975	1407
1975	1455
1975	1509
1975	1533
1975	1664
1975	1726
1975	1766
1975	1779
1975	1797
1975	1805
1975	1829
1975	1831
1975	1846
1975	1895
1975	1929
1975	1963
1975	1966
1998	1142
1998	1185
1998	1251
1998	1351
1998	1444
1998	1447
1998	1524
1998	1557
1998	1659
1998	1676
1998	1723
1998	1758
1998	1777
1998	1784
1998	1792
1998	1815
1998	1823
1998	1840
1998	1852
1998	1853
1998	1854
1998	1892
1998	1967
1998	1984
1077	1872
1077	1987
1872	1245
1872	1274
1872	1510
1872	1879
1872	1900
1872	1926
1872	1958
1987	1078
1987	1123
1987	1146
1987	1179
1987	230
1987	1244
1987	1328
1987	1406
1987	1485
1987	1498
1987	1504
1987	1566
1987	1588
1987	1716
1987	1727
1987	1748
1987	1785
1987	1819
1987	1836
1987	1878
1987	1886
1987	1895
1987	1912
1987	1947
1987	1954
1987	1966
1987	1970
1987	1976
1078	1126
1078	1429
1078	1793
1126	1500
1126	1660
1429	1150
1429	1412
1429	1489
1429	1908
1429	967
1793	1141
1793	1201
1793	1472
1793	1815
1793	1827
1793	1832
1793	1926
1793	1937
73	708
73	785
708	157
708	243
708	419
708	637
708	643
708	722
708	919
708	921
785	209
785	257
785	348
785	464
785	650
785	722
785	918
785	941
785	970
1079	1099
1079	188
1079	1364
1099	1275
1099	1533
1099	1914
188	828
1364	1663
1364	1829
1080	1098
1080	1396
1080	1521
1080	1906
1098	1189
1098	1421
1098	1453
1396	1346
1396	1571
1396	1729
1396	1914
1521	1223
1521	1353
1521	1591
1521	1748
1521	1801
1521	1895
1906	1113
1906	1251
1906	1376
1906	1427
1906	1428
1906	1516
1906	650
1906	1743
1906	1797
1906	1800
1906	1823
1906	1829
1906	1895
1906	1896
1906	1909
1081	1790
1081	1838
1081	1972
1790	1174
1790	1221
1790	1247
1790	1621
1790	1936
1838	1086
1838	1250
1838	1442
1838	1539
1838	1690
1838	734
1838	1769
1838	1781
1838	1807
1838	1936
1838	1947
1972	1093
1972	1182
1972	1244
1972	1279
1972	1331
1972	1397
1972	1431
1972	1661
1972	1686
1972	1695
1972	1702
1972	1756
1972	1819
1972	1824
1972	1900
1972	1915
1972	1925
1972	1929
1972	1974
74	173
74	476
74	493
173	158
173	248
476	163
476	852
493	658
493	760
493	799
493	883
1082	1250
1082	1412
1082	1752
1250	1501
1412	1949
1752	1118
1752	1588
1752	1781
1752	1784
1752	1785
1752	1800
1752	1852
1752	1884
1752	1941
1083	1566
1083	1846
1083	1886
1566	1558
1566	1601
1566	1634
1566	1983
1846	1146
1846	1179
1846	1228
1846	1319
1846	1431
1846	1513
1846	1514
1846	1610
1846	1658
1846	1815
1846	1851
1846	1863
1846	1947
1886	1355
1886	1436
1886	1537
1886	1747
1886	1801
1886	1839
1886	1898
1886	1947
1886	1949
1886	1973
1886	1986
1886	1993
75	131
75	448
75	680
131	186
131	530
131	991
448	86
448	147
448	198
448	828
680	178
680	359
680	494
680	842
680	844
680	885
76	121
76	584
121	983
584	189
584	364
584	404
584	503
584	880
584	904
1084	1423
1084	1661
1084	1842
1084	1893
1423	1580
1423	1754
1661	1110
1661	1237
1842	1267
1842	1402
1842	1450
1842	1501
1842	1503
1842	1603
1842	1630
1842	1714
1842	771
1893	1485
1893	1522
1893	1532
1893	1547
1893	1607
1893	1691
1893	1857
1893	1861
1893	1900
1893	1902
1893	1967
1893	1970
1085	1958
1958	1151
1958	1172
1958	1196
1958	1272
1958	1377
1958	1581
1958	1590
1958	1592
1958	1659
1958	1679
1958	1683
1958	1687
1958	1697
1958	1707
1958	1732
1958	1767
1958	1774
1958	1779
1958	1785
1958	1885
1958	941
1958	1974
1958	1984
1086	1632
1086	952
1632	1172
1632	1509
1632	1744
1632	1773
1632	1934
1632	1943
952	102
952	226
952	265
952	268
952	683
952	754
952	757
952	819
952	833
952	838
952	869
952	933
952	938
952	939
952	970
952	985
77	646
77	879
77	883
646	665
646	732
646	845
879	262
879	467
879	490
879	507
879	548
879	591
879	619
879	710
879	715
879	788
879	887
879	970
883	270
883	604
883	608
883	682
883	735
883	737
883	748
883	763
883	803
883	871
883	938
1087	1228
1087	1360
1087	1587
1228	1141
1228	1451
1360	1481
1360	1691
1587	1155
1587	1453
1587	1461
1587	1494
1587	1736
1587	1821
78	878
78	968
878	87
878	154
878	310
878	366
878	763
878	1831
878	908
878	927
878	978
968	156
968	356
968	400
968	524
968	532
968	542
968	624
968	654
968	674
968	717
968	750
968	763
968	880
968	881
79	790
790	206
790	555
790	574
790	592
790	796
790	853
790	964
790	975
790	978
80	471
80	515
80	812
471	197
471	470
471	718
471	972
515	604
515	616
515	962
515	991
812	596
812	636
812	658
812	681
812	763
812	803
812	938
81	199
81	488
81	643
81	991
199	652
488	433
488	466
488	685
643	376
643	585
643	919
991	146
991	233
991	304
991	323
991	373
991	436
991	447
991	509
991	590
991	596
991	668
991	677
991	714
991	721
991	728
991	770
991	806
991	809
991	875
991	931
991	939
991	967
82	392
82	834
392	94
392	204
392	762
834	172
834	367
834	421
834	596
834	783
834	881
834	882
834	985
1088	1198
1088	1224
1088	1993
1198	1158
1198	1607
1198	1963
1224	1764
1993	1193
1993	1252
1993	1258
1993	1272
1993	1308
1993	1389
1993	1410
1993	1419
1993	1501
1993	1522
1993	1551
1993	1647
1993	1676
1993	1685
1993	1721
1993	1735
1993	1751
1993	1756
1993	1768
1993	1779
1993	1797
1993	1805
1993	1813
1993	1823
1993	1881
1993	1914
1993	1966
517	163
517	260
517	477
517	635
517	953
659	632
659	839
659	972
946	119
946	144
946	217
946	228
946	278
946	348
946	498
946	559
946	600
946	668
946	781
946	865
946	874
946	880
946	894
946	903
85	505
85	628
505	168
505	886
505	938
628	128
628	1186
628	438
628	499
628	627
628	927
86	411
86	754
411	443
411	582
411	775
754	198
754	523
754	536
754	825
754	887
754	921
87	596
87	861
596	633
596	721
596	997
861	149
861	343
861	477
861	616
861	820
861	826
861	853
861	915
861	933
861	972
1089	1167
1089	1823
1089	1829
1089	1984
1167	1238
1167	1339
1167	1660
1823	1240
1823	1414
1823	466
1823	1647
1823	1795
1823	1800
1823	1850
1829	1191
1829	1351
1829	1448
1829	1492
1829	1539
1829	1721
1829	1723
1829	1850
1829	1881
1984	1234
1984	1255
1984	1284
1984	1297
1984	1299
1984	1333
1984	1393
1984	1421
1984	1432
1984	1443
1984	1553
1984	1594
1984	1658
1984	1797
1984	1850
1984	1853
1984	1885
1984	1919
1984	1925
1984	1943
1984	1963
1984	1966
1984	983
1984	1986
1090	1183
1090	1271
1183	1453
1183	1967
1271	1129
1271	1357
1271	1374
1091	1925
1925	1236
1925	1428
1925	1446
1925	1466
1925	1545
1925	1689
1925	1821
1925	1832
1925	1912
1925	1947
1925	1954
88	871
88	885
871	237
871	241
871	390
871	661
871	704
871	748
871	768
871	803
871	877
871	915
871	975
885	285
885	457
885	571
885	592
885	617
885	800
885	1805
885	851
885	931
885	942
885	983
89	243
89	770
243	142
243	672
770	105
770	255
770	268
770	654
770	844
90	316
90	556
90	805
316	734
316	873
556	983
556	997
805	174
805	256
805	670
805	737
805	804
805	835
805	876
470	769
470	985
961	209
961	258
961	487
961	554
961	579
961	580
961	673
961	678
961	746
961	772
961	776
961	875
961	876
961	907
961	908
961	942
961	944
961	990
972	122
972	178
972	271
972	274
972	427
972	429
972	432
972	527
972	541
972	551
972	586
972	766
972	1771
972	784
972	875
972	962
972	978
92	863
92	978
863	161
863	266
863	303
863	585
863	722
863	735
863	756
863	786
863	827
863	935
863	962
978	99
978	103
978	172
978	255
978	256
978	524
978	595
978	612
978	641
978	657
978	689
978	690
978	724
978	751
978	801
978	802
978	855
978	869
978	897
978	941
115	387
115	451
115	625
95	209
95	549
95	904
209	555
549	245
549	354
549	985
904	288
904	516
904	610
904	1713
904	715
904	786
904	821
904	869
904	918
904	933
904	970
1307	1517
516	436
516	795
516	825
516	876
802	106
802	479
802	564
802	654
802	796
97	389
97	482
97	737
389	377
389	825
389	933
482	832
737	419
737	627
737	681
737	690
737	832
737	927
1093	1310
1093	1873
1310	1449
1310	1501
1873	1103
1873	1390
1873	1653
1873	1664
1873	1681
1873	1754
1873	1811
1873	1934
1094	1194
1094	1784
1094	1941
1194	1768
1194	1908
1784	1481
1784	1485
1784	1779
1784	1781
1941	1176
1941	1217
1941	1323
1941	1347
1941	1468
1941	1630
1941	1635
1941	1676
1941	1689
1941	1698
1941	1716
1941	1728
1941	1744
1941	1754
1941	1896
1941	1919
1095	1464
1095	1621
1464	1236
1464	1244
1464	1422
1464	1766
1621	1400
1621	1686
1621	1809
1621	1812
1621	1916
98	295
98	835
98	918
295	447
295	633
295	672
295	877
835	458
835	518
835	568
835	735
835	796
835	907
835	935
835	975
918	276
918	284
918	407
918	495
918	551
918	746
918	808
918	873
918	882
918	931
918	935
918	941
918	944
1857	1400
1857	1437
1857	1474
1857	1643
1857	1669
1857	1770
1857	1812
1857	1908
1857	1995
1861	1443
1861	1652
1861	1670
1861	1724
1861	1754
1861	1764
1861	1909
1861	1926
1861	1928
1861	1929
1861	1995
99	637
99	776
637	170
637	301
637	875
637	919
637	941
776	523
776	633
776	704
776	842
776	849
776	888
776	985
1189	1136
1189	1575
1421	1302
1421	1795
1421	1799
1453	1197
1275	1466
1275	1827
1275	1930
1533	1248
1533	1398
1533	1926
1914	1103
1914	1264
1914	1265
1914	1270
1914	1294
1914	1411
1914	1442
1914	1446
1914	1482
1914	1798
1914	1813
1914	1843
1914	1916
1100	1292
1292	1885
100	151
100	198
100	674
151	155
151	739
151	743
674	114
674	223
674	788
674	793
674	814
674	820
1532	1717
1532	1880
1532	1929
1532	1934
1898	1107
1898	1325
1898	1514
1898	1557
1898	1578
1898	1649
1898	1701
1898	1966
1898	1983
1902	1249
1902	1517
1902	1715
1902	1732
1902	1735
1902	1773
1902	1867
1902	1896
1902	1936
1902	1963
1102	1627
1102	1703
1627	1490
1627	1690
1627	1707
1627	1947
1627	1970
1703	1135
1703	1300
1703	1635
1703	1664
1703	1789
1103	1139
1103	1598
1139	1450
1139	1920
1598	1787
1598	1851
1598	1954
1598	1963
101	158
101	921
158	683
921	106
921	139
921	272
921	281
921	472
921	633
921	662
921	730
921	771
921	828
921	840
921	851
921	862
921	913
921	942
921	967
1104	1574
1104	1698
1104	1916
1574	1376
1574	1737
1574	1761
1574	1774
1698	1230
1698	1747
1698	1769
1698	1850
1698	1966
1916	1482
1916	1735
1916	1773
1916	1821
1916	1828
1916	1853
1916	1879
1916	1892
1916	1908
1916	1956
1916	1986
102	149
102	286
102	842
286	293
286	990
842	357
842	570
842	729
842	938
1105	1482
1105	1836
1482	1768
1482	1983
1836	1181
1836	1293
1836	1308
1836	380
1836	1619
1836	1620
1836	1636
1836	1692
1836	1774
1836	1954
1106	1669
1106	1676
1106	1832
1669	1134
1669	1432
1669	1815
1669	1956
1669	1976
1676	1113
1676	1304
1676	1628
1832	1212
1832	1279
1832	1332
1832	1549
1832	1777
1832	1913
1832	1915
1832	1986
1107	1768
1768	1498
1768	721
1768	1744
1768	1831
1768	1847
103	322
103	838
322	900
322	997
838	177
838	459
838	604
838	793
838	855
838	944
838	985
104	591
104	652
591	706
591	875
591	900
591	920
591	939
652	526
652	530
652	782
652	962
1108	1709
1108	1819
1108	1854
1709	1362
1709	1631
1709	1895
1709	1995
1819	1135
1819	1327
1819	1573
1819	1581
1819	1666
1819	1679
1819	1787
1819	1892
1819	1895
1819	1903
1854	1516
1854	1567
1854	1580
1854	807
1854	1820
1854	1826
1854	1895
1854	1903
1854	1937
1854	1949
1854	1970
1109	1597
1109	1682
1597	1385
1597	1681
1597	1937
1682	1120
1682	1717
1682	1735
1682	1754
1110	1409
1409	1892
1409	1913
1111	1285
1111	1356
1285	1828
1285	1973
1356	1437
1356	1737
1356	1954
1356	1973
105	528
105	648
105	983
528	379
528	746
528	760
528	931
648	201
648	379
648	385
648	497
648	799
648	964
983	116
983	165
983	276
983	362
983	399
983	420
983	690
983	736
983	751
983	788
983	794
983	798
983	827
983	880
983	882
983	903
983	913
983	941
983	964
983	975
983	990
106	997
997	192
997	366
997	369
997	454
997	523
997	529
997	532
997	571
997	606
997	641
997	661
997	704
997	735
997	1758
997	794
997	823
997	851
997	874
997	881
997	886
677	386
677	477
677	490
677	494
938	238
938	274
938	382
938	387
938	457
938	508
938	663
938	681
938	691
938	717
938	815
938	844
938	846
938	877
938	897
1112	1239
1112	1442
1112	1715
1239	1258
1239	1386
1239	1747
1442	1786
1715	1127
1715	1319
1715	1720
1715	1764
1113	1193
1193	1673
1193	1713
348	755
1114	1325
1114	1530
1114	1949
1325	1809
1530	1417
1530	1551
1530	1750
1949	1359
1949	1448
1949	1480
1949	1545
1949	1617
1949	1662
1949	1766
1949	1920
1949	1957
397	264
397	815
397	827
431	137
431	506
431	600
779	167
779	682
779	751
779	881
779	886
110	557
110	942
110	970
557	277
557	503
557	657
557	702
557	801
942	117
942	141
942	154
942	165
942	255
942	408
942	420
942	610
942	715
942	801
942	873
942	935
970	118
970	130
970	257
970	263
970	282
970	369
970	430
970	499
970	551
970	586
970	614
970	656
970	662
970	869
970	907
970	967
111	334
111	683
111	743
111	830
334	245
683	297
683	736
683	783
683	926
743	125
743	428
743	690
743	745
743	796
743	962
830	245
830	284
830	289
830	317
830	406
830	462
830	577
830	730
830	813
830	840
830	869
830	953
1115	1903
1115	1920
1903	1252
1903	1287
1903	1319
1903	1585
1903	1662
1903	1751
1903	1868
1903	1929
1903	1936
1903	1943
1903	1974
1920	1125
1920	1358
1920	1416
1920	1419
1920	1582
1920	1633
1920	1693
1920	1697
1920	1803
1920	1915
1920	1966
1920	1967
1920	1974
1116	1272
1116	1636
1116	1880
1636	1181
1636	1353
1636	1404
1636	1803
1880	1187
1880	1246
1880	1547
1880	1660
1880	1742
1880	1794
1880	1811
1880	1900
1880	1913
1880	1947
1117	1716
1117	1747
1117	953
1716	1711
1716	1878
1716	1887
1716	1943
1747	1868
1747	1887
1747	1943
953	117
953	341
953	366
953	433
953	478
953	483
953	537
953	635
953	739
953	760
953	794
953	823
953	886
953	926
953	947
766	524
766	670
766	721
766	724
962	153
962	315
962	391
962	425
962	611
962	769
962	788
962	822
962	841
962	990
964	141
964	268
964	274
964	333
964	425
964	1457
964	453
964	459
964	564
964	625
964	728
964	804
964	808
964	813
964	876
1118	1273
1118	1556
1273	1338
1273	1943
1556	1538
1556	1567
1556	1738
1556	1853
114	436
436	511
436	858
387	249
387	495
387	826
451	177
451	709
451	757
625	420
625	526
625	827
625	985
116	592
116	822
592	649
592	740
592	757
592	1754
592	823
822	254
822	405
822	555
822	582
822	641
822	750
822	875
1119	1537
1537	1358
1537	1653
1120	1284
1284	1881
117	799
799	269
799	315
799	560
799	604
799	704
799	747
1121	1459
1121	1573
1573	1386
1573	1545
1573	1609
1573	1792
1573	1976
1122	1237
1122	1362
1122	1677
1237	1915
1362	1493
1677	1173
1677	1320
1677	1908
1677	1966
1123	1241
1123	1562
1241	1867
1562	1435
1562	1769
1562	1926
1124	1527
1124	1799
1124	1827
1124	1867
1527	1410
1527	1511
1527	1551
1799	1129
1799	1649
1799	1721
1799	1868
1799	1928
1799	1983
1827	1176
1827	1223
1827	1240
1827	1572
1827	1638
1827	1674
1827	1749
1827	1840
1867	1154
1867	1283
1867	1403
1867	1468
1867	1814
1867	1849
1867	1909
1867	1943
1867	1963
119	798
119	933
798	265
798	353
798	681
798	723
798	781
798	820
933	301
933	402
933	427
933	459
933	546
933	633
933	729
933	828
933	875
933	935
120	282
120	440
120	714
120	913
282	191
282	376
440	919
714	187
714	386
714	410
714	466
714	503
714	740
714	886
913	202
913	221
913	271
913	391
913	500
913	514
913	602
913	691
913	723
913	751
913	768
913	781
1125	1344
1344	1622
1500	1619
1500	1929
1500	1974
1660	1259
1660	1618
1660	1847
1660	1947
1127	1490
1127	1720
1490	1280
1490	1348
1720	1140
1720	1448
1720	1449
1720	1450
1720	1472
1720	1821
1128	1401
1128	1744
1128	1887
1401	1337
1401	1529
1401	1601
1744	1585
1744	1625
1744	1643
1887	1165
1887	1340
1887	1640
1887	1649
1887	1662
1887	663
1887	1934
1887	1954
1887	1957
122	251
122	434
122	570
251	874
251	900
434	512
434	640
570	433
570	496
570	720
570	855
570	907
1129	1794
1794	1293
1794	1493
1794	1581
1794	1756
1794	1792
1794	1929
1794	1986
123	313
123	447
123	595
313	783
313	907
447	1296
447	667
447	990
595	292
595	360
595	839
595	841
595	915
124	386
124	576
124	585
124	967
386	755
386	772
576	635
576	681
576	853
576	931
585	203
585	731
585	832
967	136
967	216
967	223
967	228
967	252
967	390
967	402
967	489
967	626
967	656
967	657
967	667
967	825
967	846
967	882
967	915
967	944
967	975
125	796
125	931
796	821
796	845
796	935
796	941
931	378
931	407
931	534
931	635
931	806
931	869
931	887
931	1966
126	254
126	944
254	298
254	639
254	849
944	221
944	277
944	302
944	380
944	412
944	428
944	467
944	498
944	506
944	649
944	808
944	832
1130	1976
1976	1220
1976	1267
1976	1315
1976	1491
1976	1529
1976	1591
1976	1619
1976	1711
1976	1721
1976	1742
1976	1767
1976	1797
1976	1807
1976	1900
1976	1913
1976	1928
1976	1995
1131	1351
1131	1696
1131	1743
1131	1868
1696	1142
1696	1265
1696	1878
1696	1973
1743	1211
1743	1281
1743	1570
1743	1651
1743	1750
1743	1957
1743	1983
1868	1316
1868	1395
1868	1461
1868	1535
1868	1586
1868	1707
1868	1767
1868	1770
1868	1787
1868	1840
127	297
127	469
127	500
297	560
297	730
469	194
469	690
469	740
469	759
500	579
500	580
500	640
128	154
128	269
128	821
154	174
269	253
269	807
821	244
821	275
821	298
821	338
821	435
821	667
821	947
821	990
129	372
129	985
372	496
985	146
985	345
985	552
985	586
985	602
985	639
985	679
985	700
985	736
985	769
985	786
985	806
985	900
985	903
1132	1451
1132	1515
1132	1895
1451	1491
1451	1934
1451	1947
1515	1147
1515	1821
1895	1234
1895	1255
1895	1295
1895	1433
1895	1475
1895	1578
1895	1704
1895	1814
1895	1957
130	135
130	479
130	846
135	560
135	832
135	1849
479	617
479	649
846	234
846	312
846	443
846	512
846	627
846	826
846	920
186	290
186	876
530	380
530	408
530	947
1133	1606
1133	1986
1606	1479
1606	1564
1606	1770
1606	1929
1606	1973
1986	1209
1986	1210
1986	1251
1986	1295
1986	1345
1986	1389
1986	1393
1986	1426
1986	1499
1986	1513
1986	1552
1986	1639
1986	1678
1986	1813
1986	1828
1986	1900
1986	1934
1134	1488
1134	1724
1134	1956
1488	1212
1724	1175
1724	1213
1724	1268
1724	1553
1724	1609
1724	1828
1724	1858
1956	1509
1956	1552
1956	1564
1956	1653
1956	1659
1956	1722
1956	1779
1956	1813
1956	1879
1956	1885
1956	1896
1956	1929
1956	1974
1956	1995
132	563
563	903
563	927
133	762
762	657
762	771
134	483
134	536
134	543
483	775
536	309
536	353
536	481
536	772
536	941
543	315
543	503
543	545
1136	1605
1136	1798
1136	1821
1605	1309
1605	1355
1605	1546
1605	1764
1605	1974
1798	1452
1798	1581
1798	1642
1798	1738
1798	1751
1798	1858
1821	1169
1821	1318
1821	1437
1821	1773
560	245
560	869
832	289
832	509
832	611
832	663
832	745
832	784
1849	1374
1849	1384
1849	1550
1849	1642
1849	1731
1849	1879
1849	1881
1137	1659
1137	1807
1659	1520
1659	1686
1659	1930
1807	1326
1807	1449
1807	1607
1807	1853
1807	1983
1138	1266
1138	1826
1266	1733
1266	1878
1266	1995
1826	1201
1826	1268
1826	1372
1826	1405
1826	1457
1826	1721
1826	1912
1826	1983
1450	1930
1450	1937
1140	1531
1531	1146
1531	1200
1531	1545
1531	1815
1531	1970
1141	1983
1983	1162
1983	1214
1983	1216
1983	1261
1983	1289
1983	1316
1983	1504
1983	1549
1983	1620
1983	1645
1983	1647
1983	1662
1983	1735
1983	1737
1983	1758
1983	1813
1983	1881
1983	1934
1983	1936
1983	1973
1142	1274
1142	1926
1274	632
1274	1750
1274	1812
1926	1145
1926	1240
1926	1331
1926	1358
1926	1446
1926	1467
1926	1564
1926	1692
1926	1878
1926	1915
1926	1930
136	651
651	217
651	285
651	310
651	598
651	808
137	406
137	806
137	831
406	184
406	421
806	195
806	390
806	875
806	939
831	258
831	375
831	689
831	1733
831	795
831	903
138	156
138	690
138	769
138	825
156	429
156	897
690	415
690	636
690	882
769	296
769	357
769	455
769	787
769	804
769	814
769	849
825	302
825	429
825	503
825	542
825	627
825	736
825	851
825	853
1143	1168
1143	1291
1143	1762
1168	1731
1168	1750
1168	1995
1291	1590
1291	926
1762	1695
1762	1701
1762	1915
139	275
139	400
275	263
275	491
275	803
400	601
400	760
140	795
140	873
140	903
795	169
795	353
795	428
795	472
795	662
795	734
873	167
873	305
873	417
873	473
873	474
873	888
903	169
903	342
903	356
903	582
903	757
903	1751
903	875
903	919
1144	1769
1144	1811
1769	1180
1769	1226
1769	1758
1769	1974
1769	1995
1811	1612
1811	1640
1811	1689
1811	1773
1811	1815
1811	1850
1811	1851
1811	1930
1145	1378
1145	1681
1378	1444
1378	1957
1681	1319
1681	1458
1681	1554
1681	1683
1681	1701
1146	1820
1820	1315
1820	1398
1820	1460
1820	1539
1820	1617
1820	1704
1820	1726
1820	1742
141	649
649	352
649	518
1147	1529
1147	1552
1529	1294
1529	882
1552	1199
1148	1564
1148	1765
1765	1289
1765	1448
1765	1460
1765	1625
1765	1912
1765	1943
1801	1400
1801	1575
1801	1645
1801	1663
1801	1679
1801	1725
1801	1731
1801	1900
1801	1908
1801	1966
142	658
142	736
142	935
658	346
658	710
658	865
935	463
935	521
935	707
935	717
935	801
935	814
935	826
935	857
920	390
920	550
920	554
920	632
920	638
920	678
920	682
920	814
920	876
920	881
144	781
144	869
781	358
781	676
781	689
781	755
781	827
869	292
869	452
869	512
869	550
869	676
869	1764
869	772
1150	1858
1858	1173
1858	1435
1858	1674
1858	1725
1858	1771
1858	1843
1858	1850
1858	1885
1858	1934
145	855
855	373
855	463
855	927
855	975
146	429
146	481
429	412
481	579
481	665
481	827
1151	1542
1151	1770
1542	1501
1542	1633
1542	1756
1542	1795
1770	210
1770	1454
1770	1460
1770	1601
1770	1777
147	586
586	356
586	641
586	782
148	402
148	473
148	729
402	926
473	399
473	691
473	886
729	304
729	501
729	565
729	744
729	751
728	310
728	1420
728	759
728	927
841	502
841	622
841	704
841	784
841	881
1152	1372
1152	1701
1152	1767
1372	1725
1372	1764
1701	1343
1701	1370
1701	1465
1701	1723
1767	1278
1767	1355
1767	1431
1767	1495
1767	1604
155	673
155	814
739	229
739	672
739	804
152	619
152	663
619	298
619	582
619	820
619	947
663	338
663	424
663	632
153	435
153	664
435	881
664	366
664	718
664	746
664	915
174	622
673	187
673	457
673	681
673	750
814	352
814	571
814	614
814	703
1153	1463
1153	1884
1153	1995
1463	1432
1463	1739
1463	1805
1884	1169
1884	1523
1884	1538
1884	1786
1884	1967
1995	1235
1995	1348
1995	1377
1995	1382
1995	1406
1995	1444
1995	1586
1995	1645
1995	662
1995	1723
1995	1732
1995	1761
1995	1781
1995	1809
1995	1828
1995	1847
1995	1850
1995	1937
1995	1974
897	266
897	398
897	453
897	497
897	534
897	606
897	678
897	681
897	746
897	820
897	900
897	947
1154	1672
1672	1437
1672	1540
1672	1572
1672	1683
1672	1761
1672	1809
1155	1248
1248	1754
1248	1847
157	175
157	819
157	876
175	257
819	202
819	376
819	533
819	626
819	684
819	760
819	768
819	845
819	927
876	426
876	463
876	544
876	765
876	844
876	894
876	919
876	941
1156	1934
1156	1947
1156	1966
1934	1443
1934	1504
1934	1607
1934	1702
1934	1736
1934	1786
1934	1792
1934	1809
1934	1915
1947	1238
1947	1334
1947	1335
1947	1370
1947	1382
1947	1433
1947	1567
1947	1628
1947	1714
1947	1828
1947	1843
1947	1879
1947	1929
1947	1943
1966	1293
1966	1335
1966	1511
1966	1633
1966	1651
1966	1697
1966	1711
1966	1777
1966	1813
1966	1851
1966	1912
1966	1973
159	532
159	851
532	880
851	183
851	466
851	926
851	975
851	990
160	264
160	544
160	610
264	340
264	852
544	253
544	486
544	862
610	221
610	840
610	900
1157	1739
1157	1881
1739	1253
1739	1374
1739	1539
1739	1643
1881	1405
1881	1540
1881	1614
1881	1757
1881	1789
1881	1879
1881	1963
1881	1967
1881	1974
161	405
161	786
405	187
405	514
405	561
405	611
786	339
786	612
786	691
786	888
162	590
162	794
590	587
590	588
590	668
590	775
794	276
794	404
794	521
794	568
1158	1323
1158	1489
1323	1354
1489	1654
1489	1828
164	187
164	484
484	571
165	853
853	228
853	352
853	371
853	446
853	554
853	732
853	844
853	858
1159	1785
1159	1788
1159	1963
1785	1457
1785	1736
1785	1831
1788	1221
1788	1484
1788	1575
1788	1812
1963	1196
1963	1302
1963	1381
1963	1430
1963	1435
1963	1559
1963	1571
1963	1713
1963	1756
1963	1803
1963	1900
1963	1954
166	675
166	827
166	877
675	409
675	537
675	635
675	759
675	788
827	578
827	804
827	894
877	207
877	273
877	350
877	801
877	839
877	875
877	941
877	975
877	990
167	345
345	271
345	887
168	252
168	403
252	875
403	809
169	288
169	747
288	874
747	612
747	760
747	823
747	887
747	908
1594	1210
1594	1395
1594	1454
1594	1717
1594	1850
1626	1407
1626	1503
1626	1514
1626	1909
1626	1930
1161	1468
1161	1499
1468	1400
1468	1908
1499	1327
1499	1413
1499	1458
1499	1560
281	183
281	947
561	577
561	706
1162	1407
172	657
657	327
657	509
657	622
248	414
248	1736
622	399
622	624
622	839
1163	1516
1163	1885
1516	1554
1885	1498
1885	1553
1885	1614
1885	1678
1885	1713
1885	1896
1885	1954
1165	1434
1165	1775
1165	1908
1434	1786
1775	438
1775	1558
1775	1690
1775	1913
1908	1264
1908	1427
1908	1614
1908	1707
1908	1843
1908	1930
176	333
176	670
333	875
670	732
670	927
670	939
1166	1366
1166	1957
1366	1229
1366	1340
1366	1748
1957	1265
1957	1382
1957	1385
1957	1395
1957	1638
1957	1675
1957	1781
1957	1800
1957	1912
1957	1915
1957	1929
1339	1687
1339	1735
1339	1757
1731	1828
1750	1215
1750	1341
1750	1374
1750	1418
1750	1967
1169	1699
1699	1585
1699	1630
1699	1777
1699	1936
177	438
177	748
438	840
748	682
1170	1214
1170	1260
1170	1402
1170	1974
1214	1805
1260	1306
1260	1447
1260	1655
1402	1178
1402	1840
1402	1847
1974	1204
1974	1382
1974	1438
1974	1557
1974	1663
1974	1689
1974	1704
1974	1764
1974	1779
1974	887
1974	1928
1974	1954
1171	1208
1171	1631
1171	1809
1171	1824
1208	1336
1208	1711
1631	1173
1631	1213
1631	1721
1631	1800
1631	1915
1809	1177
1809	1246
1809	1399
1809	1723
1809	1847
1809	1973
1824	1223
1824	1286
1824	1389
1824	1514
1824	1596
1824	1618
1824	1666
1824	1967
1172	1748
1748	1355
1748	1410
1748	1479
1748	1702
1748	1936
763	216
763	442
763	689
763	755
793	579
793	587
793	609
793	636
793	710
793	740
793	919
1173	1226
180	464
180	494
464	720
494	453
494	510
494	521
494	990
1174	1694
1174	1766
1694	1590
1694	1792
1766	1343
1766	1549
1766	1655
1766	1666
1766	1678
1766	1774
1175	1909
1909	1259
1909	1341
1909	1348
1909	1376
1909	1654
1909	1764
1909	1847
1909	1878
1909	1930
1909	1970
181	287
287	379
1176	1524
1176	1610
1524	1569
1524	1678
1524	1728
1610	1185
1610	1279
1610	1399
1610	1504
1610	1726
182	668
668	486
668	574
668	724
668	833
183	656
656	750
656	844
656	882
184	459
184	502
459	303
459	430
502	277
502	468
502	849
502	865
1177	1510
1177	1831
1177	1973
1510	1315
1510	1585
1831	1206
1831	1255
1831	1294
1831	1666
1831	1779
1973	1210
1973	1211
1973	1301
1973	1403
1973	1422
1973	1457
1973	1473
1973	1535
1973	1591
1973	1658
1973	1687
1973	1732
1973	1900
1973	1937
1973	1967
1320	1385
1320	1738
731	262
731	437
731	501
731	632
731	684
1178	1370
1178	1492
1370	1879
1492	1569
1180	1863
1863	270
1863	1414
1863	1797
1863	1814
1863	1839
1863	1912
1863	1936
1863	1937
1181	1652
1181	1919
1652	1427
1652	1592
1652	1690
1652	1853
1919	1190
1919	1213
1919	1265
1919	1299
1919	1417
1919	1553
1919	1580
1919	1629
1919	1686
1919	1814
1919	1967
1919	1970
290	566
1182	1771
1771	1296
1771	1591
1771	1674
1771	1795
1967	1304
1967	1322
1967	1419
1967	1432
1967	1503
1967	1522
1967	1601
1967	1671
1967	1787
828	398
828	641
828	707
828	813
828	862
189	523
189	840
523	676
523	919
840	662
840	704
840	839
840	857
840	926
190	559
190	650
190	1697
559	208
559	336
650	359
650	717
650	900
650	926
1697	1728
1697	1761
1697	1814
191	278
278	284
278	605
278	706
1185	1593
1185	1850
1593	1702
1593	1813
1850	1202
1850	1405
1850	1445
1850	1559
192	492
492	212
492	760
492	875
492	915
1187	1630
1187	1758
1630	1280
1630	1467
1630	1937
1758	1337
1758	1456
1758	1878
193	740
193	759
740	833
759	231
759	244
759	409
759	526
194	616
616	509
616	567
195	272
195	607
272	849
607	497
607	614
607	689
607	858
607	894
1188	1604
1188	1619
1188	1639
1604	1361
1604	1655
1604	1929
1619	1674
1619	1726
1619	1815
1619	1913
1639	1413
1639	852
1639	1936
1575	1851
1575	1853
196	260
196	326
196	941
260	888
260	919
326	250
941	327
941	367
941	638
941	667
941	713
941	756
941	771
941	784
941	815
197	533
533	336
533	358
1190	1192
1190	1679
1192	1690
1679	1203
1679	1289
1679	1551
1679	1633
1690	1936
200	526
200	975
526	579
975	279
975	442
975	499
975	564
975	638
975	678
975	703
975	730
975	732
975	787
975	823
975	852
975	881
975	900
975	919
975	939
1673	1267
1673	1420
1673	1726
1673	1936
1713	1326
1713	1340
203	839
203	990
839	253
839	358
839	364
839	497
839	745
839	800
990	213
990	303
990	304
990	376
990	385
990	512
990	609
990	724
990	745
990	750
990	771
990	807
990	862
990	865
204	407
204	566
407	521
407	710
407	809
566	399
566	611
566	791
1195	1663
1195	1787
1195	1892
1663	1467
1663	1761
1663	1943
1787	1426
1787	1475
1787	1570
1787	1693
1892	1507
1892	1777
1892	1879
1892	1928
1196	1571
1571	1329
1571	1550
206	497
206	813
813	350
813	527
813	718
813	744
1197	1535
1197	1729
1535	1586
1535	1812
1729	1200
1729	1620
1729	1702
1607	1545
1607	1555
1607	1693
207	335
207	865
335	654
335	783
335	809
335	887
865	225
865	499
865	588
865	614
865	852
865	888
208	706
208	852
706	460
706	609
706	858
852	474
852	568
852	720
852	782
1199	1618
1199	1736
1618	1313
1618	1675
1736	1334
1736	1445
1736	1495
1736	1900
1200	1211
1211	1329
1202	1642
1642	1251
1642	1257
1642	1754
1203	1465
1203	1879
1465	1725
1465	1761
1465	1781
1879	1625
1879	1711
1879	1840
1879	1847
1879	1954
1204	1456
1205	1595
1205	1813
1595	1491
1595	1840
1813	1306
1813	1569
1813	1896
555	394
555	542
555	882
210	472
210	927
472	638
472	713
472	820
927	289
927	356
927	391
927	498
927	614
927	1686
211	787
211	887
787	427
787	514
787	525
787	788
787	815
787	862
887	508
887	524
887	541
887	791
887	823
887	833
1336	1643
1336	1900
1336	1913
1711	1444
1711	1581
1711	1622
1711	1828
1711	1913
212	695
212	735
695	511
695	700
695	772
695	862
695	874
735	453
735	744
735	939
213	716
213	882
716	319
716	382
716	542
716	684
716	926
882	351
882	463
882	632
882	919
214	421
214	667
214	803
421	351
421	678
803	314
803	351
803	601
803	612
1329	1930
1212	1970
1970	1261
1970	1300
1970	1308
1970	1338
1970	1416
1970	1438
1970	1502
1970	1509
1970	1596
1970	1603
1970	1722
216	495
495	426
495	606
495	783
1213	1417
1417	1645
1417	1812
1805	1354
1805	1425
1805	1555
1805	1674
1805	1751
1805	1896
1215	1737
1737	1346
1737	1410
1737	1519
1737	1751
1216	1651
1651	1418
1651	1455
1651	1614
1651	1674
1651	1786
1221	1773
1773	1309
1773	1374
1773	1435
1773	1664
782	298
782	707
1390	1522
1764	1900
1900	1234
1900	1448
1900	524
1900	1727
303	391
602	315
602	404
602	617
220	507
221	480
480	684
480	768
709	341
709	395
709	419
1428	1756
1428	1930
1229	1670
1670	1301
1670	1494
1670	1495
1670	1572
1230	1590
1230	1592
1590	1306
1590	1717
1592	1665
1592	1930
223	684
684	385
684	907
1231	1420
1231	1458
1231	1727
1420	1467
1420	1523
1420	1695
1458	1738
1727	1249
1727	1512
1727	1795
225	265
225	511
265	627
511	368
511	685
600	545
1234	496
496	534
1235	1812
1812	1381
1812	1548
1812	1551
1812	1665
1812	1756
228	1928
1928	1322
1928	1337
1928	1376
1928	1653
1928	1725
1928	1929
1928	1936
229	682
229	765
682	491
682	1774
682	907
765	520
765	522
765	578
765	915
1236	1506
1236	1723
1506	1852
1723	1391
1723	1601
1723	1913
231	360
360	299
360	907
232	490
490	689
1915	1714
234	1315
1315	1327
325	1261
410	452
410	529
410	721
410	886
1258	1246
1258	1612
1386	1585
1386	1761
1240	1738
1738	1774
1738	1912
236	394
236	546
236	564
394	324
394	425
394	661
546	514
564	249
564	409
564	915
1242	1591
1591	1483
1722	1404
1722	1469
1722	1554
1722	1665
1722	1943
1244	1814
1814	1404
1814	1633
1814	1728
238	458
238	717
458	679
717	608
717	886
239	327
239	926
327	444
926	455
926	605
926	641
926	662
926	844
240	452
240	713
240	915
452	521
713	542
713	681
713	720
713	881
915	379
915	808
915	881
915	908
241	715
715	373
715	815
715	862
1246	1751
672	807
672	894
672	947
1247	1252
1247	1714
1247	1896
1714	1316
1714	1432
1896	1540
1896	1550
1896	1671
244	328
244	506
328	691
328	894
328	939
506	640
654	514
654	534
654	609
661	432
661	450
661	751
661	804
357	732
357	1757
1754	1483
1754	1671
1847	1447
1847	1685
1847	1721
1847	1840
1847	1930
1249	1588
414	1671
249	730
249	815
249	858
730	612
815	352
815	467
815	548
815	567
858	678
858	720
858	874
250	302
302	398
874	299
874	331
874	385
874	624
900	266
900	341
900	370
900	755
875	339
875	478
875	720
639	623
639	800
849	277
849	296
256	578
256	788
578	907
788	531
788	702
788	881
1253	1299
1253	1943
1943	1278
1943	1497
1943	1507
1943	1565
1943	1658
1943	1683
1943	1732
1943	1742
1943	1852
1445	1473
1445	1617
1255	1567
1567	1403
1567	1647
425	261
425	768
888	1286
888	300
888	343
888	457
888	460
888	503
888	907
888	947
919	363
919	608
919	626
919	826
1257	1647
1647	1455
1655	1570
1655	1789
1261	1781
1781	1800
1781	1852
1781	1878
1781	1954
1469	1726
261	732
732	520
732	808
262	340
262	665
340	292
340	801
665	433
665	437
665	588
263	271
271	363
266	324
266	404
404	947
1265	1334
1334	1878
1733	1341
1733	1347
1733	1620
1733	1654
1733	1912
1878	1403
1878	1493
1878	1511
1878	1545
1878	1560
1878	1625
1269	1406
1269	1517
1269	1853
1406	1629
1406	1749
1853	1565
268	755
807	468
807	587
807	707
1270	1692
1270	1795
1692	1413
1692	1640
1795	1538
1795	1851
270	426
426	364
426	894
426	907
363	845
1357	1512
1338	1331
273	604
273	844
273	880
604	358
604	446
844	319
880	629
880	862
491	307
491	571
491	721
1466	1546
1930	1279
1930	1282
1930	1419
1930	1519
1930	1538
1930	1557
1930	1617
1930	1664
276	700
700	498
700	501
284	455
605	784
279	293
279	442
279	598
279	939
293	720
442	362
442	775
598	614
939	339
939	390
939	427
939	710
939	833
1749	1742
1749	1913
1278	1422
1278	626
1422	1282
1422	1559
626	744
1279	1732
1732	1337
1732	1504
947	289
947	1305
947	432
947	512
947	734
947	750
947	784
947	791
376	707
1280	1839
1839	1343
1839	1523
1839	1658
1839	1717
1839	1725
1839	1912
1839	1913
1281	1359
1281	1954
1359	1620
1359	1789
1954	1702
1954	1789
1282	1755
1755	1305
1755	1913
1755	1929
1283	1550
1283	1937
1937	1446
1937	1449
1937	1560
1937	1693
1937	1936
1828	1457
1828	1460
1828	1786
518	463
518	550
833	534
833	542
833	577
455	368
455	857
285	454
454	378
1629	1687
1629	1728
1929	1474
1929	768
1929	1789
1929	1800
1929	1851
1289	1553
1565	1333
1565	1474
1565	1628
1707	1382
292	1683
1683	1474
720	783
633	396
633	593
296	319
296	582
582	685
1294	1634
1634	1316
1634	1481
1634	1645
1295	1430
1295	1633
1295	1913
1430	1686
1633	1345
1913	1330
1913	1332
1913	1426
1913	1467
1913	1480
1913	1803
1913	1936
1297	1324
1324	1305
1324	1436
299	809
809	391
809	417
809	466
809	894
300	489
300	823
489	550
823	565
823	704
823	771
301	617
617	422
398	611
398	718
391	771
304	378
378	361
378	1581
378	745
305	396
305	756
396	573
756	522
756	820
306	342
306	362
306	545
306	894
342	369
362	587
545	350
545	368
894	433
894	474
894	510
894	636
1300	1309
1300	1546
1546	1507
1546	1625
307	331
1301	1414
1301	1645
1414	1348
1414	1387
1645	1304
1645	1580
1302	1433
1302	1502
1433	1399
1433	1572
1502	1695
1502	1936
1472	1358
309	548
309	820
548	424
820	443
820	804
820	886
1304	1549
424	577
1449	1678
1625	1425
783	317
783	420
783	527
907	317
907	499
907	734
907	908
314	707
707	341
707	522
1452	1393
1452	1570
1452	1757
679	415
679	569
679	845
1313	1665
1665	1548
1327	1341
734	629
510	487
510	745
510	801
510	808
1319	1547
1385	1792
417	463
417	574
1326	1912
1912	1349
1912	1695
1912	1786
323	1418
323	395
395	457
395	569
1341	1638
1328	1658
1330	1852
1852	1622
1852	1649
1332	1483
1483	1425
1483	1686
1335	1410
1335	1596
1596	1437
1596	1609
1596	1840
1643	1495
691	525
691	826
1735	1485
1735	1797
1757	1538
1757	1570
1340	1580
1580	1539
1343	1479
1343	1519
1622	1514
1347	1560
1560	1411
359	609
359	908
1348	1475
1475	1548
1349	1635
336	800
800	419
800	467
800	612
338	886
886	385
886	450
339	529
1355	1435
1437	1815
1358	1377
1691	1403
1691	1540
1493	1480
862	703
1365	1851
1851	1666
1851	1800
1851	1936
702	784
908	412
908	568
908	573
908	614
908	676
350	486
486	412
486	565
1520	1614
1520	1815
1416	1777
351	744
351	760
744	432
744	467
744	478
744	520
760	624
358	525
525	512
1725	1376
1725	1381
609	611
609	808
1840	1391
1840	1689
1843	1654
1843	1671
1843	1704
1843	1777
587	784
845	446
845	662
364	371
366	531
531	573
531	721
1792	1504
1585	1662
1761	1686
1761	750
1761	1777
1522	1695
367	552
552	784
1391	1413
1391	1774
1391	1797
1774	1578
1797	1507
1603	1581
370	857
857	460
857	468
1397	1448
1397	1685
1685	1467
1685	1582
1398	1548
1398	1572
1398	1640
1572	1443
373	512
1399	1717
1717	1704
1717	1742
375	718
375	826
718	629
718	750
826	377
826	527
1404	1497
1497	1756
745	450
745	487
745	771
462	521
382	522
522	508
508	415
508	537
1411	1702
772	601
772	775
1777	1485
1777	1628
1419	1756
1523	1498
1523	1503
1559	1514
1559	1617
1559	1786
443	724
1425	1569
1425	1614
1569	1555
1569	1678
1614	1728
569	509
569	574
569	624
601	623
1786	1649
1786	1653
710	640
1815	1555
408	757
757	791
409	551
1443	1461
415	593
415	635
415	881
593	640
635	636
881	629
574	685
422	791
791	430
791	501
791	751
577	703
768	428
768	550
428	579
1460	1664
1726	1545
1726	1689
724	466
724	808
446	808
808	629
808	662
450	519
519	478
519	1509
1484	1557
1654	1540
453	723
723	623
723	624
460	499
1936	1511
468	537
537	580
638	478
1513	1582
1582	1578
1803	1628
685	498
685	750
689	588
689	624
1653	1609
1540	1742
1742	1721
509	623
676	567
524	722
1628	1609
