1000
1352
1534
1710
1981
0
150
247
321
599
1001
1615
1708
1992
1994
1002
1734
1905
1946
1996
1
330
705
870
901
2
29
581
909
982
1003
1753
1780
1862
1989
3
332
642
711
1924
1004
1311
1477
1746
1964
1005
1263
1741
1917
1918
4
393
647
696
999
1006
1478
644
1980
1007
1579
1600
1641
1952
5
441
741
837
984
6
205
259
465
948
7
349
597
792
816
8
1233
337
753
956
9
311
416
671
860
1008
1219
1383
1462
10
222
693
872
11
445
694
890
965
12
13
267
692
778
1009
329
1759
1933
1959
698
859
14
594
957
992
15
91
280
899
1010
1730
1865
1923
1955
16
294
848
916
969
1011
1314
1367
1782
1830
1012
1942
1988
1013
1288
1845
1897
1979
17
93
308
384
867
18
701
742
943
1014
1262
1379
1441
976
1015
1164
1518
1656
1016
1388
1806
1859
19
108
929
986
1017
1068
1528
1822
1841
1018
1290
1650
1971
1977
20
36
456
583
613
1019
1232
1424
1700
21
423
902
977
1020
1740
1876
1968
22
67
461
981
23
113
547
764
1021
1101
1207
1688
1810
24
383
553
854
898
1022
1061
1218
1907
1911
1023
1368
1599
1834
1024
1342
1525
1965
25
84
562
773
923
26
109
185
843
868
27
726
761
932
989
28
749
959
1025
1394
1667
1860
1940
1026
1608
1623
1835
1027
1760
1856
1910
1948
1028
1508
1776
1825
1991
1029
1486
1796
1030
1380
1883
1931
1997
1031
1149
1276
1951
1985
143
1583
1032
1053
1066
1227
1439
30
767
780
817
1033
1816
1904
1982
31
449
733
912
32
866
884
1034
1440
1589
1602
1613
1035
1870
1891
1932
1036
1363
1536
1921
1969
1037
1817
1871
1038
1160
1563
1869
33
418
538
889
963
1039
1243
1888
1890
34
388
485
824
1040
1684
1712
1778
1808
1041
1254
1961
35
620
725
974
980
219
954
995
37
227
365
401
38
283
344
39
83
235
917
973
40
738
777
829
1042
1052
1065
1875
1043
1225
1745
41
112
864
928
979
1044
1544
1833
1939
42
558
572
669
1045
1055
1866
1046
1312
1496
1763
43
634
914
1047
1894
1901
44
171
381
513
930
45
96
810
818
46
752
856
937
47
179
960
1048
1375
1624
1049
1298
1561
1804
48
320
892
924
996
49
618
719
966
50
291
811
945
1050
1392
1706
1772
971
51
712
847
896
1051
1184
1277
1505
1818
1637
1837
1408
1415
1054
1874
1791
1922
52
224
687
940
53
413
539
54
653
993
998
55
686
951
955
56
347
697
910
958
57
218
589
774
58
242
1056
1611
1648
1057
1568
1855
1990
1058
1222
1705
1899
59
107
374
615
630
1059
1097
1371
1476
60
246
666
893
911
1060
1577
1584
1889
61
215
758
1864
1062
1644
1950
62
504
727
906
1063
1092
1680
1882
1960
63
475
603
631
645
64
439
535
655
950
1064
1321
1541
1844
1576
65
1317
355
789
1657
1848
1945
66
895
934
987
988
1067
1616
1978
1303
1487
1069
1526
1944
660
850
68
318
575
891
1070
1718
1877
69
621
836
905
1071
1369
1646
1072
1256
1783
1802
1938
70
797
994
71
688
699
925
949
1073
1373
1471
1962
1074
1668
1927
1999
1075
1470
1719
1935
1953
72
540
922
936
1076
1350
1543
1975
1998
1077
1872
1987
1078
1126
1429
1793
73
708
785
1079
1099
188
1364
1080
1098
1396
1521
1906
1081
1790
1838
1972
74
173
476
493
1082
1250
1412
1752
1083
1566
1846
1886
75
131
448
680
76
121
584
1084
1423
1661
1842
1893
1085
1958
1086
1632
952
77
646
879
883
1087
1228
1360
1587
78
878
968
79
790
80
471
515
812
81
199
488
643
991
82
392
834
1088
1198
1224
1993
517
659
946
85
505
628
86
411
754
87
596
861
1089
1167
1823
1829
1984
1090
1183
1271
1091
1925
88
871
885
89
243
770
90
316
556
805
470
961
972
92
863
978
115
94
95
209
549
904
1307
516
802
97
389
482
737
1093
1310
1873
1094
1194
1784
1941
1095
1464
1621
98
295
835
918
1096
1857
1861
99
637
776
1189
1421
1453
1275
1533
1914
1100
1292
100
151
198
674
1532
1898
1902
1102
1627
1703
1103
1139
1598
101
158
921
1104
1574
1698
1916
102
149
286
842
1105
1482
1836
1106
1669
1676
1832
1107
1768
103
322
838
104
591
652
1108
1709
1819
1854
1109
1597
1682
1110
1409
1111
1285
1356
105
528
648
983
106
997
237
677
938
1112
1239
1442
1715
1113
1193
348
1114
1325
1530
1949
397
431
779
110
557
942
970
111
334
683
743
830
1115
1903
1920
1116
1272
1636
1880
1117
1716
1747
953
766
962
964
1118
1273
1556
114
436
387
451
625
116
592
822
1119
1537
1120
1284
117
799
118
1121
1459
1573
1122
1237
1362
1677
1123
1241
1562
1124
1527
1799
1827
1867
119
798
933
120
282
440
714
913
1125
1344
1500
1660
1127
1490
1720
1128
1401
1744
1887
122
251
434
570
1129
1794
123
313
447
595
124
386
576
585
967
125
796
931
126
254
944
1130
1976
1131
1351
1696
1743
1868
127
297
469
500
128
154
269
821
129
372
985
1132
1451
1515
1895
130
135
479
846
186
530
1133
1606
1986
1134
1488
1724
1956
132
563
133
762
1135
134
483
536
543
1136
1605
1798
1821
560
832
1849
1137
1659
1807
1138
1266
1826
1450
1140
1531
1141
1983
1142
1274
1926
136
651
137
406
806
831
138
156
690
769
825
1143
1168
1291
1762
139
275
400
140
795
873
903
1144
1769
1811
1145
1378
1681
1146
1820
141
649
1147
1529
1552
1148
1564
1765
1801
142
658
736
935
920
144
781
869
1150
1858
145
855
146
429
481
1151
1542
1770
147
586
148
402
473
729
728
841
1152
1372
1701
1767
155
739
152
619
663
153
435
664
174
673
814
1153
1463
1884
1995
897
1154
1672
1155
1248
157
175
819
876
1156
1934
1947
1966
159
532
851
160
264
544
610
1157
1739
1881
161
405
786
162
590
794
163
1158
1323
1489
164
187
484
165
853
1159
1785
1788
1963
166
675
827
877
167
345
168
252
403
169
288
747
170
1594
1626
1161
1468
1499
281
561
1162
1407
172
657
248
622
257
1163
1516
1885
1165
1434
1775
1908
176
333
670
1166
1366
1957
1238
1339
1731
1750
1169
1699
177
438
748
1170
1214
1260
1402
1974
178
1171
1208
1631
1809
1824
1172
1748
763
793
1173
1226
180
464
494
1174
1694
1766
1175
1909
181
287
1176
1524
1610
182
668
183
656
184
459
502
1177
1510
1831
1973
1320
731
1178
1370
1492
1179
1180
1863
1181
1652
1919
290
1182
1771
1967
828
189
523
840
1384
190
559
650
1697
191
278
1185
1593
1850
1186
192
492
1187
1630
1758
193
740
759
194
616
195
272
607
1188
1604
1619
1639
1575
196
260
326
941
197
533
1190
1192
1679
1191
1690
200
526
975
201
202
1673
1713
203
839
990
204
407
566
1195
1663
1787
1892
1196
1571
206
497
813
1197
1535
1729
1607
207
335
865
208
706
852
1199
1618
1736
1200
1211
1201
1202
1642
1203
1465
1879
1204
1456
1205
1595
1813
555
1206
210
472
927
211
787
887
1336
1711
1209
212
695
735
213
716
882
214
421
667
803
1210
1329
1212
1970
216
495
217
1213
1417
1805
1215
1737
1216
1651
1217
1220
1221
1773
782
1390
1223
1764
1900
303
602
220
507
221
480
709
1428
1229
1670
1230
1590
1592
223
684
1231
1420
1458
1727
1267
225
265
511
226
600
1234
496
1235
1812
228
1928
229
682
765
230
1236
1506
1723
231
360
232
490
1915
233
234
1315
325
410
1258
1386
1240
1738
236
394
546
564
1242
1591
1722
1244
1814
1245
238
458
717
239
327
926
240
452
713
915
241
715
1246
1751
672
1247
1252
1714
1896
244
328
506
245
654
661
357
1754
1847
1249
1588
414
249
730
815
858
250
302
874
900
875
253
1501
298
639
849
255
1251
256
578
788
258
1253
1299
1943
1445
1473
1255
1567
425
888
919
1257
1647
1612
1259
1306
1447
1655
1261
1781
1469
261
732
262
340
665
263
271
627
266
324
404
1264
1265
1334
1733
1878
1268
1269
1406
1517
1853
268
755
807
1270
1692
1795
270
426
363
1357
1374
1338
273
604
844
880
632
274
491
1466
1930
276
700
277
284
605
279
293
442
598
939
1749
1278
1422
626
1279
1732
947
376
1280
1839
1281
1359
1954
1282
1755
1283
1550
1937
1828
518
833
455
285
454
1286
1287
379
289
1629
1929
1289
1553
1565
1707
292
1683
720
633
296
319
582
1293
1294
1634
1295
1430
1633
1913
1296
1297
1324
299
809
300
489
823
301
617
398
391
304
378
305
396
756
306
342
362
545
894
1300
1309
1546
307
331
1301
1414
1645
1302
1433
1502
1472
309
548
820
310
1304
1549
1305
424
1308
1449
312
1625
1779
783
907
314
707
1353
1452
679
315
1313
1665
1327
1316
734
317
361
510
1318
1319
1547
1385
417
437
1322
1354
1436
1326
1912
323
1418
395
1341
1328
1658
1330
1852
1331
1332
1483
1333
444
1335
1410
1596
1643
1337
691
1687
1735
1757
1340
1580
1638
1343
1479
1519
1622
1345
1346
1347
1560
359
399
1348
1475
1349
1635
336
800
338
886
339
529
801
341
369
1355
1435
343
1437
1512
1358
1377
1620
1789
1481
1691
1361
1493
862
346
1365
1851
702
908
350
486
1520
1416
351
744
760
352
353
354
356
358
525
1725
609
1840
1843
1376
1444
1395
587
845
364
371
1381
1382
366
531
1792
1585
1761
1387
1389
1522
367
552
368
1391
1413
1774
1797
1695
1393
1603
370
857
1397
1448
1685
1398
1548
1572
1640
373
512
1399
1717
1400
1601
375
718
826
1403
1404
1497
1405
377
1581
745
380
462
382
522
508
1411
1702
385
772
1427
1777
390
1419
1756
1467
1523
771
1559
443
775
1425
1569
1614
1426
457
569
573
611
601
1686
1431
1432
1786
514
521
710
1815
408
757
409
551
1438
721
412
1443
1461
1671
415
593
635
881
463
574
419
1617
420
1446
678
1678
1491
422
791
577
1570
768
427
428
579
1454
1455
430
432
1457
1460
1664
433
640
1726
724
1474
446
808
1674
1480
450
519
1484
1557
1485
1654
1494
453
723
1495
460
499
1936
1498
466
467
468
537
638
1503
474
1504
477
478
1507
1509
1511
1513
1582
571
1514
1554
1803
565
487
685
550
689
1728
1662
606
1551
534
498
1545
1586
580
501
503
1653
1538
751
1539
1540
1742
509
623
1675
520
676
524
722
527
746
1555
1558
1693
624
541
542
1628
784
554
1609
608
1578
612
567
568
681
703
641
588
629
614
804
1721
1800
636
1689
1649
750
1666
662
1704
704
