0
295
517
804
965
1000
519
1583
1887
1969
1001
1496
1525
1631
1794
1
426
570
811
992
2
693
805
874
974
3
799
819
961
998
1002
1634
1817
1821
1857
4
1360
610
611
711
5
645
664
707
913
6
35
303
529
994
1003
1150
1318
1901
1995
7
438
532
544
1735
8
150
939
985
995
9
164
839
890
963
10
193
662
800
11
370
586
689
795
1004
1234
1601
1694
1856
1005
1774
1921
1982
1006
1053
1535
1702
1903
12
278
301
430
650
13
822
872
949
951
1007
1071
1105
1403
1981
14
259
919
1008
1372
1507
1643
1991
15
634
776
944
16
229
304
997
17
753
899
917
993
18
313
401
717
986
19
242
784
806
832
20
44
484
533
644
1009
1027
1564
1782
1836
21
221
888
912
929
22
95
315
938
23
779
789
830
860
24
577
792
851
959
1010
1084
1212
622
1842
1011
1432
1825
1874
1977
25
455
669
946
1996
26
65
289
697
885
1012
1524
1943
27
192
378
379
698
1013
1136
1319
1580
1966
28
857
921
978
1014
1238
1316
1645
1990
1015
1902
1947
1953
1998
29
485
560
595
982
30
646
718
895
964
1016
1100
1173
1745
1833
31
345
721
746
983
32
620
684
821
870
33
397
643
741
1017
1272
1281
1963
34
618
894
911
1018
1124
1713
1772
1984
1019
1424
1606
1890
1958
1020
1128
1193
1528
708
750
932
36
413
886
969
984
1021
1070
1163
1558
1627
1022
1869
1898
1940
1023
1276
1859
1893
1949
1024
1410
1673
1822
1973
37
742
943
971
1025
1180
1865
1883
38
306
488
587
967
1026
1329
1337
691
1867
1292
1843
1965
39
374
671
867
877
40
324
730
798
853
41
736
865
906
1028
1497
1844
1934
1029
569
1666
1733
1923
1030
1081
1115
1031
1038
1650
1954
42
115
433
578
988
1032
1196
1576
1809
43
63
452
582
563
981
45
871
926
1033
1314
1888
1959
1034
1331
1591
1868
1035
1396
1979
1036
1208
1419
1847
1037
1622
1749
1889
1451
1513
1812
1039
1125
1138
1803
46
434
887
898
47
508
1815
48
755
909
941
49
412
605
996
1040
1466
1705
1736
1987
1041
1076
1183
1290
50
140
1042
1095
1620
1956
51
542
654
1043
1177
1250
1918
1044
1355
1429
1522
1045
1191
1834
1924
1046
1160
1358
1484
1841
1047
1145
1487
1952
1048
1693
1727
1919
52
350
818
914
1049
1412
1946
1964
1050
1739
1831
1051
1301
1394
1052
1438
1827
1860
1697
1767
1768
53
181
812
980
54
323
655
991
1054
1701
1894
1935
1055
55
67
935
1056
1256
1569
1797
1994
56
70
774
57
585
702
905
948
58
391
688
954
1057
1596
1853
1058
1480
1950
1980
1999
1059
1066
1846
1916
1970
59
64
222
896
60
271
61
573
775
936
1060
1116
1291
1585
1061
1426
1552
1746
62
292
757
908
1062
1132
1835
1884
1993
166
536
920
1063
1356
1616
1644
1897
439
1064
1443
1800
1864
464
502
956
66
801
845
957
343
701
843
68
633
934
1065
1562
1942
1133
1829
1067
1092
1147
1614
1766
1068
1756
1769
1871
69
733
802
1069
1106
1227
1770
1810
1985
1072
1623
1624
1808
335
838
879
1073
1400
1541
1751
1074
1683
1845
1992
71
129
469
902
1075
1339
1374
1671
72
470
880
975
989
73
94
237
607
925
1948
1975
74
331
773
918
75
279
924
1077
1155
1325
1876
76
815
931
77
182
849
78
418
751
1078
1166
1321
1939
79
566
710
80
859
987
81
190
332
685
813
82
950
1079
1423
1732
1986
83
285
389
729
84
476
571
778
927
85
479
535
780
86
765
768
892
1080
1613
1912
1974
87
467
743
910
1914
88
723
854
89
252
599
635
1082
1790
1936
1941
1951
1083
1137
1450
1937
90
893
91
704
900
92
173
226
1240
1085
1430
1570
1086
1210
1724
1983
1087
1781
1917
1088
1306
1582
1771
1877
1089
1588
1863
1955
93
507
933
960
1090
1625
1945
197
762
1091
1905
96
124
916
1839
1915
97
186
940
98
410
604
1093
1349
1533
99
727
976
1094
1434
1561
1668
1850
1219
1096
1330
1930
1097
1167
1637
1926
100
414
873
930
1098
1818
1099
1459
1538
1957
1880
1101
1367
1658
1723
1102
1626
1878
101
435
937
102
156
366
590
1103
1587
1104
1203
1472
1759
103
104
419
576
1187
1672
1468
1107
1266
1488
1681
1108
1277
1716
1807
105
260
274
786
106
1109
1213
1792
1858
1896
107
861
891
1110
1476
1972
1111
1688
1708
1785
1112
1881
108
580
589
602
109
361
876
110
179
500
1113
1312
1114
1461
1929
111
365
677
856
112
344
901
955
1787
1391
1563
1840
113
466
979
114
300
809
829
970
458
663
116
233
491
117
623
674
118
1117
1593
1118
1323
1605
1119
1286
1895
1933
1944
119
253
276
120
228
296
515
752
121
652
122
287
477
834
1120
1699
123
319
472
551
592
1121
1122
1811
1908
1123
1178
1788
1910
1638
1764
1848
1269
539
738
1126
1651
1127
1655
1685
1823
1129
1288
1748
1130
1530
1703
1712
1131
1786
125
283
501
816
977
1387
126
564
1632
1989
127
1134
1190
1891
1961
1135
1158
1700
1619
1900
128
185
852
130
325
330
1721
131
160
388
132
298
973
1366
1502
1139
1140
1284
1597
1755
133
945
1141
1146
1441
134
398
495
675
135
399
807
968
1142
1577
1143
1233
1548
136
277
534
137
437
550
138
489
863
883
1144
1572
139
478
712
739
864
641
796
966
141
658
745
791
142
814
143
785
600
1340
1505
144
241
714
846
145
953
1462
146
291
510
904
147
680
826
922
148
528
777
1148
1317
1149
1415
1151
1230
1814
149
581
1758
848
1152
1377
1612
1757
1153
1636
1907
1154
1544
1873
1156
1714
1938
348
737
942
151
492
760
152
230
597
153
288
154
487
1677
1157
1348
155
603
952
612
157
312
553
1159
158
591
824
159
850
747
161
661
761
162
163
548
392
165
621
840
356
947
999
1161
1684
167
699
168
258
340
169
170
322
171
172
559
858
1162
1542
1802
1195
1547
788
174
1164
1754
1165
1402
1837
175
453
882
176
670
1795
1805
177
423
558
178
450
538
640
465
180
696
364
518
183
958
1176
1185
1922
1168
1489
1592
1913
1169
1440
1170
1363
1682
184
239
444
203
1171
1819
543
793
187
286
352
1172
1904
188
505
847
1302
1875
1174
1454
1967
189
422
496
1175
1722
1642
415
497
907
191
273
716
636
868
194
732
825
1581
1960
1179
1870
1801
1181
1224
1761
1806
195
320
676
754
1182
1604
196
687
783
875
557
198
584
1184
1783
199
833
869
1584
1738
1976
1186
200
359
731
1720
1773
201
709
1188
1293
1422
1189
1667
1882
1899
1192
1571
1411
1532
1707
202
264
1194
1280
1885
204
205
206
614
770
1242
207
1879
208
659
1197
1385
1617
209
302
210
211
212
268
1198
1425
1477
213
841
1199
1649
1669
1740
214
227
720
1200
1662
1925
1201
1968
1202
215
1304
1602
1204
1610
1205
1275
216
657
1206
1490
1207
1594
1971
1862
1209
1381
1695
1267
217
1211
1709
1828
218
619
758
219
915
1796
220
506
629
903
1214
1508
1689
1215
1546
1911
1216
1854
1906
1217
1380
1586
223
990
224
1218
1278
1763
1813
1220
407
1221
1719
225
459
1222
512
972
565
794
263
1223
1479
1529
1734
231
651
232
615
632
763
1932
1225
1744
1226
1465
1603
1849
1866
1228
1551
1855
234
1229
1436
1928
1931
235
338
525
540
236
596
1988
808
1231
1332
1566
1232
238
1249
1521
247
240
767
1838
346
1247
1816
243
649
244
384
631
245
290
246
1235
1657
889
1236
1237
1633
248
713
249
1239
1482
250
835
837
251
690
1568
1241
1514
1678
1648
254
1243
1252
255
740
256
376
257
1244
1997
309
417
692
411
1245
1413
1246
613
261
275
355
262
327
1663
842
897
962
265
923
266
828
267
1359
1248
1775
1804
269
735
1590
1692
1706
270
594
844
1251
617
427
272
446
552
383
463
1253
1730
1629
394
575
1254
1407
280
281
282
342
572
440
284
653
1255
1260
782
836
1257
1352
1607
1664
781
928
1258
1259
310
1420
1261
1711
1262
1305
1397
1506
648
1263
1297
449
396
1264
1265
1599
1527
1698
1779
460
1327
1336
293
420
1268
1320
681
1726
1270
1747
294
667
521
666
1271
531
297
454
608
790
1273
1978
299
628
766
884
1274
1554
1458
473
639
1308
1373
1444
1691
1647
305
606
1279
1729
1375
1282
1861
307
393
308
1283
1820
831
482
1784
1285
1742
1743
1920
1287
1598
1289
1579
311
728
513
562
1687
567
314
442
1437
429
862
316
530
703
724
317
725
318
347
381
457
321
726
878
1294
1315
1962
1295
1296
1560
1653
522
1679
1777
358
545
787
1298
1826
1299
1300
1765
326
354
514
601
660
683
1453
1710
328
498
1303
329
771
1311
855
333
385
334
336
337
748
1307
1517
1690
339
593
341
637
1309
1310
1371
1491
1545
1313
1718
474
1595
386
1776
369
705
756
349
509
555
1670
1780
1390
1793
1433
1322
1386
1737
1324
1646
1753
351
363
1326
1351
1611
524
609
353
380
368
357
1565
1328
1456
1615
360
673
362
480
827
579
749
367
694
1872
1333
1474
1334
1335
1492
1704
371
1338
1498
1656
372
475
642
373
432
375
402
527
1341
1435
1342
1364
1659
377
1343
1470
1824
706
1344
1575
1345
1760
1346
1445
1347
1442
1665
1350
1495
1762
1481
1353
1526
1635
1927
1354
1501
382
678
1406
1357
1674
1531
1717
1361
1515
1550
1574
1362
1455
1676
1909
1446
1534
1621
1728
1365
1393
1368
1523
387
630
1369
1392
390
810
1370
1452
1383
682
395
526
625
1376
400
494
549
1378
1799
1379
1405
1628
1382
403
511
1504
404
1384
405
881
1388
406
624
408
441
409
1389
1600
1467
1686
1399
568
1778
1414
1654
1395
1830
456
541
1398
1503
1408
416
598
1401
1404
1555
1409
421
462
424
425
1416
820
1417
1609
1639
428
1418
1731
431
866
1439
1486
686
503
546
1421
1539
1431
1851
1791
436
554
1557
443
672
1427
556
445
1428
1630
759
447
448
451
1640
493
764
1447
1464
1578
1660
1832
695
461
744
1448
1641
1449
1478
1741
668
1457
715
468
817
471
583
1460
588
1463
547
679
772
481
483
1469
486
719
1471
1725
665
490
1473
1886
1475
647
1696
1537
1483
1500
1510
1485
499
616
1652
638
1493
1494
504
627
1789
1499
626
769
1675
1509
516
1511
574
520
1512
523
1516
1520
1518
1519
561
803
823
1661
797
1536
537
1540
1608
700
1543
1618
1549
1556
1553
1752
1852
1798
1559
1750
1567
1573
1715
734
1589
722
656
1680
1892
