2000	0
0	295
0	517
0	804
0	965
295	309
295	521
295	666
295	927
517	78
517	338
517	574
517	862
517	871
804	171
804	444
804	447
804	494
804	634
804	711
804	734
804	768
804	951
804	964
804	985
804	996
965	90
965	233
965	331
965	533
965	540
965	565
965	579
965	612
965	619
965	622
965	631
965	666
965	799
965	839
965	842
965	853
965	860
965	878
965	915
965	920
965	933
965	935
965	942
965	950
965	958
965	961
965	971
965	982
1000	519
1000	1583
1000	1887
1000	1969
519	392
519	672
519	821
519	864
519	903
1583	1354
1583	1401
1583	1571
1583	1876
1583	1938
1583	1975
1887	1110
1887	1182
1887	1195
1887	1335
1887	1365
1887	1511
1887	1749
1887	1776
1887	1793
1887	1794
1887	1814
1887	1818
1887	1861
1887	1892
1887	1909
1887	1910
1887	1916
1887	1981
1969	69
1969	1121
1969	1256
1969	1298
1969	1346
1969	1455
1969	1467
1969	1481
1969	1564
1969	1585
1969	1637
1969	1681
1969	1757
1969	1763
1969	1807
1969	1816
1969	1837
1969	1843
1969	1845
1969	1902
1969	1909
1969	1911
1969	1941
1969	1943
1969	1962
1969	1971
1969	1977
1969	1987
1969	1988
1001	1496
1001	1525
1001	1631
1001	1794
1496	1051
1496	1450
1496	1498
1496	1628
1496	1742
1525	1646
1525	1666
1525	1711
1525	1846
1525	1864
1525	1973
1631	1313
1631	1712
1631	1801
1631	1851
1631	1915
1631	1916
1631	1997
1794	1017
1794	1414
1794	1572
1794	1616
1794	1730
1794	1740
1794	1852
1794	1895
1794	1964
1794	1992
1794	1998
1	426
1	570
1	811
1	992
426	209
426	712
426	736
426	808
426	869
570	521
570	832
570	874
570	989
570	995
570	996
811	48
811	253
811	335
811	575
811	757
811	781
811	787
811	789
811	796
811	885
811	892
811	956
992	16
992	28
992	214
992	216
992	236
992	373
992	531
992	598
992	636
992	649
992	664
992	695
992	719
992	739
992	746
992	775
992	781
992	792
992	797
992	801
992	808
992	822
992	858
992	870
992	907
992	913
992	926
992	939
992	941
992	952
992	963
992	968
992	1967
992	971
992	972
992	977
2	693
2	805
2	874
2	974
693	241
693	471
693	575
693	654
693	766
693	825
693	927
693	962
805	147
805	170
805	466
805	531
805	558
805	574
805	582
805	608
805	640
805	787
805	944
805	959
874	358
874	429
874	436
874	477
874	613
874	625
874	738
874	796
874	842
874	908
874	936
874	945
874	954
874	975
874	977
974	55
974	187
974	230
974	257
974	280
974	297
974	420
974	521
974	533
974	534
974	703
974	720
974	737
974	791
974	866
974	896
974	899
974	901
974	911
974	1909
974	942
974	952
974	957
974	960
974	964
974	966
974	967
974	979
974	990
974	994
3	799
3	819
3	961
3	998
799	121
799	422
799	793
799	825
799	872
799	898
799	911
799	924
799	977
799	980
799	984
819	45
819	135
819	201
819	494
819	705
819	771
819	837
819	843
819	846
819	876
819	913
819	938
819	959
961	47
961	169
961	402
961	554
961	558
961	578
961	676
961	729
961	743
961	750
961	796
961	846
961	860
961	889
961	896
961	905
961	906
961	949
961	956
961	963
961	969
961	973
961	984
961	987
961	989
961	996
998	10
998	92
998	118
998	131
998	155
998	262
998	272
998	339
998	467
998	487
998	502
998	529
998	538
998	562
998	630
998	633
998	679
998	689
998	696
998	721
998	750
998	753
998	770
998	772
998	781
998	785
998	818
998	851
998	871
998	925
998	927
998	929
998	963
998	967
998	975
998	1981
998	996
998	999
1002	1634
1002	1817
1002	1821
1002	1857
1634	1110
1634	1121
1634	1419
1634	1682
1634	1801
1634	1934
1634	1966
1817	1244
1817	1306
1817	1330
1817	1564
1817	1628
1817	1643
1817	1680
1817	1694
1817	1823
1817	1873
1817	1878
1817	1924
1817	1996
1821	1205
1821	1363
1821	1473
1821	1487
1821	1704
1821	1713
1821	1826
1821	852
1821	1903
1821	1925
1821	1941
1821	1951
1821	1986
1821	1992
1857	1117
1857	1144
1857	1212
1857	1327
1857	1432
1857	1526
1857	1651
1857	1663
1857	1713
1857	1850
1857	1876
1857	1915
1857	1946
1857	1947
1857	967
1857	1965
4	1360
4	610
4	611
4	711
1360	1030
1360	1692
1360	1717
1360	1747
610	143
610	223
610	342
610	389
610	943
610	966
610	973
611	108
611	414
611	490
611	779
611	955
611	977
611	993
711	107
711	231
711	408
711	775
711	795
711	889
711	901
711	948
5	645
5	664
5	707
5	913
645	617
645	679
645	853
645	903
645	921
645	948
645	991
664	463
664	698
664	725
664	855
664	933
664	947
707	300
707	508
707	583
707	699
707	911
707	942
707	957
707	986
707	990
913	50
913	294
913	499
913	589
913	665
913	746
913	847
913	872
913	924
913	926
913	936
913	938
913	949
913	951
913	973
913	994
913	996
6	35
6	303
6	529
6	994
35	708
35	750
35	932
303	473
303	582
303	628
303	891
529	256
529	480
529	836
529	947
529	963
994	56
994	132
994	183
994	246
994	271
994	366
994	433
994	442
994	461
994	510
994	532
994	634
994	635
994	639
994	647
994	650
994	690
994	723
994	727
994	774
994	783
994	793
994	806
994	810
994	822
994	830
994	932
994	933
994	947
994	968
994	986
994	987
994	988
994	996
994	997
1003	1150
1003	1318
1003	1901
1003	1995
1150	1415
1150	1829
1150	1881
1318	1673
1318	1833
1318	1854
1318	1997
1901	1005
1901	1041
1901	1126
1901	1475
1901	1504
1901	1637
1901	1680
1901	1838
1901	1854
1901	1891
1901	1894
1901	1897
1901	1898
1901	1899
1901	1905
1901	1982
1901	1992
1901	1996
1901	1998
1995	1036
1995	1055
1995	1091
1995	1143
1995	1147
1995	1247
1995	1288
1995	1373
1995	1451
1995	1452
1995	1508
1995	1541
1995	1559
1995	1603
1995	1682
1995	1719
1995	1725
1995	1781
1995	1788
1995	1798
1995	1809
1995	1878
1995	1886
1995	1893
1995	1904
1995	1910
1995	1922
1995	1923
1995	1930
1995	1942
1995	1963
1995	1971
1995	1978
1995	1983
1995	1993
1995	1994
1995	1996
7	438
7	532
7	544
7	1735
438	133
438	322
438	323
438	641
438	859
532	582
532	686
532	884
532	899
532	997
544	54
544	305
544	718
544	983
544	993
544	997
1735	1022
1735	1069
1735	1180
1735	1243
1735	1562
1735	1719
1735	1804
1735	1921
1735	1986
8	150
8	939
8	985
8	995
150	348
150	737
150	942
939	82
939	101
939	210
939	360
939	363
939	458
939	490
939	609
939	674
939	741
939	774
939	789
939	817
939	822
939	831
939	907
939	953
939	972
939	986
939	989
939	997
985	14
985	15
985	62
985	159
985	168
985	195
985	206
985	208
985	281
985	299
985	340
985	520
985	591
985	596
985	615
985	626
985	665
985	666
985	737
985	740
985	745
985	752
985	772
985	846
985	869
985	870
985	888
985	941
985	953
985	954
985	959
985	978
985	996
995	37
995	91
995	247
995	282
995	311
995	315
995	342
995	373
995	399
995	574
995	577
995	579
995	581
995	601
995	616
995	637
995	660
995	718
995	723
995	725
995	771
995	794
995	847
995	864
995	880
995	887
995	894
995	903
995	925
995	926
995	931
995	935
995	940
995	955
995	960
995	1994
9	164
9	839
9	890
9	963
164	99
164	392
164	877
839	210
839	320
839	338
839	525
839	541
839	597
839	735
839	852
839	864
839	876
839	898
839	946
839	999
890	22
890	158
890	411
890	443
890	632
890	716
890	825
890	829
890	830
890	900
890	911
890	914
890	929
890	934
890	960
890	970
890	976
963	14
963	49
963	167
963	270
963	412
963	425
963	548
963	731
963	754
963	780
963	802
963	841
963	845
963	848
963	1850
963	859
963	899
963	907
963	911
963	953
963	966
963	969
963	971
10	193
10	662
10	800
193	868
193	914
193	975
662	165
662	465
662	474
662	644
662	755
662	797
662	808
800	80
800	219
800	593
800	595
800	701
800	783
800	862
800	879
800	885
800	919
800	925
800	957
11	370
11	586
11	689
11	795
370	308
370	895
370	946
370	980
586	508
586	572
586	588
586	601
586	757
586	775
689	225
689	1388
689	463
689	623
689	857
689	925
689	977
795	138
795	204
795	410
795	449
795	555
795	684
795	768
795	831
795	930
795	975
795	977
1004	1234
1004	1601
1004	1694
1004	1856
1234	1247
1234	1811
1234	1816
1601	1566
1601	1687
1601	1856
1601	1858
1601	1877
1601	1958
1601	1997
1694	1479
1694	1530
1694	1862
1694	1880
1694	1899
1694	1937
1694	1987
1856	1039
1856	1134
1856	1166
1856	1333
1856	1445
1856	1595
1856	1597
1856	1599
1856	1692
1856	1697
1856	1747
1856	1785
1856	1802
1856	1862
1856	1932
1005	1774
1005	1921
1005	1982
1774	1311
1774	1472
1774	1545
1774	1548
1774	1575
1774	1712
1774	1807
1774	1818
1774	1845
1774	1945
1774	1967
1921	1012
1921	1089
1921	1312
1921	1460
1921	1577
1921	1587
1921	1648
1921	1678
1921	1679
1921	1747
1921	1810
1921	1844
1921	1882
1921	1906
1921	1910
1921	1950
1921	1957
1921	1966
1921	1974
1921	1988
1982	1232
1982	1279
1982	1281
1982	1307
1982	1361
1982	1409
1982	1493
1982	1500
1982	1549
1982	1556
1982	1559
1982	1676
1982	1699
1982	1702
1982	1708
1982	1743
1982	1769
1982	1796
1982	1799
1982	813
1982	1834
1982	1869
1982	1871
1982	1880
1982	1893
1982	1907
1982	1931
1982	1946
1982	1967
1982	1984
1982	1988
1982	1997
1006	1053
1006	1535
1006	1702
1006	1903
1053	1697
1053	1767
1053	1768
1535	1298
1535	1696
1535	1843
1535	1849
1535	1899
1535	1934
1702	1191
1702	1381
1702	1435
1702	1608
1702	1772
1702	1957
1702	1963
1702	1990
1903	1048
1903	1145
1903	1325
1903	1483
1903	1490
1903	1513
1903	1543
1903	1692
1903	787
1903	1791
1903	1802
1903	1842
1903	1868
1903	1973
1903	1976
1903	1980
1903	1981
1903	1986
12	278
12	301
12	430
12	650
278	257
278	394
278	915
278	973
301	854
301	870
301	884
301	986
430	60
430	720
430	858
430	865
430	873
650	262
650	379
650	410
650	898
650	964
650	971
13	822
13	872
13	949
13	951
822	222
822	226
822	291
822	317
822	775
822	887
822	915
822	928
822	975
822	987
872	158
872	356
872	639
872	699
872	724
872	753
872	756
872	784
872	826
872	828
872	857
872	861
872	866
872	947
949	76
949	127
949	223
949	244
949	307
949	389
949	465
949	770
949	817
949	818
949	831
949	854
949	862
949	863
949	868
949	919
949	934
949	938
949	944
949	955
949	959
949	982
951	162
951	288
951	290
951	405
951	443
951	471
951	555
951	627
951	719
951	736
951	754
951	790
951	807
951	825
951	849
951	855
951	858
951	947
951	959
951	972
951	983
951	986
951	997
1007	1071
1007	1105
1007	1403
1007	1981
1071	1576
1071	909
1071	1985
1105	1187
1105	1291
1105	1672
1403	1820
1403	1843
1403	1968
1403	1975
1981	1341
1981	1418
1981	1510
1981	1552
1981	1556
1981	1598
1981	1629
1981	1641
1981	1657
1981	1716
1981	1719
1981	1734
1981	1751
1981	1791
1981	1801
1981	1808
1981	1842
1981	1843
1981	1867
1981	1912
1981	1922
1981	1930
1981	1946
1981	1959
1981	1968
1981	1970
1981	1980
1981	1988
1981	1989
1981	1997
14	259
14	919
259	69
259	411
259	709
259	830
919	98
919	207
919	224
919	446
919	452
919	538
919	557
919	705
919	755
919	782
919	794
919	802
919	821
919	823
919	850
919	889
919	903
919	924
1008	1372
1008	1507
1008	1643
1008	1991
1372	1790
1372	1813
1372	1957
1372	1980
1507	1157
1507	1500
1507	1624
1507	1675
1507	1945
1643	1335
1643	1336
1643	1427
1643	1880
1643	1908
1643	1994
1991	1012
1991	1028
1991	1148
1991	1165
1991	1247
1991	1309
1991	395
1991	1382
1991	1435
1991	1497
1991	1518
1991	1534
1991	1536
1991	1597
1991	1605
1991	1652
1991	1656
1991	1684
1991	1699
1991	1718
1991	1720
1991	1737
1991	1744
1991	1785
1991	1792
1991	1841
1991	1846
1991	1906
1991	1918
1991	1927
1991	1950
1991	1952
1991	1962
1991	1967
1991	1973
1991	1980
15	634
15	776
15	944
634	45
634	181
634	732
634	930
634	954
776	33
776	202
776	526
776	1571
776	578
776	683
776	729
776	747
776	777
776	867
776	915
944	105
944	130
944	636
944	674
944	734
944	853
944	857
944	863
944	866
944	875
944	896
944	920
944	930
944	946
944	947
944	953
944	968
944	970
944	989
944	991
944	999
16	229
16	304
16	997
229	565
229	794
229	991
304	639
304	851
304	929
304	930
997	103
997	191
997	218
997	326
997	376
997	431
997	465
997	481
997	565
997	566
997	571
997	576
997	670
997	682
997	685
997	1708
997	755
997	760
997	810
997	837
997	842
997	864
997	898
997	910
997	928
997	953
997	955
997	956
997	969
997	979
997	983
997	986
997	990
17	753
17	899
17	917
17	993
753	668
753	743
753	752
753	797
753	878
753	911
753	937
753	964
899	58
899	435
899	465
899	614
899	671
899	705
899	744
899	758
899	849
899	857
899	883
899	900
899	916
899	969
899	981
917	106
917	148
917	167
917	239
917	355
917	367
917	1427
917	719
917	732
917	743
917	784
917	833
917	850
917	873
917	909
917	934
917	973
917	982
917	984
917	989
993	103
993	126
993	154
993	182
993	323
993	1416
993	427
993	434
993	443
993	459
993	530
993	572
993	604
993	640
993	668
993	671
993	679
993	681
993	687
993	692
993	726
993	781
993	786
993	798
993	830
993	865
993	868
993	885
993	934
993	940
993	955
993	960
993	977
993	982
18	313
18	401
18	717
18	986
313	567
313	680
313	923
313	973
401	549
401	725
401	895
401	910
717	292
717	445
717	520
717	536
717	621
717	661
717	789
717	855
717	869
986	79
986	96
986	257
986	284
986	299
986	399
986	409
986	463
986	466
986	619
986	671
986	678
986	706
986	773
986	794
986	826
986	834
986	851
986	876
986	882
986	918
986	942
986	954
986	955
986	969
986	972
986	976
986	977
19	242
19	784
19	806
19	832
242	641
242	731
242	845
784	177
784	403
784	489
784	596
784	692
784	777
784	897
784	923
784	958
806	93
806	198
806	338
806	512
806	606
806	622
806	644
806	807
806	845
806	893
806	955
832	51
832	228
832	375
832	428
832	633
832	901
832	916
832	932
832	942
832	957
832	958
832	973
20	44
20	484
20	533
20	644
44	563
44	921
44	981
484	749
484	834
484	841
484	895
484	984
533	454
533	660
533	922
533	979
644	499
644	694
644	723
644	864
644	882
1009	1027
1009	1564
1009	1782
1009	1836
1027	1292
1027	1843
1027	1965
1564	1248
1564	1260
1564	1762
1564	1998
1782	1237
1782	1446
1782	1485
1782	1494
1782	1730
1782	1816
1782	1929
1782	1959
1782	1976
1782	1979
1782	1997
1836	1285
1836	1418
1836	1468
1836	1565
1836	1592
1836	1810
1836	1828
1836	1841
1836	1871
1836	1928
1836	1934
1836	1967
1836	1984
1836	1988
21	221
21	888
21	912
21	929
221	577
221	640
221	859
888	50
888	96
888	205
888	289
888	613
888	626
888	674
888	719
888	725
888	841
888	886
888	916
888	957
888	968
888	984
888	990
912	211
912	231
912	431
912	460
912	468
912	524
912	550
912	553
912	626
912	653
912	672
912	706
912	827
912	865
912	909
912	928
912	952
912	968
912	978
929	212
929	251
929	256
929	354
929	436
929	458
929	462
929	548
929	549
929	624
929	627
929	667
929	714
929	771
929	853
929	868
929	914
929	975
22	95
22	315
22	938
95	197
95	762
95	821
315	429
315	862
315	909
938	368
938	371
938	414
938	425
938	480
938	535
938	576
938	755
938	781
938	820
938	849
938	924
938	926
938	928
938	937
938	946
938	969
938	971
938	987
23	779
23	789
23	830
23	860
779	143
779	450
779	671
779	788
779	870
779	880
779	943
779	981
779	989
779	990
789	212
789	383
789	397
789	682
789	739
789	827
789	865
789	875
789	926
830	211
830	311
830	336
830	372
830	406
830	791
830	846
830	940
830	999
860	51
860	126
860	128
860	535
860	549
860	614
860	649
860	691
860	760
860	875
860	924
860	927
860	930
24	577
24	792
24	851
24	959
577	133
577	210
577	391
577	973
792	64
792	117
792	258
792	349
792	361
792	627
792	656
792	736
792	737
792	918
792	989
851	103
851	224
851	290
851	427
851	434
851	646
851	681
851	729
851	746
851	891
851	984
851	990
959	333
959	356
959	371
959	521
959	575
959	715
959	724
959	730
959	758
959	785
959	803
959	1810
959	821
959	858
959	878
959	900
959	927
959	956
959	960
959	979
959	990
959	996
1010	1084
1010	1212
1010	622
1010	1842
1084	1240
1084	1552
1084	1950
1212	1097
1212	1828
622	790
622	803
622	815
622	846
622	910
1842	1154
1842	1432
1842	1584
1842	1640
1842	1720
1842	1742
1842	1773
1842	1839
1842	1882
1842	1936
1842	1978
1842	1980
1011	1432
1011	1825
1011	1874
1011	1977
1432	1574
1432	1801
1432	916
1825	1164
1825	1453
1825	1498
1825	1653
1825	1759
1825	1768
1825	1838
1825	1880
1825	1928
1825	1941
1825	1972
1825	1975
1825	991
1825	1990
1874	1034
1874	1042
1874	1287
1874	1441
1874	1559
1874	1612
1874	1767
1874	1793
1874	1797
1874	1902
1874	1934
1874	1945
1874	1986
1874	1989
1874	1992
1874	1998
1874	1999
1977	1035
1977	1095
1977	1117
1977	1140
1977	1164
1977	1172
1977	1198
1977	1255
1977	1259
1977	1328
1977	1366
1977	1510
1977	1602
1977	1657
1977	1699
1977	1706
1977	1723
1977	1725
1977	1815
1977	1855
1977	1894
1977	1897
1977	1909
1977	1915
1977	1917
1977	1932
1977	1944
1977	1948
1977	1956
1977	1985
1977	1986
25	455
25	669
25	946
25	1996
455	194
455	385
455	764
455	921
455	981
669	160
669	172
669	445
669	524
669	562
669	576
669	847
669	955
946	47
946	127
946	273
946	294
946	418
946	490
946	562
946	582
946	604
946	608
946	691
946	701
946	702
946	721
946	771
946	793
946	827
946	885
946	937
946	982
1996	1049
1996	1112
1996	1132
1996	1247
1996	1286
1996	1341
1996	1349
1996	1428
1996	1530
1996	1533
1996	1582
1996	1616
1996	1642
1996	1662
1996	1737
1996	1751
1996	1756
1996	1766
1996	1776
1996	1781
1996	1795
1996	1834
1996	1845
1996	1848
1996	1858
1996	1863
1996	1892
1996	1912
1996	1915
1996	1922
1996	1923
1996	1953
1996	1962
1996	1986
1996	1994
26	65
26	289
26	697
26	885
65	464
65	502
65	956
289	255
289	449
289	861
697	34
697	488
697	510
697	715
697	884
697	943
697	957
697	990
885	74
885	367
885	545
885	568
885	606
885	708
885	764
885	812
885	852
885	927
885	953
885	954
885	979
1012	1524
1012	1943
1524	1356
1524	1387
1524	1688
1524	1775
1524	1835
1524	1854
1943	1236
1943	1340
1943	1510
1943	1518
1943	1548
1943	1609
1943	1709
1943	1711
1943	1714
1943	1748
1943	1769
1943	1775
1943	1829
1943	1906
1943	1917
1943	1929
1943	1930
1943	1940
1943	1949
1943	1959
1943	1964
1943	1973
1943	1986
27	192
27	378
27	379
27	698
192	478
192	636
192	894
378	235
378	327
378	392
378	573
379	176
379	813
379	922
698	215
698	324
698	354
698	620
698	745
698	816
698	884
1013	1136
1013	1319
1013	1580
1013	1966
1136	1476
1136	1619
1136	1900
1319	1235
1319	1670
1319	1780
1319	1899
1580	1100
1580	1243
1580	1690
1580	1780
1580	1829
1580	1840
1966	1091
1966	1098
1966	1132
1966	1316
1966	1325
1966	1381
1966	1464
1966	1474
1966	1475
1966	1488
1966	1503
1966	1511
1966	1566
1966	1589
1966	1612
1966	1734
1966	1741
1966	1756
1966	1811
1966	1838
1966	1846
1966	1849
1966	1866
1966	1885
1966	1898
1966	1933
1966	1962
28	857
28	921
28	978
857	240
857	299
857	398
857	478
857	620
857	781
857	810
857	928
857	958
857	976
857	996
921	90
921	269
921	344
921	423
921	626
921	635
921	671
921	722
921	790
921	844
921	902
921	910
921	977
921	978
921	980
921	984
921	991
978	156
978	189
978	203
978	211
978	340
978	381
978	491
978	493
978	495
978	512
978	518
978	583
978	607
978	653
978	656
978	728
978	762
978	768
978	772
978	883
978	891
978	918
978	940
978	948
978	952
978	955
978	975
978	979
1014	1238
1014	1316
1014	1645
1014	1990
1238	767
1238	1912
1238	1931
1316	1073
1316	1304
1316	1571
1645	1465
1645	1474
1645	1757
1645	1792
1645	1881
1645	1931
1645	968
1990	1047
1990	1055
1990	1101
1990	1183
1990	1210
1990	1236
1990	1308
1990	1352
1990	1353
1990	1376
1990	1462
1990	1494
1990	1499
1990	1532
1990	1537
1990	1603
1990	1608
1990	1666
1990	1668
1990	1683
1990	1691
1990	1701
1990	1715
1990	1753
1990	1778
1990	1793
1990	1813
1990	1851
1990	1858
1990	1915
1990	1958
1990	1971
1990	1987
1990	1999
1015	1902
1015	1947
1015	1953
1015	1998
1902	1032
1902	1277
1902	1477
1902	1578
1902	1609
1902	1683
1902	1728
1902	1740
1902	1750
1902	1849
1902	1867
1902	1923
1902	1936
1902	1965
1902	1992
1902	1993
1902	1999
1947	1020
1947	1033
1947	1074
1947	276
1947	1300
1947	1309
1947	1522
1947	1556
1947	1562
1947	1567
1947	1611
1947	1628
1947	1637
1947	1650
1947	1658
1947	1681
1947	1715
1947	1783
1947	1829
1947	1837
1947	1853
1947	1907
1947	1954
1953	1057
1953	1191
1953	1224
1953	1269
1953	1273
1953	1332
1953	1463
1953	1505
1953	1584
1953	1711
1953	1717
1953	1724
1953	1755
1953	1760
1953	1822
1953	1865
1953	1869
1953	1872
1953	1879
1953	1881
1953	1888
1953	1892
1953	1899
1953	1988
1953	1992
1998	1079
1998	1139
1998	1178
1998	1224
1998	1264
1998	1308
1998	1336
1998	1440
1998	1540
1998	1543
1998	1617
1998	1626
1998	1717
1998	1719
1998	1746
1998	1760
1998	1765
1998	1777
1998	1780
1998	1784
1998	1791
1998	1803
1998	1811
1998	1837
1998	1876
1998	1904
1998	1911
1998	1913
1998	1922
1998	1941
1998	1944
1998	964
1998	1970
1998	1974
1998	1975
29	485
29	560
29	595
29	982
485	50
485	525
485	633
485	709
485	964
560	504
560	514
560	537
560	603
560	941
560	989
595	387
595	716
595	879
595	970
595	984
982	59
982	201
982	218
982	249
982	268
982	302
982	307
982	440
982	530
982	572
982	573
982	589
982	609
982	712
982	718
982	812
982	813
982	829
982	833
982	869
982	920
982	1918
982	934
982	970
982	972
982	973
982	983
30	646
30	718
30	895
30	964
646	142
646	420
646	745
646	790
646	902
646	931
718	339
718	692
718	876
718	918
718	922
718	947
895	248
895	449
895	617
895	1622
895	639
895	641
895	690
895	797
895	802
895	865
895	881
895	942
895	948
895	979
895	991
964	179
964	180
964	319
964	337
964	353
964	380
964	405
964	425
964	535
964	553
964	625
964	632
964	640
964	699
964	736
964	741
964	842
964	871
964	966
964	970
964	976
1016	1100
1016	1173
1016	1745
1016	1833
1100	1831
1100	1880
1173	1302
1173	1875
1173	1929
1745	1553
1745	1764
1745	1813
1745	1840
1745	1845
1745	1954
1745	1956
1745	1962
1745	1971
1745	1976
1833	1043
1833	185
1833	1278
1833	1351
1833	1519
1833	1554
1833	1575
1833	1877
1833	1895
1833	1924
1833	1971
1833	1979
1833	1988
31	345
31	721
31	746
31	983
345	369
345	653
345	705
345	958
721	403
721	489
721	599
721	834
721	889
721	935
721	945
746	61
746	288
746	528
746	756
746	948
746	967
746	971
983	82
983	115
983	127
983	224
983	325
983	584
983	593
983	618
983	625
983	643
983	647
983	724
983	743
983	755
983	794
983	809
983	816
983	821
983	831
983	838
983	862
983	879
983	896
983	900
983	935
983	958
983	975
983	987
32	620
32	684
32	821
32	870
620	566
620	769
620	788
620	840
620	841
684	521
684	565
684	574
684	761
684	856
684	859
684	953
821	161
821	633
821	749
821	767
821	829
821	880
821	942
821	970
870	328
870	394
870	547
870	575
870	601
870	680
870	686
870	733
870	833
870	892
870	906
870	926
33	397
33	643
33	741
397	751
397	880
397	916
643	106
643	153
643	321
643	752
643	841
643	842
741	204
741	428
741	433
741	728
741	842
741	850
741	853
1017	1272
1017	1281
1017	1963
1272	1275
1272	1548
1272	1613
1272	1952
1281	1816
1281	1883
1281	1976
1963	1051
1963	1120
1963	1202
1963	1279
1963	1340
1963	1459
1963	1558
1963	1559
1963	1569
1963	1592
1963	1654
1963	1663
1963	1677
1963	1686
1963	1715
1963	1717
1963	1764
1963	1820
1963	1843
1963	1898
1963	1900
1963	1931
1963	1933
1963	1957
1963	1978
1963	1984
1963	1992
34	618
34	894
34	911
618	447
618	810
618	868
618	877
618	898
618	967
894	43
894	217
894	373
894	407
894	506
894	580
894	596
894	605
894	722
894	732
894	873
894	952
894	958
894	987
894	989
894	999
911	113
911	265
911	284
911	549
911	624
911	694
911	729
911	745
911	814
911	901
911	966
911	972
911	984
1018	1124
1018	1713
1018	1772
1018	1984
1124	1638
1124	1764
1124	1848
1713	1567
1713	1575
1713	1848
1713	1860
1713	1917
1713	1932
1713	1960
1772	1030
1772	1104
1772	1548
1772	1598
1772	1610
1772	1675
1772	1680
1772	1696
1772	1935
1772	1951
1984	151
1984	1181
1984	1268
1984	1300
1984	1305
1984	1380
1984	1381
1984	1425
1984	1494
1984	1537
1984	1539
1984	1594
1984	1667
1984	1691
1984	1724
1984	1751
1984	1756
1984	1764
1984	1796
1984	1819
1984	1860
1984	1867
1984	1891
1984	1911
1984	1919
1984	1923
1984	1925
1984	1940
1984	1946
1984	1951
1984	1994
1019	1424
1019	1606
1019	1890
1019	1958
1424	1718
1424	1791
1424	1889
1424	1913
1424	1999
1606	1526
1606	1595
1606	1828
1606	1913
1606	1928
1606	1940
1606	1965
1890	1186
1890	1226
1890	1365
1890	1515
1890	1519
1890	1560
1890	1603
1890	1659
1890	1664
1890	1733
1890	1742
1890	1748
1890	1816
1890	1832
1890	1886
1890	1941
1890	1956
1890	1961
1958	1064
1958	1133
1958	1196
1958	1296
1958	1386
1958	1399
1958	1419
1958	1463
1958	1538
1958	1574
1958	1608
1958	1692
1958	1758
1958	1771
1958	1823
1958	1844
1958	1849
1958	1870
1958	1896
1958	1913
1958	1955
1958	1979
1958	1986
1958	1989
1958	1992
1958	1997
1020	1128
1020	1193
1020	1528
1128	1605
1128	1823
1128	1983
1193	1411
1193	1532
1193	1707
1528	1075
1528	1093
1528	1493
1528	1898
1528	1971
1528	1988
708	66
708	249
708	413
708	509
708	639
708	735
708	941
708	989
750	1103
750	133
750	245
750	277
750	327
750	546
750	568
750	877
932	46
932	76
932	270
932	308
932	394
932	432
932	447
932	553
932	677
932	740
932	793
932	794
932	818
932	1828
932	876
932	914
932	940
932	966
932	984
36	413
36	886
36	969
36	984
413	496
413	511
413	568
886	56
886	121
886	145
886	250
886	375
886	414
886	456
886	461
886	504
886	653
886	773
886	883
886	942
886	972
886	1975
886	976
969	88
969	117
969	169
969	174
969	200
969	321
969	407
969	516
969	559
969	562
969	725
969	763
969	782
969	825
969	826
969	859
969	861
969	878
969	901
969	934
969	966
969	975
969	976
984	41
984	261
984	344
984	439
984	441
984	447
984	520
984	549
984	582
984	604
984	716
984	834
984	876
984	893
984	907
984	908
984	909
984	923
984	941
984	945
984	953
984	996
984	999
1021	1070
1021	1163
1021	1558
1021	1627
1070	1125
1070	1770
1070	1810
1163	1159
1163	1195
1163	1547
1558	363
1558	1371
1558	1746
1558	1798
1558	1980
1627	1183
1627	1563
1627	1578
1627	1660
1627	1795
1627	1970
1627	1988
1022	1869
1022	1898
1022	1940
1869	1044
1869	1148
1869	1184
1869	1298
1869	1448
1869	1491
1869	1501
1869	1570
1869	1787
1869	1841
1869	1881
1869	1884
1869	1923
1869	1946
1869	1987
1898	1205
1898	1359
1898	1435
1898	1449
1898	1538
1898	1715
1898	1719
1898	1754
1898	1762
1898	1765
1898	1838
1898	1906
1898	1913
1898	1930
1898	1978
1940	1149
1940	1345
1940	1358
1940	1421
1940	1478
1940	1610
1940	1646
1940	1675
1940	1706
1940	1714
1940	1722
1940	1729
1940	1873
1940	1880
1940	1928
1940	1932
1940	1952
1940	1954
1940	1959
1940	1965
1023	1276
1023	1859
1023	1893
1023	1949
1276	1308
1276	1373
1276	1444
1276	1808
1859	1025
1859	1035
1859	1237
1859	1284
1859	1290
1859	1599
1859	1667
1859	1677
1859	1733
1859	1780
1859	1826
1859	1875
1859	1948
1859	1970
1859	1976
1859	1994
1893	1054
1893	1113
1893	1210
1893	1311
1893	1368
1893	1453
1893	1626
1893	1662
1893	1708
1893	1719
1893	1741
1893	1814
1893	877
1893	1912
1893	1946
1893	1983
1949	1050
1949	1103
1949	1194
1949	1324
1949	1343
1949	1378
1949	1404
1949	1427
1949	1561
1949	1618
1949	1716
1949	1775
1949	1789
1949	1813
1949	1823
1949	1894
1949	1899
1949	1900
1949	1918
1949	1926
1949	1930
1949	1961
1949	1968
1949	1976
1024	1410
1024	1673
1024	1822
1024	1973
1410	1282
1410	1819
1410	1849
1410	1867
1673	1245
1673	1675
1673	1809
1673	1831
1673	1848
1673	1883
1673	1913
1822	1031
1822	1045
1822	1103
1822	1160
1822	1339
1822	1340
1822	1350
1822	1383
1822	1840
1822	1853
1822	1879
1822	1967
1822	1971
1973	1098
1973	1125
1973	1158
1973	1171
1973	1261
1973	1310
1973	1344
1973	1433
1973	1589
1973	1594
1973	1597
1973	1619
1973	1636
1973	1697
1973	1736
1973	1737
1973	1768
1973	1806
1973	1891
1973	1927
1973	1950
1973	1965
1973	1972
1973	1975
1973	1985
1973	1994
37	742
37	943
37	971
742	52
742	93
742	267
742	688
742	713
742	850
742	858
742	864
742	901
742	991
943	157
943	165
943	296
943	423
943	481
943	500
943	537
943	579
943	599
943	656
943	660
943	773
943	852
943	866
943	901
943	970
943	975
943	980
943	990
943	1997
971	252
971	307
971	361
971	372
971	472
971	504
971	552
971	593
971	663
971	682
971	683
971	743
971	1773
971	796
971	847
971	873
971	883
971	887
971	902
971	908
971	915
971	967
971	968
971	990
1025	1180
1025	1865
1025	1883
1180	1801
1180	1951
1865	1143
1865	1293
1865	1482
1865	1521
1865	1556
1865	1657
1865	1768
1865	1896
1865	1909
1865	1930
1865	1935
1865	1939
1865	1950
1865	1976
1865	1994
1883	1270
1883	1317
1883	1413
1883	1442
1883	1491
1883	1532
1883	1546
1883	1674
1883	1703
1883	1724
1883	1799
1883	1934
1883	1955
1883	1988
1883	1992
38	306
38	488
38	587
38	967
306	205
306	648
306	896
306	935
488	436
488	1682
488	835
488	979
587	128
587	300
587	399
587	626
587	797
587	871
967	64
967	87
967	112
967	145
967	228
967	347
967	363
967	437
967	565
967	594
967	642
967	652
967	770
967	782
967	818
967	827
967	875
967	878
967	882
967	925
967	979
967	988
1026	1329
1026	1337
1026	691
1026	1867
1329	1102
1329	1294
1329	1391
1329	1678
1337	1142
1337	1704
1337	1834
1337	1910
691	100
691	383
691	594
691	869
691	906
691	941
1867	1087
1867	1220
1867	1261
1867	1339
1867	1760
1867	1786
1867	1814
1867	1840
1867	1843
1867	1871
1867	1968
1867	1972
1292	1584
1292	1688
1292	1783
1292	1845
1843	1135
1843	1616
1843	1708
1843	1808
1843	1830
1843	1849
1843	1860
1843	1889
1843	1938
1965	1050
1965	1131
1965	1187
1965	1213
1965	1294
1965	1382
1965	1561
1965	1624
1965	1639
1965	1648
1965	1670
1965	1715
1965	1743
1965	1831
1965	1846
1965	1884
1965	1906
1965	1911
1965	1939
1965	1942
1965	1946
1965	1952
1965	1959
1965	990
39	374
39	671
39	867
39	877
374	104
374	534
374	690
374	897
671	93
671	733
671	767
867	357
867	428
867	547
867	679
867	688
867	692
867	812
867	892
867	901
867	906
867	920
867	922
867	935
867	976
867	1989
877	128
877	286
877	523
877	561
877	596
877	623
877	677
877	815
877	846
877	854
877	922
877	957
877	999
40	324
40	730
40	798
40	853
324	809
324	843
324	953
730	291
730	802
730	823
730	850
730	861
730	923
730	952
730	955
798	363
798	627
798	633
798	663
798	765
798	772
798	803
798	828
798	829
798	883
798	975
853	275
853	545
853	624
853	654
853	716
853	770
853	848
853	896
853	910
853	966
41	736
41	865
41	906
736	97
736	538
736	735
736	843
736	871
865	131
865	141
865	184
865	213
865	293
865	518
865	788
865	846
865	945
865	973
865	979
906	60
906	290
906	305
906	346
906	469
906	602
906	633
906	674
906	680
906	767
906	793
906	873
906	905
906	922
906	989
1028	1497
1028	1844
1028	1934
1497	1086
1497	1126
1497	1789
1497	1989
1844	1334
1844	1369
1844	1402
1844	1573
1844	1607
1844	1722
1844	1747
1844	1768
1844	1779
1844	1851
1844	1882
1844	1967
1844	1970
1934	1142
1934	1254
1934	1301
1934	1320
1934	1579
1934	1589
1934	1603
1934	1622
1934	1730
1934	1734
1934	1751
1934	1795
1934	1815
1934	1827
1934	1885
1934	1908
1934	1954
1934	1957
1029	569
1029	1666
1029	1733
1029	1923
569	208
569	432
569	483
569	638
569	836
569	966
1666	1093
1666	1473
1666	1749
1666	1790
1666	1922
1666	1983
1733	103
1733	1739
1733	1750
1733	1861
1733	1882
1733	1918
1733	1928
1923	1345
1923	1355
1923	1384
1923	1419
1923	1467
1923	1526
1923	1710
1923	1723
1923	1730
1923	1757
1923	844
1923	1891
1923	1924
1923	1935
1923	1972
1923	1999
1030	1081
1030	1115
1081	910
1081	1914
1081	1939
1115	1438
1115	1787
1115	1860
1031	1038
1031	1650
1031	1954
1038	1451
1038	1513
1038	1812
1650	1374
1650	1479
1650	1511
1650	1848
1650	1975
1650	1978
1954	1127
1954	1179
1954	1202
1954	1306
1954	1431
1954	1483
1954	1529
1954	1539
1954	1590
1954	1721
1954	1728
1954	1748
1954	1787
1954	1806
1954	1810
1954	1811
1954	1911
1954	1941
1954	1945
1954	1956
1954	1970
1954	1994
42	115
42	433
42	578
42	988
115	458
115	663
433	109
433	434
433	686
578	152
578	307
578	827
578	928
988	1197
988	226
988	314
988	494
988	505
988	506
988	572
988	628
988	636
988	667
988	686
988	728
988	731
988	732
988	812
988	820
988	824
988	849
988	864
988	866
988	893
988	902
988	904
988	907
988	926
988	942
988	953
988	957
988	966
988	976
988	977
988	980
988	987
1032	1196
1032	1576
1032	1809
1196	1783
1196	1879
1576	1384
1576	1409
1576	1590
1576	1687
1576	1926
1809	1371
1809	1806
1809	1811
1809	1877
1809	1880
1809	1885
1809	1888
1809	1895
1809	1919
1809	1933
1809	1968
43	63
43	452
43	582
63	166
63	536
63	920
452	606
452	923
452	948
452	991
582	936
563	77
563	825
563	879
563	897
563	962
563	979
981	77
981	126
981	201
981	283
981	333
981	341
981	391
981	424
981	453
981	589
981	597
981	638
981	663
981	674
981	678
981	701
981	733
981	751
981	754
981	763
981	796
981	824
981	833
981	847
981	887
981	901
981	958
981	972
981	991
45	871
45	926
871	98
871	137
871	276
871	542
871	710
871	755
871	862
871	892
871	910
871	953
871	968
926	60
926	132
926	260
926	305
926	319
926	393
926	439
926	539
926	588
926	624
926	864
926	935
926	960
926	972
1033	1314
1033	1888
1033	1959
1314	1243
1314	1595
1314	1758
1314	1992
1888	1258
1888	1345
1888	1350
1888	1418
1888	1446
1888	1552
1888	1598
1888	1638
1888	1675
1888	1872
1888	1905
1888	1956
1888	1962
1888	1967
1888	1983
1888	1987
1959	1037
1959	1131
1959	1184
1959	1215
1959	1323
1959	1358
1959	1492
1959	1537
1959	1594
1959	1597
1959	1686
1959	1819
1959	1829
1959	1873
1959	1913
1959	1935
1959	1937
1959	945
1959	1950
1959	1961
1959	1964
1959	1967
1959	1974
1034	1331
1034	1591
1034	1868
1331	1669
1331	1847
1331	1872
1331	1911
1591	1434
1591	1439
1591	1885
1591	1909
1591	1948
1591	1983
1868	1055
1868	1282
1868	1298
1868	1359
1868	1445
1868	1661
1868	1723
1868	1832
1868	1840
1868	1853
1868	1861
1868	1892
1868	1909
1868	1948
1868	1989
1868	1997
1035	1396
1035	1979
1396	1153
1396	1413
1396	1855
1396	954
1979	1169
1979	1218
1979	1223
1979	1253
1979	1279
1979	1322
1979	1402
1979	1536
1979	1559
1979	1573
1979	1610
1979	1615
1979	1629
1979	1636
1979	1732
1979	1779
1979	1789
1979	1811
1979	1818
1979	1831
1979	1866
1979	1911
1979	1937
1979	1939
1979	1962
1979	1968
1979	1971
1979	1975
1979	1986
1979	1989
1036	1208
1036	1419
1036	1847
1208	1090
1208	1797
1208	1862
1419	1309
1419	1884
1847	1065
1847	1375
1847	1484
1847	1522
1847	1596
1847	1682
1847	1748
1847	1758
1847	1771
1847	1807
1847	1892
1847	1936
1847	1971
1847	1993
1037	1622
1037	1749
1037	1889
1622	1085
1622	1261
1622	1543
1622	1769
1622	1916
1749	1211
1749	1411
1749	1504
1749	1665
1749	1732
1749	1770
1749	1804
1749	1974
1889	1118
1889	1217
1889	1222
1889	1274
1889	1446
1889	1489
1889	1544
1889	1675
1889	1698
1889	1720
1889	1742
1889	1884
1889	1924
1889	1978
1889	1985
1889	1989
1451	1568
1451	1722
1451	1759
1451	1793
1513	1380
1513	1795
1513	1866
1513	1960
1812	1179
1812	1431
1812	1434
1812	1436
1812	1722
1812	1769
1812	1823
1812	1835
1812	1908
1812	1918
1812	1952
1812	1988
1812	1999
1039	1125
1039	1138
1039	1803
1125	1269
1138	1312
1138	1366
1138	1502
1803	1122
1803	1565
1803	1707
1803	1755
1803	1779
1803	1805
1803	1830
1803	1900
1803	1909
1803	1913
1803	1962
46	434
46	887
46	898
434	503
434	546
887	90
887	230
887	336
887	527
887	607
887	670
887	690
887	747
887	772
887	855
887	908
887	915
887	999
898	55
898	253
898	362
898	377
898	493
898	555
898	556
898	719
898	774
898	840
898	861
898	863
898	922
47	508
47	1815
508	308
508	390
508	416
1815	1280
1815	1399
1815	1547
1815	1561
1815	1751
1815	1781
1815	1789
1815	1870
1815	1926
1815	1938
1815	1972
48	755
48	909
48	941
755	279
755	553
755	1692
755	820
909	328
909	329
909	656
909	668
909	676
909	731
909	759
909	787
909	808
909	828
909	840
909	920
909	957
909	968
941	68
941	268
941	320
941	346
941	398
941	420
941	626
941	637
941	756
941	761
941	787
941	845
941	891
941	903
941	920
941	968
941	996
49	412
49	605
49	996
412	391
412	778
412	925
605	476
605	788
605	828
605	840
605	880
605	904
996	53
996	79
996	171
996	187
996	213
996	217
996	238
996	359
996	526
996	527
996	581
996	625
996	627
996	631
996	649
996	677
996	756
996	772
996	780
996	783
996	844
996	855
996	923
996	1919
996	972
996	975
996	980
1040	1466
1040	1705
1040	1736
1040	1987
1466	1052
1466	1712
1466	1768
1466	1805
1466	1928
1705	1184
1705	1239
1705	1484
1705	1671
1705	1684
1705	1764
1705	1779
1705	1828
1705	1916
1736	1055
1736	1201
1736	1221
1736	1361
1736	1800
1736	1907
1736	1955
1736	1960
1987	1057
1987	1244
1987	1271
1987	1335
1987	456
1987	1455
1987	1472
1987	1526
1987	1530
1987	1571
1987	1620
1987	1628
1987	1652
1987	1669
1987	1681
1987	1698
1987	1789
1987	1793
1987	1816
1987	1839
1987	1852
1987	1873
1987	1879
1987	1927
1987	1936
1987	1938
1987	1955
1987	1968
1987	1972
1987	1985
1987	1993
1041	1076
1041	1183
1041	1290
1076	1948
1076	1975
1076	1992
1183	1850
1290	1458
1290	1687
1290	1970
50	140
140	641
140	796
140	966
1042	1095
1042	1620
1042	1956
1095	1219
1095	1936
1620	1294
1620	1315
1620	1376
1620	1696
1620	1931
1620	1952
1956	1286
1956	1326
1956	1416
1956	1454
1956	1515
1956	1565
1956	1579
1956	1600
1956	1649
1956	1675
1956	1685
1956	1723
1956	1754
1956	1778
1956	1851
1956	1878
1956	1932
1956	1944
1956	1971
1956	1978
1956	1980
1956	1999
51	542
51	654
542	88
542	579
542	652
542	836
542	933
654	441
654	652
654	782
654	855
654	945
1043	1177
1043	1250
1043	1918
1177	1581
1177	1754
1177	1955
1250	1590
1250	1692
1250	1706
1250	1891
1918	1065
1918	1126
1918	1220
1918	1267
1918	1333
1918	1586
1918	1588
1918	1617
1918	1656
1918	1776
1918	1861
1918	1909
1918	1917
1918	1933
1918	1975
1918	1988
1044	1355
1044	1429
1044	1522
1355	1287
1355	1585
1355	1788
1429	1604
1429	1791
1429	1839
1429	1927
1429	1971
1522	1550
1522	1688
1522	1763
1522	1835
1045	1191
1045	1834
1045	1924
1191	1157
1834	1211
1834	1406
1834	1495
1834	1529
1834	1600
1834	1655
1834	1658
1834	1851
1834	1895
1834	1900
1834	1935
1924	1228
1924	1304
1924	1325
1924	1461
1924	1533
1924	1609
1924	1644
1924	1661
1924	1668
1924	1715
1924	1813
1924	1876
1924	1930
1924	1942
1924	1945
1924	1993
1924	1999
1046	1160
1046	1358
1046	1484
1046	1841
1160	1937
1160	1975
1358	953
1358	1972
1484	1350
1484	1510
1484	1655
1841	1685
1841	1714
1841	1780
1841	1781
1841	1786
1841	1826
1841	1831
1841	1858
1841	1905
1841	1945
1841	1989
1047	1145
1047	1487
1047	1952
1145	600
1145	1697
1487	1352
1487	1542
1487	1993
1487	1994
1952	1225
1952	1251
1952	1309
1952	1486
1952	1548
1952	1563
1952	1575
1952	1624
1952	1684
1952	1742
1952	1770
1952	1789
1952	1831
1952	1862
1952	1879
1952	1892
1952	1932
1952	1937
1952	1968
1952	1975
1048	1693
1048	1727
1048	1919
1693	1338
1693	1458
1693	1503
1693	1615
1693	1779
1693	1790
1693	1810
1693	1944
1727	1068
1727	1277
1727	1377
1727	1724
1727	1757
1727	1797
1727	1870
1727	1910
1727	1974
1919	1198
1919	1231
1919	1384
1919	1599
1919	1639
1919	1658
1919	1661
1919	1674
1919	1717
1919	1765
1919	1769
1919	1785
1919	1799
1919	1855
1919	1946
1919	1957
1919	1970
1919	1985
52	350
52	818
52	914
350	555
350	848
350	916
350	1917
818	87
818	156
818	362
818	1502
818	523
818	629
818	856
818	905
818	950
914	274
914	277
914	280
914	283
914	317
914	348
914	353
914	382
914	554
914	606
914	655
914	681
914	744
914	748
914	977
1049	1412
1049	1946
1049	1964
1412	1762
1412	1764
1412	1914
1412	1972
1412	1974
1946	1091
1946	1127
1946	1144
1946	1248
1946	1400
1946	1485
1946	1551
1946	1646
1946	1752
1946	1886
1946	1910
1946	1937
1946	1974
1946	980
1946	1983
1946	1994
1964	1164
1964	1239
1964	1334
1964	1375
1964	1389
1964	1550
1964	1561
1964	1566
1964	1659
1964	1680
1964	1683
1964	1737
1964	1783
1964	1814
1964	1832
1964	1835
1964	1854
1964	1894
1964	1906
1964	1908
1964	1929
1964	1932
1964	1933
1964	1939
1964	1941
1964	1978
1050	1739
1050	1831
1739	1202
1739	1413
1739	1677
1739	1754
1739	1776
1739	1814
1739	1937
1739	1971
1739	1992
1831	1182
1831	1270
1831	1411
1831	1463
1831	1752
1831	1907
1831	1922
1831	1945
1051	1301
1051	1394
1301	1120
1301	1453
1301	1672
1394	1230
1394	1357
1394	1414
1394	1654
1052	1438
1052	1827
1052	1860
1438	1464
1438	1578
1438	1660
1438	1948
1827	1239
1827	1437
1827	1585
1827	1613
1827	1616
1827	1701
1827	1933
1827	1938
1827	1939
1827	1941
1827	1986
1827	1994
1827	1999
1860	1242
1860	1407
1860	1439
1860	1441
1860	1598
1860	1625
1860	1701
1860	1777
1860	1796
1860	1816
1860	1915
1860	1989
1697	1457
1697	1676
1697	1767
1697	1848
1697	1866
1767	1405
1767	1464
1767	1512
1767	1690
1767	1708
1767	1753
1767	1858
1767	1961
1767	1994
1768	1218
1768	1473
1768	1508
1768	1511
1768	1800
1768	1915
53	181
53	812
53	980
181	340
181	761
812	329
812	334
812	336
812	371
812	551
812	584
812	732
812	749
812	772
980	75
980	85
980	119
980	252
980	262
980	265
980	329
980	419
980	446
980	509
980	539
980	557
980	589
980	631
980	668
980	783
980	843
980	849
980	920
980	937
980	947
980	957
980	962
980	972
980	991
54	323
54	655
54	991
323	358
323	417
655	110
655	137
655	543
655	673
655	918
655	950
991	129
991	149
991	247
991	283
991	406
991	410
991	458
991	469
991	530
991	616
991	632
991	651
991	704
991	713
991	740
991	749
991	766
991	809
991	813
991	859
991	924
991	936
991	970
991	975
991	990
1054	1701
1054	1894
1054	1935
1701	1072
1701	1434
1701	1624
1701	1760
1701	1791
1701	1992
1894	1153
1894	1204
1894	1275
1894	1475
1894	1482
1894	1486
1894	1600
1894	1769
1894	1798
1894	1851
1894	1933
1894	1945
1894	1962
1894	1968
1935	1200
1935	1251
1935	1264
1935	1273
1935	1330
1935	1447
1935	1629
1935	1656
1935	1669
1935	1688
1935	1747
1935	1763
1935	1779
1935	1818
1935	1938
1935	1971
1935	1985
1935	1999
55	67
55	935
67	343
67	701
67	843
935	92
935	121
935	142
935	347
935	394
935	649
935	666
935	745
935	778
935	840
935	901
935	945
935	947
935	950
1056	1256
1056	1569
1056	1797
1056	1994
1256	1633
1256	1663
1256	1922
1569	1310
1569	1354
1569	1706
1569	1808
1569	1960
1797	1120
1797	1555
1797	1574
1797	1714
1797	1776
1797	1939
1797	1950
1797	1968
1797	1985
1994	1114
1994	1171
1994	1248
1994	1257
1994	1271
1994	1300
1994	1383
1994	1452
1994	1492
1994	1555
1994	1568
1994	1615
1994	1671
1994	1683
1994	1714
1994	1759
1994	1761
1994	1806
1994	1862
1994	1926
1994	1957
1994	1972
1994	1980
1994	1993
56	70
56	774
70	335
70	838
70	879
774	445
774	528
774	657
774	715
774	758
774	763
774	915
774	942
57	585
57	702
57	905
57	948
585	267
585	475
585	546
585	838
585	848
585	868
702	71
702	398
702	543
702	567
702	796
702	900
702	908
905	163
905	371
905	392
905	419
905	607
905	675
905	709
905	728
905	738
905	756
905	864
905	904
905	908
905	930
905	957
905	999
948	68
948	152
948	168
948	280
948	349
948	437
948	448
948	559
948	714
948	727
948	807
948	815
948	844
948	883
948	889
948	933
948	936
948	976
58	391
58	688
58	954
391	170
688	382
688	465
688	625
688	670
688	785
688	788
954	236
954	628
954	661
954	663
954	694
954	747
954	751
954	759
954	783
954	849
954	856
954	875
954	897
954	904
954	910
954	950
954	975
954	987
954	989
954	990
1057	1596
1057	1853
1596	1388
1596	1390
1596	1408
1596	1962
1596	1978
1853	1061
1853	1242
1853	1609
1853	1759
1853	1766
1853	1830
1853	1864
1853	1904
1853	1915
1853	1920
1853	1929
1853	1930
1058	1480
1058	1950
1058	1980
1058	1999
1480	1139
1480	1537
1480	1793
1480	1796
1480	1980
1950	1060
1950	1197
1950	1544
1950	1545
1950	1613
1950	1652
1950	1659
1950	1672
1950	1689
1950	1710
1950	1712
1950	1798
1950	1807
1950	1816
1950	1835
1950	1855
1950	1877
1950	1880
1980	1066
1980	1096
1980	1221
1980	1323
1980	1421
1980	1452
1980	1588
1980	1623
1980	1658
1980	1707
1980	1729
1980	1741
1980	1744
1980	1750
1980	1773
1980	1824
1980	1855
1980	1866
1980	1870
1980	1873
1980	1881
1980	1892
1980	1913
1980	1930
1999	1069
1999	1148
1999	1151
1999	1252
1999	1382
1999	1401
1999	1422
1999	1423
1999	1506
1999	1508
1999	1509
1999	1549
1999	1555
1999	1592
1999	1605
1999	1607
1999	1628
1999	1665
1999	1683
1999	1725
1999	1728
1999	1771
1999	1778
1999	1790
1999	1804
1999	1933
1999	1944
1999	1989
1999	1993
1059	1066
1059	1846
1059	1916
1059	1970
1066	1133
1066	1829
1846	1222
1846	1306
1846	1341
1846	1353
1846	1377
1846	1578
1846	1738
1846	1761
1846	1852
1846	1951
1846	1993
1916	1087
1916	1112
1916	1252
1916	1430
1916	1519
1916	1608
1916	1824
1916	1840
1916	1854
1916	1855
1916	1864
1916	1900
1916	1920
1916	1945
1916	1968
1916	1970
1916	1983
1970	1108
1970	1146
1970	1342
1970	1395
1970	1418
1970	1481
1970	1626
1970	1671
1970	1710
1970	1711
1970	1763
1970	1808
1970	1816
1970	1852
1970	1864
1970	1875
1970	1884
1970	1931
1970	1951
1970	1974
1970	1989
59	64
59	222
59	896
64	439
222	538
222	880
896	543
896	561
896	606
896	637
896	734
896	835
896	892
896	893
896	918
896	924
896	945
896	973
60	271
271	99
271	244
271	427
61	573
61	775
61	936
573	175
573	492
573	513
573	928
775	281
775	574
775	623
775	766
775	862
775	916
775	970
936	349
936	407
936	416
936	509
936	524
936	537
936	539
936	1614
936	652
936	670
936	858
936	883
936	925
936	930
936	955
936	957
1060	1116
1060	1291
1060	1585
1116	1391
1116	1563
1116	1840
1291	1137
1291	1170
1291	1885
1585	1489
1585	1560
1585	1799
1061	1426
1061	1552
1061	1746
1426	1462
1426	1780
1426	1877
1426	1908
1426	1974
1552	1909
1552	1962
1552	1967
1746	1557
1746	1718
1746	1731
1746	1732
1746	1757
1746	1777
1746	1840
1746	1927
62	292
62	757
62	908
292	153
292	460
292	989
757	598
757	667
757	740
757	745
757	803
757	876
757	882
757	952
908	184
908	238
908	381
908	442
908	547
908	567
908	661
908	893
908	923
908	924
908	968
908	987
908	989
1062	1132
1062	1835
1062	1884
1062	1993
1132	1387
1835	1175
1835	1457
1835	1512
1835	1556
1835	1597
1835	1619
1835	1635
1835	1698
1835	1948
1884	1195
1884	1265
1884	1288
1884	1532
1884	1547
1884	1560
1884	1677
1884	1798
1884	1907
1884	1925
1884	1948
1884	1951
1993	1078
1993	1241
1993	1253
1993	1305
1993	1313
1993	404
1993	1392
1993	1395
1993	1420
1993	1421
1993	1430
1993	1462
1993	1488
1993	1493
1993	1639
1993	1654
1993	1655
1993	1664
1993	1754
1993	1756
1993	1757
1993	1832
1993	1871
1993	1875
1993	1879
1993	1897
1993	1975
1993	1976
166	356
166	947
166	999
536	248
536	588
536	760
536	923
536	957
920	254
920	305
920	431
920	514
920	722
920	791
920	797
920	802
920	820
920	849
920	852
920	940
920	970
1063	1356
1063	1616
1063	1644
1063	1897
1356	1231
1356	1406
1356	1849
1616	1579
1616	1665
1616	1777
1644	1385
1644	1614
1644	1657
1644	1742
1644	1770
1644	1808
1897	1168
1897	1519
1897	1614
1897	1661
1897	1787
1897	1796
1897	1823
1897	1850
1897	1875
1897	1878
1897	1882
1897	1905
1897	1932
1897	1957
1897	1978
1897	1997
439	207
439	642
439	845
1064	1443
1064	1800
1064	1864
1443	1338
1443	1379
1443	1600
1443	1703
1443	1802
1800	1117
1800	1211
1800	1221
1800	1244
1800	1370
1800	1447
1800	1882
1800	1886
1800	1912
1800	1992
1864	1366
1864	1539
1864	1570
1864	1587
1864	1669
1864	1707
1864	1819
1864	1855
1864	1920
1864	1936
1864	1944
1864	1985
464	668
464	716
464	794
464	966
464	999
502	638
502	768
502	824
502	960
956	80
956	118
956	252
956	298
956	316
956	357
956	404
956	462
956	550
956	609
956	647
956	661
956	678
956	767
956	780
956	827
956	844
956	854
956	869
956	902
956	1937
956	972
66	801
66	845
66	957
801	159
801	189
801	210
801	351
801	727
801	782
801	824
801	828
801	852
801	875
801	999
845	118
845	299
845	451
845	612
845	809
845	828
845	848
845	910
845	916
957	82
957	110
957	237
957	369
957	404
957	448
957	616
957	733
957	780
957	836
957	849
957	869
957	879
343	188
343	474
343	552
343	791
701	144
701	251
701	499
701	878
701	942
843	314
843	354
843	580
843	700
843	771
843	878
843	884
843	916
843	918
843	925
68	633
68	934
633	507
934	200
934	358
934	432
934	487
934	592
934	836
934	863
934	879
934	927
934	933
934	940
934	960
934	970
934	973
934	976
1065	1562
1065	1942
1562	1404
1562	1433
1562	1925
1562	1975
1942	1099
1942	1102
1942	1186
1942	1207
1942	1293
1942	1295
1942	1464
1942	1477
1942	1523
1942	1548
1942	1567
1942	1642
1942	1685
1942	1711
1942	1791
1942	1801
1942	1907
1942	1915
1942	1932
1942	1938
1942	1962
1133	1632
1133	1989
1829	1313
1829	1519
1829	1540
1829	1630
1829	1922
1829	1925
1829	1928
1829	1948
1829	1997
1067	1092
1067	1147
1067	1614
1067	1766
1092	1614
1092	1839
1092	1915
1147	1462
1147	1986
1614	1775
1614	1872
1614	1878
1766	1255
1766	1499
1766	1537
1766	1615
1766	1718
1766	1762
1766	1840
1766	1878
1766	1879
1068	1756
1068	1769
1068	1871
1756	1080
1756	1245
1756	1370
1756	1760
1756	1837
1756	1951
1769	1254
1769	1405
1769	1718
1769	1726
1769	1858
1871	1085
1871	1464
1871	1523
1871	1540
1871	1695
1871	1716
1871	1747
1871	1839
1871	1852
1871	1875
1871	1906
1871	1957
1871	1967
69	733
69	802
733	603
733	720
733	778
733	846
733	999
802	159
802	268
802	460
802	501
802	765
802	855
802	962
1069	1106
1069	1227
1106	1430
1106	1468
1106	1781
1227	1588
1227	1866
1227	1941
1770	1154
1770	1232
1770	1421
1770	1514
1770	1738
1770	1740
1770	1823
1770	1905
1810	1478
1810	1491
1810	1660
1810	1775
1810	1824
1810	1885
1810	1926
1810	1986
1985	1077
1985	1169
1985	1236
1985	1299
1985	1343
1985	1441
1985	1449
1985	1455
1985	1472
1985	1529
1985	1547
1985	1605
1985	1657
1985	1675
1985	1689
1985	1699
1985	1706
1985	1723
1985	1725
1985	1805
1985	1828
1985	1881
1985	1892
1985	1922
1985	1951
1985	1961
1985	1967
1072	1623
1072	1624
1072	1808
1623	1129
1623	1295
1623	1521
1623	1744
1623	1750
1623	1905
1624	1149
1624	1265
1624	1393
1808	1304
1808	1556
1808	1763
1808	1783
1808	1899
1808	1911
1808	1974
335	543
335	677
335	864
838	102
838	130
838	568
838	592
838	670
838	710
838	767
838	828
838	858
838	893
838	952
838	973
879	264
879	334
879	341
879	431
879	761
879	866
879	897
879	930
879	960
879	970
879	975
1073	1400
1073	1541
1073	1751
1400	1635
1400	1895
1400	1936
1541	1111
1541	648
1541	1679
1541	1712
1541	1895
1751	1154
1751	1500
1751	1787
1751	1896
1751	1914
1074	1683
1074	1845
1074	1992
1683	1141
1683	1176
1683	1474
1845	1386
1845	1506
1845	1660
1845	1676
1845	1704
1845	1771
1845	1899
1845	1967
1845	1972
1845	1986
1992	1083
1992	1283
1992	1328
1992	1469
1992	1476
1992	1555
1992	1607
1992	1615
1992	1617
1992	1681
1992	1711
1992	1730
1992	1742
1992	1771
1992	1802
1992	1811
1992	1823
1992	1826
1992	1899
1992	1930
1992	1962
1992	1978
1992	1983
71	129
71	469
71	902
129	185
129	852
469	404
469	881
469	989
902	253
902	316
902	411
902	1408
902	459
902	478
902	505
902	638
902	810
902	866
902	875
902	889
902	940
1075	1339
1075	1374
1075	1671
1339	1440
1339	1545
1374	1142
1374	1149
1374	1383
1671	778
1671	1778
1671	1786
1671	1872
1671	1879
72	470
72	880
72	975
72	989
470	422
470	568
470	764
470	817
470	864
880	400
880	546
880	710
880	765
880	817
880	827
880	828
880	849
880	933
880	960
880	990
975	146
975	155
975	267
975	461
975	497
975	506
975	606
975	656
975	696
975	713
975	766
975	809
975	878
975	952
975	958
989	78
989	116
989	142
989	314
989	435
989	552
989	572
989	608
989	658
989	725
989	727
989	796
989	813
989	892
989	901
989	904
989	907
989	942
989	952
989	990
73	94
73	237
73	607
73	925
94	507
94	933
94	960
237	808
237	937
607	111
607	411
607	1475
607	987
925	228
925	482
925	509
925	714
925	726
925	786
925	797
925	810
925	833
925	841
925	915
925	962
1948	1255
1948	1282
1948	1540
1948	1545
1948	551
1948	1575
1948	1659
1948	1743
1948	1784
1948	1799
1948	1807
1948	1824
1948	1875
1948	1892
1948	1928
1948	1972
1948	1975
1975	1162
1975	1200
1975	1259
1975	1296
1975	1427
1975	1499
1975	1640
1975	1654
1975	1667
1975	1669
1975	1695
1975	1765
1975	1796
1975	1832
1975	1858
1975	1910
1975	1955
74	331
74	773
74	918
331	183
331	640
331	738
773	75
773	427
773	483
773	538
773	545
773	882
773	893
773	916
918	86
918	136
918	176
918	1302
918	358
918	445
918	475
918	500
918	527
918	564
918	681
918	696
918	738
75	279
75	924
279	104
279	575
279	990
924	89
924	91
924	219
924	629
924	630
924	661
924	670
924	696
924	735
924	866
924	893
924	972
1077	1155
1077	1325
1077	1876
1155	1544
1155	1873
1155	1989
1325	1974
1876	1118
1876	1321
1876	1553
1876	1677
1876	1720
1876	1780
1876	1851
1876	1861
1876	1891
1876	1906
1876	1920
1876	1922
1876	1997
76	815
76	931
815	83
815	253
815	347
815	377
815	615
815	739
815	778
815	866
815	868
815	916
931	174
931	213
931	311
931	411
931	456
931	518
931	540
931	566
931	694
931	726
931	764
931	772
931	861
931	891
931	923
931	955
931	977
931	990
931	999
77	182
77	849
182	364
182	518
849	387
849	603
849	667
849	768
849	891
849	893
78	418
78	751
418	423
418	522
418	979
751	160
751	616
751	734
751	782
751	861
751	907
751	962
1078	1166
1078	1321
1078	1939
1166	1795
1166	1805
1321	1433
1321	1805
1321	1917
1939	1096
1939	1206
1939	1222
1939	1357
1939	424
1939	1494
1939	1509
1939	1534
1939	1604
1939	1667
1939	1679
1939	1799
1939	1814
1939	1826
1939	1909
1939	1974
79	566
79	710
566	833
566	884
566	987
710	93
710	134
710	429
710	457
710	960
710	976
80	859
80	987
859	173
859	291
859	293
859	496
859	608
859	705
859	825
859	976
859	999
987	106
987	161
987	169
987	231
987	332
987	334
987	597
987	623
987	628
987	652
987	681
987	758
987	794
987	816
987	831
987	837
987	884
987	897
987	903
987	933
987	937
987	950
987	970
81	190
81	332
81	685
81	813
190	415
190	497
190	907
332	250
332	596
332	855
685	233
685	296
685	386
685	680
685	763
685	883
685	904
813	173
813	339
813	341
813	555
813	703
813	823
813	829
813	972
82	950
950	97
950	109
950	170
950	264
950	300
950	384
950	437
950	498
950	555
950	659
950	739
950	761
950	791
950	878
950	881
950	942
950	1941
950	966
950	977
1079	1423
1079	1732
1079	1986
1423	1275
1423	1333
1423	1851
1423	856
1732	1375
1732	1670
1732	1798
1732	1824
1732	1926
1732	1972
1986	1090
1986	1121
1986	1161
1986	1172
1986	1303
1986	1405
1986	1422
1986	1447
1986	1508
1986	1536
1986	1565
1986	1632
1986	1679
1986	1722
1986	1725
1986	1734
1986	1758
1986	1826
1986	1885
1986	1920
1986	1931
1986	1957
1986	1974
83	285
83	389
83	729
285	782
285	847
285	923
285	972
389	630
389	787
729	421
729	511
729	687
729	704
729	1826
84	476
84	571
84	778
84	927
476	366
476	440
476	550
476	915
571	180
571	260
571	310
571	680
571	748
778	266
778	444
778	597
778	760
778	862
778	928
927	124
927	157
927	351
927	383
927	385
927	400
927	612
927	677
927	790
927	826
927	881
927	907
927	973
927	977
85	479
85	535
85	780
479	360
479	497
479	679
479	752
479	814
535	768
535	782
535	862
780	163
780	490
780	777
780	814
780	823
780	947
780	999
86	765
86	768
86	892
765	276
765	386
765	614
765	817
765	829
765	858
765	910
768	312
768	481
768	668
768	766
768	873
892	274
892	376
892	403
892	591
892	638
892	790
892	807
892	809
892	861
892	863
892	930
892	947
1080	1613
1080	1912
1080	1974
1613	1731
1613	1765
1613	1854
1613	1906
1912	1123
1912	1437
1912	1531
1912	1628
1912	1653
1912	1660
1912	1662
1912	1740
1912	1757
1912	1776
1912	1882
1912	1885
1912	1945
1912	1961
1912	1997
1974	1141
1974	174
1974	1252
1974	1326
1974	1330
1974	1408
1974	1491
1974	1545
1974	1546
1974	1700
1974	1753
1974	1765
1974	1878
1974	1906
1974	1917
1974	1930
1974	1989
1974	1997
87	467
87	743
467	715
467	764
467	889
467	976
743	522
743	546
743	868
743	881
743	977
910	360
910	369
910	388
910	458
910	659
910	682
910	715
910	897
910	977
910	990
1914	1274
1914	1287
1914	1363
1914	1414
1914	1439
1914	1442
1914	1448
1914	1599
1914	1637
1914	1690
1914	1760
1914	1785
1914	1855
1914	1891
1914	1899
1914	1908
1914	1971
1914	1983
88	723
88	854
723	183
723	344
723	419
723	554
723	824
723	990
854	118
854	127
854	281
854	286
854	516
854	588
854	782
854	808
854	831
854	855
854	907
89	252
89	599
89	635
252	979
599	215
599	466
599	687
599	863
635	715
635	772
635	808
635	916
635	960
1082	1790
1082	1936
1082	1941
1082	1951
1790	1285
1790	1485
1790	1506
1790	1543
1790	1699
1790	1877
1790	1891
1790	1892
1936	1249
1936	1397
1936	1417
1936	1441
1936	1521
1936	1750
1936	1792
1936	1799
1936	1819
1936	1896
1936	1907
1936	1945
1936	1976
1936	1978
1936	1983
1936	1989
1941	1362
1941	1463
1941	1659
1941	1668
1941	1680
1941	1780
1941	1818
1941	1832
1941	1840
1941	1870
1941	1873
1941	1927
1941	1951
1941	1962
1951	1114
1951	1248
1951	1416
1951	489
1951	1477
1951	1523
1951	1527
1951	1720
1951	1793
1951	1832
1951	1915
1951	1922
1951	1932
1951	1978
1951	1989
1083	1137
1083	1450
1083	1937
1137	1721
1137	1839
1450	1373
1450	1717
1450	1881
1450	1938
1937	1206
1937	1253
1937	1260
1937	1334
1937	1434
1937	1691
1937	1725
1937	1726
1937	1851
1937	1908
1937	1909
1937	1945
1937	1955
1937	1972
1937	1997
90	893
893	219
893	474
893	489
893	769
893	770
893	835
893	942
893	970
893	979
91	704
91	900
704	136
704	275
704	539
704	642
704	1960
704	968
900	251
900	266
900	449
900	604
900	637
900	648
900	764
900	814
900	837
900	1913
900	952
900	966
900	979
92	173
92	226
173	788
226	907
1240	1214
1240	1568
1240	1642
1240	1913
1085	1430
1085	1570
1430	1152
1430	1863
1570	1681
1570	1696
1570	1753
1570	1804
1086	1210
1086	1724
1086	1983
1210	1267
1724	1189
1724	1563
1724	1572
1724	1663
1724	1855
1983	1113
1983	1236
1983	1246
1983	1336
1983	1368
1983	1436
1983	1467
1983	1469
1983	1479
1983	1573
1983	1649
1983	1798
1983	1799
1983	1802
1983	1896
1983	1908
1983	1910
1983	1915
1983	1920
1983	1927
1983	1930
1983	1988
1087	1781
1087	1917
1781	1151
1781	1653
1781	1672
1781	1700
1781	1775
1781	1877
1917	1139
1917	1144
1917	1235
1917	1295
1917	1310
1917	1516
1917	1551
1917	1573
1917	1765
1917	1792
1917	1863
1917	1920
1917	1957
1917	1971
1088	1306
1088	1582
1088	1771
1088	1877
1306	1899
1582	1660
1582	1709
1582	1773
1582	1826
1582	878
1771	1131
1771	1159
1771	1392
1771	1605
1771	1927
1771	1997
1877	1186
1877	1489
1877	584
1877	1612
1877	1684
1877	1851
1877	1855
1877	1878
1877	1961
1877	1997
1089	1588
1089	1863
1089	1955
1588	1112
1588	1679
1588	728
1863	1107
1863	1156
1863	1283
1863	1296
1863	1463
1863	1617
1863	1710
1863	1852
1863	1879
1863	1896
1863	1907
1863	1910
1863	1989
1955	1139
1955	1170
1955	1174
1955	1194
1955	1217
1955	1414
1955	1574
1955	1610
1955	1690
1955	1723
1955	1741
1955	1753
1955	1755
1955	1786
1955	1838
1955	1861
1955	1875
1955	907
1955	1915
1955	1922
507	203
507	460
507	864
507	923
933	113
933	167
933	233
933	545
933	567
933	744
933	833
933	850
933	869
933	916
933	1920
933	937
933	960
960	234
960	266
960	311
960	435
960	538
960	589
960	594
960	636
960	714
960	827
960	831
960	868
960	923
960	968
1090	1625
1090	1945
1625	1268
1625	1502
1625	1672
1625	1741
1625	1971
1625	1997
1945	1122
1945	1413
1945	1449
1945	1520
1945	1610
1945	1611
1945	1720
1945	1866
1945	1873
1945	1892
1945	1960
1945	1988
197	501
197	557
197	825
762	208
762	238
762	524
762	642
762	676
762	725
762	825
762	835
762	945
1091	1905
1905	1186
1905	1192
1905	1207
1905	1278
1905	1391
1905	1470
1905	1519
1905	1639
1905	1657
1905	1664
1905	1722
1905	1776
1905	1892
1905	1913
96	124
96	916
124	539
124	738
916	261
916	336
916	408
916	663
916	722
916	748
916	842
1839	1174
1839	1406
1839	1439
1839	1632
1839	1740
1839	1813
1839	1861
1839	1886
1839	1968
1915	1264
1915	1448
1915	1459
1915	1578
1915	1763
1915	1906
1915	1928
1915	1961
1915	1989
97	186
97	940
186	539
186	543
186	793
940	107
940	162
940	487
940	493
940	510
940	574
940	602
940	668
940	796
940	824
940	868
940	901
940	976
940	977
98	410
98	604
410	850
604	176
604	666
604	999
1093	1349
1093	1533
1349	1593
1349	1695
1349	1786
1533	1206
1533	1363
1533	1408
1533	1572
99	727
99	976
727	364
727	441
727	658
727	889
727	968
976	106
976	119
976	151
976	171
976	256
976	281
976	308
976	326
976	355
976	381
976	390
976	553
976	636
976	659
976	709
976	713
976	958
1094	1434
1094	1561
1094	1668
1094	1850
1434	1640
1561	1481
1561	1750
1668	1130
1668	1253
1668	1383
1668	1398
1668	1675
1850	1098
1850	1214
1850	1249
1850	1305
1850	1387
1850	1510
1850	1681
1850	1734
1850	1760
1850	1920
1850	1997
1219	1813
1219	1900
1219	1907
1096	1330
1096	1930
1330	1611
1930	1310
1930	1553
1930	1703
1930	1787
1930	1795
1930	1806
1930	1838
1930	1851
1930	1967
1930	1989
1097	1167
1097	1637
1097	1926
1167	1176
1167	1185
1167	1922
1637	1258
1637	1642
1637	1962
1926	1459
1926	1478
1926	513
1926	1547
1926	1715
1926	1750
1926	1757
1926	1820
1926	1866
1926	1886
1926	1895
1926	1928
1926	1929
1926	1978
1926	1989
1926	1997
100	414
100	873
100	930
414	269
873	162
873	320
873	325
873	358
873	409
873	564
873	722
873	732
873	897
873	977
930	101
930	148
930	191
930	194
930	211
930	246
930	425
930	481
930	545
930	793
930	881
930	903
1098	1818
1818	1154
1818	1326
1818	1577
1818	1649
1818	1730
1818	1752
1818	1895
1818	1957
1099	1459
1099	1538
1099	1957
1459	1738
1459	1972
1538	1885
1538	1911
1538	1931
1538	1944
1957	1165
1957	1287
1957	1309
1957	1347
1957	1397
1957	1420
1957	1454
1957	1475
1957	1482
1957	1699
1957	1785
1957	1802
1957	1861
1957	1925
1957	1989
1880	1481
1880	1503
1880	1505
1880	1665
1880	1691
1880	1743
1880	1748
1880	1752
1880	1783
1880	1852
1101	1367
1101	1658
1101	1723
1367	1393
1367	1760
1367	1896
1367	1911
1658	1121
1658	1557
1658	1679
1658	1764
1723	1368
1723	1704
1723	1741
1102	1626
1102	1878
1626	1288
1626	1512
1626	1789
1626	1968
1878	1304
1878	1612
1878	1686
1878	1718
1878	1728
1878	1838
1878	1910
1878	1972
1878	1989
101	435
101	937
435	367
435	598
937	202
937	214
937	432
937	468
937	1546
937	602
937	617
937	632
937	641
937	648
937	747
937	837
937	858
937	882
937	884
102	156
102	366
102	590
156	612
366	579
366	749
590	509
590	530
590	612
590	712
590	844
590	970
1103	1587
1587	1263
1587	1347
1587	1393
1587	1431
1104	1203
1104	1472
1104	1759
1203	1304
1203	1602
1203	1972
1472	1220
1472	1635
1759	1264
1759	1299
1759	1338
1759	1743
1759	1858
1759	1927
104	419
104	576
419	771
419	791
576	310
576	740
576	816
1187	1720
1187	1773
1672	1540
1672	1820
1672	1828
1672	1892
1468	1592
1468	1728
1468	1734
1468	1920
1107	1266
1107	1488
1107	1681
1266	1113
1266	1527
1266	1698
1266	1779
1488	1242
1488	1454
1488	1604
1681	1518
1681	1568
1108	1277
1108	1716
1108	1807
1277	1691
1277	1910
1716	1205
1716	1259
1716	1376
1716	1667
1716	1899
1716	1900
1807	1378
1807	1670
1807	1748
1807	1750
1807	1778
1807	1848
1807	1892
1807	1971
105	260
105	274
105	786
260	613
260	791
274	359
274	889
786	143
786	216
786	481
786	492
786	600
786	601
786	712
786	788
786	977
1109	1213
1109	1792
1109	1858
1109	1896
1213	1649
1213	1796
1792	1621
1792	1678
1792	1762
1792	1909
1792	1913
1792	1962
1792	1972
1792	1978
1858	1388
1858	1458
1858	1471
1858	1520
1858	1660
1858	1684
1858	1906
1858	1971
1896	1263
1896	1347
1896	1607
1896	1608
1896	1611
1896	1700
1896	1773
1896	1838
1896	1861
1896	1862
1896	1933
1896	1967
107	861
107	891
861	355
861	541
861	617
861	715
861	783
861	826
861	990
891	175
891	348
891	362
891	381
891	447
891	504
891	651
891	1720
891	767
891	858
891	876
1110	1476
1110	1972
1476	1670
1476	1791
1476	1978
1972	1370
1972	1386
1972	1445
1972	1501
1972	1563
1972	1609
1972	1754
1972	1761
1972	1764
1972	1852
1972	1872
1972	1891
1972	1944
1111	1688
1111	1708
1111	1785
1688	1342
1688	1453
1688	1704
1688	1777
1708	1389
1708	1593
1708	1680
1708	1838
1785	1162
1785	1307
1785	1409
1785	1414
1785	1521
1785	1913
1112	1881
1881	1204
1881	1370
1881	1416
1881	1471
1881	1517
1881	1700
1881	1757
1881	1763
1881	1784
1881	1938
108	580
108	589
108	602
580	549
580	600
580	820
580	823
589	856
602	1608
602	797
602	973
109	361
109	876
361	594
361	673
876	128
876	387
876	473
876	612
876	841
876	881
876	928
876	970
110	179
110	500
179	465
179	966
500	503
500	850
500	972
1113	1312
1312	1545
1312	1855
1114	1461
1114	1929
1461	1447
1461	1470
1461	1557
1461	1678
1929	1270
1929	1273
1929	1378
1929	1390
1929	1427
1929	1460
1929	1486
1929	1567
1929	1572
1929	1610
1929	1617
1929	1618
1929	1619
1929	1755
1929	1811
1929	1849
111	365
111	677
111	856
365	145
365	215
365	521
365	827
677	368
677	744
677	923
856	255
856	284
856	550
856	783
856	808
856	840
856	844
856	882
856	955
856	999
112	344
112	901
112	955
344	785
901	1471
901	490
901	759
901	763
901	836
901	869
955	275
955	468
955	483
955	526
955	551
955	556
955	651
955	657
955	705
955	744
955	828
955	862
955	990
1787	1327
1787	1415
1787	1527
1787	1603
1787	1646
1787	1762
1787	1911
1391	1467
1391	1686
1563	1775
1563	1823
1840	1776
1840	1788
1840	1895
1840	1920
1840	1961
113	466
113	979
466	122
466	505
979	205
979	267
979	308
979	328
979	367
979	472
979	557
979	583
979	598
979	629
979	657
979	672
979	785
979	816
979	869
979	928
979	990
114	300
114	809
114	829
114	970
300	766
809	523
809	700
809	740
809	1780
809	836
809	962
829	457
829	512
829	734
829	747
829	1801
829	816
829	837
970	199
970	204
970	212
970	357
970	423
970	551
970	627
970	712
970	724
970	725
970	760
970	790
970	840
970	973
458	695
663	116
663	623
116	233
116	491
491	409
491	482
491	668
491	922
117	623
117	674
623	456
623	990
674	771
674	772
674	787
1117	1593
1593	1315
1593	1699
1593	1848
1593	1938
1118	1323
1118	1605
1323	1862
1323	1895
1605	1654
1605	1927
1119	1286
1119	1895
1119	1933
1119	1944
1286	1854
1286	1920
1895	1633
1895	1647
1895	1784
1895	1838
1895	1885
1895	1886
1895	1900
1895	947
1933	1190
1933	1258
1933	1263
1933	1514
1933	1602
1933	1665
1933	1677
1933	1707
1933	1714
1933	1796
1933	1820
1933	1851
1933	1944
1944	1299
1944	1302
1944	1371
1944	1437
1944	1567
1944	1577
1944	1602
1944	1720
1944	1775
1944	1851
1944	1852
1944	1854
1944	1870
1944	1879
1944	1892
119	253
119	276
276	942
120	228
120	296
120	515
120	752
296	531
296	844
515	341
515	568
515	670
515	827
515	866
752	540
752	679
752	748
752	771
752	794
752	847
121	652
652	528
652	682
122	287
122	477
122	834
287	243
287	781
287	869
287	928
477	275
477	386
477	547
477	679
834	492
834	616
834	695
834	781
834	785
834	807
834	947
834	958
834	968
834	999
1120	1699
1699	1192
123	319
123	472
123	551
123	592
319	381
319	457
472	651
472	738
472	759
551	234
551	816
592	558
592	807
592	866
592	883
1122	1811
1122	1908
1811	1188
1811	1539
1811	1572
1811	1830
1811	1906
1908	1199
1908	1215
1908	1379
1908	1395
1908	1546
1908	1633
1908	1734
1908	1741
1908	1776
1908	1789
1908	1909
1908	1920
1123	1178
1123	1788
1123	1910
1178	1960
1178	1961
1788	1225
1788	1313
1788	1518
1788	1527
1788	1551
1788	1664
1788	1754
1788	1854
1788	1885
1910	1129
1910	1204
1910	1244
1910	1440
1910	1551
1910	1725
1910	790
1910	1789
1910	1928
1638	1158
1638	1169
1638	714
1638	1862
1638	1872
1638	1885
1764	1171
1764	1737
1764	1900
1764	1971
1848	1332
1848	1362
1848	1415
1848	1544
1848	1656
1848	1922
1848	1927
1848	1989
1269	1726
1269	1748
1269	1837
539	468
738	180
738	523
738	777
738	782
1126	1651
1651	1157
1651	1255
1651	1265
1651	1755
1651	1798
1651	1988
1127	1655
1127	1685
1655	1639
1655	1714
1655	1796
1655	1804
1655	1879
1685	1573
1685	1586
1685	1879
1685	1911
1685	1989
1823	1340
1823	1344
1823	1512
1823	1721
1823	1814
1823	1862
1129	1288
1129	1748
1288	1216
1748	1398
1748	1670
1748	1920
1130	1530
1130	1703
1130	1712
1530	1551
1530	1837
1530	1962
1703	1237
1703	1246
1703	1801
1703	1805
1703	1882
1703	1938
1712	1209
1712	1232
1712	1909
1712	1922
1131	1786
1786	1175
1786	1531
1786	1553
1786	1611
1786	1885
1786	1907
125	283
125	501
125	816
125	977
283	440
501	453
501	498
501	785
816	217
816	225
816	421
816	734
816	761
816	828
977	199
977	309
977	475
977	614
977	672
977	740
977	758
977	759
977	760
977	797
977	884
977	990
1387	1274
1387	1698
126	564
564	282
564	557
564	744
564	945
1632	1357
1632	1470
1632	1599
1632	1718
1632	1744
1989	1161
1989	1192
1989	1260
1989	1300
1989	1347
1989	1351
1989	1411
1989	1621
1989	1761
1989	1779
1989	1928
1989	1960
1134	1190
1134	1891
1134	1961
1190	1773
1190	1899
1891	1216
1891	1285
1891	357
1891	1371
1891	1529
1891	1753
1891	1813
1891	1870
1891	1906
1961	1135
1961	1149
1961	1156
1961	1307
1961	1315
1961	1332
1961	1491
1961	1495
1961	1501
1961	1506
1961	1509
1961	1630
1961	1665
1961	1832
1961	1875
1961	1904
1961	1931
1961	1988
1135	1158
1135	1700
1158	1900
1700	1322
1700	1407
1700	1654
1700	1726
1700	1925
1619	1495
1619	1629
1619	1687
1619	1882
1900	1388
1900	1416
1900	1421
1900	1455
1900	1467
1900	1553
1900	673
1900	1777
1900	1922
185	178
185	203
852	234
852	302
852	387
852	468
852	687
852	827
852	842
852	966
852	999
130	325
130	330
325	545
325	787
330	254
330	342
330	771
330	999
1721	1345
1721	1539
1721	1554
1721	1635
1721	1677
1721	1715
1721	1761
131	160
131	388
160	747
388	473
388	791
388	942
132	298
132	973
298	309
298	613
298	790
973	177
973	223
973	348
973	403
973	459
973	512
973	548
973	637
973	695
973	716
973	756
973	788
973	883
973	962
1366	1271
1366	1804
1502	1265
1502	1382
1502	1495
1140	1284
1140	1597
1140	1755
1284	1425
1284	1729
1284	1784
1597	1179
1755	1176
1755	627
1755	1711
1755	1795
1755	1886
133	945
945	188
945	209
945	249
945	451
945	495
945	609
945	630
945	665
945	749
945	766
945	915
945	922
945	968
1141	1146
1141	1441
1146	1340
1146	1505
1441	1388
134	398
134	495
134	675
398	351
495	550
495	647
495	928
675	202
675	334
675	364
675	715
675	831
675	881
675	958
135	399
135	807
135	968
399	518
807	216
807	404
807	530
807	826
807	862
807	962
968	238
968	255
968	429
968	629
968	686
968	754
968	759
968	760
968	833
968	875
968	922
968	962
968	999
1142	1577
1577	1793
1577	1960
1577	1971
1143	1233
1143	1548
1233	1249
1233	1521
1233	1802
136	277
136	534
277	1629
277	767
534	613
534	681
534	797
534	952
137	437
137	550
437	249
437	554
550	204
138	489
138	863
138	883
489	554
863	415
863	461
863	540
863	567
863	679
863	737
863	781
863	858
863	869
863	897
883	288
883	297
883	349
883	543
883	810
883	817
883	962
1144	1572
1572	1931
139	478
139	712
139	739
139	864
478	227
478	953
712	174
712	265
712	835
712	848
739	254
739	513
739	545
739	724
739	803
864	163
864	209
864	421
864	846
641	246
641	497
641	777
796	322
796	386
796	687
796	731
966	291
966	400
966	486
966	665
966	667
966	763
966	777
966	841
966	881
966	947
966	962
966	972
966	999
141	658
141	745
141	791
658	556
658	842
658	858
658	884
658	958
745	162
745	248
745	725
745	761
791	172
791	207
791	583
791	808
142	814
814	154
814	241
814	261
814	431
814	681
814	748
814	754
814	875
814	881
143	785
785	224
785	256
785	443
785	820
600	353
600	520
600	722
600	928
1505	1407
1505	1738
1505	1988
144	241
144	714
144	846
241	346
714	255
714	268
714	598
714	642
846	520
846	692
846	828
846	875
846	942
145	953
953	153
953	171
953	198
953	475
953	567
953	614
953	666
953	676
953	722
953	748
953	817
953	833
953	922
1462	1161
1462	1776
146	291
146	510
146	904
510	317
510	531
904	339
904	409
904	565
904	612
904	648
904	683
904	732
904	737
904	810
904	831
904	836
904	850
147	680
147	826
147	922
680	337
680	516
680	850
826	254
826	263
826	448
826	457
826	511
826	770
826	842
922	449
922	636
922	749
922	787
922	810
922	836
922	915
922	952
922	999
148	528
148	777
528	651
528	1776
528	823
777	537
777	548
777	665
777	770
777	788
1148	1317
1317	1776
1317	1967
1317	1997
1415	1501
1415	1595
1415	1976
1151	1230
1151	1814
1230	1906
1230	1931
1814	1379
1814	1486
1814	1819
1814	1828
1814	1875
1814	1904
149	581
149	1758
149	848
581	537
581	593
581	628
581	783
1758	1159
1758	1444
1758	1717
1758	1742
1758	1904
1758	1911
848	264
848	396
848	638
848	695
848	758
848	759
848	760
848	781
848	897
1152	1377
1152	1612
1152	1757
1377	1369
1377	1604
1612	1662
1612	1852
1612	1866
1757	1560
1153	1636
1153	1907
1636	1259
1636	1274
1636	1469
1636	1520
1636	1813
1907	1182
1907	1404
1907	1486
1907	1490
1907	1621
1907	1669
1907	1687
1907	1698
1907	1752
1907	1932
1544	1245
1544	1493
1544	1692
1873	1251
1873	1257
1873	1351
1873	1446
1873	1514
1873	1639
1873	754
1873	1777
1873	1824
1873	1978
1156	1714
1156	1938
1714	1813
1714	1997
1938	1159
1938	1229
1938	1246
1938	1342
1938	1365
1938	1536
1938	1543
1938	1554
1938	1574
1938	1595
1938	1660
1938	1704
348	696
737	377
737	390
737	666
737	769
942	207
942	286
942	310
942	443
942	787
942	803
151	492
151	760
492	337
492	450
760	847
760	958
152	230
152	597
230	263
597	206
597	357
153	288
288	648
154	487
154	1677
487	665
487	847
1677	1816
1157	1348
1348	1442
1348	1665
1348	1670
1348	1824
155	603
155	952
603	621
603	759
603	844
603	962
952	272
952	503
952	601
952	673
952	713
952	1722
952	766
952	771
952	787
952	803
952	831
952	990
952	999
612	1904
157	312
157	553
312	513
312	562
312	767
553	293
158	591
158	824
591	198
591	203
591	734
591	889
824	270
824	451
824	703
824	709
824	722
824	903
824	999
159	850
850	436
850	499
850	703
850	797
850	840
747	318
747	440
747	617
747	665
747	882
161	661
161	761
661	251
661	621
761	448
761	770
761	990
163	548
548	333
548	782
392	367
165	621
165	840
621	425
621	706
621	748
621	841
840	239
840	267
840	1743
840	766
840	769
840	962
356	847
356	999
947	406
947	429
947	454
947	460
947	497
947	540
947	666
947	687
947	703
947	715
999	246
999	294
999	338
999	359
999	482
999	490
999	503
999	558
999	624
999	625
999	632
999	837
999	972
1161	1684
1684	1520
1684	1777
1684	1872
167	699
699	169
699	615
699	716
699	731
699	825
168	258
168	340
258	309
258	417
258	692
340	593
170	322
322	522
322	584
172	559
172	858
559	436
559	482
559	672
559	990
858	376
858	869
858	907
1162	1542
1162	1802
1542	1235
1542	1289
1542	1389
1542	1653
1542	1740
1802	1297
1802	1474
1802	1698
1802	1801
1802	1866
1195	1242
1547	1866
1547	1988
788	333
788	494
788	588
788	844
1164	1754
1754	1830
1754	1861
1754	1962
1165	1402
1165	1837
1402	1866
1402	1870
1837	1172
1837	1341
1837	1422
1837	1674
1837	1689
1837	1820
1837	1886
1837	1906
175	453
175	882
453	493
453	593
453	672
882	451
882	525
882	660
882	797
882	817
882	862
882	866
882	903
882	962
176	670
670	673
1795	1478
1795	1635
1795	1661
1795	1784
1795	1911
1795	1971
1805	1201
1805	1344
1805	1384
1805	1386
1805	1401
1805	1527
1805	1728
1805	1925
177	423
177	558
423	280
558	844
558	897
178	450
178	538
178	640
450	376
450	394
450	462
640	205
640	831
180	696
696	584
696	686
696	907
364	293
364	575
518	709
183	958
958	254
958	257
958	282
958	425
958	462
958	537
958	541
958	556
958	619
958	715
958	722
958	833
958	835
1176	1642
1185	1584
1185	1738
1185	1976
1922	1289
1922	1397
1922	1449
1922	1518
1922	1550
1922	1820
1168	1489
1168	1592
1168	1913
1489	1473
1489	1581
1592	1245
1592	1365
1913	1222
1913	1460
1913	1762
1913	1904
1913	1925
1913	1997
1169	1440
1440	1376
1440	1640
1170	1363
1170	1682
1363	1676
1682	1289
1682	1498
1682	1662
1682	1726
184	239
184	444
239	247
444	556
444	889
444	897
1171	1819
1819	1175
1819	1283
1819	1470
1819	1604
1819	1607
1819	1689
1819	1978
543	881
793	284
793	497
793	574
793	631
793	687
793	748
187	286
187	352
286	836
352	243
352	524
352	609
352	637
1172	1904
1904	1241
1904	1297
1904	1389
1904	1444
1904	1457
1904	1549
1904	1663
1904	1676
1904	1687
1904	1862
1904	1960
1904	1978
188	505
188	847
505	302
505	907
847	583
847	630
847	632
847	764
847	884
1302	1188
1302	1710
1875	1590
1875	1603
1875	1618
1875	1661
1875	1686
1875	1862
1875	1978
1875	1988
1174	1454
1174	1967
1454	1882
1454	1932
1967	1373
1967	1529
1967	1559
1967	1589
1967	1649
1967	1674
1967	1729
1967	1824
1967	1826
1967	1830
1967	1879
1967	1971
1967	1988
189	422
189	496
422	234
422	498
422	915
496	446
496	787
496	884
1175	1722
1722	1449
1722	1909
1642	1433
1642	1554
1642	1978
415	360
415	456
415	541
907	377
907	463
907	494
907	657
907	897
191	273
191	716
273	243
273	383
273	463
716	552
716	728
636	619
868	196
868	462
868	527
868	631
868	678
868	835
868	884
194	732
194	825
732	1264
732	855
825	334
825	424
825	837
1581	1347
1581	1404
1581	1664
1581	1773
1581	1798
1960	1202
1960	1209
1960	1229
1960	1270
1960	1280
1960	1523
1960	1589
1960	1676
1960	1686
1960	1706
1960	1765
1960	1793
1960	1830
1960	1862
1960	1872
1960	1909
1960	1925
1960	1932
1960	1997
1179	1870
1870	1254
1870	1258
1870	1504
1870	1540
1870	1680
1870	1750
1870	1804
1870	1872
1870	1997
1801	1268
1801	1460
1801	1621
1801	1997
1181	1224
1181	1761
1181	1806
1224	1932
1761	1652
1761	1796
1761	1806
1761	1838
1761	1911
1806	1436
1806	1437
1806	1640
1806	1784
1806	1789
1806	1852
1806	1932
195	320
195	676
195	754
320	703
676	220
676	384
676	866
676	972
754	262
754	672
754	756
754	836
1182	1604
1604	1385
1604	1734
196	687
196	783
196	875
687	903
783	240
783	631
783	990
875	217
875	225
875	314
875	317
875	512
875	837
557	215
557	897
198	584
584	321
1184	1783
1783	1228
1783	1261
1783	1499
1783	1882
1783	1971
199	833
199	869
833	514
833	561
833	678
833	881
869	409
869	731
869	808
1584	1417
1584	1715
1584	1752
1738	1404
1738	1602
1738	1630
1738	1641
1738	1851
1738	1997
1976	1189
1976	1308
1976	1344
1976	1427
1976	1460
1976	1469
1976	1485
1976	1523
1976	1551
1976	1607
1976	1641
1976	1654
1976	1659
1976	1753
1976	1804
1976	1830
1976	1832
1976	1862
1976	1931
1976	972
1976	1971
1976	1978
200	359
200	731
359	758
731	428
731	972
1720	1740
1773	1249
1773	1417
1773	1663
1773	1830
201	709
709	302
709	583
709	630
1188	1293
1188	1422
1293	1437
1293	1521
1422	1431
1422	1997
1189	1667
1189	1882
1667	1324
1667	1628
1667	828
1882	1395
1882	1555
1882	1647
1882	1824
1882	1925
1882	1927
1899	1327
1899	1401
1899	1618
1899	1630
1899	1729
1899	1741
1899	1804
1192	1571
1571	1635
1571	1695
1411	1324
1411	1849
1532	1494
1532	1824
1532	1971
1707	1201
1707	1225
1707	1546
1707	1742
1707	1920
202	264
264	962
1194	1280
1194	1885
1280	1241
1280	1375
1885	1357
1885	1439
1885	1647
1885	1775
1885	1962
206	614
206	770
614	837
614	962
770	245
770	889
770	923
1242	1648
1879	1469
1879	1648
1879	1862
1879	1886
1879	1931
208	659
659	245
659	446
659	726
659	823
1197	1385
1197	1617
1385	1575
1385	1978
1617	1621
1617	1715
209	302
212	268
1198	1425
1198	1477
1425	1453
1425	1557
1425	1932
1477	1526
1477	1744
213	841
841	442
841	763
841	820
841	897
841	903
1199	1649
1199	1669
1199	1740
1649	1640
1649	1855
1669	1346
1669	1659
1740	1653
1740	1680
1740	1928
214	227
214	720
227	512
227	972
720	463
720	525
720	626
720	744
720	763
720	972
1200	1662
1200	1925
1662	1490
1662	1704
1662	1726
1925	1322
1925	1549
1925	1656
1925	1690
1925	1753
1925	1780
1925	1820
1925	1852
1925	1886
1925	1906
1925	1997
1201	1968
1968	1295
1968	1299
1968	1379
1968	1382
1968	1464
1968	1509
1968	1527
1968	1536
1968	1550
1968	1652
1968	1710
1968	1731
1968	1737
1968	1830
1968	1861
1968	1928
1602	1333
1602	1407
1602	1485
1204	1610
1610	1456
1205	1275
1275	1458
216	657
657	232
657	416
657	713
1206	1490
1490	1433
1490	1550
1207	1594
1207	1971
1594	1310
1594	1335
1594	1531
1971	1308
1971	1328
1971	1600
1971	1927
1971	1932
1862	1283
1862	1652
1862	1997
1209	1381
1209	1695
1381	1628
1695	1393
1695	1665
1695	1730
1695	1813
1267	1327
1267	1336
1267	1779
1211	1709
1709	265
1709	1303
1709	1520
1709	1686
1709	1762
1709	1962
1709	1978
1828	1409
1828	1416
1828	1518
1828	1607
1828	1849
1828	1886
1828	1920
218	619
218	758
619	395
619	547
619	561
758	393
758	498
758	681
219	915
915	272
915	346
915	683
915	703
915	713
915	817
915	897
1796	1504
1796	1728
1796	1988
220	506
220	629
220	903
506	683
506	719
629	454
629	524
629	579
903	339
903	1384
903	431
903	526
903	555
903	790
903	803
1214	1508
1214	1689
1508	1886
1689	1398
1689	1692
1689	1928
1689	1997
1215	1546
1215	1911
1546	1854
1911	360
1911	1334
1911	1586
1911	1661
1911	1988
1216	1854
1216	1906
1854	1232
1854	1428
1854	1523
1854	1635
1854	1928
1906	1279
1906	1661
1906	1799
1217	1380
1217	1586
1380	1295
1380	1405
1586	1258
1586	1932
1586	1962
223	990
990	441
990	493
990	613
990	648
990	649
990	728
990	735
1218	1278
1218	1763
1278	1246
1278	1647
1763	1517
1763	1729
1763	1851
1813	1351
1813	1471
1813	1633
1220	407
407	266
1221	1719
1719	1405
1719	1798
1719	1872
225	459
459	556
459	962
972	382
972	522
972	523
972	672
972	700
972	724
972	726
972	782
565	690
794	373
794	424
794	608
794	769
263	1663
263	842
263	897
1223	1479
1223	1529
1223	1734
1479	1446
1479	1504
1529	1498
1734	1691
231	651
651	329
651	769
232	615
232	632
232	763
615	337
615	396
615	503
615	835
632	442
763	594
763	771
1932	1517
1932	1521
1932	1652
1932	1849
1932	1892
1225	1744
1744	1509
1744	1600
1744	1603
1744	1765
1744	1832
1226	1465
1226	1603
1226	1849
1465	1251
1465	1452
1465	1456
1465	1866
1849	1633
1849	1653
1849	1784
1849	1872
1866	1444
1866	1647
1866	1653
1866	1656
1228	1551
1228	1855
1855	1243
1855	1431
1855	1557
1229	1436
1229	1928
1436	1273
1436	1731
1928	1492
1928	1499
1928	1534
1928	1618
1928	1832
1928	1962
1931	1246
1931	318
1931	1369
1931	1455
1931	1483
1931	1509
1931	1512
1931	1641
1931	1726
1931	1789
235	338
235	525
235	540
525	855
540	598
236	596
236	1988
596	269
1988	1263
1988	1282
1988	1289
1988	1453
1988	1467
1988	1485
1988	1503
1988	1516
1988	1686
1988	1704
1988	1778
1988	1793
1988	1816
1988	1826
808	480
808	667
808	700
1231	1332
1231	1566
1332	1437
1566	1239
1566	384
1566	1406
1249	1804
247	889
240	767
240	1838
767	486
767	541
1838	1343
1838	1679
1838	1737
346	318
1247	1359
1816	1470
1816	1729
1816	1927
243	649
649	408
649	855
244	384
244	631
384	842
631	368
245	290
290	396
1235	1657
1657	1376
1657	1389
889	250
889	280
889	395
889	673
889	726
1237	1633
1633	1641
1633	1824
248	713
713	297
713	609
1239	1482
1482	1647
1482	1678
250	835
250	837
835	257
835	269
835	616
835	724
835	790
835	923
837	281
837	355
837	820
837	831
251	690
690	1458
690	642
690	719
1568	1299
1568	1630
1568	1804
1241	1514
1241	1678
1514	1252
1514	1670
1678	1445
1678	1449
1678	1777
1648	1747
1648	1909
1648	1920
1648	1962
1243	1252
255	740
740	748
740	803
256	376
1244	1997
1997	1262
1997	1271
1997	1448
1997	1516
1997	1615
1997	1663
1997	1778
309	831
417	522
417	568
417	692
692	380
692	744
1245	1413
1413	1777
613	428
613	781
261	275
261	355
262	327
327	660
327	683
1663	1555
842	486
842	726
842	820
897	351
897	445
962	369
962	383
962	421
962	461
962	499
962	647
962	665
962	686
962	735
962	766
265	923
923	380
923	408
923	448
923	673
923	735
266	828
828	318
1359	1531
1359	1927
1248	1775
1775	1431
1775	1554
1804	1320
1804	1861
1804	1962
269	735
735	683
735	771
1590	1262
1590	1760
1590	1789
1692	1303
1706	1725
1706	1737
1706	1752
1706	1920
270	594
270	844
594	454
844	353
844	457
844	656
1251	617
617	511
617	647
427	667
427	820
272	446
272	552
446	759
552	481
552	705
1253	1730
1730	1254
1730	1567
1629	1654
1629	1674
1629	1725
575	686
1254	1407
282	342
282	572
342	460
572	823
440	694
440	928
284	653
653	294
653	471
653	700
1255	1260
1260	1420
836	329
836	390
836	764
836	878
1257	1352
1257	1607
1257	1664
1352	1481
1352	1711
1664	1303
1664	1729
1664	1852
781	537
928	375
928	382
928	451
928	666
928	694
928	695
928	769
928	878
1259	310
310	482
1420	1398
1420	1439
1420	1486
1261	1711
1711	1599
1262	1305
1262	1397
1262	1506
1305	1311
1397	1726
1506	1517
648	749
1263	1297
1297	1679
1297	1777
449	878
396	328
396	625
1265	1599
1527	1661
1698	1271
1698	1696
1779	1481
1779	1646
1779	1852
1327	1565
1336	1492
293	420
420	371
420	878
1268	1320
1268	681
1320	1390
1320	1793
1726	1851
1726	1909
1270	1747
1747	1417
1747	1493
1747	1696
294	667
667	639
531	424
531	483
531	522
297	454
297	608
454	451
608	429
608	504
790	387
790	764
1273	1978
1978	1469
1978	1475
1978	1515
1978	1537
1978	1640
1978	1660
1978	1691
1978	1852
1978	1962
299	628
628	759
628	878
766	630
766	756
884	483
884	562
884	705
884	756
884	866
1274	1554
1554	1710
1458	1303
473	402
473	445
473	726
639	486
639	616
1373	1534
1444	1820
1444	1962
1691	1428
1691	1515
1647	1471
1647	1762
305	606
606	881
1279	1729
1729	1565
1375	1369
1282	1861
1861	1456
1861	1515
1861	1618
1861	1798
307	393
393	402
393	682
1283	1820
1820	1354
1820	1442
1820	1460
1820	1679
1820	1696
831	678
482	368
1784	1378
1784	1500
1784	1609
1784	1826
1285	1742
1285	1743
1742	1962
1743	1392
1743	1549
1743	1641
1743	1830
1920	1500
1920	1611
1920	1710
1920	1909
1287	1598
1598	1534
1598	1752
1289	1579
1579	1409
1579	1565
1579	1731
311	728
728	660
728	719
513	448
513	626
562	436
1687	1539
1687	1656
1687	1696
567	700
314	442
442	428
862	372
862	385
862	474
862	547
316	530
316	703
316	724
530	630
703	803
724	647
724	817
317	725
318	347
347	756
457	1653
321	726
321	878
726	549
878	471
878	673
1294	1315
1294	1962
1315	386
1962	1799
1296	1560
1296	1653
1560	1379
1560	1447
1777	1516
1298	1826
1826	1399
1826	1567
1826	1618
1300	1765
1765	1630
1765	823
326	354
326	514
326	601
354	368
514	385
514	769
601	336
660	405
660	475
683	695
683	797
1710	1621
1710	1717
328	498
498	377
1311	1371
1311	1491
855	561
855	679
855	748
855	866
333	385
337	748
1307	1517
1307	1690
1517	1483
1690	1335
1690	1463
1690	1543
593	881
341	637
637	764
1545	1753
1313	1718
1718	1346
1718	1886
474	416
474	588
1595	1537
1595	1750
369	694
705	803
756	556
349	509
1670	1368
1780	1334
1780	1512
1390	1600
1390	1615
1793	1365
1793	1750
1433	1665
1322	1386
1322	1737
1737	1457
1737	1886
1324	1646
1324	1753
1646	1573
1646	1731
1753	1760
351	363
1326	1351
1326	1611
1611	1608
609	402
609	827
353	380
380	706
1328	1456
1328	1615
1456	1478
1456	1741
673	820
362	480
362	827
480	468
480	772
827	881
579	424
749	400
749	541
749	668
694	706
694	734
1872	1428
1872	1448
1872	1494
1872	1536
1872	1578
1872	1731
1333	1474
1474	1641
1492	1498
1492	1652
1704	1414
1704	1778
1338	1498
1338	1656
1656	1659
372	475
372	642
642	405
373	432
432	866
375	402
375	527
527	803
527	817
1341	1435
1435	1346
1435	1447
1342	1364
1342	1659
1364	1446
1364	1534
1364	1621
1364	1728
1343	1470
1343	1824
1824	1676
1824	1762
1824	1886
706	421
706	471
706	700
706	823
1344	1575
1345	1760
1346	1445
1445	1401
1442	1534
1442	1832
1350	1495
1350	1762
1495	1741
1353	1526
1353	1635
1353	1927
1526	1832
1927	1354
1927	1510
1927	1630
1927	1640
1927	1654
1927	1674
1927	1892
1354	1501
1501	1457
382	678
678	395
678	516
1406	1555
1357	1674
1674	1531
1674	1728
1531	1457
1531	1516
1717	1418
1717	1791
1361	1515
1361	1550
1361	1574
1550	1791
1574	1830
1362	1455
1362	1676
1362	1909
1676	1798
1621	1493
1728	1589
1393	1778
1368	1523
1369	1392
1392	1399
390	810
810	682
810	769
810	823
1370	1452
1452	1609
1383	1504
682	406
682	456
395	526
526	561
625	656
400	494
1378	1799
1799	1589
1799	1892
403	511
511	817
405	881
881	447
881	520
406	624
624	483
624	516
408	441
441	546
1686	1511
1399	1408
1778	1473
1778	1731
1778	1830
1395	1830
1830	1886
541	820
1398	1503
1503	1428
416	598
421	462
820	722
820	734
1417	1609
1417	1639
1639	1680
1418	1731
1731	1892
866	823
686	769
503	695
546	700
1421	1539
1791	1499
1791	1511
1791	1832
554	561
554	744
1557	1536
1557	1752
443	672
1428	1630
759	486
493	772
764	823
1578	1752
1832	1789
695	817
461	744
744	823
1448	1641
1478	1696
1741	1559
817	547
471	583
588	719
486	719
1471	1725
665	769
1473	1886
1886	1483
647	523
1483	1500
499	616
1652	1549
638	516
638	769
504	627
1516	1520
803	656
1540	1608
700	734
1543	1618
1549	1556
1553	1752
1553	1852
1798	1573
