0
337
654
667
725
1000
1467
1480
1880
1999
1
317
375
871
990
2
365
1671
983
998
1001
1758
1797
1913
1978
3
256
729
770
912
4
250
1835
859
944
5
568
619
845
987
1002
1884
1889
1932
1988
6
421
641
914
963
7
171
901
904
937
1003
1597
1850
1919
1985
1004
1454
1476
1813
1945
1005
1422
1624
1690
1761
8
234
383
829
9
550
854
902
10
94
780
884
900
1006
1874
1907
1947
1961
1007
1855
1904
1916
11
214
678
830
863
12
45
659
752
931
1008
1708
1793
1809
1967
13
459
791
972
995
1009
1086
1107
816
14
31
876
916
961
1010
1763
1817
1890
1948
1011
1057
1589
1790
1873
1012
1504
1516
1683
1881
1013
1135
1823
1836
1014
1777
1876
1924
1998
15
185
750
846
919
1015
1070
1396
1423
1658
1016
1372
1438
1982
1984
16
43
563
954
958
1017
1180
1843
1991
17
339
719
873
970
1018
1803
1804
1900
1019
1707
1759
1912
1968
1020
1373
1756
1886
1990
18
736
808
858
996
1021
1370
1530
1778
1940
19
377
511
797
994
1022
1168
1769
1782
1955
20
104
295
971
1023
1121
1455
1527
1744
1024
1105
1733
1760
1983
1025
1509
1650
1922
1992
1026
1250
1341
1424
1894
21
470
625
848
981
1027
1596
1640
1864
1028
1469
1822
1839
22
372
590
701
999
23
787
1849
984
1029
1305
1651
1923
1030
1561
1644
24
181
403
437
713
25
285
623
777
837
26
388
601
680
739
1031
1412
1603
1753
27
229
711
940
28
492
686
950
960
1032
1158
1388
1546
1853
29
249
771
986
30
579
951
991
630
964
1033
1775
1860
1959
1974
1034
1431
1571
1712
1762
1035
1358
1440
1595
32
456
714
939
997
1036
1118
1956
1958
1037
1226
1417
33
271
302
657
804
34
527
626
823
844
35
790
855
1038
1805
1936
1962
36
270
474
923
1039
1407
1729
37
296
434
676
938
38
120
567
587
39
178
872
910
40
235
531
936
959
1040
1163
1625
1705
1885
41
741
809
853
1041
1260
1685
803
42
400
441
685
1042
1349
1642
1816
117
779
44
264
604
993
793
887
1043
1369
1497
1791
46
639
718
992
47
557
749
911
48
131
596
866
49
671
710
826
1044
1430
1458
1622
1654
1045
1172
1339
1639
1908
50
72
704
922
1046
1742
1906
1938
51
297
800
973
52
275
556
631
735
1047
1097
1643
1794
1818
1048
1050
1751
1930
1969
53
347
801
947
54
64
218
489
55
86
394
485
1901
1049
1433
1736
1748
1281
1878
1996
56
577
672
796
1051
1754
1806
1819
1052
1257
1738
1053
1560
1875
1973
57
565
868
956
1054
1489
1507
1696
1925
1055
1368
1944
1957
1970
58
920
1056
1575
1779
1786
1861
1863
1058
1131
1446
1512
1899
1059
1490
1869
1060
1485
1531
1061
1120
1062
1470
1494
1739
1993
1063
1306
1934
1979
59
246
309
1064
1128
1189
1715
1883
1065
1989
1995
60
522
524
1066
1858
61
576
810
907
979
62
228
254
432
1067
1975
63
269
894
917
1068
1314
1491
1713
252
824
65
265
674
785
857
66
168
789
1069
1077
1478
1971
1191
1334
67
248
870
943
68
364
69
283
287
1071
1510
1776
1965
1966
1072
1139
1471
1673
1073
1090
1976
70
544
655
723
71
727
731
945
930
73
393
571
74
304
427
614
962
1074
1714
1810
1981
75
424
717
730
76
316
545
840
1075
1399
1653
1740
1076
1126
1492
1788
77
564
832
78
92
776
864
874
79
391
415
80
236
755
1676
1814
81
82
205
638
733
1078
1646
83
807
84
768
897
85
310
634
885
1079
1453
968
760
820
87
514
918
955
1080
1377
1735
877
1081
1477
1488
1812
88
600
616
89
358
617
90
862
929
980
1082
1608
1660
91
300
662
1083
1960
1972
798
893
93
533
608
647
546
555
1084
1187
1252
1413
1882
1085
1580
1824
1832
1903
1565
95
139
532
96
322
525
530
766
97
677
891
969
98
132
149
1087
1484
1680
1846
1088
1620
1720
99
805
905
1089
1194
1290
1897
1160
215
1534
1091
1143
1434
1092
1567
1700
1844
1859
100
500
690
101
404
440
726
102
124
586
778
1093
1528
1986
103
345
360
737
191
105
277
507
642
106
397
603
932
107
118
279
851
1094
1307
1426
1655
108
369
892
1095
1219
1405
1928
1096
1244
1336
109
609
965
1253
1917
110
159
650
833
111
856
875
1098
1731
1099
1242
1268
1409
1774
112
607
860
977
113
210
1100
1785
1888
1935
114
341
751
115
324
827
116
348
913
966
574
1101
1216
1752
1851
1994
1102
1479
1635
1887
1909
687
1103
1943
1963
1104
119
597
669
462
908
967
1106
1236
1547
1796
121
189
578
660
122
1893
1108
1109
1582
1905
1110
1173
1389
1111
1205
1363
1802
1112
1628
1766
123
794
1113
1315
240
290
915
1114
1499
1896
1977
1115
1847
1892
125
899
1116
1599
126
1117
127
150
303
883
895
1297
1808
128
842
953
129
183
628
636
925
1119
1327
1465
130
479
742
1523
1798
1122
1420
1602
1795
1123
1675
1737
1827
1124
1487
1852
133
802
948
982
1125
1140
1366
1799
1997
134
282
1521
1585
135
486
1127
1387
1391
1772
136
705
879
137
169
746
138
331
548
180
475
1129
1130
1239
1246
1553
1783
1562
140
1132
1617
1133
1578
1682
141
595
1134
1338
1840
1937
1581
1136
1877
1137
1444
1949
1138
1381
1800
142
761
834
143
658
799
847
1230
1920
144
257
145
1848
898
1926
1141
1333
1915
1142
1506
146
455
627
1719
1879
1144
1636
1807
1911
147
496
621
1145
1619
1953
148
483
957
411
204
288
869
1146
1241
1765
1147
1309
1641
1148
1415
1432
1535
151
764
152
294
467
153
521
926
154
769
1149
1153
1914
155
836
1150
1151
1346
1152
1701
156
460
949
1537
1687
1964
1154
1475
1750
1927
1155
1781
1156
1841
1933
157
412
1157
1857
158
583
1159
1929
1397
1609
1161
1271
1612
1162
1273
1328
506
721
849
160
357
398
928
1164
1647
1951
161
493
1165
1464
1598
1706
162
652
163
233
384
591
164
815
165
174
684
767
166
464
167
407
681
709
1166
1435
1679
1167
1448
1352
1169
1533
1921
651
772
889
759
170
473
488
172
219
173
457
773
934
241
906
175
1170
1382
1767
176
594
978
177
425
573
1171
1784
1517
1287
924
179
482
756
722
933
182
712
878
551
1856
184
395
1174
1831
1837
1931
1175
1301
1176
1293
1941
186
812
187
707
843
1177
1261
1362
1621
188
682
952
1178
1726
1745
1946
1179
1681
1400
1181
1552
1182
1939
1183
1605
329
1184
1592
1185
1319
1563
190
1186
1188
1743
1248
1190
1258
1495
1834
1192
1316
1395
1954
192
223
692
753
941
193
774
194
318
974
195
413
612
196
781
1193
1295
1360
1245
197
198
763
199
664
888
989
200
201
748
202
549
203
1195
1410
1196
1436
1645
1718
1770
1197
1600
547
206
319
762
985
1198
1278
1588
1199
1468
1483
1200
1228
1386
1201
1697
1866
1202
1657
207
209
208
323
782
499
861
1203
1280
1408
1686
679
211
613
212
841
213
376
839
886
1204
1607
472
1206
1207
1208
1325
216
988
1209
1263
1543
217
743
258
622
1210
1211
1402
1212
1842
220
852
1213
1684
1214
1308
1569
221
328
817
1215
1627
1678
222
305
306
402
1787
1217
1356
1723
1218
1980
320
1447
1695
224
487
1220
1318
225
1741
226
976
1221
1549
227
632
695
1222
1709
698
1223
1611
230
231
909
1224
1225
1265
1337
1950
1728
1227
1511
1829
1235
232
828
903
927
335
825
1229
1451
1461
237
238
529
1459
1711
239
1231
881
1232
1544
1586
371
503
566
1233
1525
1826
1234
1833
242
423
835
1335
1374
1496
1649
1237
418
243
267
278
675
244
308
312
541
245
262
818
1238
1425
1942
247
880
1918
452
850
1240
1634
1663
251
351
1243
1699
1780
1987
253
1891
1247
1604
1364
1249
1419
447
1792
255
1251
1672
1854
539
788
259
738
975
260
559
1254
1466
1572
1674
1811
1255
1371
1652
261
1256
1725
1514
1670
508
263
540
480
702
266
268
1259
1262
1403
1277
1414
1845
405
490
458
1264
1456
1895
1551
1865
1266
1540
1722
272
584
620
273
274
534
280
618
276
1267
1329
1365
1503
1269
284
1270
1539
1755
1669
1272
1768
1862
1558
1606
1274
1666
1275
1952
1276
1526
1296
1439
1520
1279
1902
509
732
281
414
646
1821
1282
1283
1773
1284
1285
1286
1344
1828
1418
1590
1688
1288
635
670
693
1289
1508
1613
286
439
569
484
700
1462
1677
1746
688
1291
289
374
461
291
715
292
399
814
1292
1342
1353
1825
293
1472
1689
1294
1703
381
728
298
562
299
784
734
1298
1299
1302
1615
1300
1623
1630
1716
1303
1394
301
758
491
643
1304
343
378
385
867
946
307
1326
1473
510
477
426
481
1401
311
575
935
1310
1311
1614
313
495
314
526
537
696
315
332
689
1312
1313
433
558
697
703
321
795
1317
1734
1500
640
346
786
1320
1321
1584
1322
1323
1486
1324
1340
1450
325
1610
326
757
1661
327
656
1548
453
673
330
699
1550
598
419
1330
1331
1441
1576
1332
1443
333
653
334
409
792
1656
1398
1555
443
661
1519
1618
1474
336
1343
1694
1345
1513
1347
1717
338
942
1348
1730
1482
724
1350
1449
1351
340
517
342
387
502
1354
1566
1815
344
1355
368
1357
1481
1910
1359
716
349
528
350
1632
1648
1872
1361
554
352
468
865
1367
353
512
354
450
624
1764
355
356
1375
1789
1376
1568
359
401
1378
1379
1380
1732
570
361
1383
1771
362
363
819
446
523
605
1384
1385
1421
1429
1638
366
516
367
429
645
1870
666
370
611
821
373
1390
1830
822
1392
1545
1691
1393
1747
882
1664
379
665
1633
380
382
637
1724
386
1559
389
1404
1579
1406
1556
1704
1577
1616
390
392
629
1524
396
1593
1411
1702
1416
498
1427
406
1692
1631
408
813
449
921
410
890
1594
416
417
1428
420
422
513
683
469
1529
1626
1538
1437
428
442
694
430
431
744
435
436
505
1518
1442
1445
438
444
561
1505
1601
1710
831
445
497
602
1554
1564
706
448
775
451
504
838
1452
1868
454
745
1457
1867
1898
896
463
515
466
1460
465
648
1463
1629
740
471
806
476
478
520
1536
747
599
1801
1583
494
1493
1557
1838
501
1498
1501
1693
1502
1541
1667
1727
1665
1515
518
519
1522
593
1668
572
1570
610
615
691
783
535
536
538
1532
1757
542
543
592
1542
552
553
1662
560
668
720
708
588
580
581
582
1573
585
1574
589
1587
1871
1721
1591
1749
606
811
765
633
1637
644
1820
649
1659
663
1698
754
