1000
1438
1472
1528
1569
1592
1701
1805
1810
1897
1933
1001
1436
1531
1726
1829
1881
1893
1936
1967
1978
980
1002
1066
1068
1085
1787
1800
1839
1869
1943
1973
1996
0
144
213
1219
502
532
694
779
853
862
958
1
257
327
386
603
739
767
817
841
911
913
1003
1030
1293
1308
1393
1706
1789
1819
1883
1971
1998
2
238
479
599
624
700
835
863
899
1985
990
3
75
241
372
440
468
553
820
932
988
4
1329
335
409
467
501
728
770
854
885
897
5
333
360
1695
733
738
811
873
930
948
6
297
393
604
683
719
771
914
921
1987
993
7
183
274
511
616
833
871
878
894
963
976
8
19
139
165
225
1385
659
834
953
983
9
78
355
437
489
573
580
670
671
680
925
10
483
558
758
903
916
943
964
985
1004
1029
1405
1409
1462
1582
1740
1825
1861
1887
1950
11
526
722
772
778
808
815
858
1924
950
1005
1069
1126
1276
1540
1754
1812
1942
1955
1984
1006
1050
1144
1311
1336
1608
1765
1918
1928
12
74
117
208
265
550
1630
712
807
927
1007
1016
1170
1652
1668
1927
1935
1945
1952
1008
1302
1650
1679
1736
1828
1835
917
1994
13
45
49
80
142
253
730
818
821
891
1009
129
1414
1669
1675
1710
1793
1900
1964
1986
1997
1010
1044
1103
1162
1475
1627
1822
1834
1963
1011
1167
1268
1275
1350
1373
1607
1689
1851
1929
1969
1012
1019
1381
1423
1499
1507
1634
1751
1903
1970
14
101
268
271
470
498
893
944
998
1013
1208
1300
1433
1767
1773
1792
15
289
436
487
657
765
780
822
969
16
82
357
413
701
777
782
982
995
17
86
184
405
593
678
1788
968
1014
1279
1298
476
1515
1719
1845
1916
1959
1982
1015
1065
1105
1218
1244
1694
1718
1905
1949
1953
438
1487
1494
1859
1941
18
157
535
714
776
975
984
1017
1131
1742
1853
1855
1878
1946
1962
447
505
641
769
847
868
875
945
1018
87
1225
1384
1553
1610
1644
1786
1798
1846
1931
20
259
325
441
538
706
790
883
1230
1466
1611
1664
1891
21
69
151
406
536
646
741
867
22
250
349
399
676
1678
855
924
991
1020
1525
1680
1725
1729
1732
1811
1862
1975
1021
1407
1491
1586
1824
1882
1904
1910
1022
1075
1087
1399
1583
654
1712
1731
1753
1766
1965
1023
1283
1315
1580
1631
1854
1915
1024
1506
1599
1711
1908
1976
1999
1025
1093
1251
1500
1523
1594
1600
1696
1778
1972
23
255
522
804
812
846
24
345
565
668
759
872
898
918
956
25
95
368
552
923
938
961
972
1026
1034
1211
1542
1704
1764
1872
1938
1027
1533
1624
640
1703
1716
1748
1758
1874
26
174
341
431
1628
708
727
788
928
27
317
449
551
734
1747
775
895
960
1028
1094
1458
1746
1774
1877
1880
910
1992
1186
1371
1722
1885
1977
28
494
590
639
686
698
966
979
1192
1207
1625
1717
781
1920
1995
29
168
315
647
675
844
856
866
922
1960
30
429
520
625
802
889
905
937
1031
1104
1201
1292
1404
1557
1579
31
222
233
402
583
702
762
987
1032
1284
1601
1635
1750
1768
1797
1961
1033
1043
1392
1752
1820
1866
1911
978
32
286
408
516
1613
813
1232
1277
1367
1445
1745
1837
1934
33
121
477
517
529
648
660
707
34
302
378
578
693
784
1921
986
1035
1493
1657
1804
1816
1868
1876
1036
1241
1248
1464
1576
1636
653
1757
1779
35
419
630
744
832
877
915
971
1037
1049
1590
1681
1785
1857
1980
36
108
528
632
643
823
840
1867
981
994
1038
1115
1442
1659
1809
1815
1922
1039
1171
1236
1352
1478
1541
1802
1040
1090
1122
1401
1419
1522
1771
1899
1966
1041
1172
1253
347
1492
1826
1875
1042
1107
1228
1536
572
1658
1713
1775
1983
1210
285
1537
1693
1958
1086
1563
1814
1818
1968
1045
1297
1312
1651
1046
1155
1551
1769
1795
1807
1047
1187
1403
1621
1821
1048
1128
1266
1463
1545
591
37
212
629
1688
751
942
951
967
1173
1498
1901
1914
1418
1520
1790
1840
1947
38
173
1216
291
488
612
941
39
725
800
809
919
946
40
194
655
793
848
849
955
957
1051
1060
1274
1510
1913
1939
41
152
554
649
1721
742
962
1052
1288
1654
1655
1684
1781
1844
1892
1053
1178
1568
586
1676
1697
42
158
395
466
1054
1147
1301
1886
43
156
283
451
626
900
44
239
404
601
1813
939
1055
1282
319
1707
1737
1808
1906
1056
1118
1672
1770
1873
1057
1197
1724
1796
103
155
514
611
46
263
288
563
709
803
934
47
388
559
634
795
850
48
94
299
598
826
839
884
76
270
549
756
50
132
564
729
789
830
869
51
743
880
977
1058
1257
1575
1606
1858
1871
1895
52
1142
137
527
754
989
1059
1200
1426
439
1894
53
135
1152
242
607
644
748
992
54
216
673
814
996
55
465
684
715
745
56
136
273
278
280
687
831
1061
1249
1588
861
1926
57
210
461
740
816
1496
1564
1709
1062
1157
1830
1063
1477
1626
1865
1991
1064
1585
1591
1623
1739
1763
1776
1864
58
176
260
303
373
374
453
474
888
949
330
1415
1484
1699
1849
59
837
892
1175
195
1485
1761
60
68
348
704
1067
1231
1316
1566
1597
1708
1896
61
1691
785
786
801
947
1089
1468
1648
1660
1842
852
1944
1948
307
1428
1432
62
120
478
524
1070
1237
1299
1841
1071
1132
1227
1497
1653
1907
63
140
902
64
147
637
663
787
1072
1229
1356
1686
1889
1073
1667
1990
65
71
391
423
66
123
316
318
496
588
685
940
1074
1196
1427
799
1110
1490
1521
1596
1662
763
67
235
287
460
523
677
746
749
1076
1143
1317
1354
1430
1529
1077
1224
1358
1714
1799
1898
237
296
381
382
696
340
1078
1504
1532
1670
1738
1879
70
127
220
508
605
1079
1755
1791
1954
1080
1375
1481
1715
104
361
457
482
72
387
425
500
1081
1212
1602
718
1817
1848
1082
1114
1615
1619
1760
1806
1083
1363
1431
1465
1518
1524
1772
1843
73
221
1447
531
755
88
231
294
481
819
959
1084
1194
1471
1479
1561
1581
954
1221
1410
1573
1361
1379
1863
200
394
618
723
766
77
433
650
904
110
79
1136
199
560
750
933
1088
1092
1181
1359
1565
1720
1838
1345
661
865
81
187
445
491
679
973
432
713
791
907
1406
615
1247
1559
1091
1111
1956
83
411
682
717
760
842
84
154
198
455
731
838
85
175
310
499
1310
1856
1343
1567
1255
1666
1702
1888
180
617
398
614
909
970
628
726
912
89
469
635
674
90
202
336
414
920
91
353
430
534
92
623
757
761
1095
1509
1833
1096
1150
1467
1730
1940
1097
1169
1250
1437
1516
1558
1832
1098
1154
1206
1327
1501
1661
93
444
1534
794
890
926
160
219
1099
1177
1304
1656
1850
1909
1919
223
561
96
153
163
711
792
97
282
506
688
699
98
456
1571
613
1100
1272
1349
1369
1544
1101
1441
1527
1605
1102
1109
1595
1685
1508
1735
1890
99
169
343
827
1321
1530
1677
1612
1106
1374
1473
1794
1957
100
495
571
824
463
492
515
798
857
102
356
579
724
246
410
540
664
689
1783
111
243
251
416
764
836
105
569
825
1108
1203
1355
1476
1480
1587
106
308
107
323
1444
504
620
965
133
301
337
606
109
544
1328
1422
1574
1951
1572
1870
204
589
642
1993
1129
1803
252
458
610
864
1112
1323
1346
1546
112
254
269
277
434
510
929
113
267
279
879
114
207
882
115
178
342
366
633
935
1113
1233
1278
1604
1589
1617
116
843
367
594
118
215
448
497
542
1836
1930
1116
1633
1744
1917
1981
119
218
292
543
600
1762
130
385
1483
518
525
874
952
1117
1324
1449
1743
143
193
228
352
1137
1377
1593
1690
122
131
1119
1120
1687
1723
1923
397
1121
427
1692
1741
1925
1123
1263
428
1440
1124
1127
1168
1195
1337
1609
1125
1347
1513
1620
1166
1242
1353
124
901
1408
1503
1860
1435
1448
1663
1303
783
1130
1989
1145
1801
1902
125
266
1238
1133
1260
1333
1649
1134
1179
539
1827
1937
126
134
201
464
150
192
592
128
244
537
797
557
631
1135
1759
1357
1988
281
1314
546
570
906
1395
384
530
859
1138
1340
1362
1632
1728
188
420
658
339
1139
1351
1647
375
669
1140
1389
1425
275
1141
1643
1213
1784
415
503
358
390
1153
1700
1756
138
1234
908
1554
768
446
716
851
141
435
931
997
1682
1146
1550
185
322
662
876
881
1296
1434
146
362
369
1148
177
1222
1326
1149
1159
334
1451
566
145
224
370
652
886
298
365
512
211
845
887
148
149
667
227
490
290
1305
392
576
645
329
332
774
1151
1639
556
1320
1526
1547
1645
1979
519
602
636
1543
1974
656
703
974
870
697
896
159
585
621
609
1156
1344
161
214
364
162
1226
1932
828
1158
1519
1674
1831
164
1505
1577
1160
1698
166
582
167
484
597
306
170
666
171
300
541
796
172
1161
1380
1470
568
313
304
418
548
179
258
936
1163
1164
1780
181
217
562
999
1165
1191
452
182
450
545
665
627
1641
389
1584
1642
186
1365
533
189
1240
1671
1202
1469
1174
1338
190
471
1616
1749
1176
1183
1209
191
681
1629
1488
1535
555
1180
1387
1539
1548
1319
1332
1538
1182
363
710
206
547
690
196
371
805
197
1184
1342
575
1185
1372
1560
1705
376
595
692
732
810
1727
203
338
400
421
462
1188
1482
1189
1246
1456
205
305
1190
1280
261
1193
1205
1394
209
1598
1637
1396
695
587
1290
1325
1383
1511
1198
1286
473
691
672
1199
596
736
1412
1446
1614
1683
486
1413
295
752
1204
1285
1823
1252
1495
577
1782
1341
1420
454
1512
507
651
1309
320
1214
229
1215
1517
1398
1429
1734
1217
1622
226
314
412
1424
1640
1220
1847
493
1223
1459
737
1235
567
773
1318
1549
1777
230
509
1402
232
472
1454
234
248
735
1259
1556
1555
236
622
324
1239
1443
240
1912
619
1665
380
1243
1439
1502
245
247
1245
584
249
328
608
1460
256
1289
442
1552
1348
1368
293
806
1852
1254
1287
1417
1256
1397
829
262
309
443
1258
1461
264
354
705
1261
1390
1262
1264
1281
1884
272
351
753
1265
1457
1295
1267
1673
1269
1330
417
1270
1271
1486
521
276
1273
1452
407
1489
1450
284
475
1421
422
1291
1411
424
1388
1294
459
1334
1335
1455
1618
860
311
312
326
1306
1307
1378
1578
359
1313
1453
1370
321
1733
377
581
721
1322
480
331
1331
1339
426
1638
1366
1400
1386
344
401
346
350
513
1514
396
1360
1364
720
379
1376
1416
638
1603
1382
1391
1646
1562
383
403
485
747
1570
1474
574
