0
90
368
1529
564
707
730
792
860
941
987
1000
106
1102
1266
1291
1378
1422
1573
1672
1971
1990
1001
1214
1263
1476
1478
1499
1626
1872
1881
1932
1989
1
120
1606
782
793
847
858
910
930
976
2
40
142
510
640
659
760
963
970
1002
1008
1035
1178
1479
1496
1536
1682
1936
1977
1998
1003
1191
1423
1486
1571
1594
1643
1869
1964
1004
1101
407
1432
1489
1509
1614
1737
1825
1925
1961
1005
1078
1448
1555
1586
1703
1907
1914
1981
1991
1006
1156
1252
1293
382
1488
1610
1754
1797
3
311
405
516
650
800
874
917
968
972
4
326
337
498
620
685
766
924
952
966
996
5
74
95
163
1389
491
733
772
916
973
991
6
89
236
566
665
704
1770
789
897
899
7
44
104
310
446
504
658
887
927
1940
940
1007
1587
1724
1786
1807
1815
1903
1929
1957
1985
1992
8
123
172
271
497
656
683
736
900
954
9
263
367
1443
521
562
593
719
725
770
836
1226
1296
1426
1566
702
1699
1776
1847
1988
1009
1064
1299
1352
1567
1588
1596
1637
1702
1761
1790
10
96
359
780
850
890
913
975
1010
1442
1468
554
1710
1774
1937
1948
1959
1970
11
177
275
647
718
779
841
864
935
971
997
1011
1196
1243
1287
1353
1492
1772
832
1886
1969
1012
1072
1560
1578
1640
1664
1818
1853
1905
1955
12
617
642
801
862
867
974
985
989
13
298
356
451
721
790
823
848
1926
990
1013
1158
1268
1398
1472
1542
1631
1697
1834
1854
1952
14
340
371
538
547
901
943
995
1014
1436
1439
1577
1657
688
1731
1947
1972
15
48
122
361
592
670
844
1015
288
1581
1630
1650
1862
1943
1995
1016
1270
1283
1329
1424
1457
1565
1766
1833
1946
16
39
198
797
809
831
904
907
980
17
148
238
257
638
752
884
18
93
309
657
788
794
879
926
951
1017
1031
1327
1396
1449
1666
1694
1823
1837
19
101
155
160
386
572
580
648
691
738
839
20
22
203
208
323
360
430
604
616
1018
1161
1362
1473
639
1695
1897
1935
1973
1986
21
100
424
478
511
558
495
500
710
826
852
949
1019
1445
1521
1551
1808
1859
871
1975
23
45
653
687
819
969
979
1020
1358
1380
1390
1757
1817
1876
1945
1021
1526
1591
1642
1673
1689
1882
1960
1022
1303
1343
1546
1616
1810
1982
1984
1023
1085
1097
1128
1254
1504
1608
1678
1804
1868
24
476
489
548
767
781
818
880
1024
1264
1494
1523
1589
1651
1719
1738
1953
1983
1996
1025
1188
1240
1267
1349
396
1428
1691
1889
1026
1507
1753
1794
1801
1860
1958
1027
1074
1259
392
1894
1950
1967
1028
1132
1506
1658
1835
1863
1942
1029
1139
1173
231
1370
1413
1435
25
47
85
206
655
813
945
1030
1227
1251
1350
463
1452
1846
1917
1949
1951
26
199
277
280
667
777
889
920
27
110
176
243
301
350
490
679
694
727
28
52
108
641
669
677
732
1081
1118
1730
1813
1898
1915
29
152
438
520
601
624
843
853
906
931
1032
1094
1108
1155
1195
1391
1033
1088
1169
1247
1314
1417
596
1583
1656
30
239
545
587
802
886
928
1034
1044
1317
1420
1593
1620
1799
1901
981
86
1285
1579
1870
1877
1987
31
454
456
582
627
816
869
1879
1036
1410
1491
1518
1592
1625
1636
1789
855
32
332
568
671
967
33
576
632
1721
728
751
851
948
992
1037
1140
1619
696
1845
1893
1910
1966
1974
34
334
474
1535
599
784
798
883
35
182
290
409
717
891
978
999
1038
1211
1553
1722
1758
1778
1800
1843
1997
1039
1046
1177
370
1464
1544
1747
36
55
151
468
748
778
929
37
285
331
643
827
896
909
918
1040
1450
524
1679
1787
1809
1850
1851
1890
38
1053
70
146
625
626
712
157
346
442
579
678
354
390
414
983
41
42
450
612
743
838
888
325
1709
745
849
922
956
1041
1261
1295
1454
1462
1483
1505
1812
43
124
225
1239
376
553
803
946
431
513
581
610
613
724
178
484
1743
763
861
955
988
46
53
404
528
577
720
825
984
411
589
739
795
830
1042
1186
1597
1980
156
240
503
609
835
49
291
321
363
417
950
1043
1644
1836
1883
1934
1333
1363
1715
729
50
397
452
517
1639
714
876
902
964
1045
1392
1446
1930
1963
1993
51
445
549
771
773
822
828
1599
1638
1749
1918
1919
1999
1047
1223
1645
1652
1690
1696
1765
1954
1048
1187
1351
1667
1736
1822
1884
1911
78
180
506
651
753
1820
588
703
805
915
1049
1233
1720
1803
1866
54
237
276
622
630
865
962
115
218
894
56
186
379
845
859
877
923
1050
1307
1700
1733
1739
1900
1051
1411
1745
1793
1920
1994
1052
1219
304
1434
1534
1572
1923
57
284
314
628
747
934
58
429
441
461
1374
1475
1552
1887
59
303
365
422
473
563
846
1054
1147
1318
1522
1681
1781
1814
60
94
388
543
551
755
61
686
754
1795
936
993
1055
1554
1764
1874
1885
1913
1056
1481
1831
1841
1858
1057
1142
1470
1485
1755
1798
1058
1297
1404
1421
453
1487
1855
1978
1059
1166
1677
1849
1956
62
158
882
965
1060
1341
1401
1430
1463
1467
1760
1784
1924
1061
1168
1365
1575
1649
1062
1415
1460
722
1792
63
83
227
462
464
64
313
542
560
870
1063
1356
1532
1603
65
358
925
66
72
204
214
895
77
1355
1385
1707
67
173
492
735
762
856
1065
1199
1501
1605
1711
1928
1066
1083
1175
1397
1517
1816
1968
1067
1100
1246
1437
1763
1802
68
248
270
783
796
812
834
1068
1150
1215
1324
1495
1561
1069
1204
1321
1674
1839
1070
1498
1601
1811
69
385
466
1071
1153
1275
1471
319
555
675
842
1490
1073
1395
1568
1618
1621
1777
1857
71
80
634
734
1775
228
597
868
73
132
421
428
574
646
817
1192
1538
1628
1791
570
621
811
919
1075
1180
1338
1453
1828
1076
1079
1220
1366
1516
1612
1624
1077
1286
1311
1342
1550
1607
1661
1632
1635
1768
1891
75
234
1653
690
1089
1095
1304
1419
1785
824
1080
1207
1474
1585
1867
1939
76
477
637
1693
857
947
82
268
410
447
785
953
960
475
539
680
79
565
674
698
759
1082
1224
1669
1671
1683
1771
1912
1740
1864
1880
1084
1172
1218
1503
1600
1842
1856
1292
345
1508
1931
153
837
81
529
682
415
711
380
552
662
821
986
84
210
292
435
768
958
501
672
1086
1558
143
744
786
791
87
741
750
1087
1130
1497
1576
88
130
165
398
436
814
1248
1909
167
583
1728
191
249
482
695
740
91
230
434
603
635
769
1090
1217
1237
1844
1871
1976
92
255
274
571
1668
977
1091
1752
1875
98
322
731
776
875
911
425
654
335
606
709
749
1092
1328
1527
154
483
804
97
395
699
705
737
509
578
615
1782
1093
1455
1848
892
99
1305
471
1229
1357
1412
1824
1354
1399
494
908
944
878
932
102
594
633
757
938
1096
1611
1663
1902
103
1184
584
898
195
493
544
840
105
344
668
107
296
507
508
527
872
1119
1965
444
486
575
1098
1126
1209
1274
1511
109
289
329
676
921
959
181
111
540
765
939
1099
1289
1629
1725
1444
1756
1899
1344
1921
112
602
942
1125
1152
1316
1103
1904
1927
1104
1225
1290
1744
1962
1105
1598
1106
1779
113
536
556
614
799
114
133
260
618
1769
1107
1277
1300
1938
1416
1742
1109
1335
1372
1633
1706
116
183
535
117
127
347
523
1110
1563
1659
1111
1112
1826
118
134
295
937
119
265
283
402
758
1113
1200
1359
1979
150
1386
1114
1325
1559
1686
1829
121
316
458
459
700
885
377
426
432
774
706
125
307
808
1115
1406
1698
1788
1116
1231
1502
1524
1541
1670
1734
126
512
636
912
1117
1137
1269
1340
1676
318
863
128
262
369
465
561
129
317
391
595
1120
381
448
854
131
903
764
449
957
479
1684
135
147
161
188
661
1121
1409
1122
1157
1533
1548
1888
1123
1334
1723
1124
1402
1458
1944
136
1569
137
138
701
1294
1584
419
481
723
1127
1272
1312
1345
1393
1230
1688
1704
1908
1129
1582
1705
244
1564
1729
1131
1167
1228
1447
1627
139
278
343
416
598
1692
1133
1773
140
256
982
141
1134
1282
1531
1873
519
746
820
1135
1242
1302
1381
1403
1892
341
605
144
166
281
716
1136
1500
1819
1288
666
1138
1759
1783
145
673
352
1332
1525
1141
1360
1727
1256
1347
1429
1830
1143
1144
162
1647
287
302
412
1145
1222
1348
1146
1203
1441
149
600
623
387
502
1280
1408
1148
1865
455
585
810
1149
1459
1623
1654
1780
1660
1718
1151
1685
1796
400
423
437
487
881
994
663
159
567
713
833
1164
1708
418
559
649
815
1482
1617
1154
1451
611
170
384
1717
164
522
200
168
998
1806
169
312
961
420
171
914
320
499
873
174
660
175
222
1622
1878
223
619
756
787
684
179
279
546
693
1662
1748
1159
1613
1896
1160
1253
1376
1265
457
1162
286
530
569
1163
1278
1369
1545
1165
306
1176
1308
1701
190
184
357
1713
1922
185
241
1170
1520
1916
187
378
1171
1714
1716
652
726
1852
1284
189
246
383
338
550
192
226
742
806
1838
1174
1202
1537
1861
1510
193
216
324
194
631
708
1641
1530
196
525
197
219
399
645
1179
389
1438
1181
1580
1615
1182
1368
1941
1183
1570
1735
1602
1185
557
1746
1339
1549
1590
1655
1741
328
201
1244
488
1336
1528
1675
202
1189
1326
1767
1190
211
1208
247
305
413
250
1440
1193
933
1194
1827
1197
1427
205
514
207
282
689
1250
1276
374
1466
351
209
213
273
1198
1821
1484
1201
245
212
1383
403
1461
1556
1493
1205
1805
327
1206
1249
1562
215
629
293
217
664
905
220
1330
1210
221
1933
1212
1547
242
485
1213
330
224
408
299
607
1514
1762
590
1216
1712
229
775
261
333
372
1322
1539
232
233
480
591
235
1221
1319
300
362
266
644
472
1238
1309
1315
1257
1323
1840
1407
1232
1313
1234
1281
1235
1258
1377
1236
1477
1634
443
1241
1433
1456
1687
251
534
692
252
253
355
254
537
608
1245
1418
375
532
1751
1557
1680
258
586
259
393
893
264
526
715
267
348
272
1255
269
533
460
297
339
1540
1260
1262
1515
1832
1394
1513
829
1906
1665
315
681
807
1271
1273
294
761
308
515
1279
1367
1346
1469
373
467
1405
1604
1609
1895
541
866
1750
336
697
406
364
496
349
1298
1379
1431
1306
1512
1301
1375
1732
1519
1310
394
1382
439
342
1320
433
353
1480
1595
531
1331
1574
1337
1361
469
366
1388
573
1648
1384
1414
470
1465
1371
401
1364
1726
1400
1543
1373
1425
440
1387
427
505
1646
518
