0
7
122
137
474
1598
652
693
714
821
857
1
1068
150
238
438
468
587
633
797
942
946
1000
1279
1564
1587
1619
1828
1898
1902
976
1986
1996
2
48
1307
357
497
678
720
721
790
863
985
1001
1168
1431
1445
1528
1782
1829
1888
1922
1959
1977
3
236
270
377
483
667
746
812
871
1913
939
1002
1224
1390
1440
1538
1557
1728
1746
1759
1785
1808
4
143
333
393
671
719
733
1753
805
914
966
1003
1059
1457
1471
1545
1582
1628
1668
1738
1798
1860
5
42
297
353
611
686
756
808
839
928
1004
1071
1273
1506
1544
1568
1609
1866
1952
1957
6
88
145
275
340
505
903
940
961
967
1971
1005
1213
1432
1648
1681
1789
1821
1837
1891
1894
1993
129
433
534
628
634
908
978
1006
1039
1099
1410
1773
1805
1809
1941
970
1995
1997
1007
1082
1482
727
1826
1840
1948
1958
1967
8
194
245
432
448
504
695
1761
766
911
934
1008
1280
1303
1490
1560
1739
1776
1824
1914
1973
1009
1174
1254
1366
1474
1513
1764
1854
1945
1972
9
424
543
609
615
641
726
824
848
974
998
1010
1187
1454
1697
1741
866
1923
1980
10
189
643
655
773
815
836
892
905
1011
1075
1134
1315
1369
1439
1504
1655
1710
1724
1012
1219
1335
512
1602
1605
1721
1772
1992
11
158
471
514
659
697
1736
830
899
962
993
1013
1135
1326
1686
1850
1853
1889
1929
1938
1987
12
199
246
506
638
799
800
854
896
937
958
1014
1164
1346
1371
1400
1465
1733
1841
1940
1998
13
214
440
617
834
884
912
1935
1015
1038
1189
1329
1348
1547
589
1765
1865
1946
14
152
1304
422
598
662
668
818
902
927
980
1016
1051
1066
1111
1339
1422
1691
1722
1729
1934
15
27
181
395
580
600
729
768
887
945
947
1017
120
1363
1368
1453
1573
1680
1704
1803
1878
1931
1018
1122
1421
1433
1663
728
1755
1869
1963
1019
1581
1662
1683
1699
1740
1852
1868
874
1020
1097
1114
229
1488
1666
1780
1845
1855
1944
1984
1021
1102
1319
1405
1509
1669
1767
1874
1926
1022
1104
1392
1420
1590
1620
1754
1859
1023
1246
1276
1297
1606
1627
1807
1881
1909
1933
1943
1024
1031
1143
1287
1330
1424
1493
1723
1794
1025
1032
1163
1192
1202
1332
1731
1747
16
102
153
251
451
454
646
701
907
996
17
502
691
692
708
886
916
964
995
1026
1277
1300
1311
1618
1800
1968
1978
1982
1027
1127
1334
1416
1717
1763
1851
1858
1877
18
173
196
434
526
537
723
929
954
969
1028
1477
1656
664
1750
1916
1976
1029
1057
1196
1376
464
1527
1608
1801
1999
19
114
202
724
759
770
838
869
889
1915
1030
1226
1537
1646
827
1920
1951
20
72
99
288
428
443
752
879
1404
1508
1595
1896
1979
1161
1386
1652
1969
21
138
212
295
324
332
562
680
774
926
22
45
113
350
1518
533
753
861
904
932
990
23
73
110
263
515
742
791
849
1033
1419
1793
1867
1897
1966
24
254
511
696
786
846
921
943
1034
1599
1823
1864
1035
1079
1151
1263
1588
860
1036
1239
1438
1512
1636
1665
1939
25
328
418
479
772
843
931
956
991
26
44
63
191
243
640
676
949
960
1037
1184
1296
585
1639
1692
1816
1901
1906
1953
317
321
449
458
481
520
681
802
28
1301
348
539
583
717
910
29
64
112
162
591
822
868
1883
936
941
1054
1227
1476
1635
1707
30
32
109
294
378
758
851
917
46
1242
1252
1604
1844
1918
1965
1040
1278
1283
1459
1827
1041
1505
1042
1088
1257
437
1503
1784
1848
1912
31
79
326
385
531
547
713
94
117
370
644
844
895
989
33
266
287
578
639
750
807
1822
950
999
34
103
248
279
494
560
567
623
938
1043
255
1308
1499
1596
1664
1690
1706
1932
1044
1100
1133
694
1814
1045
1131
1165
1317
1428
1466
1563
1703
1046
1566
1768
1975
35
169
291
292
335
411
689
850
957
1047
1112
1611
1791
1863
1911
1962
36
183
545
574
782
963
987
37
325
467
491
675
38
381
408
460
556
796
876
878
1048
1345
1370
1555
1567
1862
1885
1925
1049
1204
1231
1240
1496
1964
1050
1478
1576
1757
1825
1880
1887
1917
39
1407
442
736
754
1355
1472
1775
1893
40
371
469
499
517
870
891
922
923
997
1052
1241
1312
1572
1714
1830
1900
1974
41
161
329
596
607
653
842
955
1053
1333
1372
445
1585
1908
1105
1288
1325
1481
780
1846
673
712
900
43
127
700
707
872
1990
1055
1268
1350
1365
1414
1489
538
1562
1580
1820
1056
1291
1631
1732
1815
1884
1985
1994
541
586
731
193
492
557
688
709
919
948
1519
1788
1795
1882
1949
1058
1072
1448
1522
1603
1930
104
566
629
1353
1524
1806
1886
933
1955
1989
1060
1120
1293
1427
1540
1842
47
206
284
599
682
706
722
837
1061
1444
1542
1677
1701
1857
148
244
253
318
320
334
992
49
210
392
579
592
703
738
1062
1138
1399
1640
1778
50
271
289
358
577
614
785
840
1063
1065
1118
1221
1418
1713
1735
51
1119
119
612
952
975
977
1064
1093
1461
1520
1643
1843
965
52
523
858
865
944
1159
53
306
618
656
893
1367
1725
1067
1096
1249
1532
661
1748
54
81
435
570
841
867
55
62
367
374
518
951
56
85
198
227
252
463
475
699
57
298
540
658
735
864
58
84
741
793
873
982
59
77
90
384
529
642
684
814
855
60
382
1218
1328
1607
1838
61
166
360
452
573
582
819
1069
1235
1819
1847
1614
755
918
1070
1137
1191
1193
1389
823
1890
1475
1716
1758
590
1417
1485
1667
1936
1073
1678
1700
1718
1783
776
1960
1074
1129
1460
1467
495
1657
1813
1942
131
155
309
715
1180
1601
1743
1834
1910
1956
65
466
602
1675
674
66
549
666
809
906
67
91
386
482
1622
769
833
1076
1214
1324
1712
68
601
732
794
913
1077
1248
1861
1078
1098
1275
1406
1514
1688
1818
1156
1409
1698
1983
69
363
626
70
174
180
603
859
920
71
217
426
496
685
702
959
1080
1178
1377
1654
1661
213
1836
968
1081
1623
1696
232
345
530
74
175
416
581
645
669
881
925
1109
1116
1211
1347
1403
663
1720
1927
75
179
528
651
705
915
1083
1437
1486
1615
1671
1875
1084
1106
1295
1381
1645
1921
1085
1650
1727
1730
1086
1546
608
1774
1786
76
264
486
498
625
1988
1087
1340
852
1521
1579
1870
86
123
1305
606
853
983
78
108
450
670
730
757
1089
1194
240
1323
1570
1708
1790
407
1612
80
105
242
444
470
734
810
1090
1175
1487
1091
1148
1600
1092
1212
1336
1374
1625
1684
1873
1502
1659
1856
1094
1141
1673
1961
441
554
1734
749
897
1095
1464
485
1577
82
718
930
988
1354
1526
1695
1362
1395
760
1543
1583
83
164
205
397
635
831
924
979
747
207
1302
414
898
501
683
87
621
457
883
89
233
394
410
716
828
134
465
909
971
170
1777
1876
111
1511
795
862
92
190
415
767
1356
1633
1658
1810
1991
1101
1617
1670
816
93
167
462
704
146
314
745
1166
1436
1103
1270
1872
1924
1199
1396
1423
1554
1871
1426
1535
1553
1586
95
313
421
740
751
1107
1413
1737
96
132
551
597
97
319
342
648
994
98
513
519
1679
1108
1463
1479
1574
1756
1895
1172
1649
219
409
575
1687
1110
1415
1571
1726
1796
100
739
781
826
101
130
610
616
885
1359
1397
1711
1802
147
305
649
783
272
369
522
525
690
1253
1515
1565
265
1450
725
877
1113
1205
456
106
154
282
383
784
856
901
1115
1262
1264
107
133
235
890
1181
1638
1892
1117
1360
1770
1387
300
984
223
472
779
787
792
804
813
1641
1642
1693
1799
125
430
1238
1321
1550
1610
1121
1237
1621
139
632
1954
389
447
489
1455
1685
1694
1812
1123
1142
1651
1797
115
208
216
273
344
762
1124
1150
1200
116
355
375
677
1125
1382
211
118
176
185
737
455
503
1126
1447
1510
1907
121
312
488
765
257
376
973
1232
1378
1498
1833
1128
1188
1384
1429
1672
1937
1229
1247
1634
1792
1811
1130
1198
1529
657
1981
1132
1391
1719
1208
1569
1653
1947
124
429
1344
1136
1380
1206
1316
1452
1551
1558
285
349
373
379
126
144
163
888
524
778
1139
1441
1500
1950
128
230
555
763
630
622
679
806
1905
1425
654
1140
280
1839
1928
1265
568
687
1781
259
536
777
209
135
250
366
789
835
1272
1144
228
1497
1752
136
281
584
986
1674
817
140
1364
593
650
981
1145
1245
1393
1480
1501
1835
1146
1309
1313
1616
141
277
425
480
620
142
402
516
636
1147
1682
825
1831
788
1375
1549
1149
1162
1282
1779
798
845
672
564
172
322
1234
1434
1483
1630
1322
1517
149
1919
1152
417
1592
1613
1709
473
1492
1153
1173
1402
1629
1154
391
1705
1769
151
372
1155
1169
1157
1637
1158
1358
1804
299
311
186
1160
1591
1676
274
1243
1449
1533
1170
1222
1593
220
535
1832
1589
477
1689
156
356
553
157
178
476
698
1167
1190
1408
1531
159
258
1343
1299
1561
160
197
431
569
613
1171
1337
308
508
972
165
293
352
420
436
484
249
572
168
894
225
316
1817
218
1357
1373
171
203
546
631
803
354
1383
588
1203
1523
775
1458
1491
1176
1233
1401
1177
1548
665
1771
177
1182
1507
1660
310
604
1179
1209
1251
1379
1539
1201
1879
262
748
875
521
182
1484
637
184
388
459
343
453
1495
396
187
1394
1183
1970
188
331
1207
1766
527
561
192
226
307
744
195
365
624
241
330
552
200
290
1185
1584
1186
1516
1534
201
478
487
1904
832
204
260
1903
224
303
1320
1541
1195
398
1349
1197
1742
764
1470
563
296
743
215
801
1258
1267
1442
1715
1261
1310
1751
1341
1411
390
1849
237
286
627
221
302
548
222
1210
1451
1494
1223
461
595
1215
1220
1216
1217
1318
660
278
820
403
1269
1594
1644
231
711
405
953
234
1284
1286
1292
1351
1575
1787
550
1225
1398
1228
1259
1230
1244
1559
239
368
880
336
847
247
439
1647
1762
283
400
544
1236
1298
1552
337
1290
423
256
558
446
647
510
261
338
413
1749
1469
542
364
267
268
269
1342
771
811
404
362
399
1281
493
1338
1430
1473
1250
1260
1352
276
565
500
1255
1899
1256
1556
419
1468
406
347
1361
1745
1626
882
1266
323
761
1271
619
1435
1274
351
1597
1702
1285
1525
605
380
301
576
346
1289
1294
1760
1624
304
412
1314
1456
1462
1536
1412
1306
1327
1443
532
315
1744
507
1446
594
327
387
571
1331
710
339
341
509
359
361
490
829
1578
1385
935
401
1388
427
1530
1632
559
