2000	0
0	255
0	328
0	430
0	434
0	523
0	803
0	871
0	986
1	26
1	386
1	447
1	682
1	819
1	832
1	870
1	960
2	93
2	314
2	431
2	509
2	583
2	722
2	726
2	856
2	932
2	948
3	368
3	385
3	517
3	668
3	671
3	676
3	716
3	880
3	915
4	76
4	279
4	395
4	457
4	476
4	503
4	551
4	661
4	727
4	847
4	880
4	930
5	15
5	100
5	232
5	318
5	393
5	426
5	583
5	594
5	674
5	731
5	793
5	854
5	868
5	885
5	937
6	85
6	419
6	533
6	535
6	553
6	623
6	635
6	655
6	731
6	896
7	120
7	143
7	238
7	587
7	595
7	685
7	964
8	366
8	492
8	536
8	592
8	700
8	707
8	717
8	896
8	909
8	957
9	665
9	672
9	776
9	854
9	916
9	952
10	41
10	343
10	394
10	423
10	479
10	616
10	634
10	745
10	946
11	128
11	232
11	460
11	734
11	921
12	131
12	246
12	258
12	345
12	596
12	769
12	783
12	846
13	272
13	285
13	329
13	373
13	489
13	530
13	537
13	588
13	620
13	634
13	669
13	680
13	681
13	774
13	817
13	828
13	850
14	38
14	78
14	286
14	439
14	537
14	611
14	714
14	822
14	911
15	360
15	442
15	480
15	600
15	737
15	898
16	225
16	403
16	841
17	249
17	264
17	359
17	519
17	641
17	703
17	779
17	822
18	121
18	129
18	194
18	278
18	468
18	898
18	926
18	989
18	1081
19	88
19	205
19	210
19	320
19	327
19	402
19	471
19	815
19	971
20	59
20	218
20	351
20	591
20	646
20	706
20	744
20	777
20	871
20	889
20	977
21	25
21	75
21	160
21	170
21	287
21	289
21	429
21	434
21	750
21	811
21	901
21	911
21	957
22	605
22	794
22	897
23	154
23	489
23	643
23	800
24	113
24	301
24	312
24	395
24	599
24	641
24	826
24	874
24	880
25	40
25	52
25	73
25	97
25	142
25	163
25	252
25	377
25	577
25	829
26	80
26	134
26	141
26	216
26	373
26	469
26	644
26	651
26	758
26	769
26	794
26	827
26	839
27	64
27	241
27	269
27	340
27	366
27	612
27	702
27	703
28	97
28	255
28	308
28	519
28	547
28	581
28	589
28	731
28	778
28	839
28	855
28	938
29	341
29	626
29	632
29	681
29	811
29	896
29	945
30	256
30	446
30	613
30	636
30	733
31	96
31	240
31	400
31	405
31	458
31	492
31	522
31	933
31	943
31	978
32	66
32	272
32	277
32	478
32	730
32	866
32	871
32	947
32	982
33	82
33	126
33	205
33	285
33	510
33	625
33	666
33	760
33	940
33	981
33	1153
34	193
34	206
34	240
34	415
34	424
34	464
34	509
34	903
35	119
35	161
35	186
35	223
35	438
35	455
35	458
35	487
35	520
35	673
35	842
35	870
35	873
35	980
36	206
36	241
36	245
36	331
36	424
36	821
37	160
37	221
37	354
37	398
37	468
37	479
37	493
37	558
37	612
37	635
37	671
37	759
37	825
37	862
38	69
38	157
38	271
38	278
38	292
38	396
38	463
38	572
38	690
39	89
39	135
39	218
39	284
39	295
39	389
39	492
39	628
39	647
39	836
39	868
39	879
39	907
39	967
40	412
40	459
40	577
40	656
40	657
40	688
40	694
40	781
40	792
40	793
40	812
40	970
40	999
41	145
41	178
41	186
41	214
41	427
41	442
41	478
41	681
41	723
41	727
41	743
41	864
41	966
41	1729
42	249
42	363
42	378
42	516
42	599
42	751
42	781
42	783
42	821
42	949
42	978
43	92
43	503
43	566
43	665
43	842
43	998
44	47
44	121
44	131
44	169
44	177
44	335
44	467
44	507
44	600
44	915
45	50
45	64
45	249
45	251
45	432
45	599
45	656
45	705
45	778
45	824
45	900
45	916
45	1573
46	209
46	225
46	259
46	310
46	376
46	450
46	609
46	656
46	673
46	811
47	85
47	87
47	173
47	258
47	309
47	377
47	512
47	692
47	873
47	929
48	111
48	202
48	207
48	357
48	385
48	434
48	443
48	741
48	952
49	76
49	116
49	229
49	320
49	628
49	800
49	943
50	138
50	204
50	236
50	357
50	921
51	155
51	330
51	335
51	364
51	517
51	611
51	813
51	877
52	230
52	251
52	296
52	531
52	609
52	715
52	736
52	815
52	854
52	857
52	887
52	922
52	951
52	954
53	58
53	93
53	257
53	308
53	464
53	570
53	699
53	781
53	876
54	241
54	561
54	615
54	616
54	855
55	61
55	72
55	150
55	449
55	491
55	510
55	533
55	566
55	640
55	721
55	918
55	920
55	933
55	966
56	245
56	257
56	326
56	447
56	464
56	595
57	121
57	156
57	617
57	868
58	65
58	114
58	348
58	436
58	580
58	661
58	737
58	902
58	949
59	118
59	175
59	339
59	430
59	475
59	612
59	645
59	692
59	759
59	831
59	877
59	982
60	77
60	243
60	363
60	616
60	751
60	814
60	831
61	72
61	80
61	112
61	179
61	220
61	378
61	479
61	528
61	674
61	849
61	898
61	912
61	963
62	124
62	161
62	219
62	296
62	344
62	384
62	421
62	563
62	606
62	634
62	807
62	977
63	72
63	73
63	74
63	107
63	222
63	325
63	451
63	535
63	711
63	723
63	755
63	881
63	1643
64	75
64	120
64	265
64	273
64	345
64	434
64	619
64	687
64	723
64	982
64	999
65	117
65	140
65	410
65	425
65	661
65	679
65	700
65	736
65	747
65	765
65	875
65	929
66	172
66	237
66	315
66	320
66	502
66	587
66	755
66	773
67	330
67	527
67	952
67	967
68	83
68	329
68	360
68	504
68	516
68	776
68	851
69	173
69	267
69	344
69	395
69	527
69	943
69	950
69	968
70	336
70	484
70	536
70	752
71	337
71	365
71	418
71	431
71	529
71	569
71	989
72	104
72	109
72	187
72	408
72	448
72	477
72	621
72	632
72	744
72	877
72	899
72	920
73	99
73	126
73	141
73	237
73	486
73	579
73	648
73	777
73	931
74	570
74	587
74	635
74	764
74	817
75	148
75	227
75	308
75	469
75	511
75	580
75	640
75	700
75	701
75	775
75	825
75	848
75	960
75	964
76	89
76	118
76	233
76	239
76	331
76	336
76	501
76	949
77	108
77	179
77	198
77	283
77	290
77	333
77	507
77	540
77	738
77	772
77	832
77	833
77	948
78	106
78	404
78	472
78	600
78	623
78	798
78	906
78	991
79	100
79	185
79	328
79	696
79	703
79	736
79	942
80	177
80	189
80	380
80	399
80	417
80	450
80	505
80	526
80	555
80	604
80	614
80	621
80	789
80	880
81	277
81	308
81	317
81	330
81	348
81	390
81	615
81	642
81	671
81	758
81	807
81	851
81	974
82	144
82	328
82	417
82	420
82	836
82	869
82	896
82	981
83	415
83	452
83	517
83	601
83	699
84	108
84	181
84	207
84	405
84	622
84	667
84	721
84	950
84	1585
85	113
85	127
85	210
85	313
85	320
85	400
85	433
85	622
85	751
85	772
85	831
85	943
86	107
86	330
86	386
86	661
86	748
86	787
86	902
86	948
86	1482
87	164
87	200
87	521
87	826
88	312
88	360
88	436
88	572
88	699
88	944
89	249
89	320
89	438
89	531
89	644
89	725
89	745
89	756
89	779
89	944
89	957
90	154
90	161
90	164
90	271
90	327
90	330
90	350
90	541
90	793
90	827
90	886
90	963
90	1471
91	132
91	137
91	150
91	161
91	229
91	343
91	612
91	629
92	192
92	319
92	593
92	963
93	189
93	373
93	425
93	603
93	675
93	808
93	831
93	880
93	899
93	912
93	933
94	111
94	113
94	196
94	330
94	349
94	397
94	439
94	642
94	876
94	913
94	996
95	168
95	216
95	343
95	390
95	399
95	629
95	685
95	745
95	900
95	919
95	968
96	339
96	369
96	539
96	624
96	826
96	846
96	907
96	925
96	985
97	105
97	249
97	435
97	438
97	452
97	520
97	541
97	610
97	643
97	654
97	860
97	965
98	497
98	669
98	1434
99	115
99	195
99	259
99	368
99	585
99	608
99	736
99	801
99	811
99	847
99	890
99	918
100	107
100	177
100	196
100	399
100	458
100	501
100	506
100	693
100	810
100	881
100	996
101	175
101	274
101	321
101	570
101	606
101	1179
102	173
102	321
102	392
102	541
102	749
102	764
102	787
102	799
102	907
103	158
103	299
103	468
103	547
103	641
103	782
103	877
103	1513
104	273
104	381
104	383
104	431
104	453
104	503
104	517
104	618
104	943
105	108
105	143
105	262
105	297
105	307
105	407
105	430
105	454
105	672
105	697
105	816
105	905
105	913
105	924
106	170
106	212
106	351
106	557
106	581
106	590
106	950
107	354
107	426
107	442
107	453
107	497
107	561
107	573
107	778
107	886
108	170
108	187
108	286
108	344
108	428
108	493
108	602
108	616
108	666
108	881
108	934
108	987
109	185
109	229
109	379
109	383
109	415
109	443
109	559
109	655
109	905
110	212
110	402
110	621
110	1869
111	143
111	351
111	640
111	681
111	682
111	719
111	814
111	825
111	867
112	164
112	183
112	323
112	490
112	519
112	621
112	762
112	992
113	264
113	403
113	451
113	536
113	627
113	804
113	833
114	153
114	155
114	258
114	368
114	384
114	449
114	525
114	736
114	808
115	401
115	641
115	826
115	946
116	241
116	339
116	518
116	535
116	799
116	858
116	874
116	969
117	339
117	447
117	847
118	165
118	247
118	273
118	334
118	450
118	508
118	529
118	607
118	720
118	742
118	888
118	892
118	917
119	416
119	425
119	460
119	546
119	561
119	564
119	740
119	940
119	976
119	1770
120	270
120	399
120	494
120	522
120	710
120	732
120	810
120	869
120	891
120	925
121	124
121	232
121	436
121	448
121	599
121	609
121	650
121	778
122	211
122	215
122	299
122	307
122	326
122	327
122	522
123	155
123	190
123	253
123	312
123	336
123	476
123	487
123	511
123	718
123	890
123	929
123	1393
124	127
124	253
124	351
124	354
124	404
124	420
124	451
124	771
124	851
125	155
125	319
125	388
125	713
125	784
125	889
126	166
126	213
126	234
126	238
126	354
126	494
126	519
126	574
126	748
126	836
126	885
126	967
127	223
127	229
127	300
127	398
127	607
127	630
127	733
127	760
127	864
127	894
127	910
127	975
128	170
128	204
128	231
128	308
128	400
128	533
128	609
128	721
129	150
129	206
129	225
129	233
129	262
129	275
129	281
129	287
129	579
129	692
130	245
130	359
130	373
130	465
130	624
130	678
130	691
130	710
131	240
131	248
131	369
131	434
131	583
131	662
131	742
131	802
132	481
132	534
132	625
132	705
132	757
132	833
132	922
132	935
133	266
133	328
133	329
133	426
133	476
133	519
133	528
133	714
133	776
133	884
133	908
134	196
134	238
134	380
134	425
134	476
134	643
134	682
134	816
134	827
134	865
134	905
135	198
135	245
135	287
135	506
135	539
135	669
135	708
135	761
135	762
135	854
136	248
136	257
136	337
136	410
136	453
136	487
136	531
136	570
136	755
136	767
136	808
136	912
137	141
137	149
137	160
137	249
137	305
137	344
137	411
137	710
138	326
138	328
138	342
138	379
138	833
139	434
139	521
139	582
139	658
139	691
139	695
139	814
139	948
140	177
140	396
140	708
140	709
140	987
141	271
141	276
141	341
141	351
141	433
141	510
141	527
141	586
141	848
141	945
142	198
142	250
142	274
142	464
142	583
142	614
142	630
142	753
142	839
142	931
142	952
142	978
142	979
142	986
143	165
143	243
143	265
143	455
143	725
143	893
144	273
144	331
144	345
144	394
144	400
144	522
144	558
144	578
145	195
145	236
145	245
145	247
145	252
145	350
145	352
145	487
145	716
146	148
146	581
146	603
146	658
146	686
146	786
146	805
146	906
147	163
147	205
147	243
147	426
147	675
147	773
147	833
147	886
148	178
148	184
148	298
148	303
148	519
148	542
148	607
148	616
148	638
148	746
148	771
148	791
148	928
148	962
148	966
149	296
149	339
149	372
149	415
149	474
149	511
149	578
149	664
149	692
149	741
149	899
149	947
150	170
150	343
150	357
150	360
150	520
150	772
150	883
150	894
150	896
150	979
151	170
151	225
151	322
151	353
151	516
151	665
151	922
151	938
152	320
152	358
152	362
152	380
152	478
152	525
152	603
152	607
152	618
152	640
152	807
153	351
153	352
153	773
153	810
153	892
153	903
153	969
154	157
154	169
154	315
154	351
154	416
154	584
154	995
155	312
155	422
155	468
155	493
155	503
155	548
155	556
155	807
155	878
155	902
155	911
155	933
156	201
156	232
156	337
156	346
156	370
156	411
156	446
156	599
156	725
156	912
156	986
157	507
157	628
157	643
157	657
157	749
157	914
157	957
158	170
158	189
158	256
158	264
158	341
158	342
158	387
158	428
158	513
158	520
158	766
158	807
158	881
158	885
159	220
159	409
159	482
159	552
159	647
159	700
159	734
159	913
159	958
160	394
160	400
160	436
160	720
160	750
160	834
160	923
160	935
160	983
161	269
161	277
161	324
161	345
161	510
161	593
161	663
161	711
161	801
161	807
161	826
161	979
162	256
162	325
162	368
162	426
162	540
162	554
162	643
162	790
162	799
162	863
162	870
163	200
163	302
163	381
163	566
163	578
163	590
163	614
163	817
163	840
163	908
163	913
163	940
164	212
164	296
164	299
164	352
164	553
164	556
164	807
164	823
164	838
164	940
165	221
165	311
165	542
165	625
165	655
165	787
165	811
165	893
166	231
166	316
166	430
166	533
166	813
166	834
166	926
167	226
167	261
167	381
167	417
167	591
167	594
167	732
167	823
167	862
168	195
168	557
168	596
168	698
168	739
168	835
168	891
168	905
168	912
168	978
169	314
169	718
169	767
169	830
169	942
170	182
170	232
170	328
170	358
170	440
170	525
170	557
170	713
170	786
170	793
170	942
170	947
171	283
171	570
171	621
171	714
171	834
171	986
172	515
172	590
172	673
172	689
172	829
173	185
173	434
173	632
173	714
173	782
173	794
173	811
174	327
174	388
174	398
174	438
174	466
174	547
174	551
174	691
174	803
174	854
174	875
174	881
174	932
175	584
175	673
175	852
175	946
175	961
176	209
176	227
176	604
176	677
176	680
176	713
177	235
177	242
177	318
177	339
177	341
177	374
177	472
177	492
177	526
177	697
177	735
177	736
177	775
177	889
177	974
178	179
178	293
178	355
178	360
178	485
178	526
178	849
178	873
178	991
179	199
179	405
179	411
179	701
179	734
179	765
179	869
179	889
179	907
180	610
181	212
181	217
181	233
181	543
181	563
181	662
182	224
182	317
182	459
182	529
182	571
182	709
182	714
182	744
182	860
182	874
182	900
183	397
183	399
183	429
183	578
183	728
183	771
183	875
184	272
184	423
184	586
184	604
184	643
184	717
184	746
184	761
184	897
184	968
185	220
185	234
185	374
185	426
185	470
185	550
185	581
185	643
185	783
185	859
185	954
186	210
186	212
186	246
186	293
186	454
186	542
186	667
186	674
186	747
186	774
186	935
186	947
187	579
187	906
188	202
188	397
188	600
188	616
188	642
188	645
188	787
188	816
188	831
188	840
188	865
189	206
189	239
189	317
189	364
189	509
189	589
189	616
189	618
189	624
189	682
189	1155
190	323
190	410
190	433
190	519
190	830
190	847
190	850
191	363
191	393
191	442
191	512
191	616
191	640
191	660
191	674
191	694
191	841
191	847
191	870
192	207
192	276
192	426
192	588
192	608
192	650
192	680
192	765
192	814
193	283
193	297
193	456
193	555
193	726
193	831
194	227
194	233
194	340
194	370
194	572
194	853
194	1850
195	234
195	434
195	587
195	602
195	761
195	794
195	937
195	987
195	993
196	218
196	359
196	430
196	455
196	648
196	706
196	763
196	805
196	816
196	872
197	306
197	328
197	399
197	401
197	471
197	547
197	620
197	691
197	746
197	885
197	956
198	343
198	356
198	445
198	700
198	751
198	797
198	806
198	998
199	226
199	265
199	333
199	671
199	702
199	838
199	904
199	941
200	275
200	535
200	610
200	619
200	882
200	992
200	997
201	306
201	321
201	361
201	429
201	458
201	495
201	653
201	699
201	764
201	889
202	309
202	366
202	603
202	638
202	680
202	686
202	790
202	862
203	267
203	613
203	792
203	933
203	996
204	223
204	240
204	325
204	519
204	734
204	790
204	926
204	1932
205	224
205	257
205	265
205	293
205	495
205	720
205	737
205	836
205	860
205	900
206	245
206	252
206	306
206	364
206	386
206	598
206	751
206	810
206	850
206	868
206	879
207	373
207	867
207	941
207	981
208	219
208	505
208	511
208	632
208	927
209	365
209	375
209	442
209	447
209	626
209	634
209	931
209	935
209	970
210	315
210	374
210	412
210	419
210	585
210	754
210	784
211	323
211	549
211	558
211	582
211	600
211	758
212	303
212	426
212	456
212	566
212	636
212	717
212	747
212	860
212	906
212	960
212	976
212	1678
213	261
213	605
213	616
213	832
213	1204
214	347
214	359
214	422
214	446
214	538
214	840
214	987
214	998
215	336
215	359
215	619
215	627
215	637
215	750
215	756
215	807
215	983
216	245
216	485
216	655
216	799
216	861
216	909
217	385
217	527
217	792
217	851
217	905
217	956
218	250
218	416
218	606
218	618
218	647
218	846
218	1368
219	336
219	435
219	442
219	466
219	608
219	677
219	722
219	946
220	257
220	315
220	316
220	494
220	660
220	727
220	841
220	951
221	317
221	469
221	659
221	694
221	719
221	952
222	253
222	397
222	398
222	862
222	1324
223	244
223	292
223	336
223	359
223	474
223	493
223	520
223	587
223	671
223	838
223	1214
224	267
224	347
224	352
224	489
224	589
224	852
224	867
224	868
224	984
225	410
225	524
225	798
226	242
226	288
226	458
226	462
226	551
226	633
226	642
226	839
226	908
227	280
227	291
227	366
227	563
227	670
227	679
227	761
227	787
227	878
227	951
228	534
228	896
229	324
229	487
229	540
229	648
229	686
229	759
229	951
229	983
230	395
230	399
230	788
231	402
231	477
231	482
231	544
231	622
231	692
231	856
231	923
231	972
232	282
232	479
232	526
232	612
232	617
232	630
232	636
232	674
232	768
232	789
233	438
233	478
233	558
233	591
233	819
233	923
234	333
234	445
234	474
234	689
234	737
234	746
235	356
235	553
235	592
235	624
235	812
235	818
235	888
235	954
236	245
236	360
236	388
236	421
236	556
236	657
236	665
236	666
236	682
236	683
236	781
236	817
236	868
237	358
237	383
237	538
237	842
237	882
237	896
237	927
238	239
238	246
238	273
238	603
238	796
238	811
238	837
238	973
239	382
239	587
239	644
239	752
240	248
240	287
240	550
240	670
240	723
240	867
240	973
240	983
241	406
241	419
241	577
241	583
241	615
241	653
241	757
241	758
241	889
241	891
241	921
242	293
242	375
242	404
242	501
242	542
242	608
242	994
243	246
243	247
243	580
243	651
243	763
243	859
244	269
244	334
244	478
244	485
244	762
244	808
244	928
245	502
245	512
245	598
245	888
245	1245
245	1736
245	1845
246	266
246	268
246	296
246	300
246	375
246	396
246	488
246	535
246	545
246	547
246	852
246	855
246	917
246	931
247	404
247	480
248	274
248	569
248	745
248	809
249	362
249	369
249	433
249	655
249	674
250	720
250	745
250	812
250	964
250	1960
251	568
251	743
251	883
252	326
252	452
252	621
252	731
252	880
252	890
252	1588
253	353
253	565
253	572
253	796
253	810
253	859
253	884
254	272
254	283
254	437
254	709
254	713
254	822
254	864
254	905
255	632
255	639
255	657
255	704
255	813
255	869
255	874
255	912
255	919
256	457
256	481
256	796
256	861
257	267
257	420
257	476
257	534
257	559
257	688
257	749
257	870
258	370
258	420
258	448
258	509
258	806
258	875
259	329
259	528
259	621
259	693
259	838
259	965
260	358
260	406
260	431
260	489
260	728
260	846
261	273
261	277
261	292
261	423
261	531
261	563
261	636
261	792
261	825
261	826
261	888
261	902
261	991
262	275
262	427
262	599
262	637
262	722
262	736
262	936
263	440
263	512
263	547
263	589
263	697
263	737
263	845
263	874
263	918
264	295
264	515
264	804
264	879
265	425
265	493
265	566
265	761
265	774
265	993
265	1612
266	354
266	367
266	451
266	530
266	714
266	925
266	929
267	271
267	529
267	560
267	777
267	801
267	802
268	388
268	453
268	603
268	633
268	714
268	722
268	822
268	886
268	947
269	306
269	368
269	381
269	507
269	532
269	600
269	694
269	724
269	783
269	822
269	852
269	899
270	376
270	546
270	890
270	900
270	981
271	460
271	613
271	675
271	728
271	845
271	945
272	573
272	648
272	827
272	919
272	952
272	1710
273	391
273	593
273	595
273	665
273	689
273	702
273	763
273	766
273	874
274	317
274	362
274	388
274	610
274	738
274	935
274	942
275	346
275	528
275	607
275	691
275	892
276	666
276	765
277	478
277	534
277	628
277	728
277	890
277	988
278	466
278	474
278	530
278	547
278	572
278	709
278	744
278	882
279	285
279	313
279	411
279	424
279	591
279	685
280	299
280	491
280	712
280	795
280	801
280	844
280	971
280	1765
281	336
281	364
281	457
281	954
282	567
282	681
282	842
282	892
282	916
283	296
283	363
283	419
283	455
283	528
283	538
283	701
283	923
283	979
283	984
284	303
284	442
284	470
284	534
284	680
284	811
284	823
284	894
285	586
285	640
285	877
285	922
286	341
286	369
286	393
286	456
286	462
286	471
286	571
286	700
286	709
286	713
286	808
286	912
286	997
287	545
287	566
287	599
287	637
287	887
287	891
288	311
288	487
288	540
288	627
288	740
288	789
289	397
289	411
289	666
289	933
289	976
290	325
290	529
290	866
291	384
291	423
291	501
291	541
291	765
291	785
291	971
291	998
292	327
292	390
292	458
292	766
292	781
292	785
293	501
293	577
293	627
293	675
293	704
294	364
294	370
294	388
294	510
294	593
294	640
294	778
294	875
294	880
294	891
295	474
295	532
295	928
296	347
296	454
296	495
296	502
296	542
296	567
296	659
296	716
296	764
296	797
296	862
296	865
296	880
296	934
296	1527
297	464
297	665
297	709
297	746
297	818
297	834
297	887
297	947
297	1638
298	305
298	307
298	323
298	503
298	551
299	389
299	830
299	908
299	968
299	996
300	335
300	414
300	461
300	578
300	614
300	666
300	679
301	389
301	569
301	636
301	660
301	815
301	861
301	912
302	619
302	643
302	644
302	714
303	307
303	522
303	560
303	622
303	648
303	859
304	428
304	494
304	790
304	838
304	921
304	945
304	979
305	364
305	404
305	456
305	519
305	768
305	799
305	945
306	394
306	598
306	812
306	831
306	879
306	934
306	968
307	366
307	422
307	479
307	585
307	590
307	652
307	709
307	716
307	787
307	832
308	366
308	516
308	518
308	521
308	655
308	701
308	848
308	852
308	898
308	944
309	318
309	392
309	573
309	622
310	369
310	655
310	834
310	969
310	1361
311	390
311	481
311	573
311	576
311	696
311	812
311	813
311	888
311	1996
312	318
312	438
312	459
312	463
312	465
312	531
312	608
312	813
312	874
312	961
313	322
313	356
313	441
313	589
313	795
313	929
314	371
314	462
314	503
314	550
314	657
314	736
314	741
314	760
314	836
315	385
315	411
315	466
315	582
315	886
315	897
315	942
315	978
316	619
316	685
316	874
316	982
316	991
317	411
317	441
317	495
317	587
317	655
317	898
317	936
317	969
318	336
318	370
318	438
318	492
318	541
318	925
318	1220
319	546
319	622
319	643
319	707
319	784
320	467
320	603
320	684
320	719
320	802
320	809
320	916
320	970
321	349
321	355
321	725
321	889
321	950
322	347
322	412
322	636
322	643
322	686
322	701
322	756
322	827
322	903
323	401
323	443
323	500
323	522
323	714
323	864
323	933
323	976
324	335
324	368
324	457
324	634
324	674
324	714
324	809
324	864
325	672
325	747
325	776
325	859
325	1126
326	367
326	680
326	906
326	985
327	484
327	611
327	732
327	761
327	844
327	894
327	916
328	378
328	524
328	758
328	796
328	804
328	838
328	962
329	399
329	627
329	812
330	456
330	461
330	573
330	576
330	708
330	717
330	898
330	930
330	947
331	356
331	361
331	446
331	618
331	715
331	856
332	362
332	405
332	512
332	768
332	817
332	856
333	382
333	514
333	570
333	621
333	792
333	808
333	967
334	394
334	550
334	614
334	748
334	753
334	760
334	916
334	932
334	938
334	979
335	613
335	672
335	750
335	796
335	884
335	923
335	943
335	993
336	397
336	475
336	485
336	553
336	556
336	720
336	787
336	795
336	968
337	474
337	809
337	824
338	525
338	536
338	586
338	725
338	770
338	788
338	951
339	452
339	479
339	670
339	751
339	771
339	945
340	799
340	862
340	924
341	409
341	505
341	625
341	740
341	821
341	944
342	350
342	486
342	559
342	574
342	655
342	818
342	953
343	359
343	505
343	920
343	954
344	409
344	432
344	598
344	817
344	850
345	381
345	431
345	470
345	536
345	623
345	643
345	812
345	870
345	884
345	951
346	443
346	608
346	827
346	855
346	881
346	902
347	523
347	532
347	874
348	415
348	478
348	623
348	650
348	653
348	658
348	682
348	879
348	980
349	354
349	395
349	489
349	506
349	641
349	648
349	657
349	674
349	729
349	748
349	755
349	843
349	989
350	491
350	535
350	557
350	698
350	748
350	771
350	791
350	906
350	973
351	396
351	475
351	509
351	521
351	528
351	568
351	600
351	601
351	641
351	663
351	705
351	844
351	939
351	1490
352	443
352	481
352	793
352	930
352	970
353	363
353	413
353	473
353	508
353	609
353	737
353	866
353	959
353	977
353	996
353	1227
354	372
354	461
354	580
354	635
354	753
354	804
354	901
354	924
355	583
355	620
355	649
355	899
355	980
355	996
356	383
356	480
356	550
356	665
356	726
356	783
356	861
356	910
357	529
357	741
357	755
357	858
357	878
357	935
357	940
358	444
358	485
358	582
358	642
358	762
358	797
359	360
359	509
359	578
359	714
359	725
359	727
359	772
359	806
359	954
360	401
360	609
360	658
360	688
360	772
360	886
360	927
360	969
361	509
361	538
361	601
361	630
361	635
361	676
361	767
361	820
361	826
362	384
362	528
362	546
362	671
362	697
362	789
362	827
362	922
362	966
363	409
363	964
364	478
364	511
364	545
364	656
364	660
364	733
364	784
364	943
364	946
364	953
364	963
365	678
365	768
365	818
365	901
365	991
366	768
366	789
366	812
366	842
366	895
366	952
366	965
367	457
367	465
367	520
367	601
367	804
367	874
367	890
368	476
368	594
368	948
369	654
369	708
369	924
369	931
369	974
369	978
369	984
370	381
370	464
370	466
370	876
371	424
371	999
372	480
372	497
372	567
372	668
372	692
372	732
372	783
372	821
372	941
373	409
373	488
373	551
373	736
373	918
373	953
373	989
374	439
374	562
374	992
375	461
375	478
375	641
375	655
375	714
375	728
375	763
375	894
376	409
376	687
376	726
376	840
376	916
376	986
376	989
377	407
377	453
377	580
377	589
377	608
377	685
377	738
377	823
378	894
379	408
379	509
379	661
379	676
379	761
379	856
379	956
380	553
380	881
381	430
381	476
381	580
381	589
381	757
381	762
382	420
382	644
382	666
382	689
382	750
382	957
382	964
383	448
383	483
383	564
383	663
383	796
383	924
383	1995
384	417
384	503
384	816
384	843
384	982
385	442
385	498
385	520
385	554
385	735
385	798
385	809
385	856
385	971
385	1255
386	419
386	469
386	758
386	839
386	896
387	418
387	504
387	799
388	555
388	857
389	907
390	545
390	552
390	561
390	663
390	764
390	821
390	900
390	980
391	416
391	454
392	410
392	426
392	791
392	880
392	943
392	945
393	516
393	659
393	686
393	784
393	832
393	899
393	904
393	917
394	551
394	575
394	596
394	603
394	709
394	940
395	634
395	797
396	457
396	504
396	530
396	574
396	581
396	583
396	587
396	855
396	982
397	568
397	617
398	435
398	510
398	518
398	637
398	647
398	654
398	752
398	848
399	620
399	637
399	745
399	879
399	885
399	907
400	535
400	619
400	796
400	900
400	943
401	448
401	568
401	654
401	975
402	483
402	633
402	819
403	557
403	574
403	845
403	846
403	888
404	457
404	832
405	537
405	559
405	826
405	874
406	816
406	977
407	512
407	751
407	846
407	886
408	579
408	614
408	724
408	908
408	933
408	982
408	986
409	601
409	656
409	680
409	690
409	769
409	863
409	1016
410	912
410	917
410	926
410	931
411	474
411	526
411	529
411	551
411	681
411	714
411	740
411	809
411	829
411	961
411	965
411	993
412	503
412	513
412	522
412	657
412	673
412	924
413	519
413	620
413	650
413	725
413	756
413	831
414	431
414	432
414	509
414	622
414	748
414	989
414	1901
415	469
415	690
416	498
416	739
416	783
416	841
416	992
417	423
417	429
417	648
417	654
417	875
418	515
418	803
418	824
418	862
419	437
419	523
419	551
419	571
419	775
419	818
419	960
419	961
420	451
420	492
420	889
421	478
421	553
421	702
421	783
421	798
422	469
422	558
422	674
422	960
422	1096
423	564
423	700
423	759
423	772
424	584
424	609
424	666
424	746
424	806
424	960
424	993
425	429
425	437
425	525
425	666
425	922
426	574
426	657
426	723
426	735
426	840
426	934
427	485
427	540
427	578
427	717
427	765
427	785
427	951
427	979
428	480
428	606
428	731
428	806
429	496
429	633
429	702
429	726
429	753
429	812
429	918
429	990
430	720
430	721
431	529
431	539
431	866
432	542
432	556
432	652
432	763
432	777
432	783
432	839
432	840
433	462
433	488
433	599
433	772
433	798
433	902
434	576
434	582
434	629
434	668
434	702
434	735
434	873
434	909
434	1547
435	448
435	541
435	559
435	562
435	802
435	819
436	440
436	461
436	558
436	571
436	591
436	689
436	692
436	796
436	844
436	917
437	461
437	462
437	473
437	530
437	541
437	637
437	915
437	970
437	980
438	524
438	594
438	819
439	479
439	578
439	682
439	842
439	856
440	757
440	943
440	964
440	1475
441	525
441	548
441	595
441	668
441	754
441	809
441	821
441	924
441	926
441	932
441	953
441	966
441	990
442	746
442	883
442	902
442	958
443	475
443	559
443	620
443	676
443	950
443	980
443	988
443	990
444	509
444	613
444	658
444	681
444	687
445	743
445	819
445	837
445	903
446	509
446	744
446	797
446	960
446	969
446	976
446	1626
447	627
447	628
447	638
447	653
447	829
447	959
448	456
448	577
448	658
448	670
448	711
448	802
449	802
449	891
450	485
450	585
450	717
450	735
451	595
451	615
451	739
451	740
452	454
452	576
452	598
452	638
452	643
453	549
453	596
453	600
453	690
453	698
453	718
453	768
453	996
454	912
455	643
455	693
455	741
455	805
455	953
455	995
456	607
456	612
456	626
456	923
457	521
457	567
457	691
457	753
457	824
457	831
457	949
457	991
458	513
458	571
458	690
458	723
458	781
458	825
458	926
459	524
459	684
459	814
459	824
459	920
459	965
460	478
460	542
460	639
460	854
460	881
461	513
461	559
461	564
461	592
461	815
461	917
461	918
461	999
462	509
462	686
462	743
462	798
462	987
463	474
463	717
463	762
463	768
463	790
463	1963
464	469
464	512
464	845
464	853
464	915
464	940
465	554
465	571
465	818
465	940
465	961
465	967
466	828
466	852
466	901
466	979
466	1252
467	649
467	691
467	718
468	581
468	583
468	592
468	720
468	769
468	953
468	988
469	496
469	614
469	616
469	635
469	750
469	1737
470	567
470	630
470	680
470	724
470	793
470	856
470	921
470	933
470	987
471	708
471	741
471	925
472	682
472	807
472	959
473	492
473	963
474	516
474	875
475	484
475	485
475	494
475	503
475	806
475	835
475	920
475	969
475	1690
476	731
476	755
477	695
477	752
477	826
478	525
478	550
478	851
478	879
478	922
478	982
479	480
479	663
479	791
479	907
480	523
480	554
480	652
480	867
480	870
480	953
481	579
481	739
481	762
481	854
481	890
481	987
482	488
482	542
482	627
482	812
482	923
482	965
483	672
483	676
483	702
483	769
483	888
483	1224
484	491
484	496
484	545
484	558
484	615
484	794
484	939
484	944
484	950
484	954
484	967
484	999
485	658
485	733
485	773
486	587
486	731
486	793
486	825
486	963
486	1905
487	633
487	745
487	855
488	553
488	608
488	647
488	813
488	847
488	968
489	608
489	655
489	815
489	939
490	518
490	520
490	550
490	553
490	718
490	733
490	870
491	728
491	761
492	651
492	652
492	735
492	886
492	891
493	505
493	568
493	589
493	601
493	739
493	907
493	933
493	940
494	530
494	570
494	701
494	721
494	752
495	677
495	715
495	998
496	663
496	684
496	745
496	758
497	615
497	697
497	712
497	950
497	989
498	575
498	657
498	674
498	830
498	907
498	1823
499	604
499	788
499	820
499	922
500	507
500	527
500	565
500	579
500	620
500	623
500	657
500	746
500	762
500	862
500	876
501	653
501	659
501	662
501	710
501	748
501	917
501	947
502	650
502	652
502	837
502	850
502	934
502	969
503	540
503	556
503	721
503	797
503	860
504	580
504	964
505	522
505	784
505	836
505	995
506	576
506	592
506	694
506	764
506	926
507	534
507	550
507	745
507	849
507	968
508	559
508	746
509	555
509	565
509	656
509	669
509	678
509	688
509	932
509	981
510	579
510	692
510	735
510	825
510	854
510	869
510	886
511	578
511	735
511	832
511	973
512	582
512	721
512	723
512	730
512	902
512	937
512	982
513	523
513	595
513	839
513	858
513	910
513	969
513	980
514	523
514	930
515	566
515	620
515	638
515	738
516	520
516	569
516	582
516	605
516	716
516	775
516	949
517	655
517	742
517	864
518	634
518	745
518	907
518	957
518	979
519	835
520	557
520	601
520	715
521	624
521	703
521	717
521	733
521	765
521	775
521	811
521	824
521	825
521	899
521	938
521	962
522	589
522	618
522	643
522	853
522	860
522	863
522	951
523	637
524	691
524	757
524	811
524	838
524	951
525	730
525	900
525	919
526	730
526	810
526	832
527	591
527	660
527	786
527	837
527	870
527	962
527	963
528	624
528	838
528	958
528	994
529	618
529	632
529	701
530	563
530	676
530	752
530	837
530	880
530	961
530	1492
531	538
531	549
531	578
531	706
531	873
531	884
531	894
532	806
532	815
532	916
532	970
533	998
534	584
534	668
534	849
534	861
535	634
535	664
535	786
535	818
535	864
535	919
535	987
536	570
536	840
536	846
536	941
536	1781
537	660
537	898
538	692
538	807
538	874
538	1465
539	932
540	543
540	816
540	854
540	939
540	971
541	682
541	765
541	791
541	824
541	931
542	617
542	670
542	738
542	973
543	608
543	715
544	670
544	902
545	554
545	693
545	955
545	999
546	563
546	630
546	632
546	642
546	682
546	687
546	926
547	772
547	881
547	904
547	957
547	984
548	711
548	764
548	848
548	948
549	584
549	946
549	948
550	771
550	950
551	756
551	861
551	962
552	571
552	708
553	570
553	610
553	810
553	995
554	569
554	747
554	950
554	970
554	992
555	647
555	712
555	850
556	738
557	618
557	630
557	766
558	569
558	582
558	827
558	928
558	955
558	982
559	713
559	773
559	922
559	1134
560	714
560	778
560	824
560	846
561	656
561	708
561	776
561	895
561	913
561	980
561	985
561	996
561	1462
562	795
562	803
562	844
562	901
562	912
562	1765
563	591
563	730
563	751
563	822
563	842
564	634
564	689
564	916
564	947
565	595
565	630
565	845
565	884
565	910
565	970
566	652
566	857
566	929
566	986
567	575
567	670
567	763
567	803
567	816
567	886
567	957
569	811
569	889
570	603
570	687
570	731
570	738
570	833
570	928
571	789
571	790
571	934
572	618
572	703
572	774
572	963
573	609
573	610
573	750
573	802
573	988
574	575
574	702
574	895
575	628
575	701
576	739
576	786
576	843
576	953
576	956
577	630
577	797
577	910
578	671
578	687
578	701
578	875
578	900
578	965
579	724
579	818
579	837
579	916
579	923
580	622
580	658
580	793
580	838
581	620
581	685
581	748
582	755
582	954
582	984
583	649
583	658
583	702
583	726
583	732
583	907
583	944
584	616
584	857
584	861
584	867
584	885
584	915
584	919
584	961
584	986
584	993
585	623
585	683
585	845
585	955
585	976
586	916
587	631
587	759
587	888
587	994
588	851
588	863
588	964
588	968
589	673
589	752
589	958
589	999
590	781
591	635
591	661
591	907
591	991
592	953
592	996
593	639
593	658
593	708
593	840
593	912
593	993
594	715
594	760
594	785
595	615
595	618
595	670
595	709
595	786
595	861
595	879
595	944
596	605
596	656
596	745
596	782
596	857
597	721
597	804
597	842
597	860
597	895
598	764
598	864
598	966
599	680
599	756
599	764
599	804
599	878
600	669
600	863
600	877
601	650
601	963
601	968
601	972
602	781
602	829
602	845
602	868
602	894
602	952
603	711
603	901
604	662
604	750
604	760
604	844
605	612
605	671
605	682
605	793
605	824
605	874
605	951
606	664
606	779
606	844
606	979
607	716
607	757
607	768
607	951
608	753
608	765
608	844
608	852
608	862
608	892
608	944
608	978
609	632
609	655
609	695
609	705
609	722
609	814
609	942
609	964
610	618
611	656
611	917
612	620
612	626
612	792
612	910
613	617
613	679
613	758
614	668
614	690
614	712
614	832
614	958
614	972
614	986
615	761
616	664
616	690
616	768
616	893
616	899
617	782
617	889
617	901
618	649
618	678
618	733
618	836
618	926
619	756
619	811
619	988
620	670
620	698
620	728
620	819
620	938
620	955
621	624
621	643
621	650
622	656
622	686
622	747
622	857
622	960
623	630
623	776
623	909
624	943
624	964
625	720
625	743
625	809
625	882
626	724
626	795
626	922
627	697
627	940
627	1818
629	701
629	716
629	905
629	975
629	997
630	728
632	709
632	906
632	943
632	956
633	738
633	771
633	838
633	918
634	653
634	701
634	854
634	876
634	900
634	992
635	648
635	705
635	764
636	699
636	723
636	796
637	700
637	730
637	739
637	772
637	778
637	899
638	677
638	717
638	721
638	795
638	851
639	916
639	923
639	988
639	1889
640	912
640	995
641	646
641	758
641	759
641	810
641	914
641	919
642	648
643	663
643	706
643	792
643	797
643	886
643	936
643	970
643	977
644	667
644	749
644	788
645	651
645	741
645	767
645	827
646	815
646	884
646	887
646	988
647	954
647	965
648	885
648	983
648	986
649	720
649	815
650	686
650	763
650	796
650	929
651	777
652	867
652	929
652	984
653	690
653	731
653	826
653	890
653	943
653	949
654	811
654	877
654	980
655	765
655	781
655	833
655	873
656	673
656	690
656	695
656	718
656	724
656	923
656	947
656	988
657	660
657	668
657	711
657	827
657	828
657	893
657	909
658	739
658	892
658	898
659	673
659	744
659	771
659	908
660	832
660	845
661	909
663	695
663	716
663	787
663	821
663	973
664	950
664	982
664	999
665	669
665	677
665	712
665	725
666	853
666	914
666	995
667	786
667	939
668	704
668	855
668	877
669	817
669	885
669	898
670	673
670	917
671	684
671	735
671	790
671	799
671	833
671	838
671	925
672	713
672	736
672	751
672	763
672	963
673	736
673	742
673	813
673	828
673	1873
674	704
674	763
674	833
674	847
675	879
675	922
675	983
676	710
676	765
676	796
676	858
676	873
676	888
678	785
678	865
678	906
678	924
678	955
679	802
679	867
680	767
680	925
681	705
681	754
681	756
681	799
681	940
681	952
682	805
682	829
682	907
682	949
683	755
683	805
683	865
683	945
684	714
684	814
684	887
684	1389
685	804
685	816
686	737
686	784
687	770
687	820
687	848
688	691
688	784
688	796
688	818
688	865
688	887
688	929
688	968
689	973
690	692
690	782
690	801
690	877
691	899
692	838
693	803
694	770
694	794
694	818
695	736
695	922
695	958
696	747
696	753
696	772
696	778
696	781
696	881
697	807
697	850
697	918
698	751
698	793
698	819
698	833
699	852
700	860
700	862
701	750
702	790
702	846
702	897
702	992
703	928
703	958
703	992
704	713
704	885
704	924
704	945
705	837
705	987
706	720
706	890
707	732
707	830
707	991
708	856
708	924
708	980
709	712
709	940
709	983
710	856
710	943
711	750
711	867
712	801
712	868
712	910
712	933
712	1120
713	764
713	959
715	925
716	797
716	802
716	843
716	907
717	772
717	786
718	900
719	776
719	809
719	865
720	782
720	795
720	878
720	892
720	903
720	910
720	969
721	758
721	856
722	919
723	806
723	933
724	734
724	752
724	795
724	806
724	807
724	879
724	918
724	923
724	1005
725	749
725	764
725	928
725	979
726	792
726	816
726	818
727	806
727	871
728	764
728	872
729	913
729	939
729	945
729	1125
730	766
730	774
730	902
731	787
731	987
731	1321
731	1736
732	784
732	827
732	859
732	880
732	924
732	940
732	989
733	797
733	846
733	891
733	943
734	885
734	888
736	938
736	953
737	831
737	838
739	766
739	847
740	786
740	911
740	943
740	955
740	993
741	771
741	863
741	896
741	937
741	956
742	784
742	924
744	912
744	924
745	779
745	936
745	994
747	879
747	920
747	925
748	852
748	900
749	993
750	913
750	956
751	868
752	807
752	834
752	918
753	869
753	942
754	824
754	928
754	951
754	976
755	900
755	983
756	830
756	886
757	803
757	838
757	883
757	995
758	883
758	933
759	803
761	870
761	953
762	776
762	959
762	977
763	784
763	821
764	801
764	867
764	939
764	966
765	903
765	915
765	923
766	803
766	881
766	927
767	780
767	836
768	771
768	816
771	791
771	848
771	959
772	837
772	864
772	899
772	939
772	980
773	868
773	871
773	978
773	1532
775	1720
776	820
776	832
776	915
778	913
779	799
779	807
779	844
779	992
780	832
780	878
780	888
780	913
780	974
782	873
782	953
782	991
783	865
783	894
783	964
783	987
783	1627
784	811
784	899
784	906
784	997
785	797
785	816
785	1584
786	1860
787	893
787	902
787	955
788	798
788	857
789	886
789	959
790	837
791	800
792	950
792	1118
793	880
793	951
794	809
794	819
794	863
794	950
796	815
796	971
796	978
798	943
798	966
798	972
798	998
799	911
800	897
800	929
801	918
801	959
801	972
802	888
803	995
805	948
806	862
806	932
806	946
806	959
807	850
807	925
807	1221
808	841
809	813
809	819
809	918
810	889
811	838
811	861
812	1655
813	850
813	948
813	950
813	957
813	974
814	823
814	855
814	906
814	994
815	823
815	905
816	834
816	896
816	1690
817	862
817	886
819	855
819	884
820	824
820	927
820	931
821	968
822	840
822	921
822	973
823	828
823	845
824	959
824	978
824	989
825	891
826	912
826	932
827	842
827	1074
828	907
828	963
828	987
829	1509
831	872
831	960
831	980
833	859
834	997
835	838
835	980
837	890
837	951
838	959
838	995
839	898
839	912
840	877
840	907
840	992
841	901
841	911
842	912
842	924
843	873
843	894
844	846
844	862
844	871
844	958
844	983
844	1361
845	963
846	896
846	968
847	921
848	939
848	999
849	858
849	895
849	986
850	932
852	877
852	946
856	935
856	1422
857	903
858	923
860	890
860	931
860	987
861	876
861	897
862	867
862	872
862	917
864	867
864	981
865	918
866	876
867	958
867	967
867	990
868	881
869	940
870	983
870	1747
871	955
871	989
872	920
873	922
873	931
873	1526
874	959
874	1503
875	1028
877	939
878	888
881	887
881	950
881	994
882	887
884	942
884	987
886	906
887	910
887	959
888	975
889	949
890	909
890	935
890	949
891	909
891	950
892	1925
893	921
894	983
895	963
896	938
896	962
896	964
900	970
900	993
901	964
902	928
904	921
905	911
906	961
908	977
909	981
910	997
911	913
911	987
912	915
912	926
912	954
912	957
913	925
913	942
914	935
918	937
920	938
923	935
924	949
926	971
926	1628
927	1863
928	970
930	991
931	990
932	939
932	959
932	994
933	986
934	949
935	991
938	1418
942	971
945	999
953	975
954	995
955	976
962	964
964	1906
965	979
966	1965
967	980
967	981
969	971
973	976
978	1490
990	992
991	1523
1000	1111
1000	1356
1000	1595
1000	1630
1000	1727
1000	1945
1001	1112
1001	1150
1001	1253
1001	1523
1001	1535
1001	1760
1001	1798
1001	1809
1001	1900
1001	1937
1001	1960
1001	1970
1002	1041
1002	1054
1002	1190
1002	1241
1002	1293
1002	1349
1002	1394
1002	1400
1002	1406
1002	1436
1002	1547
1002	1605
1002	1610
1002	1634
1002	1678
1002	1684
1002	1879
1002	1906
1003	1102
1003	1216
1003	1338
1003	1346
1003	1431
1003	1517
1003	1602
1003	1644
1003	1659
1003	1736
1003	1924
1003	1946
1004	1553
1004	1654
1004	1762
1004	1856
1004	1913
1005	1033
1005	1080
1005	1173
1005	1178
1005	1240
1005	1269
1005	1316
1005	1389
1005	1443
1005	1489
1005	1667
1005	1720
1005	1787
1006	1072
1006	1075
1006	1123
1006	1228
1006	1402
1006	1443
1006	1538
1006	1621
1006	1795
1006	1857
1006	1942
1006	1992
1007	1030
1007	1349
1007	1490
1007	1621
1007	1637
1007	1652
1007	1719
1007	1752
1007	1781
1007	1891
1007	1917
1008	1033
1008	1064
1008	1085
1008	1143
1008	1258
1008	1284
1008	1345
1008	1446
1008	1454
1008	1601
1008	1796
1008	1951
1009	1069
1009	1081
1009	1163
1009	1265
1009	1340
1009	1414
1009	1428
1009	1495
1009	1506
1009	1641
1009	1659
1009	1956
1010	1015
1010	1079
1010	1286
1010	1642
1010	1817
1010	1952
1011	1123
1011	1187
1011	1322
1011	1370
1011	1399
1011	1429
1011	1688
1011	1741
1011	1822
1011	1881
1011	1923
1011	1928
1012	1127
1012	1144
1012	1177
1012	1278
1012	1279
1012	1447
1012	1589
1012	1636
1012	1707
1012	1752
1012	1847
1012	1857
1013	1168
1013	1191
1013	1416
1013	1450
1013	1530
1013	1659
1013	1712
1013	1983
1013	1997
1014	1150
1014	1217
1014	1227
1014	1386
1014	1440
1014	1487
1014	1491
1014	1498
1014	1608
1014	1701
1014	1751
1014	1757
1014	1939
1014	1994
1015	1087
1015	1096
1015	1412
1015	1454
1015	1464
1015	1480
1015	1517
1015	1608
1015	1662
1015	1719
1015	1814
1016	1028
1016	1223
1016	1281
1016	1515
1016	1544
1016	1627
1016	1717
1016	1836
1016	1872
1016	1937
1017	1223
1017	1235
1017	1345
1017	1517
1017	1571
1017	1645
1017	1798
1017	1822
1017	1980
1018	1023
1018	1051
1018	1077
1018	1173
1018	1214
1018	1467
1018	1513
1018	1516
1018	1562
1018	1632
1018	1633
1018	1686
1018	1822
1018	1844
1018	1886
1018	1959
1019	1194
1019	1292
1019	1376
1019	1450
1019	1823
1019	1902
1019	1910
1020	1304
1020	1332
1020	1429
1020	1724
1020	1780
1020	1823
1020	1860
1020	1903
1020	1968
1021	1195
1021	1252
1021	1285
1021	1399
1021	1581
1021	1598
1021	1677
1021	1700
1021	1785
1021	1831
1021	1875
1021	1938
1022	1040
1022	1256
1022	1329
1022	1349
1022	1444
1022	1492
1022	1599
1022	1632
1022	1646
1022	1836
1023	1591
1023	1647
1023	1757
1023	1826
1023	1830
1023	1879
1023	1957
1024	1048
1024	1194
1024	1281
1024	1364
1024	1384
1024	1506
1024	1746
1024	1777
1024	1969
1025	1030
1025	1093
1025	1162
1025	1263
1025	1332
1025	1522
1025	1602
1025	1611
1025	1755
1025	1913
1026	1125
1026	1129
1026	1235
1026	1386
1026	1534
1026	1546
1026	1566
1026	1588
1026	1645
1026	1659
1026	1662
1026	1668
1026	1697
1026	1707
1026	1750
1026	1791
1026	1839
1027	1110
1027	1115
1027	1138
1027	1181
1027	1455
1027	1582
1027	1606
1027	1626
1027	1724
1027	1763
1027	1858
1028	1101
1028	1113
1028	1115
1028	1168
1028	1178
1028	1210
1028	1356
1028	1455
1028	1746
1028	1751
1028	1951
1029	1089
1029	1093
1029	1245
1029	1302
1029	1329
1029	1511
1029	1600
1029	1619
1029	1622
1029	1646
1029	1859
1029	1869
1029	1940
1030	1232
1030	1270
1030	1273
1030	1322
1030	1390
1030	1506
1030	1607
1030	1855
1030	1916
1031	1150
1031	1468
1031	1784
1031	1843
1032	1324
1032	1435
1032	1622
1032	1625
1032	1682
1032	1846
1032	1939
1032	1949
1033	1168
1033	1209
1033	1305
1033	1383
1033	1441
1033	1456
1033	1566
1033	1613
1033	1691
1033	1983
1034	1273
1034	1291
1034	1294
1034	1384
1034	1591
1034	1790
1034	1859
1034	1865
1034	1908
1034	1922
1035	1045
1035	1065
1035	1086
1035	1159
1035	1475
1035	1491
1035	1495
1035	1971
1036	1069
1036	1226
1036	1237
1036	1328
1036	1404
1036	1414
1036	1572
1036	1592
1036	1629
1036	1765
1036	1794
1036	1838
1037	1052
1037	1350
1037	1397
1037	1439
1037	1538
1037	1560
1037	1581
1037	1594
1037	1718
1037	1739
1037	1748
1037	1869
1037	1941
1038	1101
1038	1125
1038	1175
1038	1266
1038	1295
1038	1337
1038	1364
1038	1445
1038	1620
1038	1699
1038	1764
1039	1131
1039	1338
1039	1551
1039	1711
1039	1721
1039	1729
1039	1751
1039	1755
1039	1803
1039	1857
1039	1931
1039	1983
1040	1139
1040	1418
1040	1630
1040	1695
1040	1786
1040	1871
1041	1082
1041	1204
1041	1242
1041	1287
1041	1327
1041	1435
1041	1444
1041	1529
1041	1565
1041	1596
1041	1786
1041	1795
1041	1799
1041	1892
1042	1059
1042	1067
1042	1090
1042	1131
1042	1137
1042	1152
1042	1168
1042	1190
1042	1193
1042	1198
1042	1463
1042	1496
1042	1533
1042	1582
1042	1815
1042	1816
1042	1823
1042	1892
1042	1916
1043	1110
1043	1450
1043	1560
1043	1592
1043	1642
1044	1118
1044	1165
1044	1297
1044	1361
1044	1365
1044	1433
1044	1452
1044	1454
1044	1473
1044	1521
1044	1601
1044	1651
1044	1783
1044	1794
1044	1849
1044	1850
1044	1862
1045	1188
1045	1346
1045	1365
1045	1437
1045	1468
1045	1524
1045	1551
1045	1668
1045	1946
1046	1098
1046	1261
1046	1378
1046	1523
1047	1058
1047	1072
1047	1110
1047	1120
1047	1260
1047	1419
1047	1454
1047	1515
1047	1733
1047	1811
1047	1870
1047	1953
1048	1111
1048	1440
1048	1446
1048	1483
1048	1556
1048	1754
1048	1961
1049	1160
1049	1177
1049	1255
1049	1293
1049	1394
1049	1500
1049	1636
1049	1656
1049	1850
1049	1910
1049	1947
1050	1090
1050	1345
1050	1455
1050	1496
1050	1570
1050	1845
1050	1964
1050	1990
1051	1227
1051	1375
1051	1420
1051	1463
1051	1575
1051	1588
1051	1616
1051	1646
1051	1728
1051	1746
1052	1139
1052	1155
1052	1207
1052	1368
1052	1412
1052	1443
1052	1761
1052	1785
1052	1796
1052	1877
1052	1908
1052	1936
1053	1294
1053	1495
1053	1501
1053	1550
1053	1562
1053	1565
1053	1598
1053	1630
1053	1683
1054	1112
1054	1198
1054	1337
1054	1357
1054	1366
1054	1438
1054	1497
1054	1877
1054	1896
1054	1930
1055	1136
1055	1256
1055	1299
1055	1390
1055	1431
1055	1507
1055	1990
1056	1064
1056	1100
1056	1208
1056	1236
1056	1247
1056	1412
1056	1418
1056	1492
1056	1565
1056	1682
1056	1801
1056	1846
1056	1999
1057	1255
1057	1379
1057	1494
1057	1534
1057	1540
1057	1566
1057	1888
1058	1084
1058	1148
1058	1267
1058	1364
1058	1411
1058	1455
1058	1638
1058	1665
1058	1738
1058	1792
1058	1814
1058	1821
1058	1831
1058	1936
1059	1214
1059	1320
1059	1381
1059	1755
1059	1802
1059	1805
1059	1812
1059	1834
1059	1887
1060	1081
1060	1198
1060	1299
1060	1352
1060	1403
1060	1406
1060	1712
1060	1737
1060	1773
1060	1843
1060	1882
1060	1908
1060	1951
1060	1992
1061	1376
1061	1379
1061	1380
1061	1484
1061	1559
1061	1694
1061	1784
1061	1876
1062	1165
1062	1316
1062	1330
1062	1669
1062	1677
1062	1873
1063	1067
1063	1072
1063	1156
1063	1562
1063	1780
1063	1921
1063	1924
1064	1175
1064	1214
1064	1290
1064	1320
1064	1525
1064	1624
1064	1759
1065	1088
1065	1203
1065	1441
1065	1477
1065	1576
1065	1816
1065	1973
1066	1111
1066	1210
1066	1221
1066	1230
1066	1521
1066	1627
1066	1699
1066	1795
1067	1192
1067	1199
1067	1307
1067	1343
1067	1533
1067	1648
1067	1731
1068	1090
1068	1175
1068	1343
1068	1344
1068	1368
1068	1371
1068	1404
1068	1608
1068	1997
1069	1257
1069	1301
1069	1388
1069	1423
1069	1488
1069	1664
1069	1723
1069	1818
1069	1839
1069	1843
1070	1120
1070	1202
1070	1251
1070	1674
1070	1776
1070	1857
1070	1973
1070	1994
1071	1217
1071	1298
1071	1320
1071	1365
1071	1412
1071	1452
1071	1491
1071	1498
1071	1539
1071	1694
1071	1730
1071	1745
1071	1902
1071	1965
1072	1080
1072	1201
1072	1254
1072	1407
1072	1461
1072	1463
1072	1670
1072	1745
1073	1098
1073	1170
1073	1239
1073	1257
1073	1307
1073	1557
1073	1591
1073	1610
1073	1663
1073	1827
1074	1226
1074	1243
1074	1313
1074	1328
1074	1406
1074	1437
1074	1442
1074	1449
1074	1463
1074	1617
1074	1845
1074	1877
1074	1951
1075	1100
1075	1188
1075	1209
1075	1242
1075	1302
1075	1359
1075	1375
1075	1421
1075	1564
1075	1676
1075	1702
1075	1723
1075	1834
1076	1086
1076	1093
1076	1174
1076	1224
1076	1232
1076	1504
1076	1518
1076	1683
1076	1721
1076	1768
1076	1820
1076	1836
1076	1837
1076	1883
1076	1933
1077	1228
1077	1334
1077	1420
1077	1530
1077	1659
1077	1776
1077	1875
1077	1925
1078	1327
1078	1355
1078	1397
1078	1558
1078	1597
1078	1819
1078	1968
1079	1329
1079	1356
1079	1534
1079	1597
1079	1849
1080	1222
1080	1350
1080	1387
1080	1421
1080	1446
1080	1603
1080	1612
1080	1623
1080	1820
1080	1899
1081	1132
1081	1279
1081	1447
1081	1524
1081	1617
1081	1638
1081	1729
1082	1247
1082	1266
1082	1430
1082	1435
1082	1475
1082	1594
1082	1734
1083	1084
1083	1183
1083	1462
1083	1491
1083	1680
1083	1881
1083	1970
1084	1154
1084	1264
1084	1275
1084	1300
1084	1355
1084	1452
1084	1546
1084	1924
1085	1093
1085	1135
1085	1247
1085	1299
1085	1306
1085	1389
1085	1450
1085	1492
1085	1598
1085	1730
1085	1865
1085	1917
1085	1986
1086	1087
1086	1134
1086	1252
1086	1435
1086	1479
1086	1495
1086	1535
1086	1691
1086	1883
1086	1923
1087	1293
1087	1488
1087	1522
1087	1536
1087	1829
1087	1833
1087	1870
1087	1877
1088	1417
1088	1479
1088	1719
1088	1765
1088	1782
1088	1936
1089	1251
1089	1306
1089	1497
1089	1764
1089	1784
1089	1829
1090	1192
1090	1195
1090	1232
1090	1288
1090	1496
1090	1724
1090	1746
1090	1771
1090	1829
1090	1872
1090	1898
1090	1929
1091	1096
1091	1388
1091	1628
1091	1889
1091	1919
1092	1175
1092	1216
1092	1343
1092	1385
1092	1474
1092	1608
1092	1749
1092	1939
1093	1272
1093	1481
1093	1549
1093	1557
1094	1246
1094	1394
1094	1397
1094	1464
1094	1471
1094	1482
1094	1589
1094	1596
1094	1914
1095	1477
1095	1683
1095	1864
1095	1942
1096	1197
1096	1280
1096	1295
1096	1441
1096	1484
1096	1693
1096	1749
1096	1766
1096	1833
1096	1913
1096	1941
1097	1148
1097	1261
1097	1289
1097	1351
1097	1995
1098	1551
1099	1118
1099	1225
1099	1321
1099	1699
1099	1778
1099	1810
1099	1986
1100	1134
1100	1291
1100	1318
1100	1432
1100	1508
1100	1574
1100	1580
1100	1760
1100	1789
1101	1331
1101	1370
1101	1437
1101	1456
1101	1575
1101	1613
1101	1693
1101	1972
1101	1997
1102	1131
1102	1168
1102	1196
1102	1460
1102	1620
1102	1632
1102	1768
1102	1794
1102	1839
1102	1861
1102	1876
1102	1958
1102	1988
1103	1149
1103	1176
1103	1197
1103	1229
1103	1272
1103	1297
1103	1301
1103	1439
1103	1596
1103	1617
1103	1876
1104	1154
1104	1237
1104	1410
1104	1496
1104	1520
1104	1757
1105	1160
1105	1295
1105	1350
1105	1426
1105	1466
1105	1770
1105	1906
1105	1965
1106	1118
1106	1121
1106	1163
1106	1494
1106	1602
1106	1695
1106	1819
1106	1871
1107	1201
1107	1286
1107	1393
1107	1396
1107	1455
1107	1498
1107	1762
1107	1788
1107	1805
1107	1931
1107	1944
1107	1973
1108	1176
1108	1244
1108	1492
1108	1505
1108	1510
1108	1620
1108	1661
1108	1698
1108	1738
1108	1828
1108	1847
1108	1870
1108	1990
1109	1192
1109	1431
1109	1505
1109	1566
1109	1634
1109	1648
1109	1685
1110	1182
1110	1312
1110	1532
1110	1897
1110	1932
1111	1180
1111	1211
1111	1254
1111	1392
1111	1422
1111	1482
1111	1963
1111	1972
1112	1318
1112	1384
1112	1463
1112	1479
1112	1536
1112	1629
1112	1641
1112	1705
1112	1941
1112	1963
1113	1315
1113	1549
1113	1563
1113	1687
1114	1318
1114	1367
1114	1479
1114	1585
1114	1698
1115	1224
1115	1322
1115	1330
1115	1348
1115	1362
1115	1385
1115	1506
1115	1761
1115	1770
1115	1796
1116	1194
1116	1211
1116	1256
1116	1350
1116	1468
1116	1477
1116	1608
1116	1691
1116	1748
1116	1773
1116	1788
1116	1818
1116	1834
1116	1964
1117	1147
1117	1150
1117	1325
1117	1391
1117	1418
1117	1430
1117	1432
1117	1475
1117	1609
1117	1625
1117	1663
1117	1673
1117	1679
1117	1849
1117	1856
1117	1918
1117	1967
1118	1255
1118	1337
1118	1393
1118	1543
1118	1590
1118	1631
1118	1835
1118	1862
1118	1913
1119	1134
1119	1246
1119	1418
1119	1482
1119	1556
1119	1623
1119	1887
1119	1891
1119	1935
1119	1996
1120	1196
1120	1344
1120	1532
1120	1807
1120	1850
1120	1963
1121	1145
1121	1199
1121	1359
1121	1508
1121	1608
1121	1703
1121	1706
1121	1725
1121	1771
1122	1709
1122	1711
1122	1819
1122	1868
1122	1960
1122	1973
1123	1458
1123	1466
1123	1493
1123	1769
1123	1838
1123	1876
1124	1214
1124	1460
1124	1537
1124	1544
1124	1662
1124	1843
1124	1936
1125	1408
1125	1577
1125	1683
1125	1776
1125	1868
1125	1909
1125	1950
1126	1251
1126	1408
1126	1492
1126	1540
1126	1555
1126	1702
1126	1728
1126	1764
1126	1846
1126	1969
1127	1367
1127	1451
1127	1561
1127	1633
1127	1688
1127	1697
1127	1722
1127	1725
1127	1867
1127	1881
1128	1137
1128	1186
1128	1566
1128	1830
1129	1261
1129	1411
1129	1416
1129	1655
1129	1751
1129	1779
1129	1818
1129	1887
1129	1940
1130	1387
1130	1389
1130	1478
1130	1510
1130	1526
1130	1708
1130	1787
1130	1836
1131	1719
1131	1925
1132	1181
1132	1241
1132	1271
1132	1288
1132	1622
1132	1699
1132	1730
1132	1790
1133	1217
1133	1237
1133	1408
1133	1441
1133	1545
1133	1723
1133	1794
1134	1294
1134	1375
1134	1494
1134	1611
1134	1612
1134	1654
1134	1670
1134	1791
1134	1912
1134	1917
1134	1959
1134	1998
1135	1162
1135	1174
1135	1236
1135	1294
1135	1302
1135	1378
1135	1395
1135	1486
1135	1622
1135	1644
1135	1645
1135	1818
1136	1154
1136	1190
1136	1284
1136	1295
1136	1447
1136	1629
1136	1640
1136	1712
1136	1803
1137	1442
1137	1793
1137	1920
1137	1999
1138	1223
1138	1482
1138	1489
1138	1648
1138	1795
1138	1821
1138	1918
1139	1151
1139	1222
1139	1233
1139	1586
1139	1688
1139	1775
1139	1852
1139	1991
1140	1210
1140	1225
1140	1345
1140	1397
1140	1416
1140	1484
1140	1601
1140	1663
1140	1740
1140	1898
1140	1931
1140	1983
1141	1639
1141	1646
1141	1753
1141	1778
1141	1873
1141	1964
1142	1204
1142	1225
1142	1401
1142	1473
1142	1492
1142	1644
1142	1717
1142	1740
1142	1819
1142	1847
1142	1956
1143	1423
1143	1473
1143	1546
1143	1553
1143	1604
1143	1615
1143	1655
1143	1681
1143	1841
1143	1868
1144	1175
1144	1186
1144	1352
1144	1644
1144	1910
1145	1580
1145	1608
1146	1229
1146	1277
1146	1792
1146	1829
1146	1855
1147	1256
1147	1274
1147	1283
1147	1299
1147	1416
1147	1442
1147	1583
1147	1619
1147	1657
1147	1706
1147	1718
1147	1950
1147	1961
1148	1377
1148	1391
1148	1404
1148	1411
1148	1429
1148	1521
1148	1946
1149	1222
1149	1297
1149	1618
1149	1740
1150	1213
1150	1342
1150	1500
1150	1555
1150	1648
1150	1741
1150	1874
1151	1170
1151	1200
1151	1260
1151	1323
1151	1443
1151	1514
1151	1573
1151	1619
1151	1712
1151	1793
1151	1892
1151	1949
1152	1301
1152	1426
1152	1605
1152	1649
1152	1718
1152	1732
1152	1746
1152	1922
1152	1949
1152	1980
1153	1170
1153	1283
1153	1436
1153	1535
1153	1557
1153	1656
1153	1711
1154	1170
1154	1220
1154	1399
1154	1448
1154	1886
1154	1962
1155	1273
1155	1299
1155	1395
1155	1504
1155	1513
1155	1715
1155	1898
1155	1903
1155	1957
1156	1313
1156	1324
1156	1551
1156	1581
1156	1678
1156	1796
1156	1817
1156	1871
1156	1970
1157	1229
1157	1265
1157	1266
1157	1389
1157	1426
1157	1509
1157	1558
1157	1602
1157	1611
1157	1688
1157	1828
1158	1306
1158	1365
1158	1765
1158	1793
1158	1905
1158	1959
1159	1191
1159	1248
1159	1407
1159	1534
1159	1576
1159	1650
1159	1796
1159	1930
1159	1944
1160	1198
1160	1304
1160	1418
1160	1469
1160	1541
1160	1660
1160	1918
1161	1368
1161	1401
1161	1488
1161	1543
1161	1700
1161	1770
1161	1867
1161	1971
1162	1175
1162	1177
1162	1255
1162	1449
1162	1540
1162	1659
1162	1673
1162	1729
1162	1743
1162	1769
1162	1798
1163	1255
1163	1453
1163	1462
1163	1483
1163	1595
1163	1758
1163	1872
1164	1293
1164	1375
1164	1560
1164	1672
1164	1734
1164	1901
1164	1946
1164	1970
1164	1983
1165	1188
1165	1337
1165	1445
1165	1508
1165	1649
1165	1784
1165	1825
1165	1877
1165	1885
1166	1187
1166	1218
1166	1321
1166	1427
1166	1499
1166	1524
1166	1751
1166	1772
1166	1810
1166	1854
1166	1893
1167	1181
1167	1216
1167	1299
1167	1509
1167	1516
1167	1847
1167	1906
1167	1989
1168	1284
1168	1362
1168	1410
1168	1645
1168	1718
1168	1841
1168	1853
1168	1954
1168	1981
1169	1285
1169	1289
1169	1330
1169	1419
1169	1547
1169	1683
1169	1695
1169	1756
1169	1837
1169	1978
1170	1182
1170	1211
1170	1272
1170	1350
1170	1364
1170	1405
1170	1477
1170	1489
1170	1547
1170	1577
1170	1674
1170	1719
1170	1746
1170	1934
1170	1951
1170	1981
1171	1387
1171	1722
1172	1378
1172	1577
1172	1588
1172	1759
1172	1803
1172	1805
1172	1828
1172	1848
1172	1889
1172	1913
1173	1313
1173	1337
1173	1459
1173	1475
1173	1495
1173	1509
1173	1639
1173	1765
1173	1777
1173	1882
1173	1934
1174	1187
1174	1457
1174	1499
1174	1547
1174	1749
1174	1821
1174	1947
1175	1231
1175	1419
1175	1441
1175	1464
1175	1534
1175	1660
1175	1676
1175	1727
1175	1869
1175	1894
1176	1192
1176	1342
1176	1522
1176	1568
1176	1639
1176	1640
1176	1647
1176	1726
1176	1871
1177	1232
1177	1280
1177	1500
1177	1744
1177	1858
1178	1193
1178	1738
1178	1740
1178	1783
1178	1829
1178	1866
1178	1867
1179	1190
1179	1218
1179	1386
1179	1397
1179	1834
1180	1195
1180	1272
1180	1578
1180	1820
1180	1832
1180	1852
1180	1942
1181	1384
1181	1423
1181	1473
1181	1521
1181	1558
1181	1781
1181	1947
1181	1958
1182	1193
1182	1271
1182	1285
1182	1352
1182	1357
1182	1410
1182	1515
1182	1650
1182	1978
1182	1995
1183	1222
1183	1329
1183	1521
1183	1693
1183	1826
1183	1866
1183	1904
1184	1235
1184	1352
1184	1640
1184	1654
1184	1676
1184	1829
1184	1888
1185	1215
1185	1217
1185	1229
1185	1375
1185	1387
1185	1446
1185	1471
1185	1555
1185	1572
1185	1661
1185	1790
1185	1802
1186	1240
1186	1547
1186	1572
1186	1639
1186	1854
1186	1862
1186	1868
1186	1959
1187	1274
1187	1279
1187	1410
1187	1446
1187	1550
1187	1551
1187	1555
1187	1732
1187	1931
1187	1944
1187	1992
1187	1993
1188	1295
1188	1463
1188	1535
1188	1698
1188	1754
1188	1819
1188	1928
1188	1943
1189	1261
1189	1353
1189	1423
1189	1516
1189	1529
1189	1601
1189	1656
1189	1727
1189	1828
1189	1885
1189	1944
1189	1978
1190	1287
1190	1324
1190	1428
1190	1660
1190	1675
1190	1904
1190	1970
1191	1242
1191	1250
1191	1276
1191	1344
1191	1494
1191	1501
1191	1516
1191	1564
1191	1700
1191	1907
1191	1948
1192	1498
1192	1501
1192	1626
1192	1896
1192	1943
1192	1952
1192	1962
1192	1994
1193	1279
1193	1379
1193	1383
1193	1432
1193	1592
1193	1869
1193	1921
1194	1251
1194	1256
1194	1271
1194	1298
1194	1306
1194	1517
1194	1550
1194	1856
1194	1986
1195	1216
1195	1283
1195	1301
1195	1400
1195	1408
1195	1428
1195	1503
1195	1526
1195	1548
1195	1576
1195	1743
1195	1878
1196	1387
1196	1420
1196	1500
1196	1816
1196	1828
1196	1849
1197	1198
1197	1276
1197	1384
1197	1386
1197	1563
1197	1613
1197	1639
1197	1646
1197	1762
1197	1767
1197	1851
1197	1863
1197	1920
1198	1342
1198	1375
1198	1403
1198	1447
1198	1538
1198	1543
1198	1620
1198	1626
1198	1655
1198	1666
1198	1672
1198	1711
1198	1732
1198	1769
1198	1890
1198	1953
1198	1995
1199	1303
1199	1336
1199	1341
1199	1955
1200	1271
1200	1384
1200	1521
1200	1732
1200	1773
1200	1956
1201	1218
1201	1248
1201	1249
1201	1376
1201	1758
1201	1805
1201	1833
1201	1885
1201	1916
1201	1929
1201	1968
1202	1236
1202	1276
1202	1278
1202	1287
1202	1393
1202	1396
1202	1509
1202	1688
1202	1747
1202	1934
1203	1226
1203	1366
1203	1471
1203	1550
1203	1628
1203	1735
1203	1776
1203	1862
1203	1884
1203	1965
1204	1262
1204	1345
1204	1802
1205	1214
1205	1298
1205	1312
1205	1537
1205	1570
1205	1706
1205	1907
1205	1945
1206	1230
1206	1238
1206	1334
1206	1428
1206	1454
1206	1656
1206	1740
1206	1763
1206	1772
1207	1265
1207	1390
1207	1553
1207	1632
1207	1638
1207	1906
1207	1915
1208	1263
1208	1445
1208	1558
1208	1807
1208	1896
1208	1982
1209	1213
1209	1226
1209	1237
1209	1407
1209	1566
1209	1780
1209	1989
1210	1341
1210	1550
1210	1660
1210	1666
1210	1819
1210	1842
1211	1247
1211	1283
1211	1318
1211	1332
1211	1360
1211	1380
1211	1428
1211	1474
1211	1670
1211	1721
1211	1841
1211	1883
1211	1922
1212	1277
1212	1561
1212	1881
1213	1427
1213	1514
1213	1533
1213	1921
1214	1416
1214	1442
1214	1489
1214	1611
1214	1795
1214	1814
1215	1258
1215	1296
1215	1361
1215	1428
1215	1430
1215	1485
1215	1506
1215	1604
1215	1611
1215	1613
1215	1656
1215	1700
1215	1783
1215	1784
1215	1963
1216	1435
1216	1445
1216	1515
1216	1691
1216	1708
1216	1728
1216	1729
1216	1730
1217	1402
1217	1446
1217	1548
1217	1801
1217	1910
1218	1316
1218	1328
1218	1500
1218	1602
1218	1716
1218	1812
1218	1892
1219	1237
1219	1280
1219	1491
1219	1515
1219	1752
1219	1849
1219	1929
1219	1930
1219	1958
1220	1227
1220	1256
1220	1538
1220	1752
1220	1889
1220	1930
1221	1296
1221	1727
1221	1920
1222	1267
1222	1269
1222	1397
1222	1406
1222	1422
1222	1548
1222	1578
1222	1584
1222	1846
1223	1270
1223	1442
1223	1511
1223	1518
1223	1535
1223	1540
1223	1579
1223	1668
1223	1712
1223	1785
1223	1939
1224	1300
1224	1322
1224	1395
1224	1428
1224	1507
1224	1540
1224	1592
1224	1632
1224	1700
1224	1772
1225	1271
1225	1446
1225	1459
1225	1522
1225	1584
1225	1647
1226	1347
1226	1434
1226	1451
1226	1498
1226	1688
1226	1893
1226	1896
1226	1945
1226	1985
1227	1418
1227	1450
1227	1464
1227	1636
1227	1637
1227	1767
1227	1864
1227	1964
1228	1256
1228	1418
1228	1623
1228	1750
1228	1786
1228	1822
1228	1831
1228	1893
1228	1910
1229	1296
1229	1364
1229	1418
1229	1574
1229	1670
1229	1677
1229	1706
1229	1746
1229	1804
1229	1962
1230	1396
1230	1511
1230	1646
1230	1657
1230	1677
1230	1758
1231	1264
1231	1266
1231	1441
1231	1469
1231	1524
1231	1700
1231	1796
1231	1819
1232	1313
1232	1587
1232	1701
1232	1832
1232	1854
1232	1870
1233	1425
1233	1441
1233	1802
1233	1970
1234	1374
1234	1447
1234	1588
1234	1661
1234	1921
1234	1976
1234	1988
1235	1246
1235	1474
1235	1668
1235	1730
1235	1837
1235	1839
1235	1888
1235	1934
1235	1978
1236	1285
1236	1533
1236	1630
1236	1727
1236	1753
1237	1415
1237	1588
1237	1719
1237	1839
1237	1944
1238	1437
1238	1580
1238	1632
1238	1687
1238	1813
1238	1822
1238	1824
1238	1827
1238	1873
1238	1889
1238	1966
1239	1248
1239	1386
1239	1433
1239	1478
1239	1513
1239	1555
1239	1624
1239	1699
1239	1864
1239	1974
1240	1255
1240	1268
1240	1284
1240	1395
1240	1448
1240	1556
1240	1894
1240	1895
1240	1936
1240	1959
1240	1987
1241	1332
1241	1475
1241	1545
1241	1629
1241	1651
1241	1674
1241	1889
1241	1921
1241	1970
1242	1474
1242	1487
1242	1502
1242	1712
1242	1846
1242	1909
1242	1975
1243	1510
1243	1536
1243	1576
1243	1695
1244	1256
1244	1332
1244	1355
1244	1535
1244	1621
1244	1708
1244	1819
1244	1825
1244	1970
1245	1601
1245	1763
1245	1782
1245	1814
1246	1357
1246	1875
1246	1985
1247	1264
1247	1277
1247	1327
1247	1331
1247	1365
1247	1407
1247	1456
1247	1482
1247	1619
1247	1630
1247	1834
1247	1886
1247	1902
1247	1927
1247	1965
1248	1436
1248	1472
1248	1806
1248	1879
1248	1906
1249	1357
1249	1408
1249	1435
1249	1712
1250	1308
1250	1371
1250	1509
1250	1838
1250	1944
1251	1406
1251	1476
1251	1494
1251	1538
1251	1564
1251	1610
1251	1727
1251	1743
1251	1915
1251	1970
1252	1330
1252	1437
1252	1471
1252	1516
1252	1603
1252	1618
1252	1621
1252	1684
1252	1746
1252	1934
1253	1344
1253	1508
1253	1533
1253	1700
1253	1920
1253	1943
1254	1300
1254	1423
1254	1437
1254	1669
1254	1706
1254	1755
1254	1868
1254	1892
1254	1896
1254	1917
1255	1316
1255	1358
1255	1499
1255	1533
1255	1534
1255	1563
1255	1577
1255	1634
1255	1767
1255	1956
1255	1968
1256	1270
1256	1467
1256	1518
1256	1643
1256	1722
1256	1890
1256	1985
1257	1488
1257	1547
1257	1651
1257	1853
1257	1872
1258	1512
1258	1637
1258	1793
1258	1924
1258	1979
1258	1982
1259	1335
1259	1391
1259	1470
1259	1525
1259	1551
1259	1587
1259	1660
1259	1697
1259	1766
1259	1969
1260	1455
1260	1464
1260	1499
1260	1610
1260	1792
1261	1287
1261	1334
1261	1387
1261	1423
1261	1555
1261	1588
1261	1734
1261	1841
1261	1873
1261	1886
1262	1397
1262	1565
1262	1595
1262	1608
1262	1658
1262	1674
1262	1764
1262	1957
1262	1976
1263	1367
1263	1413
1263	1620
1263	1661
1263	1680
1263	1728
1263	1764
1263	1778
1263	1838
1264	1304
1264	1544
1264	1757
1265	1350
1265	1471
1265	1490
1265	1589
1265	1647
1265	1660
1265	1686
1265	1727
1266	1301
1266	1358
1266	1366
1266	1555
1266	1679
1266	1707
1266	1953
1267	1311
1267	1442
1267	1470
1267	1556
1267	1897
1268	1291
1268	1325
1268	1338
1268	1439
1268	1459
1268	1479
1268	1531
1268	1532
1268	1540
1268	1552
1268	1749
1268	1984
1269	1272
1269	1306
1269	1366
1269	1409
1269	1413
1269	1414
1269	1679
1269	1848
1269	1861
1269	1964
1269	1966
1270	1467
1270	1590
1270	1613
1270	1654
1270	1685
1270	1716
1270	1776
1270	1895
1270	1987
1271	1700
1271	1744
1271	1766
1271	1803
1271	1807
1271	1909
1271	1956
1272	1384
1272	1455
1272	1620
1272	1632
1272	1711
1272	1756
1272	1818
1272	1888
1272	1902
1272	1914
1272	1933
1272	1935
1272	1984
1272	1991
1273	1292
1273	1573
1273	1660
1273	1666
1273	1800
1273	1815
1273	1848
1273	1894
1273	1975
1274	1310
1274	1436
1274	1462
1274	1533
1274	1586
1274	1746
1274	1811
1275	1320
1275	1418
1275	1460
1275	1527
1275	1536
1275	1566
1275	1592
1275	1650
1275	1662
1275	1725
1275	1893
1276	1376
1276	1546
1276	1691
1276	1890
1276	1997
1277	1400
1277	1428
1277	1500
1277	1715
1277	1739
1277	1768
1277	1928
1277	1962
1277	1982
1277	1991
1278	1304
1278	1388
1278	1467
1278	1545
1278	1592
1278	1724
1278	1761
1278	1837
1278	1953
1278	1991
1278	1993
1279	1385
1279	1461
1279	1549
1279	1629
1279	1934
1279	1986
1280	1362
1280	1434
1280	1455
1280	1669
1280	1861
1280	1908
1281	1284
1281	1464
1281	1494
1281	1622
1281	1784
1281	1798
1281	1833
1281	1934
1282	1491
1282	1554
1282	1586
1282	1687
1283	1293
1283	1307
1283	1382
1283	1486
1283	1504
1283	1612
1283	1678
1283	1819
1283	1926
1283	1937
1283	1941
1284	1330
1284	1361
1284	1642
1284	1646
1284	1674
1284	1708
1284	1808
1284	1904
1284	1964
1285	1554
1285	1600
1285	1625
1285	1636
1285	1710
1285	1728
1285	1736
1285	1829
1285	1859
1286	1436
1286	1477
1286	1492
1286	1778
1286	1856
1286	1921
1287	1532
1287	1656
1287	1872
1287	1940
1287	1983
1288	1364
1288	1513
1289	1332
1289	1399
1289	1473
1289	1512
1289	1573
1289	1582
1289	1931
1290	1306
1290	1597
1291	1568
1291	1746
1291	1764
1291	1812
1291	1849
1291	1985
1292	1314
1292	1433
1292	1514
1292	1729
1292	1783
1292	1802
1292	1878
1292	1915
1292	1996
1293	1375
1293	1473
1293	1487
1293	1623
1293	1722
1293	1869
1293	1985
1294	1418
1294	1438
1294	1456
1294	1604
1294	1708
1294	1811
1294	1912
1294	1954
1295	1345
1295	1361
1295	1362
1295	1363
1295	1636
1295	1676
1295	1746
1295	1827
1295	1918
1295	1990
1296	1313
1296	1331
1296	1515
1296	1672
1296	1688
1296	1694
1296	1753
1296	1766
1296	1857
1297	1450
1297	1592
1297	1680
1297	1932
1298	1488
1298	1553
1298	1568
1298	1826
1299	1487
1299	1511
1299	1655
1299	1667
1299	1782
1299	1791
1299	1801
1299	1832
1300	1451
1300	1544
1300	1580
1300	1712
1300	1770
1300	1804
1300	1856
1300	1950
1301	1484
1301	1714
1301	1754
1301	1784
1302	1401
1302	1530
1302	1533
1302	1540
1302	1581
1302	1626
1302	1728
1302	1794
1302	1853
1303	1322
1303	1384
1303	1404
1303	1445
1303	1568
1303	1608
1303	1642
1303	1714
1303	1746
1303	1763
1303	1991
1304	1341
1304	1569
1304	1644
1304	1666
1304	1720
1304	1956
1304	1991
1305	1427
1305	1434
1305	1565
1305	1663
1305	1729
1305	1763
1305	1794
1305	1811
1305	1835
1306	1333
1306	1342
1306	1546
1306	1783
1306	1948
1306	1995
1307	1308
1307	1384
1307	1767
1307	1775
1307	1843
1307	1869
1307	1915
1307	1944
1308	1359
1308	1485
1308	1569
1308	1637
1308	1730
1308	1748
1308	1801
1308	1804
1308	1994
1309	1455
1309	1486
1309	1518
1309	1546
1309	1554
1309	1563
1309	1568
1309	1575
1309	1608
1309	1706
1309	1730
1309	1806
1309	1961
1309	1980
1309	1997
1310	1394
1310	1452
1310	1491
1310	1593
1310	1647
1310	1897
1311	1448
1311	1477
1311	1523
1311	1615
1311	1621
1311	1724
1311	1806
1312	1489
1312	1509
1312	1519
1312	1549
1312	1934
1312	1963
1313	1330
1313	1422
1313	1433
1313	1451
1313	1476
1313	1550
1313	1589
1313	1657
1313	1677
1313	1686
1314	1732
1314	1897
1314	1924
1315	1524
1315	1662
1315	1778
1315	1942
1315	1981
1315	1994
1316	1354
1316	1398
1316	1451
1316	1578
1316	1643
1317	1379
1317	1393
1317	1496
1317	1525
1317	1804
1317	1973
1318	1446
1318	1605
1318	1700
1318	1745
1318	1813
1318	1855
1318	1867
1319	1332
1319	1552
1319	1638
1319	1666
1319	1742
1320	1464
1320	1532
1320	1715
1320	1819
1321	1360
1321	1478
1321	1499
1321	1538
1321	1596
1321	1734
1321	1754
1321	1960
1322	1486
1322	1526
1322	1878
1323	1391
1323	1629
1323	1685
1323	1715
1323	1742
1323	1921
1323	1949
1324	1366
1324	1393
1324	1478
1324	1534
1324	1580
1324	1729
1324	1825
1324	1909
1325	1385
1325	1645
1325	1742
1325	1749
1325	1753
1325	1783
1325	1863
1325	1924
1326	1364
1326	1428
1326	1528
1326	1533
1326	1589
1326	1897
1327	1476
1327	1564
1327	1591
1327	1622
1327	1656
1327	1732
1327	1734
1327	1842
1327	1852
1327	1904
1328	1423
1328	1429
1328	1483
1328	1492
1328	1555
1328	1595
1328	1882
1328	1890
1328	1943
1328	1945
1328	1954
1329	1419
1329	1465
1330	1438
1330	1553
1330	1619
1330	1697
1330	1765
1330	1913
1330	1961
1331	1405
1331	1531
1331	1682
1331	1754
1331	1795
1332	1349
1332	1488
1332	1582
1332	1631
1332	1809
1332	1828
1332	1907
1332	1918
1332	1988
1333	1523
1333	1662
1333	1702
1333	1753
1333	1976
1334	1455
1334	1552
1334	1682
1334	1728
1334	1765
1335	1550
1335	1644
1335	1679
1335	1893
1335	1906
1336	1365
1336	1461
1336	1486
1336	1515
1336	1545
1336	1553
1336	1656
1336	1700
1336	1740
1336	1808
1336	1962
1337	1553
1337	1603
1337	1618
1337	1692
1337	1761
1337	1780
1337	1990
1338	1428
1338	1455
1338	1483
1338	1503
1338	1626
1338	1754
1338	1834
1338	1943
1339	1355
1339	1421
1339	1502
1339	1573
1339	1741
1339	1775
1339	1866
1340	1423
1340	1523
1340	1816
1341	1421
1341	1463
1341	1506
1341	1586
1341	1682
1341	1712
1341	1858
1341	1864
1341	1977
1342	1556
1342	1668
1342	1841
1342	1881
1343	1375
1343	1497
1343	1665
1343	1714
1343	1736
1344	1513
1344	1528
1344	1539
1344	1667
1344	1727
1344	1783
1345	1396
1345	1498
1345	1702
1345	1733
1345	1793
1345	1836
1346	1378
1346	1487
1346	1644
1346	1922
1346	1926
1346	1997
1347	1430
1347	1470
1347	1582
1347	1738
1347	1937
1348	1359
1348	1405
1348	1550
1348	1614
1348	1616
1348	1760
1348	1767
1348	1804
1348	1937
1349	1362
1349	1625
1349	1699
1349	1703
1349	1766
1349	1921
1350	1436
1350	1459
1350	1500
1350	1595
1350	1663
1350	1805
1350	1846
1350	1966
1351	1450
1351	1462
1351	1568
1351	1702
1351	1715
1351	1951
1352	1386
1352	1393
1352	1410
1352	1575
1352	1749
1352	1777
1352	1788
1352	1931
1353	1358
1353	1497
1353	1552
1353	1783
1353	1848
1353	1968
1354	1392
1354	1470
1354	1650
1354	1792
1354	1986
1354	1992
1355	1428
1355	1444
1355	1713
1355	1845
1355	1895
1356	1390
1356	1765
1356	1954
1357	1380
1357	1443
1357	1546
1357	1793
1357	1819
1357	1845
1358	1440
1358	1464
1358	1571
1358	1685
1358	1803
1358	1943
1359	1413
1359	1433
1359	1465
1359	1639
1359	1949
1360	1391
1360	1440
1360	1551
1360	1651
1360	1913
1361	1582
1361	1640
1361	1767
1361	1837
1361	1845
1361	1867
1361	1879
1361	1948
1362	1412
1362	1440
1362	1501
1362	1531
1362	1556
1362	1735
1362	1787
1362	1815
1363	1447
1363	1694
1363	1756
1363	1769
1363	1856
1363	1918
1363	1945
1363	1970
1363	1975
1363	1992
1364	1421
1364	1542
1364	1931
1364	1941
1365	1428
1365	1517
1365	1645
1365	1775
1365	1893
1365	1904
1365	1922
1366	1404
1366	1475
1366	1607
1366	1640
1366	1805
1367	1550
1367	1646
1367	1746
1367	1753
1367	1981
1368	1370
1368	1726
1368	1739
1369	1402
1369	1676
1369	1861
1369	1887
1369	1964
1370	1625
1370	1958
1371	1441
1371	1464
1371	1483
1371	1644
1371	1715
1371	1783
1372	1388
1372	1494
1372	1521
1372	1615
1372	1650
1372	1674
1372	1714
1372	1776
1372	1820
1372	1840
1372	1904
1372	1948
1372	1961
1373	1517
1373	1519
1373	1790
1373	1820
1373	1879
1374	1492
1374	1499
1374	1678
1374	1760
1374	1861
1374	1955
1375	1650
1375	1701
1375	1801
1375	1809
1375	1954
1376	1451
1376	1464
1376	1489
1376	1600
1376	1635
1376	1639
1376	1765
1376	1793
1377	1620
1377	1752
1377	1857
1377	1901
1378	1384
1378	1405
1378	1510
1378	1702
1378	1794
1378	1807
1378	1865
1378	1954
1378	1992
1379	1506
1379	1527
1379	1559
1379	1640
1379	1763
1379	1811
1379	1856
1379	1877
1380	1640
1380	1691
1380	1804
1380	1819
1380	1894
1380	1915
1381	1556
1381	1578
1381	1692
1381	1940
1382	1605
1382	1868
1382	1877
1382	1924
1382	1963
1382	1975
1383	1530
1383	1584
1383	1760
1383	1864
1383	1962
1384	1428
1384	1488
1384	1649
1384	1776
1384	1851
1384	1891
1385	1395
1385	1428
1385	1464
1385	1636
1385	1954
1386	1481
1386	1512
1386	1537
1386	1686
1386	1689
1386	1759
1386	1857
1386	1878
1386	1925
1387	1390
1387	1545
1387	1709
1387	1738
1387	1791
1387	1802
1387	1863
1387	1939
1388	1487
1388	1498
1388	1581
1388	1697
1388	1755
1388	1800
1388	1827
1388	1889
1388	1942
1388	1972
1389	1534
1389	1794
1389	1852
1389	1880
1390	1475
1390	1609
1390	1720
1390	1853
1391	1419
1391	1484
1391	1548
1391	1579
1391	1829
1391	1998
1392	1573
1392	1609
1392	1629
1392	1697
1392	1720
1393	1615
1393	1645
1393	1907
1394	1567
1394	1623
1394	1735
1394	1833
1394	1931
1394	1945
1395	1501
1395	1704
1395	1738
1395	1761
1395	1961
1395	1982
1396	1476
1396	1707
1396	1831
1396	1873
1396	1915
1396	1989
1397	1403
1397	1616
1397	1813
1397	1831
1398	1405
1398	1441
1398	1512
1398	1759
1398	1776
1399	1444
1399	1572
1399	1795
1399	1818
1399	1878
1400	1529
1400	1808
1400	1817
1400	1884
1400	1912
1401	1714
1402	1645
1402	1832
1402	1896
1402	1907
1403	1465
1403	1536
1403	1590
1403	1644
1403	1671
1403	1822
1403	1851
1403	1855
1404	1593
1404	1639
1404	1839
1405	1488
1405	1496
1405	1497
1405	1503
1405	1553
1405	1589
1405	1658
1405	1714
1405	1789
1406	1469
1406	1487
1406	1512
1406	1675
1406	1796
1406	1831
1406	1858
1407	1483
1407	1624
1407	1656
1407	1679
1407	1702
1407	1996
1408	1542
1408	1570
1408	1590
1408	1670
1408	1924
1409	1531
1409	1580
1409	1780
1409	1921
1409	1933
1410	1456
1410	1460
1410	1650
1410	1675
1410	1960
1411	1429
1411	1462
1411	1466
1411	1736
1411	1767
1411	1776
1411	1783
1411	1855
1411	1872
1411	1892
1411	1965
1412	1491
1412	1644
1412	1781
1412	1832
1412	1933
1413	1653
1414	1418
1414	1428
1414	1550
1414	1669
1415	1620
1415	1707
1415	1736
1415	1780
1415	1792
1415	1824
1416	1428
1416	1549
1416	1612
1416	1885
1416	1923
1417	1550
1417	1667
1417	1669
1417	1780
1417	1916
1418	1426
1418	1595
1418	1606
1418	1613
1418	1722
1418	1774
1418	1811
1418	1832
1419	1484
1419	1796
1420	1624
1420	1730
1420	1897
1420	1974
1420	1982
1421	1624
1421	1645
1421	1721
1421	1822
1421	1890
1421	1983
1422	1479
1422	1486
1422	1641
1422	1645
1422	1787
1422	1839
1422	1862
1423	1466
1423	1573
1423	1588
1423	1600
1423	1642
1423	1646
1423	1652
1423	1733
1423	1977
1424	1480
1424	1528
1424	1626
1424	1842
1424	1906
1424	1987
1425	1479
1425	1519
1425	1563
1425	1712
1425	1732
1425	1919
1425	1950
1425	1987
1426	1487
1426	1491
1426	1509
1426	1719
1426	1909
1427	1453
1427	1500
1427	1535
1427	1723
1427	1816
1427	1893
1428	1431
1428	1473
1428	1492
1428	1668
1428	1734
1428	1760
1428	1772
1428	1817
1428	1862
1428	1864
1428	1935
1428	1957
1429	1447
1429	1478
1429	1523
1429	1602
1429	1763
1429	1851
1429	1897
1430	1452
1430	1456
1430	1743
1430	1851
1431	1539
1431	1543
1431	1650
1431	1675
1431	1903
1432	1483
1432	1800
1432	1824
1432	1932
1432	1950
1433	1510
1433	1647
1433	1937
1434	1553
1434	1574
1434	1592
1434	1657
1434	1683
1434	1932
1434	1939
1435	1458
1435	1471
1435	1486
1435	1844
1435	1942
1436	1737
1436	1773
1436	1941
1436	1951
1437	1534
1437	1652
1437	1874
1437	1964
1438	1592
1438	1647
1438	1777
1438	1876
1439	1505
1439	1717
1439	1740
1439	1754
1439	1775
1439	1864
1439	1919
1439	1931
1440	1783
1440	1853
1440	1950
1441	1463
1441	1547
1441	1563
1441	1763
1441	1771
1441	1805
1441	1806
1442	1468
1442	1500
1442	1563
1442	1566
1442	1617
1442	1622
1442	1908
1443	1470
1443	1738
1443	1747
1443	1826
1443	1982
1444	1490
1444	1542
1444	1629
1444	1773
1445	1452
1445	1506
1445	1654
1445	1744
1445	1837
1445	1859
1445	1968
1446	1554
1446	1701
1446	1711
1446	1911
1447	1589
1447	1595
1447	1700
1447	1905
1447	1944
1447	1956
1448	1502
1448	1532
1448	1728
1448	1812
1448	1931
1448	1949
1449	1485
1449	1680
1449	1705
1449	1832
1449	1840
1450	1475
1450	1553
1450	1915
1451	1482
1451	1522
1451	1564
1451	1591
1452	1578
1452	1694
1452	1777
1452	1875
1453	1514
1453	1824
1453	1890
1453	1898
1453	1975
1454	1511
1454	1772
1454	1885
1456	1510
1456	1536
1456	1687
1456	1727
1456	1776
1456	1840
1456	1932
1456	1984
1457	1590
1457	1832
1457	1902
1458	1552
1458	1564
1458	1572
1458	1574
1458	1811
1458	1832
1458	1873
1458	1885
1459	1480
1459	1510
1459	1807
1459	1875
1459	1956
1460	1461
1460	1491
1460	1591
1460	1593
1460	1667
1460	1742
1460	1931
1460	1957
1460	1965
1461	1471
1461	1559
1461	1638
1461	1983
1461	1993
1462	1560
1462	1598
1462	1855
1462	1936
1462	1986
1463	1564
1463	1565
1463	1581
1463	1610
1463	1628
1463	1730
1463	1736
1463	1760
1463	1825
1463	1883
1464	1623
1464	1761
1464	1793
1464	1945
1465	1603
1465	1613
1465	1675
1465	1749
1465	1847
1465	1932
1466	1467
1466	1468
1466	1658
1466	1662
1466	1723
1466	1757
1466	1809
1466	1912
1466	1914
1467	1622
1467	1719
1467	1791
1467	1851
1467	1971
1468	1494
1468	1531
1468	1626
1468	1644
1468	1685
1468	1744
1468	1894
1468	1986
1469	1485
1469	1532
1469	1621
1469	1706
1469	1798
1469	1800
1470	1629
1470	1685
1470	1697
1470	1786
1470	1929
1470	1959
1471	1663
1471	1768
1471	1778
1471	1798
1471	1824
1472	1655
1472	1747
1472	1764
1472	1887
1473	1501
1473	1508
1473	1583
1473	1598
1473	1612
1473	1698
1473	1772
1473	1791
1473	1911
1474	1750
1474	1918
1474	1990
1475	1527
1475	1615
1475	1822
1475	1999
1476	1556
1476	1594
1476	1671
1476	1683
1476	1808
1476	1956
1477	1519
1477	1546
1477	1725
1478	1690
1478	1746
1478	1811
1478	1879
1479	1482
1479	1591
1479	1811
1480	1567
1480	1569
1480	1706
1480	1730
1480	1853
1480	1858
1480	1869
1481	1497
1481	1516
1481	1527
1481	1652
1481	1779
1481	1893
1482	1572
1482	1590
1482	1603
1482	1778
1483	1511
1483	1653
1483	1748
1483	1907
1484	1641
1484	1843
1484	1854
1484	1986
1485	1497
1485	1703
1485	1729
1485	1741
1485	1742
1485	1825
1485	1831
1485	1860
1485	1939
1485	1951
1486	1500
1486	1566
1486	1678
1486	1822
1487	1569
1487	1651
1487	1672
1487	1711
1488	1571
1488	1574
1488	1663
1488	1818
1488	1882
1488	1888
1488	1921
1489	1644
1489	1852
1489	1952
1490	1532
1490	1539
1490	1665
1490	1695
1490	1755
1490	1769
1490	1823
1490	1941
1491	1505
1491	1578
1491	1676
1491	1751
1492	1707
1492	1783
1492	1796
1492	1805
1493	1542
1493	1680
1494	1535
1494	1688
1494	1751
1494	1763
1494	1946
1495	1594
1495	1609
1495	1662
1495	1716
1495	1787
1495	1828
1495	1877
1496	1568
1496	1754
1496	1802
1496	1903
1496	1978
1497	1510
1497	1538
1497	1567
1497	1776
1497	1803
1497	1833
1497	1848
1497	1858
1497	1955
1498	1524
1498	1574
1498	1575
1498	1787
1498	1832
1498	1863
1499	1517
1499	1555
1499	1759
1499	1846
1499	1862
1499	1871
1499	1899
1500	1520
1500	1749
1500	1883
1501	1517
1501	1612
1501	1630
1501	1647
1501	1667
1501	1842
1501	1874
1502	1521
1502	1674
1502	1677
1502	1768
1502	1916
1503	1509
1503	1557
1503	1612
1503	1679
1503	1687
1504	1538
1504	1727
1505	1546
1505	1685
1505	1829
1505	1959
1506	1547
1506	1567
1506	1573
1506	1593
1506	1606
1506	1671
1506	1689
1506	1705
1506	1910
1506	1945
1507	1892
1508	1558
1508	1613
1508	1686
1508	1800
1508	1831
1508	1888
1508	1898
1509	1511
1509	1873
1509	1985
1510	1520
1510	1596
1510	1641
1510	1719
1511	1516
1511	1550
1511	1721
1511	1886
1511	1888
1512	1701
1512	1718
1512	1788
1513	1619
1513	1767
1513	1771
1513	1780
1513	1798
1513	1993
1514	1597
1514	1611
1514	1763
1514	1782
1514	1803
1514	1820
1514	1870
1515	1670
1515	1757
1515	1776
1515	1821
1515	1904
1515	1943
1516	1550
1516	1893
1517	1811
1517	1839
1517	1947
1517	1993
1518	1783
1518	1834
1518	1919
1519	1549
1519	1880
1519	1889
1519	1911
1520	1638
1520	1827
1520	1852
1520	1883
1520	1904
1521	1613
1521	1615
1521	1624
1521	1686
1521	1771
1521	1808
1521	1936
1522	1595
1522	1641
1522	1737
1522	1787
1522	1792
1522	1931
1523	1665
1523	1792
1523	1848
1523	1909
1524	1578
1524	1615
1524	1721
1524	1790
1524	1792
1524	1873
1524	1990
1525	1533
1525	1573
1525	1609
1525	1621
1525	1661
1525	1784
1525	1797
1525	1909
1525	1951
1526	1725
1526	1773
1526	1902
1526	1959
1527	1543
1527	1626
1527	1845
1527	1954
1528	1537
1528	1553
1528	1794
1528	1824
1528	1923
1529	1726
1529	1804
1529	1851
1529	1856
1529	1886
1529	1933
1529	1973
1530	1787
1530	1826
1530	1887
1530	1968
1530	1980
1530	1998
1531	1793
1531	1959
1531	1962
1531	1968
1531	1989
1531	1994
1532	1835
1532	1837
1532	1974
1533	1630
1533	1989
1534	1705
1534	1767
1534	1795
1534	1841
1534	1884
1534	1933
1534	1950
1534	1956
1535	1538
1535	1561
1535	1647
1535	1654
1535	1713
1537	1649
1537	1778
1537	1918
1538	1601
1538	1636
1538	1764
1538	1807
1538	1810
1539	1616
1539	1730
1539	1786
1539	1845
1539	1875
1539	1929
1540	1618
1540	1701
1540	1767
1540	1828
1540	1964
1541	1595
1541	1692
1541	1799
1541	1950
1542	1880
1542	1922
1543	1781
1543	1786
1543	1879
1543	1973
1544	1582
1544	1632
1544	1650
1545	1691
1545	1844
1545	1853
1545	1898
1546	1662
1546	1671
1546	1781
1546	1897
1546	1907
1546	1932
1547	1597
1547	1623
1548	1598
1548	1647
1548	1703
1548	1709
1548	1879
1549	1829
1549	1863
1549	1979
1550	1558
1550	1582
1550	1668
1550	1684
1550	1719
1550	1734
1550	1797
1551	1699
1551	1788
1551	1828
1551	1929
1552	1684
1552	1699
1552	1775
1552	1873
1552	1978
1553	1605
1553	1681
1553	1713
1553	1747
1553	1797
1553	1888
1554	1595
1554	1731
1554	1947
1554	1968
1554	1983
1555	1664
1555	1779
1555	1879
1555	1978
1555	1993
1556	1622
1556	1643
1556	1678
1556	1801
1557	1750
1557	1862
1557	1885
1557	1959
1558	1701
1558	1705
1558	1876
1558	1937
1558	1957
1559	1588
1559	1861
1560	1735
1560	1832
1560	1861
1560	1928
1560	1936
1560	1996
1561	1605
1561	1822
1561	1903
1561	1938
1561	1977
1562	1766
1562	1779
1563	1616
1563	1688
1564	1566
1564	1595
1564	1764
1564	1948
1565	1697
1565	1712
1566	1835
1566	1853
1566	1870
1566	1933
1567	1594
1567	1755
1567	1766
1567	1853
1567	1961
1567	1963
1568	1577
1568	1675
1568	1795
1568	1852
1568	1860
1568	1929
1569	1799
1569	1853
1569	1870
1569	1903
1569	1933
1570	1687
1570	1702
1570	1737
1570	1833
1570	1875
1570	1987
1571	1709
1571	1838
1572	1575
1572	1612
1572	1742
1572	1934
1572	1982
1573	1608
1573	1609
1573	1701
1573	1765
1573	1839
1573	1916
1574	1737
1574	1763
1574	1930
1574	1952
1574	1956
1575	1974
1576	1963
1577	1638
1577	1682
1577	1751
1577	1991
1578	1694
1578	1742
1578	1772
1578	1945
1579	1654
1579	1682
1579	1789
1579	1810
1579	1867
1579	1881
1579	1946
1580	1691
1580	1716
1580	1812
1580	1887
1580	1948
1581	1671
1581	1766
1581	1793
1581	1794
1581	1817
1581	1863
1581	1993
1582	1677
1582	1881
1582	1898
1583	1598
1583	1621
1583	1865
1583	1922
1584	1703
1584	1800
1584	1873
1584	1879
1584	1885
1584	1975
1585	1663
1585	1966
1586	1733
1586	1787
1587	1938
1587	1942
1588	1623
1588	1640
1588	1706
1588	1734
1588	1790
1588	1878
1588	1953
1589	1670
1589	1693
1589	1740
1589	1743
1589	1821
1590	1684
1590	1716
1590	1733
1590	1928
1590	1941
1590	1988
1591	1611
1591	1630
1591	1869
1591	1931
1591	1989
1592	1617
1592	1748
1592	1956
1593	1883
1593	1888
1594	1641
1594	1689
1594	1750
1594	1946
1595	1646
1595	1683
1596	1850
1596	1910
1596	1950
1596	1972
1597	1691
1597	1717
1597	1721
1597	1724
1597	1763
1597	1790
1597	1793
1597	1851
1597	1895
1598	1645
1598	1780
1598	1791
1598	1867
1598	1868
1598	1869
1599	1629
1599	1652
1599	1796
1599	1891
1600	1745
1600	1809
1600	1854
1600	1981
1601	1659
1601	1718
1601	1775
1602	1726
1602	1756
1602	1858
1602	1864
1602	1918
1602	1996
1603	1636
1603	1839
1603	1967
1604	1611
1604	1621
1604	1733
1604	1871
1604	1920
1605	1754
1605	1769
1605	1921
1605	1975
1606	1898
1607	1700
1607	1861
1607	1866
1608	1633
1608	1806
1608	1854
1609	1618
1609	1632
1609	1688
1609	1794
1609	1828
1610	1638
1610	1675
1610	1782
1610	1849
1610	1925
1610	1941
1610	1944
1610	1947
1611	1860
1612	1677
1612	1776
1612	1874
1612	1880
1613	1628
1613	1642
1614	1818
1614	1931
1615	1851
1615	1945
1616	1742
1616	1844
1616	1885
1616	1902
1617	1711
1617	1816
1617	1891
1617	1990
1618	1626
1618	1690
1618	1701
1618	1755
1618	1761
1618	1854
1618	1890
1618	1893
1618	1963
1618	1995
1619	1683
1619	1933
1619	1976
1620	1798
1620	1801
1620	1806
1620	1874
1620	1994
1621	1789
1621	1893
1621	1912
1621	1971
1622	1683
1622	1749
1622	1945
1622	1993
1623	1869
1623	1988
1624	1699
1625	1644
1625	1718
1625	1791
1625	1793
1625	1840
1626	1750
1626	1811
1626	1926
1626	1930
1627	1827
1627	1832
1627	1834
1627	1920
1627	1991
1628	1640
1628	1658
1628	1703
1628	1777
1628	1813
1628	1815
1629	1933
1629	1941
1629	1980
1630	1659
1630	1702
1630	1756
1630	1855
1630	1881
1630	1902
1631	1682
1631	1737
1632	1693
1632	1873
1632	1910
1633	1684
1633	1741
1633	1862
1634	1731
1634	1812
1634	1935
1635	1715
1635	1747
1635	1878
1635	1966
1635	1974
1635	1976
1635	1990
1636	1772
1636	1865
1636	1999
1637	1718
1637	1758
1637	1775
1637	1866
1637	1907
1638	1652
1638	1695
1639	1658
1639	1709
1639	1719
1639	1748
1639	1923
1640	1655
1640	1668
1640	1750
1640	1961
1641	1708
1641	1790
1641	1902
1641	1939
1641	1985
1642	1756
1642	1789
1642	1818
1642	1879
1643	1698
1643	1707
1643	1796
1643	1844
1643	1916
1644	1690
1644	1745
1645	1659
1645	1695
1645	1794
1645	1873
1645	1926
1646	1791
1646	1827
1646	1874
1646	1957
1646	1958
1647	1739
1647	1856
1647	1907
1647	1961
1647	1995
1647	1996
1649	1709
1649	1930
1650	1825
1651	1660
1651	1852
1651	1936
1652	1732
1652	1833
1652	1844
1653	1727
1653	1752
1653	1820
1653	1825
1653	1837
1653	1840
1653	1864
1653	1979
1654	1798
1655	1676
1655	1692
1655	1728
1655	1885
1655	1959
1656	1780
1656	1801
1656	1839
1656	1856
1657	1720
1657	1958
1658	1750
1658	1969
1658	1982
1659	1779
1659	1821
1659	1867
1659	1868
1660	1668
1660	1797
1660	1854
1660	1984
1661	1854
1661	1884
1661	1962
1662	1775
1662	1806
1662	1807
1662	1950
1663	1674
1663	1746
1663	1838
1663	1908
1663	1989
1664	1686
1664	1720
1664	1799
1664	1947
1665	1728
1665	1843
1665	1938
1666	1727
1666	1764
1668	1723
1668	1728
1669	1756
1669	1993
1670	1683
1670	1688
1670	1821
1670	1967
1671	1808
1671	1818
1671	1843
1671	1871
1671	1890
1672	1806
1672	1854
1672	1884
1672	1911
1672	1927
1672	1979
1672	1988
1673	1838
1673	1852
1673	1999
1674	1931
1675	1722
1675	1787
1675	1819
1675	1907
1675	1923
1677	1792
1677	1911
1678	1840
1679	1800
1679	1842
1679	1857
1679	1874
1680	1686
1680	1768
1680	1798
1680	1800
1680	1916
1681	1694
1681	1776
1681	1833
1681	1969
1681	1990
1682	1705
1682	1712
1682	1720
1682	1791
1682	1829
1682	1893
1682	1894
1682	1927
1682	1951
1682	1994
1683	1904
1683	1950
1684	1829
1684	1979
1685	1881
1685	1885
1686	1815
1686	1826
1687	1768
1687	1861
1687	1870
1688	1696
1688	1794
1688	1874
1688	1922
1689	1939
1689	1955
1690	1752
1690	1874
1690	1902
1690	1948
1690	1958
1691	1860
1691	1958
1691	1965
1692	1789
1692	1840
1692	1870
1692	1949
1692	1973
1692	1995
1693	1978
1694	1751
1695	1716
1695	1729
1695	1883
1696	1745
1696	1753
1696	1987
1697	1742
1697	1777
1697	1976
1698	1885
1698	1903
1699	1743
1699	1775
1699	1782
1700	1776
1700	1913
1700	1922
1700	1965
1701	1776
1702	1763
1702	1788
1702	1879
1702	1925
1703	1707
1703	1913
1703	1948
1703	1988
1703	1989
1704	1752
1704	1844
1704	1956
1706	1730
1708	1824
1708	1827
1708	1940
1708	1947
1708	1966
1709	1758
1710	1756
1710	1757
1710	1773
1710	1801
1710	1956
1710	1985
1711	1732
1711	1905
1711	1956
1711	1959
1712	1747
1713	1717
1713	1788
1713	1875
1713	1900
1713	1907
1713	1975
1714	1809
1715	1736
1715	1775
1715	1833
1715	1880
1715	1896
1716	1735
1716	1874
1717	1772
1717	1822
1717	1836
1719	1757
1719	1812
1719	1837
1720	1938
1720	1962
1721	1821
1721	1840
1721	1996
1722	1803
1722	1992
1723	1802
1723	1868
1724	1778
1724	1918
1725	1775
1725	1800
1725	1885
1725	1938
1726	1791
1726	1818
1726	1850
1726	1854
1727	1855
1727	1884
1727	1886
1727	1934
1727	1946
1728	1784
1728	1801
1728	1813
1729	1869
1729	1918
1730	1947
1730	1956
1730	1980
1733	1734
1733	1801
1733	1916
1733	1938
1734	1813
1734	1842
1734	1852
1735	1954
1737	1947
1737	1972
1738	1812
1738	1870
1738	1876
1739	1897
1740	1761
1740	1816
1740	1979
1741	1753
1741	1853
1742	1747
1742	1901
1743	1793
1744	1767
1744	1786
1744	1875
1744	1976
1744	1993
1745	1804
1745	1811
1746	1778
1746	1802
1746	1849
1747	1759
1747	1865
1748	1784
1748	1896
1749	1868
1749	1907
1749	1930
1749	1985
1751	1846
1751	1879
1753	1759
1753	1827
1753	1851
1754	1944
1755	1820
1755	1885
1755	1895
1755	1960
1755	1963
1757	1779
1757	1851
1758	1808
1759	1804
1759	1861
1759	1893
1760	1791
1761	1807
1761	1875
1761	1921
1761	1965
1762	1871
1763	1790
1763	1953
1763	1989
1765	1874
1765	1981
1766	1844
1766	1940
1767	1807
1767	1836
1767	1900
1767	1908
1768	1929
1768	1964
1768	1981
1768	1986
1769	1919
1769	1949
1769	1973
1770	1852
1770	1879
1770	1924
1771	1865
1773	1882
1773	1913
1773	1973
1774	1871
1775	1790
1775	1816
1775	1827
1775	1873
1775	1887
1776	1778
1776	1790
1778	1894
1778	1951
1779	1910
1779	1977
1780	1915
1781	1846
1782	1933
1783	1867
1783	1918
1785	1911
1786	1787
1786	1803
1786	1804
1786	1855
1786	1980
1786	1983
1787	1941
1789	1810
1789	1837
1790	1800
1791	1897
1791	1954
1792	1829
1792	1838
1792	1874
1792	1971
1794	1907
1794	1977
1795	1808
1795	1845
1795	1855
1795	1956
1796	1820
1796	1852
1796	1886
1796	1921
1796	1966
1797	1847
1797	1921
1798	1801
1798	1802
1798	1865
1798	1875
1798	1962
1798	1989
1799	1960
1799	1965
1800	1821
1801	1812
1801	1851
1801	1901
1801	1993
1802	1842
1802	1930
1803	1823
1803	1985
1804	1810
1804	1829
1804	1831
1804	1933
1804	1965
1805	1823
1805	1878
1805	1898
1805	1954
1806	1849
1807	1864
1807	1890
1808	1923
1808	1967
1809	1957
1810	1942
1810	1966
1811	1862
1811	1903
1811	1906
1811	1937
1811	1956
1813	1869
1814	1834
1814	1855
1814	1962
1816	1956
1816	1990
1818	1832
1818	1844
1818	1946
1818	1955
1818	1997
1819	1844
1821	1872
1821	1895
1821	1952
1825	1916
1825	1962
1825	1977
1825	1988
1826	1829
1828	1856
1829	1916
1829	1931
1831	1957
1831	1959
1831	1998
1832	1916
1832	1927
1832	1929
1832	1987
1833	1953
1834	1912
1834	1913
1835	1854
1835	1864
1835	1963
1836	1857
1836	1876
1837	1933
1837	1976
1838	1926
1838	1990
1839	1946
1841	1884
1841	1912
1842	1948
1843	1978
1844	1967
1844	1970
1844	1990
1845	1933
1846	1957
1847	1914
1848	1858
1848	1868
1848	1955
1849	1908
1849	1995
1850	1858
1850	1893
1851	1923
1852	1891
1852	1905
1852	1967
1854	1863
1855	1864
1855	1904
1856	1889
1856	1903
1856	1930
1857	1875
1857	1933
1858	1944
1860	1884
1860	1897
1860	1917
1860	1945
1860	1961
1861	1887
1862	1888
1865	1885
1866	1870
1866	1933
1867	1899
1869	1882
1869	1897
1871	1932
1873	1889
1873	1914
1873	1915
1873	1990
1874	1881
1874	1895
1874	1973
1876	1953
1876	1969
1878	1972
1881	1918
1881	1945
1881	1979
1882	1954
1883	1977
1885	1986
1886	1935
1887	1889
1887	1894
1890	1893
1890	1905
1890	1909
1890	1953
1892	1927
1892	1989
1896	1970
1897	1902
1898	1944
1899	1952
1900	1994
1901	1935
1901	1947
1901	1951
1903	1930
1905	1976
1906	1968
1907	1957
1908	1912
1909	1934
1909	1947
1910	1967
1910	1979
1911	1977
1914	1980
1914	1982
1915	1982
1915	1992
1915	1998
1917	1991
1919	1983
1920	1950
1921	1969
1922	1977
1924	1948
1927	1979
1929	1942
1929	1947
1931	1959
1931	1984
1933	1955
1934	1965
1934	1969
1936	1986
1936	1996
1937	1964
1937	1987
1938	1982
1938	1986
1942	1965
1944	1971
1946	1992
1947	1971
1949	1965
1950	1969
1953	1963
1953	1966
1953	1980
1959	1963
1965	1971
1970	1978
1981	1991
