2000	0
0	28
0	70
0	81
0	109
0	144
0	252
0	349
0	533
0	546
0	577
0	625
0	664
0	798
0	836
0	899
1	194
1	605
1	684
1	742
1	816
1	851
1	1203
2	117
2	237
2	244
2	249
2	261
2	347
2	375
2	463
2	834
2	872
3	80
3	269
3	556
3	566
3	585
3	612
3	726
3	825
3	869
3	905
3	960
4	30
4	75
4	94
4	138
4	306
4	360
4	406
4	578
4	624
4	833
4	848
4	900
5	81
5	234
5	442
5	548
6	150
6	165
6	249
6	485
6	499
6	516
6	530
6	697
6	845
6	863
6	874
6	881
6	951
6	965
7	175
7	283
7	426
7	656
7	674
7	844
7	855
7	858
8	94
8	313
8	315
8	343
8	346
8	548
8	574
8	762
8	827
8	843
8	886
9	120
9	125
9	136
9	173
9	232
9	265
9	274
9	333
9	595
9	884
10	22
10	165
10	227
10	229
10	292
10	390
10	420
10	462
10	667
10	695
10	953
10	999
10	1877
11	83
11	190
11	286
11	448
11	493
11	627
11	648
11	887
12	32
12	143
12	385
12	397
12	403
12	431
12	611
12	620
12	701
12	741
12	977
13	78
13	373
13	585
13	803
13	976
13	984
14	100
14	133
14	291
14	449
14	502
14	565
14	603
14	797
14	814
14	882
14	926
14	937
14	946
15	120
15	193
15	300
15	437
15	553
15	736
15	744
15	845
15	860
16	135
16	148
16	162
16	193
16	226
16	233
16	367
16	423
16	506
16	524
16	578
16	584
16	694
16	864
17	42
17	265
17	290
17	555
17	903
18	242
18	409
18	458
18	589
18	605
18	688
18	721
18	773
18	843
19	54
19	90
19	173
19	200
19	343
19	363
19	364
19	375
19	437
19	521
19	531
19	541
19	554
19	628
19	678
19	846
19	882
19	972
20	228
20	230
20	527
20	553
20	558
20	563
20	679
20	714
20	725
20	745
20	805
20	867
20	945
21	50
21	133
21	179
21	208
21	305
21	475
21	481
21	637
21	824
22	32
22	420
22	580
22	610
22	783
23	102
23	214
23	723
23	754
23	815
23	857
23	864
23	872
23	983
24	88
24	170
24	217
24	265
24	296
24	401
24	434
24	509
24	517
24	675
24	759
25	189
25	245
25	336
25	347
25	392
25	429
25	438
25	468
25	566
25	576
25	584
25	692
25	768
25	836
25	898
26	30
26	42
26	92
26	111
26	199
26	269
26	307
26	372
26	601
26	654
26	788
26	840
26	898
26	941
27	66
27	75
27	99
27	213
27	248
27	280
27	510
27	561
27	583
27	663
27	670
27	729
27	854
27	930
28	98
28	202
28	366
28	376
28	515
28	545
28	620
28	764
28	928
29	246
29	317
29	543
29	551
29	567
29	834
29	863
29	924
29	988
30	66
30	138
30	166
30	203
30	251
30	262
30	352
30	426
30	499
30	682
30	817
30	998
31	62
31	78
31	112
31	292
31	349
31	807
31	823
32	112
32	265
32	750
32	808
33	220
33	343
33	420
33	507
33	545
33	895
34	188
34	284
34	477
34	561
34	704
34	758
34	763
34	834
34	848
34	999
35	317
35	622
35	671
35	698
35	824
35	922
36	140
36	440
36	466
36	503
36	705
36	710
36	712
36	746
36	906
36	937
36	960
37	152
37	174
37	215
37	303
37	380
37	381
37	844
37	871
37	998
37	1577
38	59
38	74
38	142
38	493
38	603
38	685
38	698
38	834
38	916
38	942
39	97
39	318
39	536
39	657
39	697
39	894
39	929
39	939
40	226
40	232
40	361
40	364
40	366
40	409
40	439
40	452
40	662
40	964
40	966
40	997
41	61
41	88
41	207
41	332
41	339
41	564
41	614
41	729
41	750
41	800
41	868
41	970
41	985
42	107
42	152
42	437
42	740
42	830
42	861
42	1937
43	181
43	329
43	330
43	340
43	377
43	413
43	450
43	575
43	689
43	757
43	918
43	955
44	54
44	442
44	488
44	572
44	584
44	606
44	609
44	623
44	657
44	662
44	688
44	844
44	953
44	964
44	981
45	107
45	186
45	210
45	331
45	608
45	634
45	671
45	686
45	773
45	845
45	991
46	49
46	93
46	120
46	315
46	319
46	329
46	747
46	758
46	913
46	920
47	118
47	123
47	147
47	153
47	166
47	223
47	289
47	404
47	405
47	457
47	498
47	507
47	708
47	759
47	806
47	880
48	237
48	438
48	522
48	585
48	619
48	643
48	760
48	805
48	831
48	832
48	987
49	152
49	265
49	332
49	455
49	512
49	513
49	543
49	652
49	852
49	891
49	919
49	937
49	976
50	100
50	168
50	171
50	176
50	258
50	352
50	549
50	619
51	77
51	305
51	365
51	430
51	546
51	551
51	566
51	944
51	968
52	179
52	298
52	384
52	386
52	401
52	547
52	615
52	818
52	824
52	907
53	167
53	265
53	295
53	439
53	667
53	706
53	860
54	260
54	295
54	329
54	356
54	575
54	651
54	748
54	777
54	786
54	852
54	952
54	973
54	985
54	994
55	119
55	190
55	399
55	512
55	516
55	535
55	603
55	773
55	903
55	951
56	75
56	215
56	427
56	483
56	491
56	896
57	137
57	187
57	471
57	631
57	816
57	854
58	263
58	315
58	361
58	467
58	553
58	834
58	1827
59	83
59	375
59	379
59	536
59	608
59	615
60	107
60	299
60	445
60	480
60	632
60	771
60	842
60	854
61	110
61	129
61	506
61	601
61	749
61	768
61	856
61	925
62	158
62	313
62	365
62	437
62	690
62	770
62	833
62	956
62	1543
63	113
63	258
63	307
63	336
63	618
63	661
63	844
63	845
63	899
64	149
64	151
64	399
64	438
64	617
64	672
64	838
64	870
64	1841
65	277
65	370
65	380
65	492
65	631
65	632
65	711
65	743
65	744
65	905
66	147
66	168
66	432
66	649
66	667
66	746
66	861
66	880
66	885
67	118
67	133
67	211
67	341
67	343
67	434
67	749
67	798
67	800
67	842
67	891
68	137
68	148
68	161
68	182
68	223
68	302
68	303
68	305
68	329
68	363
68	426
68	604
68	840
69	224
69	354
69	401
69	403
69	448
69	598
69	627
69	667
69	817
69	861
70	95
70	139
70	176
70	230
70	248
70	528
70	558
70	619
70	659
70	673
70	706
70	962
70	970
71	108
71	147
71	442
71	485
71	548
71	675
71	692
71	699
71	876
71	942
72	167
72	218
72	298
72	356
72	473
72	556
72	577
72	710
72	753
72	807
72	841
72	889
72	973
73	136
73	223
73	338
73	380
73	521
73	529
73	576
73	580
73	674
73	689
73	698
73	845
73	915
73	968
74	213
74	226
74	539
74	609
75	125
75	196
75	211
75	260
75	269
75	277
75	330
75	339
75	601
75	629
75	660
75	886
75	913
76	415
76	464
76	564
76	694
76	723
76	747
76	945
76	978
76	988
77	81
77	86
77	172
77	239
77	268
77	285
77	582
77	693
78	136
78	333
78	482
78	627
78	763
78	932
79	92
79	93
79	143
79	163
79	244
79	272
79	349
79	383
79	457
79	491
79	577
79	677
79	704
79	732
79	746
79	792
79	860
79	887
79	936
79	940
80	87
80	136
80	185
80	394
80	431
80	453
80	571
80	609
80	664
80	827
80	924
80	963
81	248
81	261
81	466
81	467
81	727
81	926
82	451
82	464
82	466
82	618
82	656
82	667
82	675
82	807
82	984
83	89
83	259
83	337
83	616
83	618
83	624
83	761
84	203
84	254
84	419
84	478
84	506
84	520
84	640
84	655
84	946
85	216
85	284
85	477
85	493
85	507
85	515
85	664
85	722
86	88
86	166
86	306
86	316
86	542
86	632
86	662
86	834
86	865
86	902
87	242
87	370
87	715
87	717
87	772
87	776
87	816
87	888
87	949
88	146
88	256
88	263
88	436
88	442
88	460
88	619
88	894
88	909
88	927
88	988
89	95
89	158
89	281
89	459
89	616
89	636
89	868
90	673
90	838
90	839
90	961
91	264
91	269
91	302
91	357
91	399
91	434
91	491
91	642
91	693
91	708
91	727
91	762
91	785
91	865
92	175
92	213
92	315
92	390
92	695
92	715
92	756
92	785
92	796
93	143
93	227
93	275
93	491
93	827
94	116
94	166
94	266
94	396
94	448
94	567
94	864
94	919
94	967
95	246
95	349
95	377
95	577
95	801
95	929
95	948
96	230
96	257
96	820
96	937
97	133
97	210
97	283
97	293
97	512
97	553
97	628
97	721
98	117
98	128
98	175
98	209
98	252
98	294
98	344
98	384
98	715
98	816
98	868
99	305
99	338
99	507
99	533
99	645
99	654
99	664
99	669
99	681
99	688
100	161
100	188
100	217
100	311
100	390
100	650
100	690
100	728
100	771
100	824
100	983
101	111
101	113
101	277
101	453
101	460
101	476
101	546
101	611
101	654
101	726
101	760
101	931
101	974
101	1831
102	157
102	189
102	219
102	512
102	726
102	801
102	807
103	337
103	371
103	477
103	483
103	607
103	614
103	759
103	843
103	940
104	617
104	766
104	867
104	980
105	158
105	168
105	177
105	313
105	459
105	579
105	581
105	728
105	854
105	880
105	936
105	991
106	230
106	239
106	376
106	520
106	989
107	145
107	150
107	156
107	158
107	486
107	801
107	921
107	1805
108	304
108	747
108	762
108	803
108	973
109	196
109	242
109	521
109	617
109	627
109	629
109	721
109	800
109	970
110	118
110	127
110	252
110	255
110	367
110	532
110	594
110	695
110	705
110	717
110	821
110	874
110	972
111	303
111	400
111	574
111	614
111	646
111	751
111	845
111	928
112	172
112	173
112	362
112	585
112	691
112	912
113	184
113	369
113	386
113	398
113	399
113	428
113	475
113	562
113	639
113	642
113	792
113	873
113	897
113	968
114	236
114	260
114	279
114	295
114	385
114	444
114	459
114	878
114	879
114	974
115	122
115	168
115	219
115	675
115	890
115	996
116	119
116	429
116	597
116	636
116	657
116	685
116	961
117	131
117	508
117	619
117	889
117	933
118	134
118	267
118	282
118	343
118	376
118	571
118	592
118	670
118	711
118	783
118	862
118	915
118	923
119	135
119	186
119	299
119	372
119	531
119	534
119	545
119	710
119	735
119	896
119	898
120	221
120	231
120	339
120	352
120	452
120	746
120	749
120	775
120	791
120	834
120	900
120	915
120	994
120	1285
121	196
121	448
121	523
121	584
121	627
121	657
121	698
121	724
121	982
122	230
122	373
122	380
122	432
122	590
122	605
122	783
122	832
122	844
122	854
122	1826
123	147
123	483
123	534
123	542
123	551
123	743
123	764
123	771
123	805
123	821
123	980
124	323
124	328
124	410
124	603
124	763
124	820
124	939
125	258
125	268
125	601
125	683
125	802
125	979
126	283
126	497
126	612
126	746
126	753
126	884
127	229
127	265
127	302
127	338
127	472
127	658
128	131
128	206
128	231
128	294
128	323
128	436
128	635
128	771
128	853
128	887
128	979
129	277
129	369
129	531
129	576
129	600
129	601
129	688
129	773
129	816
129	864
129	965
129	991
129	992
130	147
130	163
130	321
130	588
130	825
130	874
130	924
131	232
131	575
131	585
131	688
131	842
131	1923
132	245
132	305
132	320
132	367
132	465
132	520
132	704
133	365
133	367
133	477
133	478
133	530
133	543
133	629
133	677
133	694
133	702
133	725
133	858
133	899
133	961
133	982
133	990
134	711
134	781
134	796
135	356
135	380
135	452
135	543
135	715
135	825
135	960
136	282
136	401
136	516
136	698
136	721
136	762
136	793
136	797
136	803
136	807
136	908
137	142
137	280
137	420
137	431
137	628
137	779
137	847
137	907
137	992
138	143
138	237
138	345
138	531
138	584
138	679
138	818
138	868
138	897
138	951
139	178
139	483
139	499
139	614
139	909
139	936
140	141
140	172
140	244
140	246
140	247
140	399
140	660
140	795
140	898
140	981
141	199
141	267
141	358
141	427
141	528
141	911
142	182
142	195
142	246
142	367
143	148
143	175
143	274
143	602
143	610
143	717
143	737
143	894
144	191
144	197
144	490
144	520
144	548
144	584
144	744
144	761
144	918
145	249
145	289
145	444
145	568
145	635
145	680
145	683
145	684
145	738
145	745
145	797
145	898
145	931
146	336
146	343
146	485
146	493
146	584
146	631
146	649
147	378
147	520
147	647
147	696
147	712
147	972
147	980
148	152
148	370
148	382
148	515
148	575
148	783
148	822
148	838
149	488
149	531
149	586
149	621
149	623
149	658
150	251
150	326
150	366
150	428
150	593
150	901
150	950
151	157
151	182
151	187
151	197
151	223
151	461
151	584
151	642
151	681
151	855
152	171
152	187
152	426
152	450
152	642
152	711
152	854
152	878
153	246
153	414
153	597
153	693
153	699
153	744
153	750
153	791
153	917
153	921
154	216
154	302
154	328
154	477
154	673
154	870
154	956
154	989
155	203
155	303
155	620
155	670
156	367
156	694
156	728
156	853
157	297
157	314
157	412
157	463
157	576
157	718
157	806
157	989
158	188
158	464
158	869
158	899
159	322
159	499
159	505
159	627
159	763
159	785
159	829
159	849
160	181
160	269
160	367
160	430
160	503
160	574
160	631
160	744
160	807
160	906
161	192
161	291
161	314
161	343
161	464
161	513
161	761
161	979
161	993
162	171
162	261
162	315
162	458
162	536
162	680
162	701
162	843
163	182
163	212
163	242
163	284
163	387
163	463
163	647
163	669
163	880
163	978
163	993
164	178
164	191
164	234
164	241
164	273
164	328
164	344
164	423
164	450
164	455
164	541
164	587
164	593
164	681
164	802
164	971
165	174
165	330
165	353
165	378
165	384
165	528
165	558
165	736
165	765
165	811
165	847
165	879
166	332
166	448
166	497
166	945
167	189
167	267
167	291
167	528
167	645
167	802
168	644
168	703
168	875
168	964
168	1951
169	272
169	620
169	673
169	797
169	838
169	847
169	865
169	1720
170	187
170	377
170	460
170	583
170	774
170	898
170	982
170	993
170	1529
171	204
171	263
171	312
171	368
171	384
171	501
171	609
171	640
171	745
171	863
171	924
171	952
172	178
172	216
172	438
172	523
172	613
172	685
172	691
172	731
172	754
172	757
172	764
172	824
172	901
172	992
173	251
173	259
173	262
173	684
173	729
173	866
174	176
174	197
174	497
174	902
174	949
174	991
175	246
175	527
175	634
175	716
175	752
175	809
176	358
176	446
176	552
176	683
176	725
176	786
176	807
176	956
176	998
177	291
177	325
177	518
177	713
177	719
177	988
178	191
178	235
178	285
178	286
178	343
178	403
178	427
178	429
178	468
178	624
178	793
178	938
178	944
179	236
179	277
179	369
179	585
179	692
179	799
179	874
179	922
179	935
180	281
180	348
180	427
180	444
180	513
180	609
180	619
180	676
180	719
180	740
180	802
180	865
181	295
181	385
181	447
181	485
181	587
181	622
181	724
181	822
181	907
182	230
182	428
182	530
182	547
182	564
182	572
182	640
182	791
182	818
182	856
182	867
182	935
182	946
183	234
183	490
183	850
183	876
183	915
183	921
183	932
184	291
184	389
184	522
184	603
184	614
184	653
184	683
184	702
185	264
185	320
185	405
185	501
185	507
185	573
185	595
185	665
185	669
185	750
185	773
185	837
185	902
185	1341
186	707
186	797
186	835
186	886
186	1069
187	230
187	409
187	523
187	603
187	651
188	214
188	349
188	528
188	1532
189	302
189	466
189	480
189	533
189	649
189	737
189	790
189	799
189	971
189	995
190	204
190	210
190	407
190	930
190	968
191	305
191	378
191	420
191	702
191	903
191	904
192	258
192	311
192	355
192	460
192	755
192	784
192	813
192	864
192	963
193	292
193	299
193	312
193	660
193	723
193	872
193	883
193	895
194	301
194	325
194	615
194	631
194	744
194	794
195	446
195	472
195	492
195	626
195	675
196	423
196	517
196	560
196	715
196	765
196	773
196	826
197	228
197	337
197	505
197	583
197	621
197	703
197	765
197	784
197	840
197	879
197	970
197	975
198	672
198	877
199	307
199	319
199	361
199	405
199	412
199	517
199	523
199	599
199	877
199	970
200	221
200	449
200	567
200	629
201	234
201	277
201	410
201	466
201	507
201	521
201	645
201	678
201	709
201	787
201	797
201	938
202	263
202	273
202	293
202	346
202	481
202	504
202	666
202	729
202	782
202	899
202	947
203	413
203	465
203	540
203	767
203	941
204	352
204	391
204	477
204	481
204	512
204	771
204	897
205	263
205	305
205	457
205	538
205	539
205	842
206	213
206	240
206	305
206	414
206	438
206	463
206	847
206	915
206	1572
207	259
207	542
207	670
207	699
207	847
207	961
208	318
208	397
208	419
208	871
209	253
209	431
209	493
209	648
209	665
209	718
209	907
209	951
210	249
210	289
210	485
210	595
210	703
210	736
210	928
210	933
210	947
211	367
211	925
212	226
212	261
212	268
212	273
212	346
212	393
212	422
212	489
212	683
212	804
212	859
212	933
213	241
213	247
213	316
213	461
213	475
213	518
213	759
213	940
213	1782
214	445
214	454
214	474
214	571
214	751
214	813
214	853
215	238
215	325
215	492
215	499
215	530
215	625
215	658
215	833
216	400
216	460
216	530
216	815
216	834
216	904
217	229
217	274
217	301
217	350
217	369
217	417
217	430
217	566
217	693
217	812
217	818
217	894
218	355
218	370
218	386
218	619
218	660
218	726
218	744
218	846
218	849
218	897
218	925
218	944
219	244
219	269
219	444
219	445
219	585
219	633
219	648
219	776
219	913
219	938
220	239
220	275
220	291
220	293
220	460
220	465
220	567
220	643
220	711
220	810
220	814
220	891
221	249
221	379
221	563
221	634
221	671
221	715
221	755
221	952
222	260
222	295
222	363
222	443
222	447
222	527
222	793
222	815
222	847
222	877
223	356
223	453
223	686
223	780
223	840
223	945
224	228
224	260
224	299
224	558
224	622
224	767
225	297
225	495
225	757
225	798
225	890
225	926
226	314
226	397
226	577
227	410
227	573
227	720
227	739
228	293
228	521
228	605
228	612
228	705
228	756
228	822
228	850
228	898
229	288
229	309
229	469
229	534
229	541
229	700
229	813
229	851
230	291
230	384
230	445
230	487
230	653
230	723
230	790
230	872
231	265
231	416
231	455
231	561
231	582
231	743
231	903
232	419
232	462
232	482
232	507
232	617
232	706
232	767
232	958
233	360
233	500
233	634
233	790
233	819
233	954
233	985
234	315
234	319
234	466
234	489
234	562
234	607
234	672
234	677
234	699
234	732
234	802
234	957
235	244
235	268
235	430
235	439
235	589
235	596
235	778
235	831
236	295
236	442
236	460
236	487
236	634
236	777
236	806
236	835
236	850
236	925
236	929
237	253
237	308
237	417
237	468
237	488
237	612
237	697
237	809
238	424
238	485
238	492
238	584
238	661
238	709
238	937
239	295
239	516
239	604
239	625
239	656
239	762
239	812
239	869
239	944
240	292
240	336
240	339
240	419
240	657
240	666
240	695
240	700
240	794
240	797
240	874
240	896
240	946
241	243
241	434
241	507
241	699
241	743
241	811
241	833
241	848
241	984
242	322
242	496
242	514
242	582
242	585
242	588
242	614
242	620
242	723
243	293
243	495
243	519
243	536
243	582
243	602
243	667
243	757
243	788
243	863
243	882
243	997
244	473
244	574
244	636
244	681
244	750
244	778
244	817
244	842
244	937
244	981
245	292
245	478
245	549
245	552
245	573
245	821
245	824
245	877
245	881
245	889
245	984
245	1566
246	362
246	473
246	784
246	805
247	398
247	464
247	497
247	522
247	891
248	269
248	603
248	645
248	834
248	916
249	265
249	599
249	810
249	834
250	327
250	379
250	437
250	482
250	487
250	653
250	656
250	808
250	845
251	265
251	313
251	367
251	539
251	675
251	735
251	908
251	979
252	396
252	468
252	542
252	598
252	652
252	727
252	730
252	732
252	778
252	809
252	812
253	269
253	304
253	458
253	499
253	512
253	724
254	347
254	458
254	473
254	691
254	706
254	763
254	764
254	850
254	922
255	270
255	278
255	286
255	371
255	443
255	518
255	578
255	950
255	974
256	444
256	577
256	680
256	685
256	686
256	909
257	396
257	800
257	988
258	259
258	344
258	490
258	781
258	815
258	845
258	868
259	303
259	320
259	344
259	357
259	408
259	463
259	471
259	554
259	804
259	809
259	825
259	989
260	276
260	437
260	445
260	501
260	634
260	697
260	816
260	892
260	898
260	961
261	557
261	728
261	947
261	994
262	266
262	568
262	847
262	924
263	561
263	627
263	757
263	816
263	837
263	860
263	899
264	333
264	401
264	566
264	774
264	784
265	416
265	452
265	471
265	720
265	894
265	904
266	283
266	692
266	725
266	856
266	860
266	867
266	908
266	959
266	1182
267	344
267	390
267	450
267	515
267	832
267	952
268	454
268	483
268	494
268	551
268	564
268	595
268	731
268	749
268	816
268	920
268	936
268	967
269	409
269	411
269	415
269	424
269	445
269	482
269	555
269	650
269	971
270	354
270	455
270	662
270	743
270	753
270	782
270	828
271	449
271	495
271	652
271	655
271	736
271	776
271	801
271	977
271	988
272	413
272	422
272	570
272	577
272	696
272	707
272	776
272	795
272	958
273	404
273	669
273	697
273	763
273	896
273	937
273	961
273	982
274	404
274	665
274	677
274	734
274	875
274	1615
275	346
275	355
275	448
275	464
275	479
275	527
275	612
275	619
275	635
275	853
275	872
276	320
276	407
276	752
276	839
276	907
276	911
276	963
277	320
277	510
277	548
277	571
277	690
278	282
278	339
278	402
278	632
278	761
278	801
278	947
278	997
279	319
279	572
279	926
279	972
279	986
279	1800
280	472
280	474
280	643
280	664
280	695
281	317
281	409
281	502
281	541
281	680
281	733
281	785
281	828
281	994
282	300
282	312
282	369
282	445
282	571
282	724
282	762
282	912
282	981
283	494
283	570
283	609
283	835
283	889
284	314
284	577
284	784
284	914
285	318
285	462
285	509
285	526
285	828
285	858
285	867
285	934
285	942
285	953
286	471
286	598
286	670
286	839
286	878
286	881
286	948
287	409
287	415
287	497
287	553
287	682
287	810
288	311
288	349
288	451
288	681
288	938
288	952
288	977
288	990
289	640
289	654
289	869
289	879
289	989
290	300
290	410
290	463
290	494
290	724
290	800
290	824
290	956
290	966
291	390
291	510
291	719
291	755
291	768
291	847
291	946
291	958
292	484
292	617
292	711
292	965
293	537
293	623
293	647
293	668
293	827
293	921
293	985
294	556
294	585
294	592
294	616
294	626
294	673
294	847
294	1529
295	297
295	322
295	504
295	512
295	572
295	596
295	635
295	780
295	895
296	390
296	512
296	696
296	698
296	752
296	926
297	402
297	433
297	467
297	543
297	592
297	661
297	776
297	868
297	988
298	342
298	491
298	688
298	793
298	800
298	832
298	966
298	979
299	364
299	509
299	675
299	832
299	858
299	866
300	521
300	572
300	655
300	672
301	315
301	368
301	515
301	720
301	722
302	304
302	701
302	806
302	842
302	862
302	938
303	464
303	497
303	698
303	926
304	349
304	398
304	442
304	444
304	637
304	737
304	744
304	808
304	957
305	393
305	426
305	567
305	612
305	796
305	818
305	827
305	863
305	900
306	392
306	414
306	526
306	544
306	653
306	681
306	843
307	478
307	746
307	996
307	999
308	419
308	655
308	669
308	675
308	717
309	478
309	571
309	578
309	917
310	328
310	395
310	467
310	502
310	613
310	620
310	635
310	653
310	781
310	799
310	812
310	965
310	998
311	320
311	362
311	465
311	479
311	533
311	694
311	770
311	815
312	478
312	624
312	789
312	854
312	858
313	481
313	482
313	562
313	630
313	736
313	899
313	929
314	354
314	450
314	473
314	509
314	603
314	613
314	629
314	709
315	402
315	528
315	550
315	581
315	592
315	664
315	721
315	761
316	387
316	434
316	471
316	495
316	637
316	776
316	789
317	319
317	334
317	358
317	420
317	582
317	712
317	746
317	860
318	391
318	571
318	589
318	717
318	772
318	820
318	922
318	981
319	359
319	608
319	673
319	878
319	910
319	976
320	338
320	388
320	389
320	405
320	450
320	535
320	653
320	729
320	857
321	431
321	465
321	479
321	508
321	685
321	926
322	407
322	461
322	762
322	824
322	874
322	887
323	609
323	781
324	407
324	526
324	617
324	659
324	964
324	972
325	402
325	811
325	837
325	896
325	939
325	977
326	341
326	379
326	428
326	512
326	514
326	740
326	841
326	892
327	360
327	647
327	681
327	742
327	758
327	812
327	852
328	376
328	409
328	476
328	485
328	503
328	692
328	817
328	839
328	851
328	910
328	940
329	461
329	477
329	504
329	517
329	538
329	581
329	618
329	633
329	712
329	728
329	816
329	898
329	934
330	487
330	557
330	684
330	902
331	347
331	353
331	511
331	776
331	819
331	957
332	407
332	424
332	530
332	577
332	778
332	843
332	990
333	445
333	762
333	896
333	1884
334	392
334	463
334	486
334	757
334	798
334	859
334	915
334	995
335	347
335	466
335	567
335	690
335	730
335	863
335	885
335	928
336	350
336	357
336	363
336	424
336	562
336	765
336	791
336	910
336	993
336	999
336	1192
337	463
337	684
337	709
337	715
337	768
337	874
337	940
337	984
338	547
338	587
338	662
338	682
338	721
338	804
338	931
338	964
339	421
339	471
339	493
339	890
339	982
340	504
340	624
340	664
340	667
340	795
340	829
340	830
340	946
340	993
341	686
341	809
342	382
342	389
342	502
342	554
342	610
342	778
342	811
342	889
343	371
343	454
343	657
343	917
344	566
344	623
344	762
344	773
344	780
344	939
345	347
345	369
345	446
345	476
345	564
345	605
345	650
345	661
345	677
345	754
345	892
345	937
346	386
346	473
346	481
346	590
346	615
346	643
346	726
346	763
346	828
346	874
346	912
347	608
347	620
347	791
347	919
348	372
348	376
348	426
348	488
348	683
349	391
349	431
349	438
349	449
349	505
349	524
349	913
349	916
350	506
350	566
350	641
350	703
350	864
350	956
350	992
351	358
351	425
351	477
351	507
351	584
351	834
352	411
352	471
352	647
352	685
352	767
352	820
352	927
353	605
353	789
353	861
353	928
354	442
354	750
354	771
354	879
354	999
355	440
355	484
355	576
355	724
355	730
355	748
356	381
356	505
356	559
356	746
356	902
357	441
357	506
357	522
357	527
357	585
357	696
357	698
357	701
357	724
357	740
357	877
357	1349
358	512
358	643
358	721
358	804
358	808
358	844
358	857
358	882
358	911
358	925
358	939
358	969
359	364
359	467
359	505
359	520
359	598
359	704
359	794
359	796
359	956
359	974
360	387
360	555
360	643
360	859
361	404
361	643
361	986
361	1156
362	516
362	660
362	676
362	766
362	784
362	796
362	809
362	845
362	899
362	953
363	430
363	457
363	579
363	604
363	624
363	648
363	726
363	865
363	905
363	960
364	445
364	508
364	609
364	873
364	882
365	501
365	622
365	760
365	803
365	878
365	969
366	527
366	562
366	793
366	961
366	964
366	999
367	496
367	507
367	736
367	878
367	926
367	998
368	388
368	503
368	559
368	566
368	716
368	739
368	886
368	891
369	444
369	577
369	758
369	895
369	914
369	962
370	384
370	421
370	455
370	612
370	703
370	857
370	900
370	931
371	468
371	497
371	594
371	613
371	631
371	649
371	779
371	780
371	901
372	468
372	494
372	495
372	521
372	569
372	603
372	723
372	852
373	416
373	442
373	444
373	469
373	582
373	768
373	769
373	829
373	861
373	879
373	895
374	458
374	521
374	573
374	618
374	748
374	863
375	420
375	434
375	458
375	744
376	423
376	443
376	643
377	437
377	516
377	521
377	564
377	641
377	768
377	769
377	787
377	908
377	960
377	970
377	1701
378	451
378	610
378	640
378	678
378	690
378	698
378	742
378	753
378	950
379	386
379	446
379	519
379	603
379	609
379	767
379	871
380	636
380	705
380	846
381	519
381	568
381	584
381	620
381	712
381	736
381	779
381	806
381	812
381	921
381	981
381	997
382	437
382	557
382	924
383	525
383	724
384	427
384	485
384	502
384	681
384	936
385	456
385	672
385	795
385	909
385	989
386	394
386	467
386	569
386	586
386	697
386	736
386	783
386	816
387	454
387	673
387	760
387	871
387	915
388	478
388	546
388	663
388	789
388	846
388	971
389	441
389	484
389	491
389	640
389	684
389	752
389	789
389	933
389	984
390	393
390	446
390	535
390	546
390	703
390	803
390	878
390	885
390	956
390	977
391	430
391	542
391	629
391	881
391	885
391	904
391	926
392	576
392	656
392	787
392	810
392	960
392	1040
393	402
393	518
393	741
393	779
393	816
393	893
394	418
394	444
394	538
394	580
394	733
394	736
394	778
394	903
394	910
394	948
395	444
395	561
395	562
395	672
395	735
395	772
395	827
395	998
396	589
396	620
396	668
396	828
396	857
396	867
396	912
396	985
397	420
397	479
397	667
397	675
397	768
397	773
397	841
397	846
397	971
398	570
398	636
398	645
398	647
398	667
398	673
398	686
398	761
398	887
398	966
399	548
399	615
399	634
399	828
399	859
399	988
399	1826
400	463
400	473
400	595
400	947
400	968
401	531
401	638
401	961
402	490
402	587
402	616
402	748
402	780
402	932
402	1604
403	440
403	515
403	589
403	742
403	798
403	810
403	991
403	1641
404	470
404	484
404	512
404	657
404	668
404	670
404	852
404	855
405	415
405	452
405	453
405	560
405	575
405	631
405	634
405	639
405	729
405	783
406	422
406	718
407	458
407	691
407	808
407	816
407	964
408	439
408	483
408	752
408	764
408	806
408	843
408	873
408	955
408	982
409	481
409	534
409	610
409	636
409	854
409	924
410	643
410	650
410	779
410	796
410	953
410	1196
411	439
411	485
411	738
411	743
411	836
411	897
411	954
411	994
412	419
412	447
412	503
412	515
412	759
412	763
412	793
412	854
412	874
412	896
412	917
412	925
412	995
413	454
413	560
413	777
413	964
413	982
413	989
414	509
414	513
414	691
414	886
414	954
415	435
415	525
415	689
415	744
415	820
415	881
415	971
416	451
416	537
416	557
416	665
416	697
416	709
416	751
416	801
416	1804
417	515
417	549
417	631
417	679
417	826
417	830
417	901
417	972
418	474
418	504
418	570
418	572
418	614
418	652
418	809
418	857
419	459
419	507
419	544
419	836
419	968
419	980
420	647
420	789
420	915
420	977
420	993
421	726
421	856
421	910
421	915
421	949
421	977
422	436
422	441
422	737
422	797
422	923
422	998
423	447
423	457
423	539
423	643
423	660
423	669
423	738
423	807
423	826
423	932
424	548
424	557
424	609
424	636
424	736
424	983
425	574
425	664
425	678
425	945
426	489
426	555
426	558
426	574
426	649
426	806
427	443
427	463
427	502
427	709
427	763
427	769
427	854
427	873
427	876
427	942
427	980
428	442
428	472
428	715
429	444
429	537
429	628
429	706
429	733
429	844
429	853
429	889
429	914
430	476
431	550
431	674
431	757
431	869
431	893
432	713
432	854
432	880
432	922
433	457
433	491
433	526
433	659
433	677
433	723
433	734
434	543
434	601
434	753
434	757
434	924
435	512
435	629
435	710
436	538
436	541
436	555
436	731
436	741
436	786
436	851
436	933
437	718
438	489
438	549
438	697
438	895
438	944
439	548
439	631
439	680
439	811
439	823
439	932
440	441
440	544
440	550
440	578
440	668
440	698
440	821
440	923
441	489
441	530
441	579
441	678
441	760
441	838
442	579
442	660
442	712
442	771
442	821
442	878
442	897
443	463
443	467
443	683
443	723
443	783
443	788
443	855
443	936
444	475
444	516
444	551
444	663
444	717
444	935
445	503
446	519
446	567
446	594
446	645
446	715
446	788
446	844
446	880
446	973
447	449
447	668
447	770
447	838
448	568
448	827
448	840
448	867
448	880
448	890
448	903
448	927
449	500
449	519
449	671
449	705
449	729
449	776
449	812
449	850
449	971
449	1266
450	593
450	945
451	500
451	564
451	785
451	792
451	848
451	865
452	475
452	477
452	822
452	837
452	905
453	480
453	585
453	757
453	770
454	729
454	756
454	781
454	823
454	828
455	656
455	686
455	781
455	859
455	990
456	542
456	607
456	868
456	879
456	934
457	516
457	592
457	742
457	786
457	845
458	480
458	507
458	593
458	653
458	728
458	879
458	892
459	546
459	606
459	751
459	752
459	868
459	1691
460	470
460	690
460	796
460	837
460	896
460	903
461	473
461	510
461	520
461	788
461	940
462	534
462	765
463	590
463	692
463	803
463	813
464	649
464	682
464	735
464	743
464	749
464	772
465	573
465	626
465	651
465	797
465	965
466	606
467	499
467	902
467	962
468	485
468	540
468	658
468	660
468	673
468	718
468	728
468	789
468	882
469	473
469	514
469	521
469	529
469	848
469	957
470	484
470	517
470	736
470	797
470	973
470	993
471	586
471	634
471	646
471	776
471	819
472	531
472	577
472	809
472	879
472	894
473	568
473	676
473	702
473	715
473	781
473	815
473	930
473	954
474	595
474	611
474	628
474	728
474	860
474	919
474	1241
475	614
476	547
476	637
476	684
476	705
476	912
476	985
477	510
477	986
478	519
478	725
478	780
479	517
479	640
479	866
479	941
480	552
480	588
480	592
480	599
480	624
480	719
481	502
481	692
481	947
482	555
482	916
483	522
483	591
483	706
483	888
483	904
483	924
483	989
484	533
484	656
484	798
484	858
484	938
484	981
485	506
485	585
485	686
485	713
485	723
485	724
485	867
485	945
485	948
486	712
486	777
486	870
486	1165
487	537
487	844
488	689
488	741
488	780
488	863
489	497
489	499
489	529
489	595
489	663
489	728
489	800
489	882
490	491
490	530
490	620
490	696
490	726
490	751
490	758
490	900
490	918
490	978
491	638
491	657
491	714
491	796
491	948
492	627
492	877
492	915
492	978
492	993
493	526
493	584
493	612
493	766
493	806
493	839
493	890
493	933
493	953
493	993
494	671
494	690
494	834
494	848
494	858
494	980
495	544
495	633
495	640
495	794
495	814
495	870
495	881
496	525
496	531
496	569
496	581
496	616
497	550
497	585
497	804
497	871
497	900
498	546
498	635
498	723
499	523
499	586
499	765
499	804
499	818
499	889
499	935
499	970
500	704
500	766
500	816
500	883
501	588
501	653
501	680
501	861
501	920
502	571
502	736
502	745
502	807
502	858
502	911
502	920
502	985
503	511
503	607
503	720
503	756
503	864
504	600
504	678
504	686
504	734
504	834
504	910
504	944
505	537
505	634
505	674
505	941
505	952
506	664
506	686
506	721
506	834
506	955
506	995
507	570
507	611
507	778
507	861
507	900
507	902
507	939
507	1934
508	515
508	601
508	623
508	658
508	670
508	782
508	860
508	917
508	973
508	984
508	987
509	537
509	722
509	726
509	755
509	836
509	906
509	1393
510	517
510	684
510	746
510	769
510	945
511	746
511	751
511	848
511	881
512	529
512	636
512	659
512	675
512	676
512	697
512	959
513	517
513	651
513	690
513	753
513	956
513	990
514	519
514	632
514	671
514	806
514	844
514	847
514	888
514	909
515	638
515	708
515	847
515	961
516	536
516	557
516	806
516	835
516	870
517	543
517	599
517	600
517	614
517	787
518	652
518	765
518	866
518	919
518	985
519	708
519	803
519	849
519	908
520	608
520	860
520	870
520	1169
521	985
522	535
522	610
522	752
522	756
522	808
522	848
523	813
523	866
523	950
523	1205
524	544
524	737
524	788
525	804
525	881
526	547
526	662
526	686
526	888
526	925
526	976
527	547
527	618
527	641
527	703
527	751
527	857
527	882
527	920
528	681
528	682
528	720
528	784
528	800
528	1921
530	594
530	751
530	834
530	1032
531	592
531	962
532	556
533	556
533	618
533	889
533	990
534	640
534	674
534	690
534	691
534	692
534	763
534	852
535	536
535	611
535	690
535	781
535	908
535	917
535	985
535	999
536	585
536	803
536	927
536	949
536	964
537	688
537	703
538	551
538	731
538	787
538	800
538	807
538	905
538	981
538	983
539	760
539	780
539	887
539	928
540	570
540	587
540	820
540	828
541	546
541	592
541	696
541	797
541	923
542	656
542	756
542	776
542	966
543	746
543	889
543	927
543	930
543	980
543	1571
544	934
544	979
545	553
545	698
545	721
546	596
546	782
546	862
546	867
546	892
546	903
546	958
547	642
547	682
547	862
547	934
547	963
547	984
548	550
548	653
548	667
548	787
548	807
548	913
548	962
548	979
548	990
548	991
549	718
549	722
549	865
550	711
550	783
550	825
550	835
550	877
551	589
551	772
551	966
552	579
552	836
552	962
552	963
553	597
553	600
553	625
553	715
553	772
553	855
553	888
554	647
554	770
554	816
554	835
554	844
554	879
554	887
555	707
555	742
555	746
555	785
555	821
556	821
556	961
557	713
557	834
557	873
558	584
558	616
558	679
558	766
558	791
558	794
558	859
558	890
558	997
559	909
559	938
560	589
560	677
560	678
560	722
560	823
560	939
561	581
561	959
561	995
562	690
562	691
562	720
562	749
562	760
562	827
563	570
563	610
563	803
563	905
564	608
564	620
564	772
564	782
565	619
565	652
565	680
566	585
566	715
566	736
566	763
566	826
566	869
566	927
567	624
567	790
567	812
567	955
568	578
568	596
568	740
568	843
568	985
569	753
570	615
570	820
570	921
570	925
571	581
571	640
571	719
571	792
571	985
572	596
572	598
572	694
572	700
572	717
572	932
572	1608
573	599
573	657
573	954
573	995
574	610
574	636
574	701
574	807
574	888
575	815
575	855
575	902
575	921
575	943
575	964
575	1819
576	595
576	663
576	747
576	826
576	935
577	661
577	694
577	835
578	619
578	956
579	624
579	651
579	802
579	804
579	815
579	910
579	945
580	662
580	854
580	999
581	845
581	884
581	941
581	993
582	618
582	620
582	654
582	656
582	729
582	883
582	955
582	1583
583	700
583	746
583	955
584	629
584	658
584	777
585	761
586	604
586	632
586	660
586	857
586	883
586	888
587	723
587	870
588	589
588	612
588	622
588	709
588	836
588	865
588	974
589	593
589	604
589	701
589	869
589	922
590	783
591	687
591	774
591	918
591	966
592	791
592	985
593	596
593	830
593	849
593	877
593	979
593	1851
594	633
594	659
594	683
595	681
595	816
595	904
595	912
595	920
596	747
596	774
596	780
596	785
596	788
596	793
597	790
597	882
597	901
597	989
598	926
598	929
598	931
598	948
599	603
599	633
599	711
599	814
599	817
599	973
599	1592
600	605
600	624
600	672
600	783
600	829
600	922
600	953
600	996
600	1261
601	676
601	758
601	771
601	830
601	961
602	716
602	736
602	938
602	949
602	957
602	978
602	984
603	938
604	690
604	780
604	796
604	802
604	1266
605	668
605	709
606	833
606	852
606	856
606	875
606	919
606	954
607	698
607	705
607	753
608	631
608	700
608	996
609	724
609	731
609	775
609	831
610	732
610	819
610	897
611	652
611	697
611	767
611	796
611	810
611	818
611	899
612	939
612	997
613	691
613	694
613	873
613	988
614	668
614	784
614	798
614	808
614	912
614	998
615	653
615	778
615	856
615	906
615	996
616	845
616	910
617	666
617	717
617	846
617	857
617	871
617	883
617	982
617	993
618	633
618	714
618	788
618	861
619	684
619	797
619	835
619	841
619	885
620	652
620	706
621	677
621	737
621	860
621	880
621	892
621	893
621	989
622	667
622	933
623	714
623	724
624	648
625	676
625	782
625	848
626	735
626	744
626	812
626	1372
627	939
628	701
628	917
629	703
629	710
629	845
630	670
630	911
630	962
630	1781
631	680
631	702
631	763
631	842
631	913
632	693
632	702
632	837
632	915
633	715
633	765
633	829
633	869
633	872
634	834
634	946
634	958
635	751
635	801
635	825
635	837
635	912
635	969
636	640
636	678
636	692
636	735
636	745
636	894
636	918
637	685
637	720
638	804
638	859
638	886
639	749
639	758
639	803
639	808
639	823
639	826
639	851
639	1585
639	1857
640	720
640	721
640	843
640	917
641	654
641	844
641	870
641	970
641	983
642	970
642	1048
643	868
643	915
643	972
644	779
644	948
645	716
645	783
645	801
646	662
646	691
646	724
646	732
646	744
646	864
646	885
647	657
647	744
647	755
647	1795
648	712
648	769
648	804
648	916
649	779
649	946
650	786
650	842
650	852
650	897
650	903
650	912
650	916
650	964
652	713
652	717
652	735
652	757
652	931
652	982
653	733
653	874
653	898
653	936
653	961
654	833
654	838
655	765
655	980
656	812
656	831
656	834
656	866
656	937
656	949
657	748
657	811
658	876
658	971
659	948
660	731
660	748
660	966
661	724
661	745
661	797
662	724
662	746
662	858
662	929
662	935
662	972
662	1265
663	671
663	796
664	677
664	821
665	764
665	778
665	801
665	813
665	1309
666	798
666	887
667	752
668	1591
669	943
670	672
670	736
670	741
670	914
670	993
671	712
671	723
671	822
671	933
671	949
671	998
672	760
672	785
672	919
672	957
673	684
673	733
673	928
674	692
674	812
674	813
675	721
675	750
675	778
676	930
677	919
677	928
678	695
678	741
678	753
679	684
679	713
679	873
679	974
680	723
680	761
680	877
680	943
680	962
681	814
681	851
681	858
681	940
682	705
682	769
682	815
682	874
683	721
683	726
683	811
683	920
683	931
684	851
684	930
684	994
685	753
685	812
686	784
686	996
687	689
687	821
688	805
688	806
688	916
689	864
689	877
689	886
689	945
689	971
690	764
690	923
691	702
691	782
691	786
691	789
691	813
691	931
691	944
692	706
692	739
692	878
692	894
692	936
692	1334
693	975
693	1809
694	761
694	767
695	704
695	808
695	963
695	1127
696	721
696	943
696	985
697	730
698	791
698	940
698	997
699	906
700	845
700	955
701	762
701	779
701	787
701	802
701	812
702	747
702	867
702	893
702	935
703	775
703	988
704	778
704	846
704	854
704	955
705	751
705	838
705	846
705	847
705	918
705	998
706	713
706	720
706	796
706	939
707	764
707	791
707	883
707	890
708	947
708	959
708	981
709	747
709	764
709	804
709	806
709	913
710	777
710	919
711	714
711	795
711	885
712	751
713	722
714	819
714	832
714	935
715	863
716	876
716	992
716	1150
717	855
718	725
718	795
718	824
718	836
719	1304
720	846
720	909
720	957
720	978
721	790
721	792
721	813
721	819
721	823
721	843
722	747
722	777
722	822
722	882
722	950
722	990
723	905
723	909
723	992
724	741
724	767
724	873
724	898
724	914
725	876
725	915
725	935
725	960
726	768
727	747
727	835
727	992
728	772
728	785
729	793
729	816
729	865
729	900
729	926
730	820
730	833
731	940
732	895
733	815
733	818
733	946
734	823
734	941
734	986
735	737
735	800
735	832
735	874
735	964
735	974
736	887
737	811
737	828
737	842
737	843
737	896
738	758
738	812
739	800
739	856
739	871
740	879
740	988
741	744
741	867
741	952
743	782
743	819
744	875
744	1368
745	899
746	769
748	777
749	796
749	975
749	994
750	791
750	874
750	986
751	792
751	909
751	975
752	767
752	823
753	759
753	769
753	890
753	942
754	796
754	874
754	973
754	991
755	827
755	834
755	881
755	897
756	859
756	920
756	986
758	765
758	905
758	932
759	874
759	971
759	1255
760	824
760	829
760	840
760	877
760	899
760	989
761	789
761	835
761	934
762	919
762	935
763	790
763	922
763	1505
764	838
764	851
765	839
765	856
766	813
766	820
766	826
767	823
767	856
767	939
768	783
768	840
769	833
769	988
770	851
770	887
770	890
770	892
772	872
772	885
772	987
773	796
773	854
773	920
774	810
774	857
774	930
775	886
775	931
776	782
776	874
776	876
778	834
779	788
779	854
779	920
779	934
779	941
779	962
780	794
780	859
780	911
781	806
781	876
781	880
782	826
782	893
782	911
783	785
783	943
785	970
787	949
788	865
788	896
788	897
789	850
789	876
789	895
789	910
789	942
790	817
790	885
790	997
791	999
792	799
793	848
793	854
793	865
793	946
793	986
793	1255
795	878
795	941
795	983
796	807
797	944
797	970
797	974
797	985
798	818
798	931
798	1027
799	822
799	876
799	933
799	974
799	984
799	994
799	1366
800	958
802	854
802	923
804	808
804	851
804	918
805	882
806	1649
807	815
807	943
807	976
808	1233
809	844
810	825
811	943
812	823
812	847
812	863
812	886
812	951
812	955
813	943
814	838
814	936
814	937
815	864
815	926
815	950
816	978
816	1386
817	824
817	882
817	917
817	952
818	922
819	820
819	875
819	931
820	937
820	969
820	993
821	825
821	968
823	920
823	922
823	969
823	1510
824	852
824	868
824	950
825	900
825	986
826	832
826	838
826	839
827	871
827	964
827	979
827	1873
828	840
829	945
829	1308
830	848
830	936
831	838
831	898
831	985
832	870
832	875
832	887
832	905
832	923
835	917
836	863
836	905
837	864
837	982
838	915
839	851
839	861
839	895
839	928
839	990
840	909
840	929
841	889
841	893
841	897
841	938
843	891
844	845
845	858
845	918
846	1282
848	895
848	939
849	853
850	892
850	918
851	1699
853	861
853	899
853	924
853	945
855	999
856	887
856	910
856	946
857	907
857	920
857	953
858	941
859	885
860	877
860	967
861	875
861	967
862	888
862	937
863	911
865	872
866	917
866	953
866	997
867	923
867	937
867	966
867	991
870	872
870	993
871	881
871	885
871	968
873	899
873	914
873	916
876	877
877	949
878	899
878	907
878	957
878	1434
879	931
879	993
880	978
881	887
881	888
881	942
883	970
884	1460
885	925
886	917
888	900
888	921
891	899
891	936
892	926
892	994
893	946
893	991
894	964
896	939
896	948
896	1193
897	925
897	975
899	966
901	916
902	1688
903	958
904	933
904	934
904	996
905	949
905	973
905	1531
908	952
909	917
912	939
912	954
913	916
913	985
913	993
914	964
914	966
915	976
916	933
918	966
919	1916
921	1136
922	949
923	1352
926	959
926	985
927	983
928	954
928	956
928	1316
929	957
930	993
932	943
932	980
932	982
935	993
936	962
936	969
937	968
938	949
938	976
938	985
942	953
943	969
943	1401
944	950
947	959
948	956
948	975
950	962
950	1844
954	979
954	994
959	979
959	990
961	966
961	989
967	978
968	1714
969	1866
972	994
978	1277
990	1748
998	1550
1000	1004
1000	1026
1000	1198
1000	1318
1000	1343
1000	1654
1000	1861
1000	1868
1000	1870
1001	1101
1001	1153
1001	1185
1001	1250
1001	1339
1001	1369
1001	1510
1001	1660
1001	1840
1002	1006
1002	1035
1002	1082
1002	1201
1002	1551
1002	1641
1002	1734
1002	1800
1002	1836
1002	1845
1002	1885
1002	1924
1003	1260
1003	1618
1003	1813
1003	1881
1004	1014
1004	1155
1004	1224
1004	1560
1004	1594
1004	1650
1004	1741
1004	1840
1004	1904
1005	1038
1005	1063
1005	1372
1005	1406
1005	1531
1005	1598
1005	1684
1005	1730
1005	1786
1006	1234
1006	1311
1006	1381
1006	1397
1006	1507
1006	1541
1006	1697
1006	1711
1006	1851
1006	1985
1007	1360
1007	1541
1007	1574
1007	1670
1007	1752
1007	1845
1007	1885
1007	1919
1007	1926
1007	1959
1008	1039
1008	1085
1008	1216
1008	1263
1008	1279
1008	1344
1008	1507
1008	1513
1008	1763
1008	1840
1008	1971
1009	1170
1009	1187
1009	1288
1009	1425
1009	1541
1009	1599
1009	1701
1009	1794
1009	1846
1009	1943
1009	1957
1010	1027
1010	1116
1010	1157
1010	1171
1010	1267
1010	1406
1010	1459
1010	1549
1010	1634
1010	1670
1010	1885
1011	1074
1011	1287
1011	1445
1011	1558
1011	1615
1012	1323
1012	1356
1012	1403
1012	1690
1012	1738
1012	1765
1012	1821
1012	1868
1012	1911
1013	1081
1013	1158
1013	1208
1013	1282
1013	1293
1013	1366
1013	1627
1013	1640
1013	1695
1013	1705
1013	1803
1013	1856
1013	1876
1014	1232
1014	1364
1014	1626
1014	1806
1014	1816
1015	1042
1015	1177
1015	1201
1015	1236
1015	1253
1015	1338
1015	1473
1015	1583
1015	1623
1015	1699
1015	1819
1015	1853
1015	1866
1016	1172
1016	1180
1016	1193
1016	1435
1016	1480
1016	1747
1016	1795
1016	1812
1016	1843
1016	1876
1016	1994
1017	1271
1017	1326
1017	1351
1017	1436
1017	1446
1017	1447
1017	1516
1017	1525
1017	1549
1017	1573
1017	1667
1017	1713
1017	1726
1017	1891
1018	1039
1018	1175
1018	1182
1018	1211
1018	1445
1018	1588
1018	1654
1018	1699
1018	1926
1019	1077
1019	1111
1019	1122
1019	1363
1019	1395
1019	1402
1019	1469
1019	1573
1019	1597
1019	1710
1019	1777
1019	1797
1019	1905
1020	1039
1020	1113
1020	1128
1020	1321
1020	1542
1020	1629
1020	1763
1020	1821
1021	1095
1021	1357
1021	1481
1021	1527
1021	1575
1021	1705
1021	1730
1021	1752
1021	1913
1022	1025
1022	1326
1022	1489
1022	1560
1022	1570
1022	1588
1022	1838
1022	1924
1023	1052
1023	1100
1023	1132
1023	1180
1023	1181
1023	1279
1023	1296
1023	1299
1023	1345
1023	1598
1023	1619
1024	1046
1024	1102
1024	1175
1024	1399
1024	1546
1024	1615
1024	1738
1024	1772
1025	1127
1025	1186
1025	1325
1025	1553
1025	1728
1025	1781
1025	1867
1025	1994
1026	1064
1026	1083
1026	1142
1026	1174
1026	1205
1026	1335
1026	1396
1026	1738
1026	1756
1026	1822
1026	1932
1027	1041
1027	1146
1027	1348
1027	1377
1027	1499
1027	1531
1027	1590
1027	1644
1027	1741
1027	1877
1028	1155
1028	1163
1028	1217
1028	1344
1028	1524
1028	1674
1028	1752
1028	1870
1028	1884
1028	1922
1029	1243
1029	1367
1029	1434
1029	1503
1029	1611
1029	1645
1029	1718
1029	1750
1029	1757
1029	1913
1030	1178
1030	1200
1030	1240
1030	1468
1030	1471
1030	1634
1030	1665
1030	1696
1030	1773
1030	1787
1030	1870
1030	1885
1030	1899
1030	1902
1030	1937
1031	1241
1031	1538
1031	1565
1031	1595
1031	1633
1031	1668
1031	1674
1031	1932
1031	1941
1032	1170
1032	1281
1032	1349
1032	1414
1032	1535
1032	1693
1032	1768
1032	1902
1032	1931
1032	1971
1033	1185
1033	1339
1033	1365
1033	1383
1033	1456
1033	1482
1033	1617
1033	1697
1034	1118
1034	1134
1034	1154
1034	1542
1034	1603
1034	1662
1034	1851
1034	1855
1034	1978
1035	1092
1035	1098
1035	1210
1035	1309
1035	1347
1035	1518
1035	1552
1035	1585
1035	1676
1035	1919
1036	1048
1036	1053
1036	1061
1036	1095
1036	1270
1036	1285
1036	1448
1036	1511
1036	1683
1036	1846
1037	1159
1037	1217
1037	1271
1037	1355
1037	1369
1037	1516
1037	1701
1037	1792
1037	1800
1037	1866
1037	1943
1037	1985
1038	1090
1038	1112
1038	1151
1038	1181
1038	1443
1038	1475
1038	1548
1038	1685
1038	1784
1038	1990
1039	1100
1039	1168
1039	1178
1039	1189
1039	1279
1039	1281
1039	1312
1039	1358
1039	1420
1039	1707
1039	1727
1039	1762
1039	1884
1039	1900
1040	1199
1040	1215
1040	1387
1040	1508
1040	1612
1040	1627
1040	1657
1040	1704
1040	1787
1040	1808
1040	1818
1040	1973
1041	1086
1041	1128
1041	1178
1041	1215
1041	1217
1041	1235
1041	1332
1041	1394
1041	1400
1041	1421
1041	1601
1041	1621
1041	1663
1041	1734
1041	1800
1041	1995
1042	1054
1042	1222
1042	1324
1042	1335
1042	1564
1042	1808
1042	1811
1042	1841
1042	1846
1042	1979
1042	1992
1043	1088
1043	1090
1043	1099
1043	1151
1043	1180
1043	1408
1043	1582
1043	1686
1043	1719
1043	1773
1043	1887
1044	1119
1044	1345
1044	1352
1044	1444
1044	1495
1044	1607
1044	1662
1044	1699
1044	1782
1044	1998
1045	1311
1045	1365
1045	1398
1045	1546
1045	1866
1045	1877
1045	1926
1046	1119
1046	1253
1046	1340
1046	1442
1046	1452
1046	1618
1046	1691
1047	1300
1047	1485
1047	1547
1047	1576
1047	1609
1047	1615
1047	1627
1047	1636
1047	1730
1047	1805
1048	1168
1048	1469
1048	1523
1048	1564
1048	1590
1048	1812
1048	1930
1048	1959
1049	1154
1049	1770
1049	1803
1050	1186
1050	1202
1050	1265
1050	1391
1050	1557
1050	1754
1050	1782
1051	1088
1051	1118
1051	1125
1051	1134
1051	1170
1051	1173
1051	1225
1051	1453
1051	1587
1051	1630
1051	1653
1051	1655
1051	1693
1051	1785
1051	1790
1052	1263
1052	1300
1052	1326
1052	1460
1052	1465
1052	1531
1052	1817
1053	1066
1053	1233
1053	1309
1053	1324
1053	1387
1053	1470
1053	1519
1053	1597
1053	1598
1053	1673
1053	1682
1053	1713
1053	1764
1053	1874
1053	1946
1054	1766
1054	1881
1054	1996
1055	1137
1055	1512
1055	1559
1055	1605
1055	1639
1055	1778
1055	1892
1056	1235
1056	1385
1056	1399
1056	1562
1056	1704
1057	1124
1057	1250
1057	1303
1057	1356
1057	1360
1057	1661
1058	1854
1059	1160
1059	1168
1059	1184
1059	1258
1059	1381
1059	1439
1059	1461
1059	1494
1059	1522
1059	1662
1059	1679
1059	1828
1059	1845
1059	1886
1059	1947
1059	1968
1060	1151
1060	1188
1060	1214
1060	1228
1060	1292
1060	1386
1060	1500
1060	1609
1061	1122
1061	1156
1061	1220
1061	1280
1061	1317
1061	1332
1061	1360
1061	1382
1061	1451
1061	1501
1061	1537
1061	1611
1061	1672
1061	1749
1061	1802
1061	1975
1062	1103
1062	1146
1062	1200
1062	1230
1062	1238
1062	1352
1062	1367
1062	1391
1062	1593
1062	1595
1062	1694
1062	1742
1062	1754
1062	1798
1062	1961
1063	1150
1063	1349
1063	1393
1063	1458
1063	1494
1063	1516
1063	1527
1063	1548
1063	1579
1063	1828
1063	1868
1063	1997
1064	1080
1064	1200
1064	1211
1064	1439
1064	1524
1064	1645
1064	1813
1065	1090
1065	1165
1065	1205
1065	1441
1065	1452
1065	1607
1065	1680
1065	1726
1065	1755
1065	1788
1065	1836
1065	1993
1066	1109
1066	1136
1066	1156
1066	1233
1066	1522
1066	1549
1066	1714
1066	1914
1067	1088
1067	1093
1067	1182
1067	1308
1067	1485
1067	1540
1067	1842
1068	1131
1068	1137
1068	1298
1068	1535
1068	1584
1068	1616
1068	1815
1068	1864
1068	1963
1069	1086
1069	1132
1069	1150
1069	1257
1069	1324
1069	1535
1069	1539
1069	1684
1069	1691
1069	1715
1069	1741
1069	1912
1069	1972
1070	1130
1070	1176
1070	1194
1070	1369
1070	1405
1070	1544
1070	1643
1070	1809
1070	1855
1070	1982
1071	1087
1071	1232
1071	1256
1071	1407
1071	1560
1071	1622
1071	1645
1071	1733
1071	1828
1072	1322
1072	1475
1072	1577
1072	1604
1072	1664
1072	1777
1072	1792
1072	1931
1073	1136
1073	1201
1073	1206
1073	1326
1073	1366
1073	1552
1073	1727
1073	1746
1073	1798
1073	1859
1073	1906
1073	1929
1074	1185
1074	1319
1074	1440
1074	1521
1074	1548
1074	1595
1074	1621
1074	1625
1074	1866
1074	1871
1074	1951
1074	1980
1074	1988
1075	1354
1075	1633
1075	1645
1075	1693
1075	1807
1076	1170
1076	1295
1076	1310
1076	1663
1076	1757
1076	1790
1076	1896
1077	1104
1077	1146
1077	1279
1077	1305
1077	1456
1077	1468
1077	1550
1077	1846
1077	1852
1077	1902
1078	1085
1078	1243
1078	1347
1078	1375
1078	1447
1078	1499
1078	1616
1078	1688
1078	1692
1078	1711
1078	1752
1078	1862
1079	1257
1079	1317
1079	1430
1079	1920
1079	1956
1079	1959
1080	1091
1080	1138
1080	1334
1080	1541
1080	1776
1080	1830
1081	1107
1081	1189
1081	1286
1081	1475
1081	1739
1081	1990
1082	1170
1082	1394
1082	1825
1082	1834
1082	1873
1082	1881
1083	1111
1083	1261
1083	1302
1083	1348
1083	1407
1083	1420
1083	1449
1083	1523
1083	1598
1083	1629
1083	1700
1083	1732
1084	1095
1084	1137
1084	1205
1084	1211
1084	1377
1084	1400
1084	1456
1084	1827
1084	1852
1084	1895
1085	1103
1085	1223
1085	1406
1085	1440
1085	1548
1085	1586
1085	1687
1085	1724
1085	1897
1086	1199
1086	1202
1086	1228
1086	1359
1086	1363
1086	1671
1086	1673
1086	1686
1086	1729
1086	1766
1086	1771
1086	1789
1086	1965
1086	1978
1087	1391
1087	1528
1087	1603
1087	1664
1087	1881
1087	1885
1088	1092
1088	1225
1088	1249
1088	1287
1088	1441
1088	1609
1088	1665
1088	1790
1088	1842
1089	1104
1089	1122
1089	1233
1089	1317
1089	1350
1089	1415
1089	1652
1089	1815
1089	1844
1089	1906
1089	1927
1089	1939
1090	1108
1090	1147
1090	1227
1090	1414
1090	1506
1090	1547
1090	1661
1090	1699
1090	1711
1090	1768
1090	1883
1090	1970
1090	1975
1091	1268
1091	1449
1091	1472
1091	1476
1091	1524
1091	1525
1091	1678
1091	1741
1091	1882
1092	1221
1092	1329
1092	1482
1092	1521
1092	1802
1092	1828
1092	1897
1092	1961
1093	1204
1093	1401
1093	1412
1093	1508
1093	1518
1093	1551
1093	1608
1093	1624
1093	1900
1093	1957
1093	1992
1093	1995
1094	1114
1094	1377
1094	1386
1094	1480
1094	1495
1094	1701
1094	1812
1094	1965
1095	1121
1095	1287
1095	1318
1095	1441
1095	1467
1095	1488
1095	1532
1095	1551
1095	1564
1095	1611
1095	1614
1095	1657
1095	1777
1096	1256
1096	1377
1096	1416
1096	1452
1096	1507
1096	1735
1096	1738
1096	1805
1096	1820
1096	1859
1096	1922
1097	1137
1097	1360
1097	1633
1097	1723
1097	1735
1097	1942
1098	1149
1098	1428
1098	1713
1098	1721
1098	1745
1098	1848
1098	1948
1099	1299
1099	1382
1099	1420
1099	1485
1099	1529
1099	1574
1099	1734
1099	1765
1099	1794
1099	1843
1099	1862
1100	1206
1100	1455
1100	1612
1100	1633
1100	1703
1100	1704
1100	1715
1100	1836
1100	1895
1101	1147
1101	1165
1101	1199
1101	1239
1101	1314
1101	1359
1101	1484
1101	1655
1101	1678
1101	1698
1101	1809
1101	1830
1101	1912
1102	1515
1102	1744
1102	1761
1102	1940
1102	1976
1102	1992
1103	1230
1103	1274
1103	1334
1103	1348
1103	1364
1103	1443
1103	1631
1103	1657
1103	1666
1103	1671
1103	1673
1103	1888
1103	1905
1103	1917
1103	1954
1104	1123
1104	1287
1104	1312
1104	1485
1104	1500
1104	1515
1104	1553
1104	1701
1105	1139
1105	1319
1105	1533
1105	1616
1105	1622
1105	1634
1105	1665
1105	1697
1105	1879
1105	1944
1105	1955
1105	1965
1106	1107
1106	1368
1106	1569
1106	1678
1106	1688
1106	1846
1106	1988
1107	1142
1107	1151
1107	1157
1107	1201
1107	1261
1107	1360
1107	1550
1107	1764
1107	1802
1107	1973
1108	1163
1108	1518
1108	1560
1108	1651
1108	1705
1108	1737
1108	1768
1108	1819
1108	1820
1108	1881
1108	1960
1109	1173
1109	1279
1109	1311
1109	1320
1109	1351
1109	1391
1109	1526
1109	1569
1109	1574
1109	1762
1109	1766
1109	1808
1109	1911
1110	1139
1110	1214
1110	1391
1110	1432
1110	1452
1110	1531
1110	1668
1111	1118
1111	1259
1111	1286
1111	1495
1111	1725
1111	1740
1111	1757
1111	1776
1111	1782
1111	1868
1111	1921
1112	1284
1112	1363
1112	1406
1112	1596
1112	1600
1112	1713
1112	1731
1112	1873
1112	1939
1113	1140
1113	1196
1113	1324
1113	1352
1113	1473
1113	1559
1113	1714
1114	1200
1114	1309
1114	1388
1114	1611
1114	1615
1114	1656
1114	1927
1115	1663
1115	1861
1115	1926
1115	1945
1115	1989
1116	1192
1116	1206
1116	1221
1116	1234
1116	1502
1116	1521
1116	1825
1116	1954
1116	1999
1117	1178
1117	1454
1117	1486
1117	1646
1117	1690
1117	1775
1118	1429
1118	1454
1118	1483
1118	1545
1118	1675
1118	1705
1118	1737
1118	1764
1119	1215
1119	1334
1119	1390
1119	1505
1119	1528
1119	1611
1119	1770
1119	1777
1119	1805
1120	1138
1120	1473
1120	1506
1120	1564
1120	1671
1120	1738
1120	1750
1121	1134
1121	1342
1121	1670
1121	1717
1121	1731
1121	1742
1121	1812
1121	1870
1121	1983
1122	1128
1122	1202
1122	1409
1122	1586
1122	1646
1122	1718
1122	1822
1122	1873
1122	1877
1122	1881
1122	1944
1123	1238
1123	1247
1123	1326
1123	1362
1123	1370
1123	1428
1123	1442
1123	1811
1123	1842
1123	1921
1123	1950
1123	1963
1124	1175
1124	1195
1124	1200
1124	1203
1124	1277
1124	1605
1124	1622
1124	1671
1124	1719
1124	1736
1124	1756
1124	1877
1124	1899
1124	1922
1124	1962
1125	1239
1125	1313
1125	1422
1125	1595
1125	1749
1125	1818
1125	1917
1125	1986
1126	1307
1126	1324
1126	1327
1126	1355
1126	1381
1126	1459
1126	1561
1126	1583
1127	1587
1127	1836
1127	1986
1128	1168
1128	1334
1128	1399
1128	1415
1128	1529
1128	1769
1128	1794
1128	1804
1128	1806
1128	1861
1129	1189
1129	1193
1129	1288
1129	1572
1130	1176
1130	1194
1130	1383
1130	1561
1130	1711
1130	1847
1131	1343
1131	1354
1131	1383
1131	1448
1131	1500
1131	1506
1131	1509
1131	1685
1131	1719
1131	1745
1131	1793
1131	1809
1131	1845
1131	1905
1131	1936
1132	1367
1132	1466
1132	1489
1132	1507
1132	1515
1132	1528
1132	1647
1132	1649
1132	1696
1132	1702
1132	1747
1133	1173
1133	1206
1133	1316
1133	1342
1133	1396
1133	1464
1133	1491
1133	1736
1133	1765
1133	1887
1133	1912
1133	1926
1133	1929
1134	1188
1134	1220
1134	1317
1134	1358
1134	1487
1134	1530
1134	1721
1134	1755
1134	1787
1134	1842
1134	1906
1134	1970
1135	1327
1135	1427
1135	1454
1135	1551
1135	1777
1135	1808
1135	1898
1135	1987
1136	1193
1136	1197
1136	1530
1136	1701
1136	1989
1137	1191
1137	1229
1137	1237
1137	1388
1137	1391
1137	1512
1137	1540
1137	1541
1137	1589
1137	1598
1137	1695
1137	1700
1137	1728
1137	1737
1138	1188
1138	1244
1138	1335
1138	1433
1138	1460
1138	1727
1138	1810
1138	1949
1139	1184
1139	1191
1139	1218
1139	1368
1139	1376
1139	1558
1139	1679
1139	1698
1139	1833
1139	1869
1139	1962
1140	1178
1140	1319
1140	1503
1140	1584
1140	1740
1140	1928
1140	1971
1141	1145
1141	1248
1141	1594
1141	1800
1141	1864
1141	1888
1141	1891
1141	1959
1141	1966
1142	1249
1142	1510
1142	1610
1142	1684
1142	1771
1142	1797
1142	1810
1143	1276
1143	1415
1143	1465
1143	1477
1143	1587
1143	1597
1143	1744
1143	1766
1143	1846
1143	1991
1144	1165
1144	1241
1144	1264
1144	1352
1144	1479
1144	1521
1144	1580
1144	1824
1144	1886
1145	1236
1145	1241
1145	1375
1145	1401
1145	1403
1145	1407
1145	1611
1145	1740
1145	1832
1145	1855
1145	1877
1146	1388
1146	1405
1146	1733
1146	1812
1146	1999
1147	1198
1147	1420
1147	1468
1147	1477
1147	1565
1147	1585
1147	1843
1148	1241
1148	1269
1148	1328
1148	1569
1148	1615
1148	1684
1148	1711
1148	1817
1148	1820
1148	1918
1148	1925
1148	1950
1149	1377
1149	1426
1149	1559
1149	1633
1149	1699
1149	1758
1149	1889
1150	1173
1150	1639
1150	1695
1151	1152
1151	1165
1151	1178
1151	1199
1151	1536
1151	1604
1151	1646
1151	1682
1151	1719
1151	1746
1151	1757
1151	1786
1151	1952
1152	1433
1152	1471
1152	1503
1152	1613
1152	1625
1152	1877
1153	1260
1153	1356
1153	1521
1153	1657
1153	1700
1153	1704
1153	1732
1153	1750
1153	1800
1153	1810
1153	1838
1153	1962
1154	1377
1154	1405
1154	1443
1154	1568
1154	1694
1154	1751
1154	1755
1154	1779
1154	1998
1155	1198
1155	1416
1155	1454
1155	1570
1155	1584
1155	1808
1155	1908
1155	1982
1155	1995
1156	1206
1156	1493
1156	1503
1156	1526
1156	1643
1156	1696
1156	1778
1156	1794
1156	1855
1156	1863
1157	1286
1157	1427
1157	1448
1157	1458
1157	1631
1157	1651
1157	1758
1157	1795
1157	1906
1158	1220
1158	1451
1158	1591
1158	1698
1158	1700
1158	1705
1158	1759
1158	1772
1158	1783
1158	1939
1159	1373
1159	1544
1159	1726
1159	1977
1160	1178
1160	1200
1160	1224
1160	1429
1160	1560
1160	1722
1161	1164
1161	1209
1161	1247
1161	1336
1161	1357
1161	1410
1161	1491
1161	1505
1161	1513
1161	1608
1161	1659
1161	1715
1161	1827
1162	1178
1162	1194
1162	1351
1162	1431
1162	1481
1162	1610
1162	1912
1162	1932
1163	1478
1163	1518
1163	1569
1163	1763
1163	1804
1163	1981
1164	1269
1164	1325
1164	1549
1164	1557
1164	1619
1164	1648
1164	1679
1164	1709
1164	1810
1164	1836
1165	1189
1165	1247
1165	1252
1165	1349
1165	1355
1165	1529
1165	1661
1165	1722
1165	1723
1165	1818
1165	1868
1165	1934
1166	1390
1166	1420
1166	1433
1166	1566
1166	1751
1166	1770
1166	1859
1166	1906
1166	1931
1167	1264
1167	1318
1167	1449
1167	1464
1167	1481
1167	1486
1167	1545
1167	1597
1167	1613
1167	1634
1167	1642
1167	1678
1167	1766
1167	1904
1167	1982
1168	1305
1168	1421
1168	1653
1168	1752
1168	1769
1168	1789
1168	1850
1168	1957
1168	1974
1169	1237
1169	1333
1169	1441
1169	1446
1169	1463
1169	1667
1169	1931
1169	1943
1169	1978
1170	1247
1170	1288
1170	1427
1170	1474
1170	1625
1170	1674
1170	1759
1170	1811
1171	1391
1171	1404
1171	1473
1171	1496
1171	1527
1171	1670
1171	1730
1172	1320
1172	1352
1172	1433
1172	1453
1172	1573
1172	1678
1172	1688
1173	1303
1173	1334
1173	1437
1173	1490
1173	1565
1173	1814
1174	1185
1174	1288
1174	1413
1174	1476
1174	1555
1174	1897
1174	1936
1174	1948
1175	1209
1175	1390
1175	1498
1175	1571
1175	1644
1175	1677
1175	1781
1176	1258
1176	1267
1176	1440
1176	1458
1176	1563
1176	1589
1176	1786
1176	1895
1176	1896
1177	1307
1177	1501
1177	1547
1177	1766
1177	1851
1177	1894
1178	1375
1178	1600
1178	1610
1178	1745
1178	1754
1178	1785
1178	1832
1178	1981
1179	1259
1179	1269
1179	1276
1179	1300
1179	1324
1179	1335
1179	1393
1179	1417
1179	1635
1179	1674
1179	1728
1179	1773
1179	1780
1179	1847
1179	1927
1180	1313
1180	1507
1180	1578
1180	1618
1180	1752
1180	1843
1180	1885
1180	1910
1180	1980
1181	1300
1181	1437
1181	1662
1181	1713
1181	1796
1181	1832
1181	1849
1181	1917
1181	1942
1182	1194
1182	1381
1182	1594
1182	1926
1183	1271
1183	1592
1183	1699
1183	1815
1183	1823
1183	1900
1184	1203
1184	1341
1184	1393
1184	1497
1184	1704
1184	1834
1184	1847
1184	1879
1184	1910
1185	1338
1185	1348
1185	1536
1185	1688
1185	1692
1185	1784
1185	1881
1186	1217
1186	1265
1186	1272
1186	1309
1186	1318
1186	1407
1186	1443
1186	1490
1186	1530
1186	1679
1186	1768
1186	1828
1186	1898
1186	1988
1187	1191
1187	1378
1187	1633
1187	1792
1187	1854
1187	1871
1187	1931
1187	1934
1187	1988
1188	1302
1188	1343
1188	1566
1188	1720
1188	1800
1189	1223
1189	1488
1189	1609
1189	1791
1189	1796
1189	1815
1189	1847
1190	1246
1190	1324
1190	1426
1190	1574
1190	1615
1190	1838
1190	1969
1191	1205
1191	1240
1191	1732
1191	1832
1191	1950
1192	1196
1192	1221
1192	1310
1192	1333
1192	1540
1192	1549
1192	1756
1192	1778
1192	1823
1192	1941
1192	1948
1192	1965
1193	1247
1193	1269
1193	1302
1193	1334
1193	1626
1193	1653
1193	1723
1193	1772
1193	1794
1193	1846
1193	1958
1193	1973
1194	1426
1194	1427
1194	1634
1194	1985
1195	1736
1195	1992
1196	1311
1196	1348
1196	1409
1196	1469
1196	1547
1196	1554
1196	1598
1196	1656
1196	1696
1196	1717
1196	1723
1196	1774
1196	1943
1197	1221
1197	1314
1197	1359
1197	1467
1197	1606
1197	1665
1197	1676
1197	1813
1197	1825
1197	1866
1197	1931
1198	1253
1198	1451
1198	1491
1198	1692
1198	1722
1198	1751
1199	1419
1199	1425
1199	1462
1199	1633
1199	1669
1199	1696
1199	1980
1200	1227
1200	1263
1200	1472
1200	1546
1200	1605
1200	1665
1200	1686
1200	1816
1200	1820
1200	1838
1200	1842
1200	1935
1201	1227
1201	1283
1201	1342
1201	1376
1201	1421
1201	1502
1201	1519
1201	1560
1201	1689
1201	1711
1201	1816
1201	1854
1202	1440
1202	1451
1202	1936
1203	1299
1203	1301
1203	1312
1203	1365
1203	1454
1203	1495
1203	1501
1203	1519
1203	1550
1203	1571
1203	1638
1203	1717
1203	1778
1203	1870
1204	1256
1204	1578
1204	1754
1204	1766
1204	1774
1204	1775
1204	1935
1205	1372
1205	1441
1205	1645
1205	1711
1205	1713
1205	1758
1205	1767
1205	1784
1206	1214
1206	1226
1206	1242
1206	1441
1206	1562
1206	1626
1206	1640
1206	1714
1206	1767
1206	1952
1207	1235
1207	1319
1207	1346
1207	1632
1207	1751
1207	1943
1207	1948
1208	1217
1208	1374
1208	1476
1208	1477
1208	1624
1208	1654
1208	1939
1209	1565
1209	1604
1209	1648
1209	1761
1209	1762
1209	1816
1209	1859
1209	1891
1209	1982
1210	1245
1210	1332
1210	1426
1210	1463
1210	1523
1210	1617
1210	1650
1210	1674
1210	1676
1210	1735
1210	1761
1210	1782
1210	1846
1210	1969
1211	1256
1211	1443
1211	1612
1211	1717
1211	1772
1211	1967
1211	1990
1212	1432
1212	1487
1212	1510
1212	1557
1212	1662
1212	1848
1212	1962
1213	1223
1213	1232
1213	1333
1213	1538
1213	1539
1213	1556
1213	1704
1213	1706
1213	1779
1213	1790
1213	1825
1213	1851
1213	1899
1214	1236
1214	1358
1214	1417
1214	1530
1214	1615
1214	1861
1214	1916
1214	1931
1214	1937
1215	1272
1215	1332
1215	1352
1215	1593
1215	1629
1215	1702
1215	1767
1215	1982
1216	1221
1216	1295
1216	1451
1216	1464
1216	1491
1216	1543
1216	1712
1216	1877
1216	1931
1217	1274
1217	1278
1217	1416
1217	1431
1217	1533
1217	1548
1217	1910
1217	1960
1218	1286
1218	1295
1218	1302
1218	1323
1218	1424
1218	1870
1218	1873
1219	1272
1219	1316
1219	1341
1219	1374
1219	1444
1219	1581
1220	1262
1220	1271
1220	1394
1220	1591
1220	1676
1220	1715
1220	1881
1220	1943
1220	1973
1221	1317
1221	1449
1221	1457
1221	1704
1221	1732
1221	1914
1221	1963
1222	1238
1222	1260
1222	1342
1222	1525
1222	1537
1222	1596
1222	1602
1222	1663
1222	1728
1222	1840
1222	1906
1222	1907
1223	1240
1223	1330
1223	1349
1223	1421
1223	1439
1223	1583
1223	1910
1224	1253
1224	1293
1224	1553
1224	1565
1224	1754
1224	1826
1224	1947
1225	1353
1225	1417
1225	1508
1225	1707
1225	1759
1225	1840
1225	1929
1226	1274
1226	1327
1226	1426
1226	1458
1226	1594
1226	1712
1226	1838
1226	1853
1226	1874
1226	1920
1226	1933
1226	1976
1227	1234
1227	1235
1227	1387
1227	1527
1227	1532
1227	1611
1227	1667
1227	1675
1227	1894
1228	1372
1228	1375
1228	1407
1228	1436
1228	1526
1228	1651
1228	1681
1228	1701
1228	1709
1228	1769
1228	1875
1229	1238
1229	1414
1229	1481
1229	1512
1229	1563
1229	1641
1229	1676
1229	1773
1229	1794
1229	1881
1229	1951
1229	1973
1229	1995
1230	1309
1230	1585
1230	1632
1230	1711
1230	1761
1230	1799
1230	1913
1231	1595
1231	1638
1231	1675
1231	1714
1231	1830
1231	1856
1232	1258
1232	1363
1232	1403
1232	1427
1232	1471
1232	1510
1232	1648
1232	1824
1232	1884
1232	1886
1232	1934
1233	1292
1233	1330
1233	1372
1233	1459
1233	1547
1233	1590
1233	1660
1233	1696
1233	1750
1233	1783
1233	1831
1233	1955
1234	1357
1234	1376
1234	1393
1234	1692
1234	1762
1234	1910
1235	1241
1235	1472
1235	1635
1235	1803
1235	1906
1236	1305
1236	1521
1236	1754
1236	1788
1236	1899
1236	1988
1237	1344
1237	1496
1237	1516
1237	1555
1237	1582
1237	1657
1237	1688
1237	1732
1237	1735
1237	1973
1238	1377
1238	1419
1238	1559
1238	1638
1238	1728
1238	1935
1239	1654
1239	1803
1239	1883
1239	1906
1239	1918
1239	1969
1240	1331
1240	1449
1240	1504
1240	1521
1240	1590
1240	1704
1240	1823
1240	1871
1241	1281
1241	1414
1241	1621
1241	1753
1242	1290
1242	1771
1242	1809
1242	1822
1242	1837
1242	1933
1242	1957
1243	1441
1243	1540
1243	1782
1243	1885
1243	1900
1244	1328
1244	1343
1244	1365
1244	1383
1244	1458
1244	1476
1244	1704
1244	1730
1244	1757
1244	1977
1245	1287
1245	1312
1245	1328
1245	1385
1245	1461
1245	1603
1245	1920
1245	1989
1246	1505
1246	1577
1246	1603
1246	1608
1246	1707
1246	1921
1247	1417
1247	1477
1247	1572
1247	1637
1247	1760
1247	1796
1247	1900
1247	1972
1248	1306
1248	1457
1248	1641
1248	1756
1248	1806
1248	1882
1248	1926
1248	1932
1248	1979
1249	1311
1249	1339
1249	1396
1249	1478
1249	1532
1249	1639
1249	1673
1249	1698
1249	1765
1249	1992
1250	1259
1250	1533
1250	1549
1250	1636
1250	1723
1250	1923
1250	1952
1250	1969
1251	1527
1251	1698
1251	1852
1251	1854
1251	1982
1252	1483
1252	1484
1252	1720
1252	1745
1252	1762
1252	1775
1252	1899
1252	1928
1252	1991
1253	1362
1253	1453
1253	1478
1253	1603
1253	1643
1253	1738
1253	1847
1253	1919
1253	1961
1253	1977
1254	1270
1254	1322
1254	1357
1254	1387
1254	1443
1254	1467
1254	1518
1254	1666
1254	1858
1254	1946
1255	1282
1255	1302
1255	1719
1255	1763
1256	1298
1257	1311
1257	1567
1257	1630
1257	1760
1257	1815
1257	1820
1257	1834
1258	1358
1258	1491
1258	1559
1258	1632
1258	1636
1258	1773
1258	1858
1258	1921
1259	1329
1259	1442
1259	1642
1259	1675
1259	1736
1259	1822
1259	1961
1260	1262
1260	1277
1260	1294
1260	1346
1260	1578
1260	1590
1260	1696
1260	1730
1261	1269
1261	1280
1261	1283
1261	1341
1261	1457
1261	1471
1261	1513
1262	1273
1262	1434
1262	1526
1262	1647
1262	1678
1262	1719
1262	1747
1262	1771
1262	1895
1262	1968
1263	1374
1263	1509
1263	1753
1263	1803
1263	1969
1263	1985
1264	1267
1264	1512
1264	1520
1264	1572
1264	1674
1264	1690
1264	1745
1264	1864
1265	1306
1265	1402
1265	1505
1265	1518
1265	1694
1265	1717
1265	1723
1265	1808
1265	1826
1265	1894
1265	1901
1265	1981
1266	1312
1266	1607
1266	1852
1266	1857
1266	1910
1266	1995
1267	1341
1267	1360
1267	1538
1267	1886
1268	1299
1268	1337
1268	1360
1268	1384
1268	1517
1268	1723
1268	1726
1268	1840
1268	1933
1268	1999
1269	1349
1269	1432
1269	1437
1269	1482
1269	1504
1269	1517
1269	1543
1269	1622
1269	1731
1269	1765
1269	1770
1269	1808
1269	1915
1269	1926
1270	1308
1270	1353
1270	1371
1270	1544
1270	1590
1270	1739
1270	1776
1270	1780
1270	1798
1270	1919
1270	1920
1270	1963
1270	1974
1271	1420
1271	1767
1271	1824
1271	1912
1271	1959
1271	1967
1271	1982
1272	1450
1272	1483
1272	1624
1272	1638
1272	1707
1272	1723
1272	1731
1272	1778
1272	1812
1272	1869
1272	1981
1273	1407
1273	1570
1273	1646
1273	1675
1274	1418
1274	1437
1274	1456
1274	1458
1274	1803
1275	1379
1275	1450
1275	1510
1275	1704
1275	1736
1275	1802
1276	1506
1276	1520
1276	1536
1276	1618
1276	1720
1276	1806
1276	1969
1277	1415
1277	1447
1277	1505
1277	1535
1277	1941
1278	1311
1278	1547
1278	1586
1278	1700
1278	1847
1278	1942
1278	1948
1278	1985
1278	1991
1279	1466
1279	1567
1279	1640
1279	1772
1279	1911
1280	1297
1280	1591
1280	1600
1280	1672
1280	1934
1281	1299
1281	1356
1281	1482
1281	1483
1281	1556
1281	1590
1281	1660
1281	1880
1281	1887
1281	1942
1282	1310
1282	1488
1282	1536
1282	1626
1282	1951
1283	1289
1283	1297
1283	1387
1283	1392
1283	1454
1283	1579
1283	1637
1283	1691
1283	1824
1283	1896
1284	1298
1284	1426
1284	1434
1284	1640
1284	1651
1284	1996
1285	1436
1285	1447
1285	1451
1285	1533
1285	1715
1285	1771
1285	1784
1285	1826
1285	1981
1286	1334
1286	1510
1286	1559
1286	1605
1286	1653
1286	1814
1286	1819
1286	1835
1286	1837
1286	1961
1287	1677
1287	1694
1287	1712
1287	1789
1287	1928
1287	1991
1288	1351
1288	1352
1288	1399
1288	1442
1288	1489
1288	1513
1288	1550
1288	1665
1288	1862
1289	1307
1289	1364
1289	1991
1290	1642
1290	1736
1290	1788
1290	1807
1290	1867
1290	1880
1291	1400
1291	1413
1291	1645
1291	1689
1291	1737
1291	1810
1291	1814
1291	1887
1291	1898
1291	1947
1292	1347
1292	1375
1292	1397
1292	1578
1292	1588
1292	1742
1292	1770
1292	1815
1293	1450
1293	1614
1293	1668
1293	1759
1294	1326
1294	1334
1294	1386
1294	1401
1294	1526
1294	1839
1294	1898
1294	1911
1295	1371
1295	1466
1295	1563
1295	1583
1295	1601
1295	1676
1295	1712
1295	1759
1295	1848
1295	1916
1295	1960
1296	1436
1296	1503
1296	1570
1296	1740
1296	1898
1297	1395
1297	1462
1297	1622
1297	1699
1297	1893
1297	1931
1297	1964
1298	1396
1298	1416
1298	1483
1298	1495
1298	1888
1299	1337
1299	1351
1299	1440
1299	1463
1299	1573
1299	1630
1299	1813
1299	1866
1299	1944
1299	1986
1300	1506
1300	1606
1300	1622
1300	1746
1300	1833
1300	1936
1301	1677
1301	1933
1301	1963
1301	1965
1302	1350
1302	1395
1302	1689
1302	1737
1302	1739
1302	1963
1303	1460
1303	1560
1303	1606
1303	1838
1303	1903
1303	1931
1304	1357
1304	1371
1304	1485
1304	1486
1304	1507
1304	1547
1304	1553
1304	1678
1305	1529
1305	1696
1305	1776
1306	1452
1306	1568
1306	1630
1306	1640
1306	1690
1306	1754
1306	1782
1306	1878
1307	1321
1307	1389
1307	1795
1307	1803
1307	1837
1307	1943
1308	1346
1308	1442
1308	1610
1308	1685
1308	1847
1308	1849
1308	1894
1309	1338
1309	1476
1309	1569
1309	1583
1309	1912
1309	1914
1310	1332
1310	1389
1310	1390
1310	1576
1310	1599
1310	1608
1310	1640
1310	1654
1310	1856
1310	1862
1311	1312
1311	1371
1311	1451
1311	1471
1311	1523
1311	1604
1311	1664
1311	1713
1311	1778
1311	1798
1311	1835
1311	1858
1312	1328
1312	1528
1312	1647
1312	1693
1312	1735
1312	1788
1312	1871
1312	1968
1312	1991
1313	1353
1313	1384
1313	1648
1313	1689
1313	1701
1313	1873
1313	1892
1313	1969
1314	1593
1314	1606
1314	1624
1314	1689
1314	1793
1314	1800
1314	1873
1314	1982
1314	1983
1315	1331
1315	1363
1315	1485
1315	1521
1316	1750
1316	1785
1316	1804
1316	1875
1316	1997
1317	1532
1317	1592
1317	1626
1317	1728
1317	1919
1318	1327
1318	1349
1318	1386
1318	1496
1318	1709
1318	1805
1318	1823
1319	1476
1319	1581
1319	1850
1320	1349
1320	1412
1320	1442
1320	1849
1320	1946
1321	1322
1321	1627
1321	1652
1321	1732
1321	1811
1321	1858
1321	1891
1322	1469
1322	1729
1323	1512
1323	1521
1323	1735
1323	1804
1323	1860
1323	1882
1323	1888
1323	1904
1323	1944
1323	1949
1324	1462
1324	1556
1324	1561
1324	1597
1324	1823
1324	1849
1324	1876
1324	1996
1325	1375
1325	1412
1325	1432
1325	1449
1325	1473
1325	1506
1325	1656
1325	1756
1325	1912
1326	1343
1326	1700
1326	1919
1326	1938
1327	1341
1327	1349
1327	1477
1327	1533
1327	1746
1327	1869
1328	1374
1328	1485
1328	1576
1328	1845
1328	1875
1328	1961
1328	1988
1329	1344
1329	1351
1329	1515
1329	1788
1329	1816
1329	1978
1330	1435
1330	1541
1330	1647
1330	1700
1330	1764
1330	1768
1330	1771
1330	1788
1330	1889
1330	1967
1331	1340
1331	1728
1331	1830
1332	1472
1332	1614
1332	1685
1332	1749
1332	1869
1333	1363
1333	1383
1333	1581
1333	1788
1333	1793
1334	1349
1334	1520
1334	1534
1334	1718
1334	1726
1334	1764
1334	1808
1334	1821
1335	1380
1335	1404
1335	1438
1335	1485
1335	1521
1335	1665
1335	1735
1335	1745
1335	1845
1335	1853
1335	1977
1335	1988
1336	1340
1336	1454
1336	1457
1336	1595
1336	1624
1336	1787
1336	1920
1337	1395
1337	1485
1337	1570
1337	1636
1337	1732
1337	1740
1337	1786
1337	1843
1337	1851
1337	1943
1337	1974
1338	1549
1338	1611
1338	1640
1338	1743
1338	1852
1338	1872
1339	1439
1339	1626
1339	1855
1339	1860
1339	1880
1339	1956
1340	1458
1340	1742
1340	1902
1340	1904
1341	1342
1341	1414
1341	1473
1341	1715
1342	1422
1342	1468
1342	1488
1342	1555
1342	1677
1342	1684
1342	1999
1343	1614
1343	1638
1343	1704
1343	1908
1343	1925
1343	1929
1343	1981
1344	1707
1344	1942
1344	1951
1345	1445
1345	1451
1345	1484
1345	1491
1345	1520
1345	1753
1345	1788
1345	1835
1345	1855
1345	1969
1346	1359
1346	1401
1346	1587
1346	1652
1346	1755
1346	1768
1346	1902
1347	1487
1347	1505
1347	1530
1347	1612
1347	1639
1347	1682
1347	1862
1347	1899
1347	1914
1347	1925
1348	1358
1348	1469
1348	1508
1348	1565
1348	1569
1348	1598
1348	1670
1348	1697
1348	1767
1348	1787
1348	1822
1349	1399
1349	1431
1349	1737
1349	1869
1350	1351
1350	1493
1350	1722
1350	1906
1350	1955
1350	1957
1351	1362
1351	1366
1351	1812
1351	1829
1351	1864
1351	1934
1351	1945
1352	1683
1352	1912
1353	1441
1353	1589
1353	1811
1354	1383
1354	1622
1354	1632
1354	1648
1354	1706
1354	1759
1354	1817
1354	1862
1354	1969
1355	1357
1355	1442
1355	1488
1355	1608
1355	1744
1355	1745
1356	1405
1356	1847
1356	1968
1357	1738
1357	1742
1357	1811
1357	1844
1357	1848
1357	1868
1358	1373
1358	1446
1358	1595
1358	1778
1358	1949
1359	1362
1359	1377
1359	1516
1359	1519
1359	1568
1359	1845
1360	1409
1360	1554
1360	1714
1360	1909
1360	1939
1360	1998
1361	1693
1361	1707
1361	1819
1361	1827
1361	1847
1361	1872
1361	1918
1361	1977
1362	1613
1362	1780
1362	1841
1362	1930
1362	1987
1363	1583
1363	1850
1363	1854
1363	1855
1363	1906
1364	1396
1364	1503
1364	1507
1364	1538
1364	1583
1364	1649
1364	1880
1364	1881
1364	1883
1364	1919
1364	1943
1364	1987
1365	1551
1365	1574
1365	1601
1365	1701
1365	1756
1365	1795
1365	1872
1366	1375
1366	1499
1366	1767
1366	1922
1366	1929
1366	1979
1367	1407
1367	1434
1367	1437
1367	1497
1367	1580
1367	1665
1367	1686
1367	1723
1367	1735
1367	1744
1367	1767
1367	1779
1367	1929
1367	1950
1368	1479
1368	1717
1368	1856
1369	1516
1369	1690
1369	1730
1369	1994
1370	1431
1370	1470
1370	1626
1370	1701
1370	1865
1370	1917
1371	1412
1371	1420
1371	1458
1371	1493
1371	1568
1371	1581
1371	1645
1371	1700
1371	1726
1371	1864
1372	1449
1372	1499
1372	1675
1372	1739
1372	1823
1372	1865
1372	1924
1372	1943
1373	1405
1373	1451
1373	1567
1373	1669
1373	1775
1373	1776
1373	1787
1373	1991
1374	1560
1374	1779
1374	1890
1374	1937
1374	1965
1375	1455
1375	1642
1375	1849
1375	1875
1376	1534
1376	1557
1376	1657
1376	1693
1376	1755
1376	1777
1376	1883
1377	1415
1377	1472
1377	1479
1377	1554
1377	1638
1377	1641
1377	1816
1377	1938
1377	1995
1378	1454
1378	1604
1378	1620
1378	1694
1378	1888
1378	1940
1379	1397
1379	1420
1379	1429
1379	1491
1379	1558
1379	1656
1379	1687
1379	1748
1379	1758
1379	1860
1379	1872
1379	1877
1379	1893
1379	1897
1379	1905
1379	1910
1379	1973
1380	1466
1380	1859
1381	1715
1381	1776
1381	1871
1381	1912
1381	1968
1382	1393
1382	1517
1382	1534
1382	1618
1382	1909
1383	1397
1383	1438
1383	1484
1383	1628
1383	1630
1383	1651
1383	1667
1383	1705
1383	1708
1383	1939
1384	1471
1384	1482
1384	1520
1384	1532
1384	1631
1384	1672
1384	1971
1385	1395
1385	1675
1385	1698
1385	1769
1385	1819
1385	1933
1385	1948
1385	1981
1386	1584
1386	1989
1386	1994
1386	1999
1387	1429
1387	1507
1387	1637
1387	1989
1388	1406
1388	1460
1388	1512
1388	1557
1388	1601
1388	1662
1388	1681
1388	1948
1388	1951
1389	1521
1389	1523
1389	1652
1389	1700
1389	1776
1389	1873
1390	1548
1390	1608
1390	1654
1390	1877
1390	1880
1391	1447
1391	1466
1391	1467
1391	1505
1391	1539
1391	1695
1391	1848
1391	1854
1391	1857
1391	1864
1391	1924
1392	1500
1392	1576
1392	1638
1392	1768
1393	1478
1393	1505
1393	1664
1393	1797
1393	1800
1394	1715
1394	1919
1394	1964
1395	1404
1395	1601
1395	1863
1395	1942
1395	1993
1396	1404
1396	1607
1396	1667
1396	1758
1397	1455
1397	1476
1397	1573
1397	1639
1397	1732
1397	1826
1397	1862
1397	1999
1398	1411
1398	1504
1398	1527
1398	1804
1398	1859
1398	1922
1398	1984
1399	1425
1399	1426
1399	1465
1399	1973
1400	1411
1400	1435
1400	1458
1400	1578
1400	1701
1401	1535
1401	1551
1401	1612
1401	1616
1401	1979
1402	1586
1402	1662
1402	1670
1402	1747
1402	1791
1402	1807
1402	1912
1402	1981
1403	1450
1403	1645
1403	1798
1403	1950
1403	1951
1404	1672
1404	1765
1404	1857
1404	1987
1405	1508
1405	1790
1405	1900
1405	1906
1405	1983
1406	1557
1406	1657
1406	1669
1406	1694
1406	1735
1406	1753
1406	1768
1406	1884
1407	1444
1407	1535
1407	1681
1407	1727
1407	1740
1407	1776
1407	1777
1408	1485
1408	1516
1408	1795
1408	1865
1408	1917
1408	1938
1408	1943
1409	1839
1409	1971
1409	1982
1410	1535
1410	1546
1410	1585
1411	1416
1411	1428
1411	1631
1411	1713
1411	1764
1411	1801
1411	1807
1411	1830
1411	1983
1411	1994
1412	1428
1412	1594
1412	1640
1412	1645
1412	1677
1412	1749
1412	1806
1412	1813
1412	1824
1412	1958
1413	1552
1413	1661
1413	1665
1413	1890
1414	1446
1414	1620
1414	1631
1414	1646
1414	1794
1414	1843
1414	1991
1415	1602
1415	1647
1416	1431
1416	1489
1416	1555
1416	1625
1416	1706
1416	1727
1416	1885
1416	1899
1416	1916
1417	1521
1417	1806
1417	1931
1417	1970
1418	1602
1418	1840
1419	1433
1419	1515
1419	1607
1419	1827
1419	1982
1420	1461
1420	1472
1420	1592
1420	1906
1421	1435
1421	1458
1421	1475
1421	1524
1421	1550
1421	1574
1421	1585
1421	1603
1421	1772
1422	1524
1422	1563
1422	1992
1423	1486
1423	1496
1423	1532
1423	1632
1423	1705
1423	1721
1423	1744
1423	1902
1424	1571
1424	1606
1424	1865
1424	1926
1425	1510
1425	1734
1425	1778
1425	1967
1426	1478
1426	1539
1426	1921
1427	1864
1427	1945
1427	1993
1428	1433
1428	1456
1428	1536
1428	1556
1428	1573
1428	1840
1429	1456
1429	1492
1429	1587
1429	1602
1429	1615
1429	1624
1429	1757
1429	1880
1429	1926
1430	1491
1430	1617
1430	1800
1430	1810
1430	1904
1431	1559
1431	1960
1431	1963
1432	1530
1432	1531
1432	1641
1432	1882
1433	1459
1433	1471
1433	1615
1433	1705
1433	1785
1433	1789
1433	1863
1433	1970
1433	1999
1434	1748
1434	1813
1434	1889
1435	1442
1435	1542
1435	1593
1435	1674
1435	1691
1435	1808
1435	1833
1436	1566
1436	1896
1437	1439
1437	1676
1437	1688
1437	1690
1437	1713
1437	1754
1437	1890
1438	1451
1438	1491
1438	1554
1438	1629
1438	1654
1438	1658
1438	1674
1438	1777
1438	1812
1438	1835
1439	1491
1439	1655
1439	1708
1439	1803
1439	1877
1439	1900
1439	1941
1440	1474
1440	1657
1440	1753
1440	1878
1441	1485
1441	1504
1441	1527
1441	1969
1442	1444
1442	1498
1442	1639
1442	1653
1442	1672
1442	1706
1442	1719
1442	1757
1442	1829
1442	1837
1442	1966
1443	1568
1443	1810
1443	1837
1444	1601
1444	1614
1444	1622
1444	1669
1444	1700
1444	1741
1444	1754
1444	1815
1444	1978
1445	1601
1445	1652
1445	1811
1445	1841
1445	1878
1446	1468
1446	1535
1446	1563
1446	1673
1446	1849
1446	1986
1447	1509
1447	1576
1447	1728
1447	1804
1447	1834
1447	1962
1447	1978
1448	1507
1448	1525
1448	1904
1448	1966
1449	1466
1449	1532
1449	1577
1449	1768
1449	1860
1450	1469
1450	1501
1450	1533
1450	1730
1450	1938
1450	1946
1451	1953
1452	1636
1453	1641
1453	1928
1453	1944
1453	1986
1453	1987
1454	1486
1454	1509
1454	1539
1454	1588
1454	1760
1454	1803
1454	1952
1454	1969
1455	1595
1455	1609
1455	1672
1455	1826
1455	1844
1455	1869
1455	1971
1456	1543
1456	1589
1456	1733
1457	1576
1457	1618
1457	1742
1457	1923
1457	1992
1458	1464
1458	1619
1458	1718
1458	1751
1458	1946
1459	1487
1459	1519
1459	1569
1459	1668
1459	1678
1459	1983
1460	1491
1460	1550
1460	1553
1460	1559
1460	1611
1460	1692
1460	1722
1460	1751
1460	1769
1460	1800
1460	1804
1460	1912
1461	1515
1461	1610
1461	1613
1461	1648
1461	1780
1461	1862
1461	1875
1461	1962
1461	1976
1462	1497
1462	1553
1462	1672
1463	1483
1463	1534
1463	1625
1463	1786
1464	1592
1464	1604
1464	1696
1464	1701
1464	1778
1464	1809
1465	1522
1465	1685
1465	1705
1465	1783
1465	1856
1465	1861
1465	1931
1466	1571
1466	1574
1466	1663
1466	1781
1466	1873
1466	1986
1466	1988
1467	1560
1467	1573
1467	1741
1467	1910
1468	1577
1468	1587
1468	1650
1468	1664
1468	1799
1468	1809
1468	1954
1468	1977
1469	1518
1469	1538
1469	1758
1469	1855
1469	1868
1469	1918
1470	1521
1470	1553
1470	1578
1470	1983
1471	1524
1471	1585
1471	1623
1471	1630
1471	1784
1471	1847
1471	1882
1471	1942
1472	1501
1472	1544
1472	1682
1472	1779
1472	1786
1472	1914
1472	1998
1473	1707
1473	1728
1473	1779
1474	1827
1474	1830
1474	1875
1474	1943
1475	1540
1475	1826
1475	1853
1475	1970
1476	1528
1476	1546
1476	1785
1476	1899
1477	1515
1477	1556
1477	1591
1477	1635
1477	1816
1477	1842
1477	1972
1478	1544
1478	1718
1478	1920
1478	1967
1479	1637
1479	1686
1479	1967
1480	1562
1480	1633
1480	1652
1480	1827
1481	1570
1481	1604
1481	1618
1481	1780
1481	1793
1481	1872
1482	1593
1482	1822
1482	1926
1483	1521
1483	1533
1483	1626
1483	1645
1483	1694
1483	1762
1483	1771
1483	1775
1483	1903
1483	1918
1483	1932
1484	1760
1484	1771
1484	1803
1484	1876
1484	1894
1485	1633
1485	1736
1485	1786
1485	1894
1486	1529
1486	1571
1486	1603
1486	1836
1486	1903
1486	1921
1486	1966
1487	1533
1487	1646
1487	1795
1487	1807
1488	1526
1488	1550
1488	1646
1488	1711
1488	1720
1488	1733
1488	1767
1488	1806
1488	1967
1489	1499
1489	1624
1489	1645
1489	1710
1489	1771
1489	1802
1489	1806
1489	1830
1489	1856
1490	1536
1490	1648
1490	1911
1490	1935
1491	1499
1491	1538
1491	1550
1491	1657
1491	1795
1491	1798
1491	1832
1491	1890
1491	1924
1492	1533
1492	1673
1492	1772
1492	1808
1493	1539
1493	1640
1493	1751
1493	1858
1494	1683
1494	1762
1494	1876
1495	1568
1495	1577
1495	1771
1495	1919
1496	1583
1496	1608
1496	1642
1496	1769
1496	1829
1496	1999
1497	1565
1497	1600
1497	1630
1497	1695
1498	1518
1498	1557
1498	1647
1498	1648
1498	1773
1498	1904
1498	1936
1499	1530
1499	1587
1499	1659
1499	1686
1499	1764
1499	1782
1499	1824
1500	1816
1500	1869
1500	1960
1500	1972
1501	1778
1501	1955
1501	1998
1502	1602
1502	1652
1502	1850
1502	1860
1502	1932
1502	1945
1503	1532
1503	1777
1504	1556
1504	1588
1504	1740
1504	1741
1504	1906
1504	1998
1505	1576
1505	1630
1505	1645
1505	1777
1505	1786
1505	1817
1505	1889
1505	1950
1506	1832
1506	1910
1506	1959
1507	1557
1507	1565
1508	1523
1508	1589
1508	1670
1508	1699
1508	1702
1508	1805
1508	1817
1508	1821
1508	1892
1509	1581
1509	1585
1509	1599
1509	1611
1509	1617
1509	1624
1509	1804
1509	1811
1509	1937
1510	1600
1510	1642
1510	1686
1510	1799
1510	1886
1510	1943
1511	1827
1512	1574
1512	1651
1512	1713
1512	1978
1513	1633
1513	1655
1513	1765
1514	1522
1514	1549
1514	1567
1514	1568
1514	1625
1514	1645
1514	1839
1514	1925
1514	1945
1515	1641
1515	1752
1515	1806
1515	1970
1516	1536
1516	1611
1516	1702
1516	1990
1517	1522
1517	1541
1517	1660
1517	1689
1517	1697
1517	1718
1517	1742
1517	1782
1518	1580
1518	1905
1518	1930
1519	1522
1519	1533
1519	1569
1519	1649
1519	1650
1519	1696
1519	1715
1519	1720
1519	1783
1519	1848
1519	1900
1520	1594
1521	1534
1521	1606
1521	1627
1521	1657
1521	1825
1521	1950
1522	1851
1522	1960
1523	1610
1523	1677
1523	1692
1523	1732
1523	1748
1523	1826
1524	1579
1524	1685
1524	1749
1525	1531
1525	1537
1525	1943
1526	1547
1526	1570
1526	1587
1526	1688
1526	1714
1526	1900
1527	1810
1527	1830
1527	1834
1527	1933
1527	1939
1528	1646
1528	1651
1528	1786
1528	1871
1529	1592
1529	1709
1530	1748
1530	1819
1530	1837
1530	1869
1531	1699
1531	1870
1531	1881
1531	1959
1531	1961
1532	1571
1532	1575
1532	1910
1533	1594
1533	1655
1533	1735
1534	1546
1534	1568
1534	1836
1534	1940
1535	1537
1535	1569
1535	1748
1535	1759
1535	1788
1535	1873
1536	1663
1536	1680
1536	1915
1536	1926
1536	1965
1537	1642
1537	1710
1537	1885
1537	1967
1537	1983
1538	1602
1538	1677
1538	1684
1538	1831
1539	1683
1539	1777
1539	1849
1539	1871
1540	1546
1540	1956
1541	1558
1541	1578
1541	1931
1542	1569
1542	1744
1542	1903
1543	1834
1544	1683
1544	1776
1544	1777
1544	1899
1545	1579
1545	1654
1546	1578
1546	1584
1546	1589
1546	1648
1546	1671
1546	1725
1546	1753
1546	1786
1546	1814
1546	1902
1546	1922
1546	1955
1546	1985
1547	1560
1547	1584
1547	1703
1548	1842
1548	1955
1549	1606
1549	1627
1549	1665
1549	1780
1549	1884
1549	1924
1550	1609
1550	1756
1550	1784
1551	1617
1551	1653
1551	1735
1551	1829
1551	1848
1551	1951
1551	1957
1552	1674
1552	1943
1552	1954
1553	1577
1553	1608
1553	1627
1554	1616
1554	1711
1554	1745
1554	1774
1555	1623
1555	1946
1555	1985
1556	1561
1556	1643
1556	1741
1556	1835
1556	1860
1556	1944
1557	1886
1557	1914
1557	1939
1557	1969
1558	1989
1558	1996
1559	1612
1559	1631
1559	1636
1559	1660
1559	1685
1559	1705
1559	1834
1559	1952
1559	1954
1560	1603
1560	1840
1561	1665
1561	1692
1561	1709
1561	1733
1561	1833
1562	1735
1562	1741
1562	1888
1562	1914
1562	1930
1563	1580
1563	1649
1563	1678
1563	1765
1563	1838
1564	1867
1564	1900
1564	1911
1565	1585
1565	1676
1565	1842
1566	1586
1566	1645
1566	1661
1566	1734
1566	1778
1566	1780
1567	1568
1567	1644
1567	1729
1567	1808
1567	1919
1567	1921
1567	1947
1567	1961
1567	1989
1568	1580
1568	1620
1568	1670
1568	1681
1568	1704
1568	1711
1568	1736
1569	1576
1569	1643
1569	1726
1569	1755
1569	1777
1569	1819
1569	1892
1569	1920
1570	1792
1570	1802
1570	1919
1571	1577
1571	1807
1571	1929
1572	1592
1572	1619
1572	1838
1572	1871
1572	1964
1572	1974
1573	1586
1573	1889
1573	1937
1573	1987
1574	1590
1574	1743
1574	1772
1574	1829
1575	1863
1575	1898
1576	1774
1576	1928
1576	1979
1577	1808
1577	1819
1577	1838
1577	1944
1578	1731
1578	1748
1578	1808
1578	1915
1579	1644
1579	1951
1580	1712
1580	1861
1581	1615
1581	1767
1582	1857
1582	1919
1583	1585
1583	1638
1583	1673
1583	1676
1583	1681
1583	1746
1583	1961
1584	1600
1584	1630
1584	1670
1584	1708
1584	1938
1584	1973
1586	1641
1586	1801
1586	1942
1587	1597
1587	1675
1587	1755
1587	1955
1588	1731
1588	1924
1589	1693
1589	1796
1589	1844
1589	1930
1590	1596
1590	1626
1590	1651
1590	1701
1590	1768
1590	1769
1590	1953
1591	1711
1591	1965
1591	1991
1592	1672
1593	1659
1593	1940
1594	1637
1594	1729
1594	1855
1595	1633
1595	1693
1595	1795
1595	1843
1595	1866
1596	1670
1597	1692
1597	1970
1597	1980
1597	1988
1598	1666
1598	1881
1598	1916
1598	1976
1599	1609
1599	1693
1599	1712
1599	1727
1599	1758
1600	1637
1600	1738
1600	1839
1601	1758
1601	1772
1601	1823
1601	1834
1601	1868
1602	1902
1602	1925
1603	1652
1603	1723
1603	1834
1603	1995
1604	1724
1604	1804
1604	1828
1604	1895
1604	1971
1605	1757
1605	1759
1605	1805
1605	1931
1605	1979
1606	1708
1606	1879
1607	1629
1607	1635
1607	1701
1607	1960
1608	1850
1608	1935
1608	1999
1609	1637
1609	1712
1609	1714
1609	1801
1609	1887
1610	1646
1610	1705
1610	1845
1610	1987
1610	1996
1611	1936
1612	1670
1612	1751
1612	1803
1613	1727
1613	1971
1614	1701
1614	1721
1614	1749
1614	1796
1614	1841
1614	1889
1614	1981
1614	1987
1614	1997
1615	1659
1615	1677
1615	1690
1615	1704
1615	1717
1615	1748
1615	1792
1616	1657
1616	1676
1616	1752
1616	1952
1617	1678
1617	1804
1617	1850
1617	1902
1617	1946
1618	1780
1618	1930
1618	1997
1619	1720
1619	1869
1619	1870
1620	1717
1620	1815
1621	1643
1621	1684
1621	1793
1622	1747
1622	1751
1622	1862
1622	1893
1623	1624
1623	1745
1623	1772
1623	1791
1623	1855
1623	1864
1623	1916
1624	1691
1625	1689
1625	1784
1625	1825
1625	1883
1625	1889
1625	1929
1625	1959
1625	1969
1626	1652
1627	1719
1627	1767
1627	1771
1627	1780
1627	1790
1627	1906
1628	1644
1628	1687
1628	1792
1628	1950
1628	1988
1629	1672
1629	1815
1629	1855
1629	1881
1630	1650
1630	1675
1630	1756
1630	1796
1631	1681
1631	1685
1631	1775
1631	1845
1631	1886
1631	1914
1631	1959
1632	1643
1632	1726
1632	1830
1632	1921
1632	1928
1632	1931
1633	1832
1633	1955
1634	1644
1634	1764
1634	1778
1634	1845
1635	1679
1635	1698
1635	1724
1635	1861
1636	1643
1636	1848
1636	1878
1637	1693
1637	1760
1637	1857
1638	1658
1638	1867
1638	1874
1638	1957
1639	1734
1639	1757
1640	1752
1640	1806
1640	1830
1641	1659
1641	1774
1641	1786
1641	1837
1641	1846
1642	1678
1642	1720
1642	1809
1643	1707
1644	1657
1645	1680
1645	1712
1645	1779
1645	1787
1645	1824
1645	1835
1645	1839
1645	1881
1645	1970
1646	1665
1646	1711
1646	1717
1646	1813
1646	1877
1647	1676
1647	1683
1647	1829
1647	1880
1647	1937
1647	1985
1648	1683
1648	1786
1649	1749
1649	1796
1649	1820
1649	1834
1649	1883
1649	1982
1651	1692
1651	1765
1651	1922
1652	1748
1652	1897
1652	1907
1652	1922
1653	1728
1653	1765
1653	1777
1654	1725
1654	1744
1654	1785
1654	1928
1655	1746
1655	1873
1655	1903
1655	1952
1655	1958
1656	1741
1656	1803
1656	1804
1656	1963
1657	1778
1657	1792
1657	1814
1657	1973
1658	1705
1658	1706
1658	1988
1659	1681
1659	1713
1659	1786
1659	1975
1659	1986
1660	1755
1660	1786
1660	1818
1660	1845
1661	1794
1661	1826
1661	1975
1662	1709
1663	1726
1663	1802
1663	1961
1664	1937
1664	1962
1665	1810
1665	1883
1666	1752
1666	1855
1666	1898
1667	1840
1667	1915
1667	1963
1667	1977
1668	1775
1668	1837
1668	1930
1669	1675
1669	1869
1670	1735
1670	1780
1670	1979
1671	1731
1671	1750
1671	1798
1671	1919
1672	1754
1672	1893
1673	1779
1673	1803
1674	1705
1674	1760
1675	1691
1675	1694
1675	1878
1675	1926
1676	1733
1676	1909
1677	1689
1677	1694
1677	1767
1677	1776
1677	1847
1677	1911
1677	1964
1678	1969
1679	1775
1679	1791
1679	1955
1680	1874
1680	1912
1681	1720
1681	1742
1682	1756
1682	1813
1682	1821
1682	1910
1682	1914
1683	1753
1683	1831
1683	1897
1683	1923
1683	1932
1683	1962
1684	1709
1684	1911
1684	1921
1685	1733
1685	1774
1685	1798
1685	1866
1686	1690
1686	1990
1687	1773
1687	1925
1687	1983
1688	1703
1688	1720
1688	1773
1688	1858
1689	1694
1689	1740
1689	1890
1689	1964
1690	1716
1690	1798
1690	1892
1690	1897
1691	1724
1691	1750
1691	1796
1691	1804
1691	1931
1691	1985
1692	1944
1693	1745
1693	1822
1693	1938
1693	1977
1694	1768
1694	1839
1694	1853
1694	1862
1694	1868
1695	1731
1695	1870
1696	1959
1696	1991
1697	1888
1697	1905
1698	1712
1698	1717
1698	1889
1698	1978
1699	1793
1699	1805
1700	1820
1700	1926
1701	1760
1701	1813
1701	1846
1701	1871
1701	1923
1701	1952
1701	1974
1702	1867
1702	1955
1702	1974
1704	1783
1704	1811
1704	1825
1704	1833
1705	1709
1705	1816
1705	1979
1706	1969
1707	1911
1707	1927
1707	1983
1708	1863
1708	1940
1709	1717
1709	1820
1709	1857
1709	1916
1710	1772
1710	1845
1710	1936
1710	1979
1711	1730
1711	1751
1711	1780
1711	1792
1711	1802
1711	1821
1711	1896
1711	1905
1712	1890
1712	1946
1713	1965
1713	1998
1714	1938
1715	1840
1715	1904
1715	1997
1716	1784
1716	1867
1716	1888
1717	1912
1717	1971
1718	1835
1718	1840
1718	1860
1719	1726
1720	1820
1720	1906
1720	1975
1721	1791
1721	1801
1722	1859
1722	1998
1723	1943
1723	1947
1724	1898
1724	1916
1725	1768
1725	1781
1725	1808
1725	1880
1727	1862
1727	1934
1728	1740
1728	1857
1728	1863
1728	1989
1729	1920
1729	1990
1730	1783
1730	1786
1730	1787
1730	1946
1731	1803
1731	1849
1731	1875
1732	1793
1732	1938
1732	1947
1733	1816
1733	1845
1733	1907
1733	1919
1733	1971
1734	1834
1734	1837
1734	1844
1734	1983
1735	1746
1735	1750
1735	1840
1735	1858
1735	1906
1735	1955
1735	1970
1735	1993
1737	1747
1738	1740
1738	1760
1739	1769
1739	1784
1739	1874
1739	1878
1740	1836
1740	1904
1741	1974
1742	1787
1742	1868
1743	1860
1743	1873
1744	1792
1744	1894
1745	1902
1745	1936
1746	1863
1746	1965
1747	1804
1748	1782
1748	1950
1750	1785
1750	1970
1751	1776
1751	1822
1751	1910
1752	1855
1752	1910
1753	1838
1753	1858
1754	1755
1754	1766
1754	1778
1754	1867
1754	1961
1754	1999
1755	1877
1756	1782
1756	1888
1757	1838
1757	1875
1757	1962
1758	1884
1758	1997
1759	1782
1761	1801
1761	1909
1761	1941
1762	1821
1762	1877
1762	1882
1762	1919
1763	1787
1763	1840
1763	1852
1764	1770
1764	1905
1765	1775
1765	1896
1766	1821
1766	1917
1766	1993
1767	1835
1767	1862
1768	1846
1769	1840
1769	1862
1769	1908
1769	1922
1770	1797
1770	1836
1770	1867
1770	1870
1770	1956
1771	1850
1771	1940
1772	1886
1772	1914
1772	1922
1772	1952
1772	1979
1773	1928
1774	1818
1774	1970
1775	1810
1775	1859
1776	1825
1776	1837
1777	1827
1777	1838
1778	1869
1778	1972
1779	1946
1780	1797
1780	1976
1782	1986
1783	1836
1783	1859
1784	1976
1785	1982
1787	1802
1787	1818
1787	1841
1787	1866
1787	1899
1788	1852
1789	1795
1790	1894
1791	1837
1791	1890
1791	1921
1791	1964
1792	1858
1792	1885
1792	1913
1793	1797
1793	1849
1793	1947
1794	1890
1794	1905
1794	1926
1795	1912
1796	1884
1796	1929
1797	1838
1798	1882
1798	1904
1798	1910
1798	1915
1799	1838
1800	1937
1801	1807
1801	1836
1801	1866
1802	1804
1802	1886
1803	1841
1805	1922
1805	1940
1806	1831
1806	1853
1806	1959
1809	1923
1809	1933
1812	1877
1812	1940
1813	1898
1813	1943
1814	1833
1814	1846
1814	1873
1814	1902
1814	1939
1815	1826
1815	1831
1816	1894
1816	1910
1816	1998
1817	1837
1817	1856
1817	1877
1817	1966
1818	1839
1818	1864
1819	1870
1819	1890
1821	1905
1822	1915
1822	1988
1823	1855
1823	1992
1825	1911
1825	1915
1825	1928
1825	1952
1826	1967
1827	1860
1827	1871
1827	1876
1827	1901
1827	1902
1828	1832
1828	1868
1828	1940
1830	1910
1831	1846
1831	1965
1832	1945
1833	1915
1833	1932
1834	1878
1834	1964
1835	1986
1835	1999
1836	1968
1836	1976
1837	1866
1837	1965
1838	1986
1839	1894
1839	1995
1840	1860
1840	1863
1840	1961
1841	1866
1841	1925
1842	1878
1842	1954
1843	1980
1845	1907
1846	1891
1846	1999
1847	1859
1847	1958
1847	1990
1849	1901
1849	1957
1849	1969
1849	1976
1850	1971
1850	1983
1851	1968
1852	1887
1852	1937
1852	1998
1853	1855
1853	1870
1853	1949
1853	1970
1853	1974
1854	1890
1854	1891
1855	1870
1856	1861
1856	1893
1858	1985
1860	1945
1861	1947
1862	1949
1862	1973
1863	1980
1864	1897
1864	1940
1864	1971
1865	1876
1865	1937
1866	1913
1866	1965
1867	1899
1868	1893
1868	1899
1869	1936
1871	1905
1871	1917
1872	1894
1872	1907
1872	1982
1873	1992
1874	1916
1874	1951
1875	1894
1875	1950
1875	1963
1878	1952
1882	1982
1883	1886
1883	1923
1883	1932
1883	1938
1885	1931
1886	1942
1886	1976
1886	1983
1887	1988
1890	1955
1891	1904
1891	1912
1891	1976
1892	1929
1892	1988
1895	1903
1895	1927
1895	1951
1895	1976
1895	1988
1897	1984
1901	1914
1903	1928
1903	1964
1909	1942
1909	1948
1910	1971
1912	1966
1912	1989
1912	1998
1913	1948
1914	1919
1916	1965
1918	1989
1920	1921
1920	1959
1920	1964
1923	1927
1924	1943
1924	1960
1924	1963
1928	1948
1930	1948
1932	1957
1933	1935
1934	1959
1937	1986
1938	1979
1940	1949
1941	1979
1942	1952
1943	1954
1943	1977
1946	1954
1948	1988
1949	1977
1951	1984
1952	1973
1953	1990
1954	1970
1954	1978
1955	1973
1955	1974
1956	1986
1956	1992
1957	1970
1957	1975
1958	1980
1959	1970
1961	1989
1962	1992
1963	1967
1967	1997
1975	1993
1976	1994
1980	1991
1983	1991
1986	1989
1992	1999
