1000
1245
1660
1729
1735
1760
1769
1821
1883
1907
1988
0
67
83
309
397
495
595
789
851
1842
969
1
59
246
300
476
560
612
662
714
823
910
1001
1081
1214
1533
549
1563
1564
1747
1814
1902
1916
1002
1137
1197
1209
1569
1613
1845
1874
1951
1954
1956
1003
1248
1253
1254
1394
1510
1672
1756
1794
954
1971
2
61
73
171
369
605
888
889
896
960
1004
1138
1145
1178
1355
1549
1585
1620
1808
1873
1975
3
118
264
319
485
776
780
794
1887
950
4
69
82
522
572
736
754
792
808
934
977
1005
1127
1305
1342
1406
1497
618
1695
1784
1948
1986
1006
1384
1515
1663
1692
1985
1996
998
1007
1448
1471
1600
1604
1679
1803
1853
1941
1981
1998
5
27
102
237
488
701
729
743
784
876
6
29
132
210
304
524
629
811
901
994
1008
1121
1139
1229
1231
1450
1579
1626
731
1819
1009
1219
1240
1273
1418
1420
1670
1755
1775
1837
7
384
440
663
828
841
864
899
1991
995
1010
1242
1358
1454
1557
1658
810
1912
1935
1973
8
146
414
679
788
1840
919
944
979
9
90
293
370
472
536
740
843
938
949
970
10
263
303
434
489
779
821
875
937
11
97
125
301
598
678
759
786
1900
976
982
12
290
477
510
1601
717
749
863
946
1011
1026
1144
1318
1328
1519
1624
1934
1938
1966
13
181
427
453
474
622
646
668
1708
923
968
14
204
235
624
686
734
767
928
945
972
999
15
92
340
1409
499
671
682
987
1012
1078
1400
1532
1722
1726
1834
1880
1952
1969
1970
16
103
1470
570
795
826
845
908
943
973
974
17
28
197
277
426
475
667
716
882
996
18
81
233
311
459
540
670
903
955
1013
613
1605
1649
1650
1854
1871
1884
1901
1906
1014
1193
1401
1487
1514
1696
1753
1782
1833
1997
1999
1015
1282
1332
1402
1428
1473
1498
1774
1800
1909
1995
1016
1107
1125
1230
1267
1310
1494
1614
1894
1982
1017
1029
1298
1430
1799
1925
19
244
575
664
709
793
833
862
914
20
31
1156
389
418
470
703
747
884
933
1018
1422
1619
1638
1674
1839
1896
1983
21
47
557
656
676
798
873
891
986
997
1019
243
1251
1584
1657
1738
1771
1984
22
346
621
691
710
763
874
984
23
254
379
460
578
700
859
1823
877
962
1020
1597
1607
1617
1779
1822
1891
1979
24
401
494
712
746
819
924
25
211
508
881
991
26
111
631
735
830
847
854
892
980
1160
255
363
567
713
806
930
104
422
586
632
939
137
242
1502
750
951
30
110
159
409
538
752
904
916
1899
967
990
113
455
539
609
741
963
32
182
200
278
569
696
814
880
964
33
147
347
438
480
501
1875
926
1021
1180
1183
1541
1709
1961
1022
231
1311
1524
1644
1818
1918
1967
1989
1023
1447
1713
1740
1827
1861
925
1920
1965
1024
1096
1204
1234
1453
1606
1611
1675
1882
34
152
490
509
689
837
868
1025
1261
1288
1543
1817
1990
35
85
130
356
1516
526
603
36
326
360
457
1522
630
705
790
985
37
443
507
744
922
956
978
38
226
583
634
652
702
719
953
39
128
163
239
284
502
610
640
866
1218
1325
1329
1627
1743
1860
940
1928
1027
1438
1464
1565
1630
1715
1855
40
172
299
415
530
617
777
885
912
947
41
180
382
1640
844
890
42
49
196
534
601
690
711
935
1028
1085
1302
1676
1867
1911
1955
1162
1285
1667
1720
1927
1030
1150
1187
1572
1636
1728
1798
43
68
297
812
920
952
44
458
493
520
523
633
738
45
387
406
651
745
785
1031
1124
1347
1512
1646
1736
1980
46
160
330
555
1668
829
886
1032
1203
1480
1556
1664
1665
1724
1832
1852
1908
1033
1749
1777
1780
1868
1876
1915
1034
1079
1189
1734
758
1806
1968
56
148
608
766
775
836
895
1035
1101
1115
1260
1378
1392
1517
1721
1810
1953
48
141
413
516
846
927
961
1036
1049
1094
1419
1449
1632
1635
1698
1781
222
394
611
718
1037
1199
1307
1538
1828
1865
1913
50
157
270
635
708
783
835
900
915
988
1038
1215
1469
1477
1705
1714
1741
1870
51
202
386
902
907
52
241
332
553
685
858
942
1039
1243
1467
1503
619
1725
1795
1040
1227
1320
1360
1490
1699
1949
1959
53
380
478
571
573
596
706
751
54
213
461
518
684
739
1041
1312
1413
1629
1712
1844
1888
1917
1944
55
552
683
698
983
1042
1280
1300
1536
1768
1807
1831
1924
306
650
807
809
853
1043
1236
1306
1488
1546
1905
1922
57
122
1099
323
452
545
688
842
58
636
801
992
1044
1190
1404
1609
1680
1766
1848
1247
286
364
368
484
665
692
760
1045
1104
1283
1382
1535
1804
1869
1904
60
275
342
748
755
820
893
1926
487
537
602
774
62
79
199
402
1592
857
63
355
500
697
800
834
64
109
503
590
865
65
352
473
593
644
849
872
66
258
367
722
781
451
769
796
121
343
479
551
932
1046
1102
1241
1250
1836
1946
1047
1314
1526
1587
1602
1830
127
313
832
1048
1165
1581
1881
1976
1994
70
166
813
838
71
209
439
898
906
72
190
582
626
765
929
1568
1621
1719
1974
1050
1424
1505
1730
420
1748
799
1051
1075
1501
1593
1890
1052
1359
1545
1599
1889
1942
1958
1053
1163
1278
1338
1856
1931
74
75
424
445
805
174
225
276
486
771
1903
958
76
542
822
855
77
93
272
339
642
770
931
78
328
528
558
659
732
1054
1105
1166
1387
1417
1910
106
194
894
905
1055
1276
1351
1445
80
514
548
577
580
818
824
1056
1372
1567
1801
1841
1895
589
614
918
1057
1287
1518
839
1943
1972
1058
1291
1460
1773
357
504
531
871
1059
515
1608
1628
1857
1992
195
371
498
628
724
768
84
396
468
831
993
1060
1220
1685
1792
1851
220
556
597
666
707
86
594
1061
1255
1511
1513
1963
87
623
672
88
288
449
1637
1062
1706
1707
1950
89
179
262
266
497
292
547
91
253
529
149
1412
584
230
437
861
1063
1265
1277
1691
1064
1129
1365
1405
1651
1655
94
448
648
737
816
1898
1065
1508
1558
1939
95
393
433
587
96
639
852
870
897
948
981
1066
1324
1652
1732
1762
1067
1279
1437
1548
1648
1750
1805
1068
1547
1586
1772
1797
1863
1069
1109
1274
1344
1478
1987
98
965
1070
1294
329
1444
1893
1071
1200
1466
1553
1693
1788
1932
1072
1268
1682
1770
99
425
429
525
879
959
1073
101
1249
1257
1272
1580
1764
100
1495
627
331
517
568
733
1074
1363
1443
1791
131
178
616
704
1811
1077
1642
1076
1239
1415
1452
637
778
827
883
260
337
1343
1752
1122
1717
1739
1793
1862
1134
1330
1383
1431
1485
1824
105
867
921
1080
345
1573
1802
1133
1216
1361
1371
1671
1829
1082
1226
431
1718
283
693
797
107
267
408
483
1083
1153
1223
1304
1763
1084
1086
1509
1521
1923
1167
1335
1731
1825
1877
1481
1596
1751
1087
1297
1552
1796
1886
1897
1088
1356
1582
1612
1859
108
247
308
825
184
725
971
1089
1357
1684
1688
1757
1878
1090
1158
1669
1789
1091
860
909
112
315
466
787
1092
1346
1504
1598
742
887
114
208
318
1936
115
203
279
496
647
1093
1641
1790
1846
1849
116
175
1527
728
761
815
1778
1786
1964
1095
1403
1583
1623
1754
117
273
295
566
687
138
261
911
119
322
446
527
120
373
405
730
966
123
492
249
1301
1560
1919
1947
143
1097
1683
1815
1993
782
791
913
124
432
1647
1098
1461
1892
1978
185
463
975
1100
1561
1957
282
1933
126
649
673
1702
1929
1103
1534
1677
1872
1258
1977
1106
1217
1555
1433
302
234
563
615
941
129
436
869
144
375
723
1960
398
471
316
1421
1746
1847
1289
1108
1631
1704
133
350
410
505
677
804
1111
1333
1783
134
305
607
135
155
221
989
136
307
349
1110
1315
454
546
620
641
1147
1838
1112
1117
1455
721
817
1921
139
281
643
1701
1113
1233
1410
680
1737
1114
1451
1787
1879
140
229
674
1366
1116
1148
1395
1457
1723
1885
462
464
142
170
878
1140
1188
1468
1562
1661
535
753
1118
1141
1323
1459
1525
1119
1281
1427
1645
1319
681
145
1120
1286
1423
1812
1945
1391
1476
1540
1123
1456
1694
482
158
201
338
957
161
543
917
150
840
151
188
236
252
1336
1353
1603
1687
1195
675
153
1398
506
1196
1228
1390
1126
1835
1182
1442
154
259
657
1128
1292
661
1368
1625
1776
1130
1161
1843
1914
1131
1143
1411
1132
1266
1570
1864
1866
1381
720
850
156
251
592
1765
1590
1937
1940
1135
1364
1463
1530
1681
491
1136
1678
1340
1362
1426
287
1662
1142
392
1446
1458
1610
1703
599
695
206
1263
1523
1758
167
176
803
1313
1462
1492
162
416
600
715
936
399
164
411
1146
1962
1154
1185
1224
1659
1566
165
565
1149
1331
1745
187
358
335
344
168
756
757
1207
1327
1727
1826
169
186
856
1151
1349
1506
1666
1759
376
442
727
354
576
585
173
321
1432
217
223
726
1152
248
441
579
177
591
1337
1474
1408
1710
1813
1155
1252
1389
1500
1654
189
417
669
1159
1499
1369
291
1700
1157
1284
198
1435
1816
183
227
564
658
1653
1354
533
1858
1177
1211
1212
1376
1393
224
327
848
1434
1164
1179
1491
298
1472
562
1554
1639
1168
1416
1169
1370
1170
1295
1171
1172
1440
1633
191
1173
1689
192
469
559
1174
1202
1475
1496
1733
193
588
645
205
351
764
1175
1205
257
1176
1542
1550
1767
228
269
245
285
1616
481
541
374
1296
1539
1181
699
660
423
207
1184
1761
1186
1352
450
653
655
694
1436
212
390
325
1388
214
407
625
215
216
513
218
219
240
762
1191
1785
1192
1742
336
1194
250
1479
1375
1429
1850
1232
773
1222
1198
550
359
1201
772
1374
1386
1589
1697
1206
1379
232
1208
1377
1809
1339
1210
1618
1686
385
544
1615
1213
1246
1317
268
467
581
1397
1439
1520
1256
1407
1588
1634
238
604
1269
1591
574
1577
1221
1367
1334
1321
1744
1225
447
391
1576
421
1559
400
404
1673
361
532
256
353
519
377
419
1820
1290
1235
1270
1341
1237
1293
1238
1350
1264
265
606
1244
1441
1380
1537
1528
1578
365
271
1594
395
1259
1711
274
1622
378
1262
403
1414
1531
1571
388
1326
334
1482
1396
1544
1716
1271
1308
280
1486
1483
1275
310
430
1425
1465
1575
444
802
289
294
511
296
435
366
428
314
1322
1595
1345
312
1299
317
1303
324
320
1930
372
1309
1489
383
1373
1551
561
333
654
348
1316
341
1574
1643
638
1690
1493
1348
1656
554
362
1507
1385
381
1399
512
412
521
1484
456
1529
465
