0
507
508
638
846
1000
1079
1364
1637
1840
1
123
876
937
971
1001
1341
1402
1569
1972
1002
1150
1223
1859
1935
1003
1597
1641
1763
1884
1004
1478
603
1965
2
323
472
726
999
1005
1250
1774
1816
1975
3
166
553
695
905
4
557
661
819
944
5
672
709
750
949
1006
1642
1664
1914
1928
1007
522
1786
1901
1967
6
206
492
889
966
7
382
849
855
1008
1391
1710
1951
1991
1009
1518
1635
1800
1915
1010
1416
1500
1548
1954
1011
1387
1513
1622
1012
1486
1927
1948
1013
1289
1368
1601
1014
1464
1585
1868
8
707
857
912
9
586
669
770
832
10
154
204
609
619
11
132
168
650
972
1015
1257
1936
1998
1016
1819
1829
1960
1992
12
86
655
873
924
1017
1057
1775
1826
1961
13
400
617
1018
1480
1824
1873
14
136
906
926
1019
1608
1739
1887
1994
15
719
727
900
948
1020
1530
1783
1853
1941
1021
1885
1919
1939
1022
1342
1693
1703
1023
1393
1512
1906
1024
1699
1940
16
416
702
980
1025
1830
1862
1877
1978
17
219
224
915
18
385
430
434
834
19
836
901
956
988
20
53
654
953
965
21
120
388
690
866
1026
1751
1938
1943
1027
1042
1379
1487
1956
22
891
941
955
1028
1542
1815
1821
1029
1249
1421
1801
1982
23
320
722
764
1030
1136
1210
1475
1990
1031
1736
1962
1973
1032
1532
1598
1604
1033
1570
1034
1455
1466
1880
1035
1502
1876
1878
1036
1394
1556
1986
1037
1065
1882
1993
1999
1038
1053
1971
1039
1744
1745
24
540
985
997
25
290
642
798
869
1040
1768
1790
1850
26
745
824
847
982
27
765
831
835
28
497
700
881
973
29
429
767
803
933
30
786
879
902
913
1041
1650
1916
1989
1463
1881
1918
31
723
829
910
925
32
524
938
998
1043
1489
1740
1044
1576
1654
1929
1996
33
54
986
34
437
622
928
1045
1691
1904
1046
1595
1646
1976
35
253
381
606
783
1047
1071
1680
1910
1048
1201
1695
1779
1968
36
365
459
562
818
37
435
880
989
38
821
903
909
983
39
741
921
994
1049
1139
1568
1784
1985
1050
1160
1545
1937
40
358
436
839
840
41
504
588
731
961
42
528
563
810
947
43
233
608
861
44
350
392
451
701
1051
1325
1632
1984
45
83
1424
636
830
1052
1619
1772
1988
1313
1748
1054
1330
1807
1909
1055
1377
1418
1796
46
236
748
882
1056
1788
1974
47
844
916
48
410
936
1957
49
610
753
1231
1621
1979
1058
1708
1734
1958
1964
50
737
744
996
1059
1355
1947
1060
1283
1903
51
275
768
789
52
526
851
979
990
305
503
856
1061
1613
1857
1898
1980
696
1062
1356
1659
1995
55
167
657
738
56
804
943
57
326
662
927
992
1063
1324
1468
1064
1121
1207
1926
1244
1311
1942
58
597
626
754
59
160
60
747
970
61
172
816
896
962
62
232
347
922
63
593
624
822
64
800
934
1066
1562
1704
1067
1114
1577
1789
1068
1443
1069
1738
65
346
792
885
1070
1147
1399
1834
1966
1322
1752
1072
1213
1397
1899
66
190
646
749
1073
1531
1808
1820
1074
1130
1476
1638
1912
67
957
1075
1163
1855
1917
68
1176
1076
1667
987
1077
1141
1276
1353
1735
1078
1589
1823
1828
1838
1930
1080
1679
1870
1924
1981
1081
1811
799
1907
1934
1082
1852
1977
1083
1419
1754
1084
1714
1781
69
325
897
1085
1370
1726
1893
1086
1180
70
679
755
848
71
91
169
509
993
72
969
1087
1222
1546
1911
1088
1889
1089
1844
73
274
1090
1315
1592
74
363
591
920
1091
1112
1722
1092
1477
1645
1969
1093
1203
1094
1846
1865
1095
1108
1348
1519
1627
1096
1491
1567
1746
1950
75
322
590
854
1097
1453
1098
1255
1469
1841
1099
1434
1591
1843
1100
1104
1282
1997
76
108
733
911
1101
1825
1875
77
845
894
898
1102
1724
1883
1103
1414
1267
1105
1366
1505
1676
1106
1599
78
506
877
929
1107
1609
1706
79
963
984
1227
1983
80
564
680
687
918
81
715
807
82
87
838
1109
1215
510
550
708
1110
1727
1111
1684
1787
84
432
579
904
85
248
740
1138
1953
1113
1683
1835
1987
1503
1963
625
950
968
664
806
88
826
1115
1405
1528
1688
1116
1182
1400
1970
89
649
853
978
1117
1170
1701
1792
1118
1166
1874
90
623
878
919
1119
1681
1833
1120
777
92
393
908
940
1406
1643
1122
1123
1420
1702
93
303
697
874
930
94
470
648
721
967
1124
1380
1631
1804
95
452
779
867
96
300
545
725
734
97
276
960
98
675
99
554
814
817
100
310
751
101
266
281
565
1125
1776
1854
102
736
917
1126
1818
1839
1127
1288
103
842
939
952
104
408
520
1128
1596
628
1900
105
523
758
991
1129
1849
106
739
784
1798
107
406
282
942
1131
1822
1132
1662
1932
1133
1134
1861
1135
1427
1863
109
692
1433
1137
1438
1674
1700
1770
110
1565
763
1509
1831
1140
1766
111
1761
112
151
658
895
1142
1552
1721
1879
1143
1168
1668
113
165
397
1144
1262
1842
1145
1197
1447
1146
1308
114
529
115
415
793
862
116
780
899
951
1148
1437
1886
117
387
684
907
1149
1705
1793
1925
118
191
411
678
119
513
772
778
1272
292
833
121
517
571
122
335
710
809
1151
1270
1666
1731
319
693
124
1152
1302
1389
1439
125
156
173
1153
1583
1711
1810
1154
1553
1782
1805
126
659
843
127
974
128
164
728
1155
1274
1156
1278
1791
129
870
935
1157
1472
1896
1955
1158
1452
1605
1945
130
945
131
575
759
1159
1428
1549
1813
369
685
133
134
464
837
135
543
1161
1891
344
447
137
483
752
1162
1579
1894
1164
1590
1634
1709
1165
1301
1323
1949
1869
1167
1661
1690
138
179
298
630
139
183
724
140
412
141
374
582
142
797
872
976
1354
143
635
858
144
225
442
651
683
1169
145
512
146
681
147
309
488
148
476
149
850
150
827
1171
1404
152
404
773
801
153
521
1172
1574
1817
1173
155
402
1174
1251
1281
852
643
157
356
720
756
158
420
1175
1305
1401
1756
1383
1511
159
480
686
757
1177
1224
1933
1178
1297
1312
1413
1179
1481
481
1212
1293
1181
1206
161
461
162
760
888
163
561
584
568
505
1183
865
890
1184
1892
1185
1351
1921
170
689
868
1186
1749
171
633
1187
1382
1959
1188
1660
1847
1872
1189
1773
1931
1190
1191
1507
1697
1860
776
1192
174
465
820
175
345
887
977
1193
1431
1923
176
260
177
634
705
178
353
1194
1345
1858
1871
1195
1506
1196
1845
1551
1198
1258
1373
180
181
1199
1672
182
255
343
682
808
184
573
185
1200
1307
1423
186
258
288
923
187
1202
1214
188
490
189
405
612
1462
1204
1692
1205
730
192
639
1544
193
627
1208
1851
194
252
376
569
946
1209
1362
1890
195
277
782
196
1687
1211
1785
1616
1640
197
389
198
1504
199
883
1492
1897
1216
1357
1848
200
859
932
201
1378
548
202
698
203
711
1217
1331
1417
771
975
1218
205
366
580
981
207
227
208
556
1219
1630
1760
209
551
210
444
538
211
914
212
604
213
332
791
1220
1221
1554
1712
1920
214
663
825
1539
1946
215
670
729
1292
216
448
631
717
1485
1490
1225
1239
1226
1277
1913
217
611
218
592
1864
1228
1363
220
583
691
1229
1671
221
423
964
222
1230
1319
1777
1922
1623
1232
223
598
1233
1286
1435
1624
1234
1235
587
1236
1361
1430
271
1237
1620
1856
226
228
491
1238
1836
1757
1240
1241
1253
1459
1750
229
419
1242
1809
230
766
231
958
234
769
1243
1409
1612
235
1245
1747
1780
1246
1510
1247
1725
714
1248
1493
1602
1271
237
249
283
539
238
293
795
1517
239
1473
860
1252
1346
1895
1614
1254
1499
1673
1908
240
828
1652
1944
241
418
640
242
243
525
531
244
245
333
1256
1467
1541
246
647
247
502
250
576
251
884
892
315
1259
1618
254
732
841
449
1260
1261
1698
256
257
468
790
1263
1367
1575
1264
1867
1265
259
441
574
261
589
262
694
1266
1479
1832
263
279
607
264
1610
265
514
706
267
377
1268
1339
1655
1677
268
499
577
269
455
485
1269
1715
1332
1769
1273
1753
270
496
272
380
533
578
1571
1584
273
511
1275
1461
1498
1905
688
294
1633
1625
278
516
361
280
375
1527
1310
1866
746
422
284
474
812
871
1279
1470
1588
1280
1371
1533
1586
1707
1296
1743
1374
1284
1578
285
527
1285
1651
1287
1795
1425
286
567
621
1290
1689
1291
1649
1778
1952
287
1385
1682
1728
1294
1335
1902
289
302
599
1295
1827
1426
1606
291
954
475
893
1794
295
396
440
585
1298
1299
1525
296
1300
1603
297
788
1663
299
414
667
324
1303
1617
1730
301
1304
1495
1306
1762
1694
336
1309
1767
304
378
454
995
306
486
307
620
959
1398
1670
308
673
311
605
312
313
1314
314
1316
316
652
1317
1318
1496
1729
1814
1644
1742
317
329
1320
1321
1658
1450
1759
318
426
802
1719
660
1471
321
602
1326
1327
1365
1653
1328
1329
1457
1626
718
1566
1656
615
886
327
699
328
1340
1333
1334
1449
330
331
334
1336
1520
1337
339
716
1755
1338
1540
1665
337
338
781
1386
1615
535
1555
1343
1344
340
823
341
445
762
342
484
552
1446
1347
541
704
1349
1537
547
1350
348
644
1352
349
351
653
352
570
354
355
391
530
775
357
1358
1547
1587
1359
1360
1508
1628
1741
1803
417
359
360
815
1560
362
364
450
863
1593
1669
1572
1678
532
367
677
368
466
671
743
864
581
1369
370
371
549
742
372
373
1372
1395
1837
386
1375
1516
473
875
379
796
500
1376
1600
1758
1765
1410
383
1381
384
1384
1460
546
390
676
1388
1396
1390
1392
1636
394
559
601
395
519
1411
1559
1422
1771
398
665
399
479
1415
401
595
703
421
1403
1407
1408
403
433
1412
407
446
1488
1429
409
1764
1797
537
787
413
813
1444
1441
1806
1432
1482
1888
1436
424
428
1564
425
668
735
1580
1720
1733
1522
1440
427
1442
482
460
501
1445
431
542
1686
1557
1448
1550
1648
1812
456
438
439
1451
443
544
560
1454
805
666
1456
632
469
1458
1535
453
596
1465
457
600
1543
1515
1723
458
1474
1607
462
931
463
637
641
467
1732
1483
1639
1484
1594
471
811
477
495
478
487
712
1494
489
493
1497
1529
494
1717
1501
1713
1799
498
645
1558
534
1521
1657
1716
1514
515
1523
1524
1526
518
1534
1802
1536
1538
1737
536
558
785
572
1561
1563
555
566
1573
1696
1581
1582
774
794
629
594
616
1611
613
614
618
713
1629
1718
1647
656
1675
1685
674
761
