2000	0
0	507
0	508
0	638
0	846
507	129
507	644
507	881
507	940
507	964
507	988
508	255
508	514
508	787
508	793
508	960
508	993
638	287
638	641
638	699
638	747
638	967
638	970
638	987
638	996
846	414
846	484
846	674
846	689
846	708
846	781
846	789
846	819
846	834
846	874
846	922
846	934
846	939
846	946
846	968
846	992
1000	1079
1000	1364
1000	1637
1000	1840
1079	1838
1079	1930
1079	1935
1364	1560
1364	1858
1364	1911
1364	1960
1637	1038
1637	1706
1637	1719
1637	1755
1637	1800
1637	1869
1637	1996
1840	1022
1840	1206
1840	1478
1840	1577
1840	1629
1840	1742
1840	1762
1840	1765
1840	1779
1840	1787
1840	1792
1840	1882
1840	1984
1840	1989
1	123
1	876
1	937
1	971
123	319
123	684
123	693
876	62
876	229
876	313
876	348
876	393
876	425
876	482
876	522
876	644
876	791
876	795
876	803
876	866
876	910
876	920
876	947
876	977
876	985
937	165
937	211
937	266
937	308
937	454
937	588
937	674
937	691
937	704
937	768
937	791
937	815
937	829
937	832
937	844
937	873
937	911
937	940
937	946
937	951
937	952
937	969
937	979
937	981
971	22
971	37
971	153
971	219
971	226
971	242
971	266
971	322
971	364
971	365
971	379
971	410
971	506
971	576
971	650
971	691
971	757
971	810
971	826
971	1877
971	884
971	892
971	897
971	903
971	922
971	952
971	958
971	976
971	978
971	981
971	984
971	992
971	995
1001	1341
1001	1402
1001	1569
1001	1972
1341	1386
1341	1615
1341	1887
1341	1903
1402	1846
1402	1851
1402	1969
1402	1976
1402	1981
1569	1126
1569	1434
1569	1493
1569	1872
1569	1935
1569	1972
1972	1039
1972	1107
1972	1112
1972	1159
1972	1392
1972	1450
1972	1542
1972	1642
1972	1684
1972	1694
1972	1703
1972	1739
1972	1781
1972	1804
1972	1806
1972	1819
1972	1856
1972	1876
1972	1885
1972	1897
1972	1899
1972	1912
1972	1924
1972	1938
1972	1957
1972	1966
1972	1983
1972	1995
1972	1996
1002	1150
1002	1223
1002	1859
1002	1935
1150	1047
1150	1272
1150	1960
1223	1292
1223	1852
1223	1927
1859	1161
1859	1286
1859	1375
1859	572
1859	1747
1859	1759
1859	1811
1859	1824
1859	1869
1859	1896
1859	1900
1859	1909
1859	1952
1859	1968
1859	1983
1935	1066
1935	1151
1935	1251
1935	1383
1935	1404
1935	1464
1935	1465
1935	1508
1935	1534
1935	1536
1935	1620
1935	1640
1935	1708
1935	1773
1935	1826
1935	1836
1935	1948
1935	1966
1935	1992
1935	1995
1935	1998
1003	1597
1003	1641
1003	1763
1003	1884
1597	1352
1597	1506
1597	1560
1597	622
1597	1666
1597	1682
1597	1957
1641	1422
1641	1612
1641	1730
1641	1834
1641	1918
1641	1971
1641	1980
1763	1004
1763	1536
1763	1543
1763	1625
1763	1650
1763	1683
1763	1724
1763	1944
1763	1984
1763	1996
1884	1018
1884	1063
1884	1462
1884	1494
1884	1651
1884	1666
1884	1674
1884	1713
1884	1719
1884	1735
1884	1857
1884	1879
1884	1880
1884	1939
1884	1944
1884	1948
1884	1969
1884	1996
1004	1478
1004	603
1004	1965
1478	1687
1478	1835
1478	1869
1478	1977
603	502
603	600
603	803
603	883
603	952
603	972
603	975
1965	1011
1965	1174
1965	1257
1965	1338
1965	1381
1965	1447
1965	1635
1965	1691
1965	1711
1965	1732
1965	1822
1965	1826
1965	1860
1965	1866
1965	1922
1965	1931
1965	1944
1965	1951
1965	1960
1965	1961
1965	1963
1965	1974
1965	1976
1965	969
1965	1987
1965	1991
1965	1994
2	323
2	472
2	726
2	999
323	697
323	862
323	934
323	963
472	114
472	821
472	837
472	840
472	1875
726	433
726	555
726	596
726	624
726	661
726	670
726	810
726	875
726	890
726	979
999	46
999	58
999	102
999	124
999	145
999	356
999	486
999	489
999	520
999	537
999	540
999	544
999	576
999	605
999	630
999	724
999	735
999	741
999	749
999	778
999	823
999	848
999	864
999	872
999	881
999	883
999	884
999	893
999	907
999	910
999	913
999	920
999	948
999	951
999	969
999	973
999	978
999	987
999	994
1005	1250
1005	1774
1005	1816
1005	1975
1250	1504
1250	1517
1250	1922
1250	1957
1774	1088
1774	1163
1774	1600
1774	1652
1774	1653
1774	708
1774	1741
1774	1853
1774	1959
1774	1971
1774	1975
1816	1097
1816	1453
1816	1536
1816	1600
1816	1721
1816	1870
1816	1873
1816	1877
1816	1891
1816	1952
1816	1955
1816	1963
1816	1968
1975	1205
1975	1260
1975	1323
1975	1336
1975	1367
1975	1415
1975	1439
1975	1465
1975	1533
1975	1535
1975	1632
1975	1675
1975	1711
1975	1721
1975	1769
1975	1775
1975	1781
1975	1783
1975	1817
1975	1843
1975	1928
1975	1932
1975	1934
1975	1937
1975	1956
1975	1966
1975	1991
1975	1992
1975	1994
1975	1996
3	166
3	553
3	695
3	905
166	282
166	505
166	916
553	24
553	32
553	246
553	664
553	745
553	818
695	8
695	13
695	316
695	576
695	674
695	825
695	945
695	958
695	972
905	116
905	234
905	249
905	332
905	351
905	440
905	571
905	611
905	656
905	702
905	716
905	741
905	795
905	822
905	852
905	866
905	946
905	972
905	982
905	985
905	993
4	557
4	661
4	819
4	944
557	302
557	363
557	396
557	734
557	874
557	908
661	14
661	330
661	485
661	670
661	882
661	928
661	978
819	135
819	238
819	334
819	357
819	433
819	1556
819	621
819	734
819	806
819	875
819	892
819	916
819	988
944	16
944	114
944	235
944	384
944	431
944	598
944	611
944	715
944	758
944	804
944	864
944	892
944	897
944	915
944	917
944	947
944	948
944	962
944	967
944	968
944	974
944	983
944	986
944	990
944	993
5	672
5	709
5	750
5	949
672	498
672	750
672	782
672	829
672	857
672	902
672	993
672	995
709	518
709	733
709	853
709	857
709	859
709	932
709	940
709	959
709	975
750	27
750	60
750	608
750	656
750	783
750	786
750	828
750	906
750	939
750	978
949	127
949	153
949	236
949	247
949	293
949	296
949	433
949	529
949	544
949	595
949	648
949	651
949	683
949	757
949	766
949	824
949	880
949	924
949	943
949	948
949	965
949	968
949	970
949	978
949	986
949	991
1006	1642
1006	1664
1006	1914
1006	1928
1642	1531
1642	1635
1642	1688
1642	1868
1642	1961
1642	1988
1664	1116
1664	1583
1664	1649
1664	1717
1664	1731
1664	1775
1664	1957
1664	1991
1914	1014
1914	1132
1914	1134
1914	1350
1914	1435
1914	1453
1914	1629
1914	1686
1914	1731
1914	1746
1914	1794
1914	1843
1914	1845
1914	1846
1914	1870
1914	1899
1914	1904
1914	1905
1914	1923
1914	1991
1914	1993
1928	1183
1928	1257
1928	1294
1928	1389
1928	1440
1928	1446
1928	1602
1928	1616
1928	1621
1928	1626
1928	1781
1928	1792
1928	1820
1928	1841
1928	1869
1928	1871
1928	1877
1928	1888
1928	1927
1928	1976
1928	1977
1007	522
1007	1786
1007	1901
1007	1967
522	255
522	676
522	907
522	967
522	998
1786	1084
1786	1449
1786	1644
1786	1658
1786	1737
1786	1835
1786	1879
1786	1952
1786	1957
1786	1963
1786	1990
1901	1368
1901	1496
1901	1504
1901	1536
1901	1585
1901	1647
1901	1676
1901	1715
1901	1738
1901	746
1901	1825
1901	1829
1901	1834
1901	1856
1901	1896
1901	1899
1901	1903
1901	1976
1901	1977
1901	1991
1967	1129
1967	1163
1967	1261
1967	1334
1967	1386
1967	1677
1967	1705
1967	1733
1967	1778
1967	1781
1967	1791
1967	1797
1967	1802
1967	1804
1967	1819
1967	1824
1967	1880
1967	1894
1967	1902
1967	1923
1967	1925
1967	1934
1967	1951
1967	1954
1967	1956
1967	1969
1967	1983
1967	1988
6	206
6	492
6	889
6	966
206	580
206	981
206	991
492	491
492	501
492	873
492	927
492	993
889	63
889	240
889	400
889	524
889	540
889	541
889	566
889	719
889	747
889	769
889	778
889	848
889	853
889	863
889	872
889	906
889	919
889	959
889	967
889	974
966	7
966	237
966	328
966	387
966	398
966	449
966	458
966	1497
966	569
966	597
966	614
966	618
966	619
966	728
966	739
966	741
966	746
966	754
966	824
966	835
966	843
966	856
966	863
966	882
966	917
966	936
966	947
966	951
966	961
966	978
966	979
7	382
7	849
7	855
382	146
382	296
382	887
382	1944
849	87
849	317
849	332
849	459
849	477
849	718
849	763
849	838
849	868
849	880
849	962
849	970
849	974
849	986
849	994
849	997
855	137
855	183
855	308
855	434
855	478
855	1620
855	688
855	741
855	883
855	895
855	902
855	920
855	940
855	947
855	955
855	973
855	985
1008	1391
1008	1710
1008	1951
1008	1991
1391	1200
1391	1779
1391	1830
1391	1907
1391	1980
1710	1270
1710	1335
1710	1453
1710	1544
1710	727
1710	1845
1710	1898
1710	1995
1710	1998
1951	1039
1951	1144
1951	1335
1951	1340
1951	1448
1951	1464
1951	1490
1951	1540
1951	1643
1951	1765
1951	1831
1951	1853
1951	1881
1951	1889
1951	1892
1951	1913
1951	1916
1951	1938
1951	1944
1951	1945
1951	1955
1951	1970
1951	1995
1991	1097
1991	1109
1991	1137
1991	1152
1991	1238
1991	1243
1991	1431
1991	1486
1991	1501
1991	1539
1991	1568
1991	1601
1991	1619
1991	1650
1991	1677
1991	1697
1991	691
1991	1716
1991	1783
1991	1799
1991	1805
1991	1836
1991	1848
1991	1862
1991	1867
1991	1872
1991	1882
1991	1941
1991	1990
1991	1996
1991	1999
1009	1518
1009	1635
1009	1800
1009	1915
1518	1033
1518	1106
1518	1147
1518	1634
1518	1754
1518	1998
1635	1046
1635	1244
1635	1662
1635	1799
1635	1904
1800	1013
1800	1015
1800	1183
1800	1350
1800	1865
1800	1870
1800	1939
1800	1942
1800	1989
1800	1992
1800	1994
1915	1012
1915	1316
1915	1399
1915	451
1915	1583
1915	1590
1915	1733
1915	1770
1915	1771
1915	1797
1915	1801
1915	1815
1915	1820
1915	1856
1915	1905
1915	1920
1915	1922
1915	1927
1915	1943
1915	1976
1915	1978
1010	1416
1010	1500
1010	1548
1010	1954
1416	1512
1416	1805
1416	1907
1416	1931
1416	1963
1500	1120
1500	1717
1500	1963
1500	1971
1500	1987
1548	1059
1548	1242
1548	1724
1548	1825
1548	1984
1548	1995
1954	1117
1954	1118
1954	1125
1954	1278
1954	1389
1954	1456
1954	1543
1954	1561
1954	1564
1954	1577
1954	1603
1954	1630
1954	1680
1954	1685
1954	1712
1954	1723
1954	1730
1954	1778
1954	1795
1954	1887
1954	1898
1954	1947
1954	1996
1954	1999
1011	1387
1011	1513
1011	1622
1387	1024
1387	1350
1387	1409
1387	1897
1513	1134
1513	1347
1513	1558
1513	1832
1513	1960
1513	1961
1622	1232
1622	1489
1622	1789
1622	1791
1622	1860
1622	1870
1622	1930
1012	1486
1012	1927
1012	1948
1486	1265
1486	1392
1486	1432
1486	1911
1927	1099
1927	1240
1927	1425
1927	1446
1927	1487
1927	1496
1927	1502
1927	1547
1927	1573
1927	1667
1927	1675
1927	1751
1927	1769
1927	1791
1927	1853
1927	925
1927	1946
1927	1959
1927	1988
1948	1171
1948	1232
1948	1285
1948	1439
1948	1485
1948	1576
1948	1661
1948	1713
1948	1765
1948	1819
1948	1903
1948	1906
1948	1913
1948	1920
1948	1937
1948	1938
1948	1940
1948	1953
1948	1968
1948	1970
1948	1982
1948	1986
1013	1289
1013	1368
1013	1601
1289	1705
1289	1916
1289	1982
1289	1996
1368	1470
1368	1936
1368	1966
1601	1444
1601	1605
1601	1875
1601	1894
1601	1905
1601	1934
1014	1464
1014	1585
1014	1868
1464	1730
1464	1921
1464	1942
1585	1035
1585	1683
1585	1719
1585	1845
1585	1853
1585	1952
1868	176
1868	1314
1868	1433
1868	1482
1868	1556
1868	1644
1868	1671
1868	1676
1868	1698
1868	1801
1868	1826
1868	1923
1868	1925
1868	1953
1868	1998
8	707
8	857
8	912
707	78
707	289
707	497
707	549
707	552
707	776
707	828
707	839
707	888
857	278
857	306
857	546
857	715
857	723
857	785
857	796
857	817
857	818
857	879
857	954
857	960
857	981
857	991
857	994
912	191
912	203
912	280
912	318
912	354
912	1399
912	450
912	488
912	617
912	703
912	712
912	742
912	814
912	838
912	885
912	940
912	951
912	970
912	986
912	990
912	998
9	586
9	669
9	770
9	832
586	13
586	43
586	463
586	498
586	1818
586	911
586	987
669	133
669	201
669	501
669	627
669	762
669	927
669	942
669	969
770	100
770	370
770	446
770	803
770	816
770	851
770	893
770	927
770	933
770	954
770	975
832	1083
832	130
832	394
832	538
832	541
832	556
832	601
832	641
832	807
832	845
832	875
832	952
832	956
832	992
10	154
10	204
10	609
10	619
154	73
154	764
154	1910
204	608
204	771
204	975
609	167
609	326
609	400
609	438
609	776
609	935
609	978
619	133
619	536
619	613
619	632
619	795
619	840
11	132
11	168
11	650
11	972
132	369
132	685
132	920
168	822
168	865
168	890
650	33
650	146
650	463
650	604
650	727
650	836
650	875
972	224
972	245
972	302
972	359
972	458
972	589
972	647
972	648
972	713
972	736
972	746
972	752
972	817
972	826
972	842
972	845
972	848
972	853
972	866
972	877
972	878
972	890
972	891
972	906
972	922
972	924
972	930
972	962
972	963
972	989
1015	1257
1015	1936
1015	1998
1257	350
1257	1818
1936	1043
1936	1045
1936	1237
1936	1344
1936	1384
1936	1394
1936	1446
1936	1571
1936	1754
1936	1755
1936	1789
1936	1811
1936	1821
1936	1844
1936	1857
1936	1890
1936	1892
1936	1924
1936	1945
1936	1970
1936	1988
1936	1993
1998	1127
1998	1165
1998	1249
1998	1277
1998	1332
1998	1381
1998	1414
1998	1463
1998	1492
1998	1510
1998	1527
1998	1560
1998	1629
1998	1652
1998	1659
1998	1686
1998	1701
1998	1725
1998	1787
1998	1792
1998	1820
1998	837
1998	1863
1998	1877
1998	1883
1998	1921
1998	1923
1998	1934
1998	1959
1998	1973
1998	1974
1998	1977
1998	1990
1998	1992
1016	1819
1016	1829
1016	1960
1016	1992
1819	1260
1819	1317
1819	1544
1819	1591
1819	1850
1819	1925
1819	1926
1819	1938
1819	1962
1819	1973
1829	1033
1829	1264
1829	1475
1829	1612
1829	1837
1829	1889
1829	1894
1829	1895
1829	1908
1829	945
1829	1968
1829	1978
1960	1103
1960	1182
1960	1305
1960	1358
1960	1390
1960	1436
1960	459
1960	1526
1960	1550
1960	1631
1960	1670
1960	1733
1960	1739
1960	1780
1960	1866
1960	1923
1960	1966
1960	1970
1960	1979
1960	1982
1960	1989
1960	1992
1992	1197
1992	1388
1992	1400
1992	1429
1992	1510
1992	1574
1992	1661
1992	1668
1992	1711
1992	1719
1992	1785
1992	1789
1992	1805
1992	1827
1992	1828
1992	1831
1992	1836
1992	1879
1992	1900
1992	1905
1992	1913
1992	1917
1992	1920
1992	1922
1992	1926
1992	1942
1992	1962
1992	1964
1992	1970
1992	1988
1992	1993
12	86
12	655
12	873
12	924
86	625
86	950
86	968
655	629
655	654
655	676
655	865
655	871
655	919
655	933
655	997
873	17
873	135
873	475
873	485
873	527
873	604
873	630
873	636
873	730
873	735
873	828
873	872
873	909
873	927
873	954
873	983
924	128
924	170
924	334
924	579
924	639
924	659
924	699
924	730
924	809
924	811
924	820
924	830
924	842
924	900
924	910
924	922
924	957
924	965
924	987
924	996
1017	1057
1017	1775
1017	1826
1017	1961
1057	1231
1057	1621
1057	1979
1775	1409
1775	1427
1775	1600
1775	1633
1775	1703
1775	1743
1775	1882
1775	1896
1775	1996
1826	1021
1826	1398
1826	1485
1826	1651
1826	1670
1826	1746
1826	1813
1826	1931
1826	1970
1826	1982
1961	1036
1961	1055
1961	1075
1961	1100
1961	1270
1961	1405
1961	1445
1961	1572
1961	1580
1961	1731
1961	1750
1961	1810
1961	1827
1961	1836
1961	1837
1961	1849
1961	1867
1961	1878
1961	1899
1961	1957
1961	1971
1961	1974
1961	1999
13	400
13	617
400	691
400	897
400	969
617	79
617	330
617	815
617	910
617	974
617	978
1018	1480
1018	1824
1018	1873
1480	1109
1480	1502
1480	1572
1480	1663
1480	1766
1824	1220
1824	1225
1824	1246
1824	1482
1824	1752
1824	1799
1824	1822
1824	1827
1824	1861
1824	1899
1824	1980
1873	1125
1873	1169
1873	1178
1873	1355
1873	1833
1873	1860
1873	1875
1873	1900
1873	1909
1873	1950
1873	1964
1873	1968
1873	1978
1873	1983
1873	1987
14	136
14	906
14	926
136	82
136	344
136	447
906	163
906	287
906	296
906	360
906	651
906	717
906	736
906	1780
906	781
906	827
906	866
906	868
906	877
906	908
906	927
906	957
906	960
906	983
926	47
926	211
926	219
926	311
926	349
926	370
926	372
926	657
926	745
926	790
926	794
926	813
926	818
926	842
926	881
926	893
926	929
926	941
926	946
926	957
926	974
926	977
926	981
1019	1608
1019	1739
1019	1887
1019	1994
1608	1144
1608	1357
1608	1628
1608	1708
1608	1716
1608	1902
1608	1994
1739	1685
1739	1810
1739	1820
1739	1862
1739	1891
1739	1903
1739	1970
1887	1043
1887	1067
1887	1470
1887	1510
1887	1543
1887	1555
1887	1679
1887	1770
1887	1813
1887	1861
1887	1870
1887	1878
1887	1930
1887	1937
1887	1955
1887	1995
1994	1053
1994	1091
1994	1118
1994	1184
1994	1206
1994	1285
1994	1295
1994	1345
1994	1369
1994	1407
1994	1497
1994	1524
1994	1547
1994	1593
1994	1678
1994	1680
1994	1698
1994	1704
1994	1757
1994	1845
1994	1846
1994	1879
1994	1903
1994	1916
1994	1939
1994	1940
1994	1952
1994	1966
1994	1984
1994	1988
1994	1989
1994	992
1994	1997
15	719
15	727
15	900
15	948
719	76
719	174
719	471
719	700
719	713
719	718
719	756
719	802
719	862
727	345
727	690
727	728
727	761
727	771
727	801
727	983
727	997
900	336
900	533
900	590
900	637
900	1696
900	685
900	702
900	734
900	828
900	833
900	834
900	840
900	869
900	874
900	927
900	929
900	932
900	961
900	973
948	88
948	187
948	196
948	411
948	491
948	520
948	544
948	569
948	697
948	769
948	788
948	789
948	821
948	828
948	840
948	874
948	895
948	931
948	958
948	962
948	968
948	982
948	996
1020	1530
1020	1783
1020	1853
1020	1941
1530	1122
1530	1133
1530	1329
1530	1803
1530	1931
1530	1999
1783	1023
1783	1305
1783	1506
1783	1516
1783	1570
1783	1616
1783	1714
1783	1855
1783	1905
1853	1213
1853	1367
1853	1556
1853	1584
1853	1591
1853	1813
1853	1844
1853	1870
1853	1890
1853	1976
1853	1993
1941	1024
1941	1173
1941	1211
1941	1228
1941	1348
1941	1351
1941	1423
1941	1522
1941	1549
1941	1578
1941	1582
1941	1679
1941	1881
1941	1890
1941	1896
1941	1906
1941	1919
1941	1958
1941	1973
1941	1978
1941	1989
1941	1999
1021	1885
1021	1919
1021	1939
1885	1248
1885	1261
1885	1279
1885	1360
1885	1374
1885	1725
1885	1789
1885	1828
1885	1838
1885	1890
1885	1899
1885	1900
1885	1917
1885	1947
1885	1970
1885	1978
1885	1983
1919	1086
1919	1182
1919	1247
1919	1285
1919	1308
1919	1396
1919	1399
1919	1448
1919	1540
1919	1568
1919	1603
1919	1644
1919	1780
1919	1797
1919	1847
1919	1861
1919	1924
1919	1938
1919	1944
1919	1964
1939	1076
1939	1231
1939	1353
1939	1407
1939	1411
1939	1604
1939	1670
1939	1694
1939	1732
1939	1753
1939	1757
1939	1764
1939	1796
1939	1811
1939	1858
1939	1906
1939	1944
1939	1979
1939	1981
1939	1990
1022	1342
1022	1693
1022	1703
1342	1409
1342	1555
1342	1706
1342	1908
1693	1026
1693	1034
1693	1089
1693	1168
1693	1461
1693	1534
1693	1871
1693	1878
1703	1140
1703	1331
1703	1494
1703	1716
1703	1743
1703	1812
1703	1882
1023	1393
1023	1512
1023	1906
1393	1411
1393	1427
1393	1489
1393	1649
1393	1949
1512	1484
1512	1552
1512	1706
1512	1926
1512	1953
1906	1114
1906	1375
1906	1471
1906	1531
1906	1615
1906	1627
1906	1729
1906	1752
1906	1764
1906	1769
1906	1788
1906	1870
1906	1902
1906	1904
1906	1947
1906	1993
1906	1995
1024	1699
1024	1940
1699	1222
1699	1442
1699	1634
1699	1665
1699	1724
1699	1737
1699	1943
1699	1987
1940	1090
1940	1091
1940	1452
1940	1504
1940	1536
1940	1558
1940	681
1940	1770
1940	1773
1940	1806
1940	1855
1940	1905
1940	1916
1940	1924
1940	1947
1940	1949
1940	1966
1940	1970
1940	1979
1940	1984
1940	1988
16	416
16	702
16	980
416	833
416	861
416	916
416	947
416	964
702	270
702	621
702	730
702	821
702	838
702	916
702	969
980	1122
980	129
980	223
980	296
980	337
980	403
980	473
980	519
980	532
980	545
980	556
980	637
980	674
980	733
980	746
980	751
980	763
980	796
980	817
980	830
980	844
980	847
980	852
980	872
980	904
980	917
980	940
980	947
980	962
980	965
980	967
980	968
980	970
980	992
1025	1830
1025	1862
1025	1877
1025	1978
1830	1298
1830	1412
1830	1417
1830	1465
1830	1603
1830	1673
1830	1846
1830	1881
1830	1978
1830	1980
1830	1981
1830	1993
1862	1111
1862	1426
1862	421
1862	1439
1862	1441
1862	1670
1862	1694
1862	1749
1862	1836
1862	1890
1862	1902
1862	1926
1862	1989
1862	1993
1877	1033
1877	1237
1877	1291
1877	1523
1877	1581
1877	1758
1877	1781
1877	1790
1877	1794
1877	1898
1877	1923
1877	1930
1877	1981
1978	1135
1978	1315
1978	1326
1978	1355
1978	1458
1978	1463
1978	1471
1978	1491
1978	1496
1978	1535
1978	1573
1978	1615
1978	1667
1978	1698
1978	1713
1978	1777
1978	1780
1978	1844
1978	1888
1978	1911
1978	1926
1978	1929
1978	1934
1978	1964
1978	1979
1978	1996
17	219
17	224
17	915
219	277
224	587
224	856
915	167
915	297
915	337
915	488
915	504
915	510
915	633
915	653
915	664
915	1717
915	696
915	699
915	701
915	782
915	801
915	883
915	894
915	909
915	929
915	992
18	385
18	430
18	434
18	834
385	167
385	936
385	976
385	991
430	369
430	396
430	627
430	989
430	995
434	226
434	484
434	744
434	933
834	366
834	499
834	556
834	602
834	642
834	665
834	721
834	752
834	847
834	908
834	936
834	994
834	998
19	836
19	901
19	956
19	988
836	56
836	165
836	202
836	410
836	494
836	515
836	567
836	648
836	769
836	899
836	925
836	961
836	968
836	987
901	69
901	92
901	233
901	235
901	290
901	315
901	574
901	636
901	728
901	752
901	772
901	776
901	786
901	868
901	891
901	908
901	959
901	968
901	983
901	997
956	95
956	131
956	148
956	265
956	291
956	298
956	304
956	482
956	513
956	545
956	555
956	664
956	713
956	821
956	865
956	879
956	881
956	896
956	916
956	936
956	941
956	955
956	959
956	975
956	978
956	984
956	994
988	65
988	148
988	199
988	258
988	375
988	471
988	487
988	541
988	547
988	590
988	653
988	671
988	686
988	700
988	710
988	716
988	753
988	754
988	762
988	781
988	784
988	794
988	808
988	817
988	843
988	859
988	872
988	892
988	904
988	919
988	930
988	970
988	1981
988	985
20	53
20	654
20	953
20	965
53	305
53	503
53	856
654	140
654	785
654	828
654	890
654	934
654	974
654	992
953	51
953	102
953	106
953	411
953	419
953	563
953	570
953	588
953	632
953	633
953	640
953	651
953	704
953	814
953	833
953	861
953	867
953	869
953	870
953	891
953	919
953	940
953	945
953	952
953	957
953	981
953	990
965	23
965	33
965	149
965	159
965	260
965	262
965	367
965	483
965	524
965	525
965	618
965	646
965	689
965	706
965	805
965	811
965	1896
965	895
965	910
965	928
965	938
965	939
965	959
965	975
965	979
965	986
965	992
965	997
21	120
21	388
21	690
21	866
120	292
120	833
120	930
388	213
388	829
388	854
388	891
690	1038
690	334
690	649
690	818
690	841
690	921
690	939
690	963
866	34
866	161
866	291
866	519
866	688
866	737
866	765
866	783
866	787
866	808
866	858
866	1930
866	964
866	995
1026	1751
1026	1938
1026	1943
1751	1063
1751	1256
1751	1296
1751	1479
1751	1561
1751	1795
1751	1866
1751	1918
1751	1971
1938	1032
1938	1056
1938	1179
1938	1215
1938	1236
1938	1263
1938	1498
1938	1559
1938	1586
1938	1624
1938	773
1938	1848
1938	1892
1938	1902
1938	1917
1938	1945
1938	1964
1938	1990
1943	1102
1943	1147
1943	1312
1943	1344
1943	1417
1943	1454
1943	1581
1943	1672
1943	1682
1943	1743
1943	1773
1943	1795
1943	1821
1943	1852
1943	1865
1943	1883
1943	1898
1943	1937
1943	1952
1943	1963
1943	1973
1943	1981
1027	1042
1027	1379
1027	1487
1027	1956
1042	1463
1042	1881
1042	1918
1379	1336
1379	1519
1379	722
1379	1897
1487	1028
1487	1169
1487	1516
1487	1880
1956	1101
1956	1170
1956	1185
1956	1344
1956	1354
1956	1515
1956	1523
1956	1770
1956	1787
1956	1792
1956	1802
1956	1813
1956	1832
1956	1839
1956	1847
1956	1864
1956	1875
1956	1903
1956	1909
1956	1944
1956	1950
1956	1957
1956	968
22	891
22	941
22	955
891	79
891	184
891	395
891	426
891	443
891	477
891	524
891	646
891	735
891	772
891	827
891	887
891	923
891	989
891	991
891	994
941	54
941	214
941	301
941	466
941	560
941	567
941	587
941	614
941	730
941	771
941	868
941	869
941	874
941	884
941	887
941	899
941	903
941	909
941	917
941	918
941	939
941	987
955	55
955	112
955	121
955	261
955	286
955	288
955	373
955	499
955	597
955	628
955	705
955	710
955	737
955	755
955	782
955	784
955	871
955	897
955	929
955	935
955	952
955	975
955	991
955	992
955	993
955	994
1028	1542
1028	1815
1028	1821
1542	1419
1542	1555
1542	1689
1542	1690
1542	1866
1815	1208
1815	1373
1815	1424
1815	1599
1815	620
1815	1701
1815	1715
1815	1720
1815	1760
1815	1820
1815	1907
1815	1929
1821	1395
1821	1572
1821	1756
1821	1794
1821	1799
1821	1803
1821	1833
1821	1913
1821	1933
1821	1946
1821	1981
1029	1249
1029	1421
1029	1801
1029	1982
1249	1045
1249	1271
1249	1893
1421	1279
1421	1672
1421	1677
1421	1756
1421	1962
1801	1300
1801	1307
1801	1704
1801	1770
1801	1785
1801	1874
1801	1889
1801	1897
1801	1920
1801	1990
1982	1106
1982	1122
1982	1283
1982	1374
1982	1392
1982	1410
1982	1472
1982	1479
1982	1484
1982	1498
1982	1522
1982	1528
1982	1737
1982	1761
1982	1771
1982	1785
1982	1807
1982	1828
1982	1851
1982	1867
1982	1881
1982	1902
1982	1909
1982	1944
1982	1964
1982	1985
1982	1986
1982	1987
1982	1996
23	320
23	722
23	764
320	660
320	807
320	858
320	954
722	49
722	248
722	305
722	497
722	589
722	721
722	815
722	850
722	913
764	372
764	799
764	841
764	882
764	890
764	916
764	919
764	920
764	979
764	985
1030	1136
1030	1210
1030	1475
1030	1990
1136	1433
1136	1844
1136	1865
1210	1161
1210	1687
1210	1874
1475	1193
1475	1361
1475	1541
1475	1760
1990	1031
1990	1181
1990	1198
1990	1358
1990	1488
1990	1550
1990	1573
1990	1612
1990	1629
1990	1667
1990	1695
1990	1714
1990	1727
1990	1746
1990	1754
1990	1755
1990	1765
1990	1828
1990	1850
1990	1892
1990	1917
1990	1922
1990	1924
1990	1937
1990	1949
1990	1971
1990	1973
1990	1976
1990	1983
1990	1985
1031	1736
1031	1962
1031	1973
1736	1234
1736	1281
1736	1303
1736	1432
1736	1515
1736	1714
1736	1903
1736	1930
1736	1989
1962	1041
1962	1060
1962	1232
1962	1309
1962	1339
1962	510
1962	1535
1962	1536
1962	1659
1962	1709
1962	1754
1962	1758
1962	1767
1962	1831
1962	1834
1962	1842
1962	1866
1962	1889
1962	1905
1962	1929
1962	1945
1962	1947
1962	1949
1973	1076
1973	1089
1973	1090
1973	1093
1973	1126
1973	1205
1973	1247
1973	1269
1973	1313
1973	1474
1973	1516
1973	1589
1973	1616
1973	1687
1973	1707
1973	1728
1973	1738
1973	1794
1973	1807
1973	1831
1973	1881
1973	1911
1973	1950
1973	1963
1973	1981
1032	1532
1032	1598
1032	1604
1532	1443
1532	1526
1532	1778
1532	1825
1532	808
1532	1970
1598	1396
1598	1680
1598	1841
1598	1918
1598	1926
1598	1931
1598	1977
1604	1303
1604	1494
1604	1575
1604	1738
1604	1742
1604	1757
1033	1570
1570	1111
1570	1504
1570	1560
1570	1856
1570	1857
1034	1455
1034	1466
1034	1880
1455	1404
1455	1747
1455	1835
1455	1858
1455	1908
1466	1445
1466	1643
1466	1668
1466	1823
1466	1849
1880	1068
1880	1105
1880	1226
1880	1309
1880	1343
1880	1412
1880	1415
1880	1514
1880	1750
1880	1787
1880	1845
1880	1846
1880	1876
1880	1920
1035	1502
1035	1876
1035	1878
1502	1446
1502	1728
1502	1849
1502	1883
1876	1050
1876	1087
1876	1286
1876	1296
1876	1317
1876	1338
1876	1537
1876	1602
1876	1612
1876	1670
1876	1707
1876	1891
1876	1921
1876	1980
1876	1985
1878	1054
1878	1184
1878	1205
1878	1306
1878	1452
1878	1524
1878	1576
1878	1727
1878	1747
1878	1761
1878	1818
1878	1854
1878	1858
1878	1921
1036	1394
1036	1556
1036	1986
1394	1298
1394	1727
1394	1922
1394	1979
1556	1577
1556	1803
1556	1977
1986	1052
1986	1089
1986	1153
1986	1167
1986	1201
1986	1287
1986	1322
1986	1427
1986	1443
1986	1463
1986	1469
1986	1505
1986	1583
1986	1614
1986	1673
1986	1718
1986	1721
1986	1738
1986	1785
1986	1833
1986	1838
1986	1841
1986	1867
1986	1879
1986	1883
1986	1888
1986	1890
1986	1891
1986	1903
1986	1910
1986	1913
1986	1976
1986	1993
1037	1065
1037	1882
1037	1993
1037	1999
1065	1244
1065	1311
1065	1942
1882	1082
1882	1308
1882	1431
1882	1454
1882	1609
1882	1610
1882	1632
1882	1741
1882	1808
1882	1854
1882	1881
1882	1912
1882	1952
1882	1995
1993	1040
1993	1051
1993	1267
1993	1378
1993	1388
1993	1408
1993	1454
1993	1465
1993	1474
1993	1499
1993	1605
1993	1662
1993	1704
1993	1717
1993	1729
1993	715
1993	1762
1993	1769
1993	1822
1993	1870
1993	1892
1993	1899
1993	1910
1993	1917
1993	1920
1993	1952
1993	1970
1993	1971
1993	1979
1999	1098
1999	1256
1999	1288
1999	1292
1999	1429
1999	1435
1999	1458
1999	1526
1999	1531
1999	1534
1999	1565
1999	1572
1999	1609
1999	1633
1999	1713
1999	1722
1999	1730
1999	1746
1999	1759
1999	1788
1999	1799
1999	1839
1999	1865
1999	1870
1999	1871
1999	1874
1999	1883
1999	1889
1999	1893
1999	1894
1999	1908
1999	1929
1999	1958
1999	1983
1038	1053
1038	1971
1053	1313
1053	1748
1971	1060
1971	1133
1971	1148
1971	1275
1971	1347
1971	1407
1971	1420
1971	1436
1971	1444
1971	1729
1971	1731
1971	1741
1971	1746
1971	1747
1971	1869
1971	1874
1971	1890
1971	1899
1971	1909
1971	1959
1971	1970
1971	1985
1039	1744
1039	1745
1744	1305
1744	1554
1744	1639
1744	1655
1744	1674
1744	1799
1744	1896
1744	1908
1744	1920
1744	1949
1745	1073
1745	1108
1745	1121
1745	1131
1745	1181
1745	1229
1745	1297
1745	1639
1745	664
1745	1685
24	540
24	985
24	997
540	431
540	785
540	795
540	810
985	75
985	103
985	231
985	263
985	321
985	443
985	484
985	583
985	613
985	666
985	717
985	720
985	738
985	742
985	761
985	784
985	792
985	823
985	861
985	867
985	872
985	893
985	899
985	920
985	921
985	927
985	950
985	957
985	961
985	975
985	984
997	72
997	110
997	250
997	262
997	316
997	338
997	372
997	464
997	496
997	636
997	668
997	676
997	694
997	696
997	712
997	713
997	787
997	796
997	812
997	818
997	821
997	843
997	847
997	852
997	867
997	875
997	888
997	909
997	947
997	950
997	969
997	982
997	987
997	989
25	290
25	642
25	798
25	869
290	325
290	1426
290	880
642	749
642	780
642	813
642	840
642	854
642	862
642	964
798	77
798	106
798	264
798	1611
798	649
798	687
798	704
798	705
798	886
798	931
798	958
798	960
798	981
869	171
869	256
869	405
869	467
869	512
869	597
869	703
869	711
869	712
869	785
869	868
869	917
869	960
869	970
869	981
1040	1768
1040	1790
1040	1850
1768	1264
1768	1409
1768	1522
1768	1550
1768	1558
1768	1632
1768	1839
1768	1944
1768	1949
1768	1979
1790	1207
1790	1217
1790	1263
1790	1422
1790	1428
1790	1489
1790	1557
1790	1851
1790	898
1790	1958
1850	1064
1850	1167
1850	1327
1850	1382
1850	1624
1850	1656
1850	1666
1850	1717
1850	1883
1850	1922
1850	1924
1850	1953
1850	1959
26	745
26	824
26	847
26	982
745	317
745	504
745	566
745	581
745	792
745	816
745	896
745	922
745	964
824	302
824	392
824	530
824	556
824	717
824	757
824	766
824	781
824	861
824	863
824	902
824	962
847	205
847	264
847	311
847	693
847	737
847	746
847	772
847	781
847	821
847	838
847	868
847	1947
847	950
982	54
982	158
982	169
982	218
982	284
982	285
982	333
982	360
982	469
982	487
982	498
982	524
982	534
982	555
982	683
982	705
982	761
982	800
982	856
982	874
982	883
982	885
982	911
982	913
982	939
982	952
982	967
982	974
982	976
982	979
982	983
27	765
27	831
27	835
765	189
765	333
765	573
765	708
765	774
765	874
765	885
765	913
765	987
765	995
831	64
831	163
831	172
831	176
831	200
831	421
831	714
831	721
831	802
831	840
831	913
831	919
831	973
831	990
831	998
835	180
835	343
835	462
835	665
835	687
835	701
835	767
835	792
835	888
835	921
835	942
835	952
835	974
835	994
28	497
28	700
28	881
28	973
497	506
497	531
497	860
700	268
700	277
700	375
700	518
700	697
700	736
700	841
881	243
881	544
881	694
881	720
881	755
881	778
881	809
881	844
881	850
881	911
881	931
881	932
881	940
881	984
881	991
973	56
973	222
973	278
973	355
973	391
973	395
973	457
973	529
973	556
973	563
973	564
973	716
973	729
973	734
973	1789
973	801
973	816
973	830
973	848
973	850
973	867
973	890
973	902
973	921
973	930
973	970
973	990
973	991
973	994
29	429
29	767
29	803
29	933
429	460
429	501
429	852
429	930
429	963
767	427
767	465
767	532
767	552
767	580
767	658
767	712
767	929
767	957
767	963
803	408
803	583
803	587
803	693
803	732
803	808
803	812
803	817
803	863
803	994
933	121
933	150
933	222
933	393
933	397
933	399
933	478
933	596
933	641
933	673
933	748
933	1778
933	768
933	816
933	826
933	843
933	850
933	885
933	961
933	984
933	996
30	786
30	879
30	902
30	913
786	39
786	222
786	451
786	490
786	681
786	683
786	776
786	860
786	877
786	910
879	302
879	347
879	440
879	471
879	498
879	703
879	768
879	788
879	839
879	890
879	896
879	936
879	954
879	970
879	978
879	993
902	330
902	558
902	561
902	623
902	628
902	660
902	711
902	723
902	731
902	775
902	890
902	892
902	898
902	958
902	975
902	995
913	125
913	310
913	357
913	483
913	486
913	499
913	569
913	589
913	618
913	1765
913	811
913	840
913	888
913	896
913	958
913	964
1041	1650
1041	1916
1041	1989
1650	1677
1650	1740
1650	1814
1650	1899
1650	1905
1650	1977
1916	1149
1916	1188
1916	188
1916	1262
1916	1311
1916	1401
1916	1434
1916	1436
1916	1529
1916	1678
1916	1705
1916	1799
1916	1812
1916	1838
1916	1963
1916	1980
1916	1989
1989	1078
1989	1088
1989	1205
1989	1337
1989	1494
1989	1560
1989	1591
1989	1626
1989	1702
1989	1732
1989	1762
1989	1797
1989	1813
1989	1841
1989	1843
1989	1855
1989	1863
1989	1891
1989	1895
1989	1896
1989	1923
1989	935
1989	1958
1989	1969
1989	1981
1989	1984
1989	1987
1463	1533
1463	1792
1881	1106
1881	1319
1881	1473
1881	1493
1881	1638
1881	1696
1881	1849
1881	1952
1881	1958
1881	1995
1881	991
1918	1173
1918	1198
1918	1233
1918	1337
1918	1473
1918	1545
1918	1582
1918	1638
1918	1695
1918	1709
1918	1721
1918	1731
1918	1812
1918	1843
1918	1866
1918	1903
1918	1966
1918	1970
31	723
31	829
31	910
31	925
723	379
723	452
723	581
723	582
723	604
723	811
723	843
723	877
829	97
829	173
829	209
829	381
829	398
829	629
829	632
829	685
829	778
829	859
829	919
829	977
910	223
910	329
910	480
910	511
910	520
910	573
910	614
910	664
910	717
910	774
910	853
910	914
910	919
910	1984
910	990
925	107
925	180
925	340
925	460
925	498
925	601
925	683
925	752
925	773
925	791
925	817
925	841
925	865
925	893
925	899
925	903
925	919
925	921
925	951
925	994
32	524
32	938
32	998
524	202
524	304
938	141
938	147
938	161
938	274
938	295
938	308
938	384
938	473
938	591
938	608
938	628
938	644
938	647
938	660
938	673
938	703
938	737
938	920
938	928
938	929
938	954
938	964
938	994
998	107
998	221
998	229
998	318
998	328
998	361
998	384
998	401
998	450
998	471
998	481
998	538
998	578
998	600
998	1673
998	677
998	688
998	692
998	698
998	730
998	774
998	778
998	833
998	838
998	871
998	878
998	896
998	919
998	923
998	929
998	930
998	934
998	960
998	961
998	976
1043	1489
1043	1740
1489	1776
1489	1950
1740	1329
1740	1404
1740	1553
1740	1639
1740	1712
1740	1861
1740	1865
1740	1988
1740	1997
1044	1576
1044	1654
1044	1929
1044	1996
1576	143
1576	1672
1576	1705
1576	1942
1654	1183
1654	1354
1654	1423
1654	1595
1654	1652
1654	1977
1654	1981
1654	1985
1929	1056
1929	1179
1929	1246
1929	1315
1929	1330
1929	1408
1929	1511
1929	1533
1929	1647
1929	1657
1929	1759
1929	1805
1929	1825
1929	1851
1929	1852
1929	1863
1929	1907
1929	1930
1996	1101
1996	1104
1996	1107
1996	1143
1996	1298
1996	1302
1996	1406
1996	1410
1996	1437
1996	1440
1996	1461
1996	1477
1996	1495
1996	1562
1996	1563
1996	1611
1996	1660
1996	1662
1996	1796
1996	1831
1996	1842
1996	1895
1996	1904
1996	1946
1996	1955
1996	1957
1996	1983
33	54
33	986
54	696
986	68
986	169
986	171
986	286
986	339
986	397
986	453
986	578
986	581
986	584
986	606
986	618
986	648
986	708
986	720
986	743
986	763
986	781
986	812
986	826
986	848
986	860
986	1907
986	892
986	899
986	903
986	952
986	960
986	968
986	977
986	979
34	437
34	622
34	928
437	81
437	456
437	776
437	882
437	995
622	48
622	413
622	440
622	943
622	991
622	996
928	104
928	127
928	180
928	195
928	272
928	448
928	452
928	542
928	594
928	658
928	758
928	1796
928	792
928	793
928	852
928	892
928	896
928	899
928	908
928	981
1045	1691
1045	1904
1691	1331
1691	1396
1691	1552
1691	1624
1691	1832
1691	1852
1691	1897
1904	1068
1904	1128
1904	1184
1904	1218
1904	1413
1904	1506
1904	1562
1904	1661
1904	1780
1904	1809
1904	1848
1904	1888
1904	1955
1904	1958
1904	1979
1904	1983
1046	1595
1046	1646
1046	1976
1595	1069
1595	1566
1595	1695
1595	1765
1595	1772
1595	1912
1646	1684
1646	1686
1646	1719
1646	1748
1646	1767
1646	1802
1646	1987
1646	1995
1976	1069
1976	1145
1976	1170
1976	1189
1976	1203
1976	1230
1976	1293
1976	1425
1976	1485
1976	1568
1976	614
1976	1638
1976	1668
1976	1707
1976	1776
1976	1864
1976	1865
1976	1926
1976	1931
1976	1968
1976	1980
1976	1987
1976	1997
35	253
35	381
35	606
35	783
253	315
253	539
253	930
253	957
381	582
381	960
381	961
606	1477
606	644
606	839
606	856
606	884
606	981
783	173
783	300
783	358
783	610
783	639
783	780
783	795
783	864
783	877
783	954
1047	1071
1047	1680
1047	1910
1071	1068
1071	1322
1071	1752
1680	1248
1680	1441
1680	1445
1680	1649
1680	1711
1910	1059
1910	1154
1910	1259
1910	1325
1910	1418
1910	1561
1910	1648
1910	1695
1910	1803
1910	1807
1910	1835
1910	1905
1910	1911
1910	1926
1910	1953
1910	1955
1910	1979
1048	1201
1048	1695
1048	1779
1048	1968
1201	1509
1201	1886
1695	1631
1695	1665
1695	1687
1695	1803
1779	1534
1779	1572
1779	1592
1779	1849
1779	1867
1779	1872
1779	1888
1779	1981
1779	1995
1968	1226
1968	1371
1968	1408
1968	1539
1968	1563
1968	1607
1968	1611
1968	1630
1968	1649
1968	1750
1968	1811
1968	1865
1968	1870
1968	1871
1968	1889
1968	1895
1968	1909
1968	1912
1968	1923
1968	1932
1968	1949
1968	1958
36	365
36	459
36	562
36	818
365	217
365	347
365	799
459	59
459	350
459	399
562	185
562	732
562	747
562	838
562	851
562	934
818	248
818	333
818	446
818	500
818	710
818	717
818	826
818	878
818	934
37	435
37	880
37	989
435	565
435	644
435	771
435	983
435	991
880	191
880	282
880	297
880	325
880	407
880	445
880	589
880	599
880	663
880	827
880	877
880	888
880	911
880	919
880	934
880	978
989	67
989	68
989	155
989	160
989	211
989	251
989	342
989	377
989	394
989	418
989	419
989	427
989	481
989	501
989	535
989	559
989	566
989	699
989	718
989	736
989	759
989	779
989	788
989	800
989	801
989	802
989	811
989	864
989	927
989	940
989	959
989	969
989	978
38	821
38	903
38	909
38	983
821	362
821	402
821	725
821	731
821	766
821	842
821	864
821	914
903	109
903	181
903	182
903	261
903	414
903	477
903	523
903	1588
903	656
903	737
903	757
903	797
903	850
903	860
903	878
903	918
903	929
909	156
909	269
909	412
909	462
909	552
909	653
909	663
909	693
909	711
909	758
909	761
909	795
909	918
909	942
909	958
909	963
909	983
983	49
983	140
983	196
983	197
983	257
983	352
983	444
983	458
983	499
983	509
983	552
983	559
983	645
983	677
983	705
983	721
983	772
983	799
983	804
983	837
983	854
983	892
983	898
983	914
983	946
983	979
983	996
39	741
39	921
39	994
741	137
741	199
741	868
741	935
741	962
741	991
921	161
921	367
921	374
921	569
921	630
921	666
921	714
921	804
921	839
921	888
921	904
921	914
921	935
921	952
921	964
921	987
921	991
994	50
994	186
994	312
994	354
994	397
994	484
994	509
994	604
994	607
994	681
994	698
994	744
994	768
994	796
994	1855
994	840
994	886
994	887
994	920
994	923
994	947
994	954
994	957
994	970
994	979
994	984
1049	1139
1049	1568
1049	1784
1049	1985
1139	1113
1139	1509
1139	1831
1568	1818
1568	1944
1568	1987
1784	1146
1784	1220
1784	1328
1784	1412
1784	1581
1784	1823
1784	1848
1784	1912
1784	1974
1784	1979
1784	1984
1985	1093
1985	1133
1985	1190
1985	1218
1985	1232
1985	1365
1985	1385
1985	1411
1985	1451
1985	1515
1985	1552
1985	1610
1985	1612
1985	1624
1985	1633
1985	1720
1985	1743
1985	1838
1985	1851
1985	1857
1985	1863
1985	1879
1985	1900
1985	1907
1985	1920
1985	1924
1985	1953
1985	1955
1985	1997
1050	1160
1050	1545
1050	1937
1160	1137
1160	1907
1160	1909
1545	1214
1545	1408
1545	1753
1545	1799
1545	1974
1937	1088
1937	1202
1937	1316
1937	1419
1937	1564
1937	1602
1937	1611
1937	1750
1937	1793
1937	1802
1937	1804
1937	1846
1937	1886
1937	1899
1937	1900
1937	1933
1937	1945
1937	1987
40	358
40	436
40	839
40	840
358	158
358	417
358	807
436	314
436	327
436	653
436	884
436	897
839	59
839	181
839	184
839	337
839	353
839	383
839	409
839	1593
839	656
839	670
839	823
839	864
840	471
840	563
840	716
840	960
840	962
840	970
840	995
840	996
41	504
41	588
41	731
41	961
504	227
504	615
504	736
504	962
588	72
588	664
588	887
588	895
588	977
731	465
731	611
731	621
731	781
731	908
731	943
731	970
731	978
961	60
961	134
961	225
961	355
961	389
961	417
961	458
961	665
961	732
961	738
961	743
961	758
961	780
961	787
961	814
961	883
961	894
961	908
961	962
961	969
961	976
961	991
42	528
42	563
42	810
42	947
528	286
528	545
528	721
528	753
528	780
528	844
563	242
563	580
563	923
810	66
810	68
810	126
810	203
810	666
810	698
810	755
810	784
810	790
810	892
810	934
947	47
947	91
947	264
947	398
947	443
947	444
947	568
947	778
947	830
947	854
947	861
947	872
947	875
947	882
947	916
947	943
947	954
947	959
43	233
43	608
43	861
233	957
233	996
608	178
608	315
608	927
608	963
861	229
861	489
861	534
861	631
861	659
861	666
861	771
861	816
861	845
861	907
861	977
861	992
44	350
44	392
44	451
44	701
350	732
350	759
392	264
392	670
392	930
451	747
451	895
451	969
701	254
701	326
701	538
701	549
701	561
701	820
701	870
1051	1325
1051	1632
1051	1984
1325	1235
1325	1864
1325	1945
1632	1272
1632	1406
1632	1776
1632	1872
1984	1145
1984	1187
1984	1234
1984	1255
1984	1314
1984	1353
1984	1386
1984	1481
1984	1524
1984	1623
1984	1674
1984	1692
1984	1718
1984	1757
1984	1767
1984	1804
1984	1812
1984	1846
1984	1892
1984	1894
1984	1899
1984	1908
1984	1934
1984	1957
1984	1958
1984	1959
45	83
45	1424
45	636
45	830
83	510
83	550
83	708
1424	1708
1424	1861
1424	1947
1424	1977
636	605
636	772
636	816
636	886
830	82
830	188
830	234
830	241
830	273
830	560
830	1716
830	811
830	874
830	883
830	957
1052	1619
1052	1772
1052	1988
1619	1600
1619	1737
1619	1747
1619	1834
1619	1852
1619	1922
1772	1092
1772	1192
1772	1251
1772	1271
1772	1656
1772	667
1772	1720
1772	1861
1772	1946
1772	1988
1988	1141
1988	1321
1988	1433
1988	1467
1988	1546
1988	1624
1988	1657
1988	1668
1988	1671
1988	1723
1988	1785
1988	1794
1988	1810
1988	1814
1988	1822
1988	1867
1988	1874
1988	1875
1988	1890
1988	1899
1988	1917
1988	1921
1988	1924
1988	1945
1988	1950
1988	1979
1313	1069
1313	1262
1313	1907
1748	1343
1748	1511
1748	1538
1748	1582
1748	1594
1748	1627
1748	1841
1748	1898
1748	1947
1054	1330
1054	1807
1054	1909
1330	1554
1330	1566
1330	1656
1807	1085
1807	1137
1807	1462
1807	1473
1807	1538
1807	1587
1807	1647
1807	1659
1807	1900
1909	1245
1909	1275
1909	1440
1909	1459
1909	1551
1909	1647
1909	1809
1909	1811
1909	1838
1909	1921
1909	1932
1909	1934
1909	990
1055	1377
1055	1418
1055	1796
1377	1146
1377	1578
1377	1793
1377	1913
1418	1104
1418	1553
1418	1589
1418	1687
1796	1086
1796	1273
1796	1332
1796	1514
1796	1759
1796	1836
1796	1879
1796	1898
1796	1933
46	236
46	748
46	882
236	59
236	714
748	409
748	461
748	598
748	1771
748	758
748	788
748	904
748	940
748	964
748	970
882	64
882	69
882	230
882	267
882	422
882	449
882	595
882	746
882	789
882	793
882	863
882	864
882	914
882	958
1056	1788
1056	1974
1788	1203
1788	1615
1788	1785
1788	1810
1788	1812
1788	806
1788	1838
1788	1888
1788	1997
1974	1171
1974	1219
1974	1347
1974	1371
1974	1414
1974	1415
1974	1485
1974	1497
1974	1509
1974	1519
1974	1555
1974	1578
1974	1599
1974	1648
1974	1660
1974	1672
1974	1686
1974	1702
1974	1760
1974	1764
1974	1785
1974	1825
1974	1855
1974	1888
1974	1933
1974	1997
47	844
47	916
844	220
844	319
844	364
844	543
844	610
844	620
844	683
844	760
844	772
844	878
844	951
844	977
916	182
916	208
916	232
916	245
916	343
916	648
916	752
916	788
916	858
916	918
916	940
916	942
916	960
916	996
48	410
48	936
48	1957
410	537
410	612
410	853
936	146
936	155
936	178
936	324
936	336
936	347
936	377
936	519
936	565
936	827
936	1858
936	871
936	914
936	919
936	927
936	943
936	951
936	967
936	979
1957	1316
1957	1495
1957	1547
1957	1599
1957	1623
1957	1629
1957	1656
1957	1657
1957	1697
1957	1722
1957	1852
1957	1890
1957	1898
1957	1902
1957	1923
1957	1925
49	610
49	753
610	97
610	833
610	852
610	859
610	978
753	89
753	256
753	279
753	338
753	467
753	526
753	789
753	793
753	894
1231	1623
1231	1869
1621	1265
1621	1529
1621	1546
1621	1833
1621	1920
1621	1977
1979	1194
1979	1307
1979	1315
1979	1436
1979	1443
1979	1461
1979	1505
1979	1551
1979	1591
1979	1670
1979	1741
1979	1782
1979	1802
1979	1857
1979	1858
1979	1875
1979	1931
1979	1934
1979	1942
1979	1945
1979	1980
1058	1708
1058	1734
1058	1958
1058	1964
1708	1405
1708	1722
1708	1729
1708	1793
1708	1952
1708	1959
1734	1491
1734	1594
1734	1655
1734	1689
1734	1733
1734	1845
1734	1893
1734	1905
1734	1997
1958	1062
1958	1094
1958	1213
1958	1244
1958	1253
1958	1277
1958	1311
1958	1378
1958	1414
1958	1623
1958	1667
1958	1813
1958	1848
1958	1907
1958	1922
1958	1933
1958	1952
1958	1997
1964	1234
1964	1334
1964	1356
1964	1406
1964	1488
1964	1521
1964	1538
1964	1609
1964	1630
1964	634
1964	1686
1964	1709
1964	1756
1964	1765
1964	1817
1964	1832
1964	1865
1964	1932
1964	1945
1964	1949
1964	1977
50	737
50	744
50	996
737	124
737	720
737	1822
737	814
737	894
744	72
744	298
744	415
744	495
744	601
744	658
744	696
744	1724
744	870
996	205
996	231
996	280
996	303
996	386
996	1407
996	418
996	482
996	505
996	536
996	539
996	559
996	564
996	623
996	635
996	645
996	665
996	684
996	688
996	790
996	812
996	820
996	870
996	887
996	898
996	907
996	911
996	923
996	946
996	963
1059	1355
1059	1947
1355	1306
1355	1462
1947	1120
1947	1204
1947	1304
1947	1345
1947	1385
1947	1470
1947	1527
1947	1537
1947	1565
1947	1623
1947	1673
1947	1683
1947	1712
1947	1855
1947	1934
1947	1981
1060	1283
1060	1903
1283	1134
1283	1374
1283	1899
1903	1177
1903	1208
1903	1546
1903	1582
1903	1648
1903	1758
1903	1773
1903	1777
1903	1778
1903	1902
1903	1924
51	275
51	768
51	789
275	476
275	582
275	688
275	962
768	262
768	389
768	408
768	452
768	774
768	871
768	968
789	108
789	354
789	552
789	595
789	676
789	785
789	838
789	845
52	526
52	851
52	979
52	990
526	239
526	771
526	775
526	859
526	990
851	113
851	114
851	179
851	412
851	460
851	529
851	530
851	703
851	752
851	782
851	796
851	807
851	820
851	987
979	203
979	292
979	336
979	384
979	406
979	425
979	550
979	555
979	581
979	604
979	660
979	716
979	752
979	781
979	799
979	808
979	867
979	885
979	908
979	922
979	952
979	959
979	968
979	981
990	99
990	133
990	134
990	209
990	210
990	432
990	500
990	542
990	587
990	637
990	668
990	684
990	704
990	717
990	721
990	742
990	766
990	778
990	779
990	813
990	814
990	825
990	828
990	858
990	898
990	911
990	919
990	968
990	976
305	231
305	957
305	960
503	534
503	838
503	865
503	874
503	942
503	946
856	74
856	187
856	330
856	343
856	1409
856	594
856	605
856	624
856	652
856	715
856	725
856	895
856	984
1061	1613
1061	1857
1061	1898
1061	1980
1613	1436
1613	1547
1613	1811
1613	1833
1613	1834
1613	1952
1613	1981
1857	1307
1857	1374
1857	1471
1857	1591
1857	1696
1857	1717
1857	1769
1857	1789
1857	1837
1857	1944
1898	1333
1898	1388
1898	1459
1898	1573
1898	1586
1898	1675
1898	1707
1898	1732
1898	1792
1898	1802
1898	1923
1898	1944
1980	1094
1980	1162
1980	1333
1980	1350
1980	1351
1980	1382
1980	1587
1980	1599
1980	1605
1980	1689
1980	1698
1980	1728
1980	1742
1980	1771
1980	1793
1980	1814
1980	1839
1980	1855
1980	1861
1980	1866
1980	1925
1980	1950
1980	1959
1980	1966
696	456
696	491
696	678
696	713
696	793
696	863
1062	1356
1062	1659
1062	1995
1356	1401
1356	1905
1356	1931
1659	1577
1659	1727
1659	1728
1659	1771
1659	1865
1995	1066
1995	1082
1995	1093
1995	1156
1995	1209
1995	1272
1995	1301
1995	1415
1995	1454
1995	1535
1995	1592
1995	1617
1995	1662
1995	1671
1995	1762
1995	1777
1995	1831
1995	1860
1995	1875
1995	1883
1995	1900
1995	1925
1995	1930
1995	1934
1995	1963
1995	1983
55	167
55	657
55	738
657	376
657	427
657	591
657	632
657	649
657	730
657	969
738	351
738	480
738	698
738	740
738	790
738	894
738	895
738	923
56	804
56	943
804	88
804	109
804	263
804	288
804	363
804	414
804	478
804	769
804	809
804	890
943	176
943	238
943	249
943	367
943	384
943	456
943	668
943	763
943	771
943	813
943	893
943	914
943	918
943	919
943	940
943	951
943	976
943	991
943	1997
943	995
57	326
57	662
57	927
57	992
326	88
326	512
662	124
662	179
662	309
662	466
662	699
662	791
662	967
662	977
927	282
927	331
927	355
927	660
927	678
927	712
927	761
927	797
927	845
927	890
927	959
927	960
927	976
992	239
992	287
992	391
992	396
992	401
992	413
992	426
992	529
992	535
992	568
992	597
992	626
992	632
992	651
992	716
992	728
992	743
992	752
992	766
992	796
992	848
992	883
992	886
992	929
992	942
992	959
992	978
992	984
1063	1324
1063	1468
1324	1260
1324	1471
1324	1492
1324	1754
1468	1543
1468	1679
1468	1683
1468	1692
1468	1987
1064	1121
1064	1207
1064	1926
1121	1406
1121	1643
1207	1754
1207	1997
1926	1103
1926	1363
1926	1428
1926	1458
1926	1476
1926	1531
1926	1626
1926	1669
1926	1675
1926	1711
1926	1839
1926	1966
1926	1970
1926	1987
1244	1666
1311	1679
1311	1983
1942	1103
1942	1119
1942	1253
1942	1294
1942	1304
1942	1347
1942	1588
1942	1602
1942	1655
1942	1728
1942	1729
1942	1814
1942	1823
1942	1869
1942	1932
1942	1946
1942	1959
1942	1977
58	597
58	626
58	754
597	217
597	729
597	886
626	84
626	297
626	571
626	634
626	820
626	907
754	197
754	207
754	427
754	572
754	673
754	689
754	735
754	883
754	899
59	160
160	447
160	481
60	747
60	970
747	258
747	316
747	717
747	730
747	1860
747	907
747	967
970	189
970	267
970	278
970	389
970	1563
970	595
970	611
970	799
970	811
970	850
970	885
970	893
970	896
970	899
970	930
970	945
970	958
970	962
970	991
970	993
61	172
61	816
61	896
61	962
172	776
172	867
816	98
816	417
816	549
816	1766
816	931
816	975
816	976
816	984
896	67
896	140
896	336
896	536
896	658
896	676
896	714
896	735
896	774
896	841
896	911
896	975
896	1987
962	175
962	254
962	274
962	345
962	418
962	454
962	480
962	544
962	545
962	590
962	641
962	774
962	842
962	877
962	886
962	898
962	907
962	954
62	232
62	347
62	922
232	932
232	958
347	192
922	115
922	279
922	415
922	555
922	678
922	710
922	729
922	732
922	759
922	787
922	805
922	827
922	883
922	932
922	957
922	958
63	593
63	624
63	822
593	342
593	621
593	756
593	757
593	841
593	914
593	917
624	252
624	681
624	724
624	771
624	805
822	289
822	361
822	386
822	444
822	510
822	581
822	584
822	602
822	872
822	932
822	934
822	987
64	800
64	934
800	67
800	190
800	403
800	561
800	567
800	607
800	841
800	854
800	895
800	974
800	995
934	277
934	442
934	487
934	649
934	667
934	680
934	772
934	778
934	812
934	884
934	904
934	930
934	939
934	964
934	977
1066	1562
1066	1704
1562	1179
1562	1228
1562	1426
1562	1831
1704	1142
1704	1419
1704	1459
1704	1813
1704	1875
1704	1946
1067	1114
1067	1577
1067	1789
1114	1503
1114	1963
1577	1452
1577	1716
1789	1714
1789	1726
1789	1728
1789	1750
1789	1911
1068	1443
1443	1742
1443	1849
1069	1738
1738	1702
1738	1764
1738	794
1738	1894
1738	1987
65	346
65	792
65	885
346	278
346	718
346	850
346	940
792	73
792	148
792	217
792	465
792	490
792	703
792	812
792	959
792	995
885	188
885	285
885	301
885	328
885	1657
885	647
885	682
885	755
885	771
885	778
885	784
885	877
885	895
885	957
1070	1147
1070	1399
1070	1834
1070	1966
1147	1953
1399	1886
1399	1946
1834	1308
1834	1357
1834	1366
1834	1526
1834	1756
1834	1785
1834	1854
1834	1869
1834	1888
1966	1072
1966	1110
1966	1143
1966	1218
1966	1353
1966	1362
1966	1403
1966	1524
1966	1574
1966	1634
1966	1732
1966	1733
1966	1802
1966	1811
1966	1820
1966	1844
1966	1892
1966	1897
1322	1185
1322	1450
1322	1759
1752	1586
1752	1629
1752	1713
1752	1812
1752	1848
1752	1892
1752	1921
1752	1949
1072	1213
1072	1397
1072	1899
1213	1847
1397	1382
1397	1422
1397	1625
1397	1771
1397	1820
1899	1336
1899	1383
1899	1726
1899	1782
1899	1825
1899	1920
1899	1932
66	190
66	646
66	749
190	506
190	643
646	162
646	306
646	685
646	1867
646	884
646	939
749	374
749	375
749	663
749	763
749	812
749	867
749	945
749	969
749	995
1073	1531
1073	1808
1073	1820
1531	1825
1531	1955
1808	1102
1808	1267
1808	1332
1808	1551
1808	1589
1808	1627
1808	1688
1808	1709
1808	1735
1808	1832
1808	823
1820	1432
1820	1433
1820	1677
1820	1843
1820	1867
1820	1952
1074	1130
1074	1476
1074	1638
1074	1912
1130	1798
1130	1900
1130	1963
1476	1607
1476	1809
1476	1838
1476	1839
1638	1521
1638	1863
1638	1886
1638	1905
1912	1084
1912	1398
1912	1460
1912	1519
1912	1573
1912	1581
1912	1674
1912	1717
1912	1721
1912	1761
1912	771
1912	1831
1912	1849
1912	1864
1912	1908
1912	1970
67	957
957	149
957	256
957	312
957	407
957	489
957	623
957	673
957	712
957	739
957	858
957	963
957	967
957	977
957	987
957	995
1075	1163
1075	1855
1075	1917
1163	1724
1855	1109
1855	1730
1855	1793
1855	1828
1855	1863
1855	1890
1855	1944
1855	1949
1917	1135
1917	1166
1917	1169
1917	268
1917	1306
1917	1343
1917	1407
1917	1525
1917	1563
1917	1636
1917	1673
1917	1761
1917	1811
1917	1835
1917	1921
68	1176
1176	1383
1176	1511
1176	1668
1076	1667
1076	987
1667	1115
1667	1467
1667	1472
1667	1737
987	70
987	73
987	85
987	149
987	185
987	377
987	406
987	466
987	570
987	612
987	647
987	658
987	671
987	728
987	827
987	843
987	859
987	864
987	875
987	893
987	917
987	931
987	954
987	964
1077	1141
1077	1276
1077	1353
1077	1735
1141	1761
1141	1822
1276	1211
1276	1517
1276	1625
1276	1849
1353	1238
1735	1652
1735	1684
1735	1755
1735	1782
1735	1825
1735	1949
1735	1952
1078	1589
1078	1823
1078	1828
1589	1370
1589	1496
1589	1696
1589	1922
1823	1551
1823	1648
1823	1655
1823	1773
1823	1799
1823	1888
1823	1907
1823	1933
1823	1983
1823	1997
1828	1124
1828	1252
1828	1290
1828	1426
1828	1648
1828	1844
1828	1872
1828	1891
1838	1086
1838	1190
1838	1413
1838	1541
1838	1557
1838	1592
1838	1894
1930	1123
1930	1239
1930	1271
1930	1278
1930	1594
1930	1631
1930	1727
1930	1782
1930	1818
1930	1854
1930	1891
1930	1895
1930	1902
1930	1907
1930	1959
1080	1679
1080	1870
1080	1924
1080	1981
1679	1524
1679	1759
1679	1946
1679	1981
1870	1702
1870	1717
1870	1787
1870	872
1870	1924
1870	1931
1924	1499
1924	1553
1924	1732
1924	1798
1924	1848
1924	1860
1924	1864
1924	1892
1924	1931
1924	1933
1924	1945
1924	1969
1981	1083
1981	1172
1981	1195
1981	1240
1981	1252
1981	1563
1981	1579
1981	1607
1981	1618
1981	1749
1981	1764
1981	1776
1981	1797
1981	1842
1981	1889
1981	1891
1981	1920
1981	1950
1981	1953
1081	1811
1081	799
1081	1907
1081	1934
1811	1298
1811	1510
1811	1586
1811	1864
1811	1883
799	199
799	239
799	240
799	482
799	794
799	931
799	942
799	952
1907	1228
1907	1444
1907	1523
1907	1639
1907	1662
1907	1809
1907	1953
1907	1970
1907	1983
1934	1131
1934	1240
1934	1281
1934	1320
1934	1386
1934	1451
1934	1561
1934	1675
1934	1709
1934	1835
1934	1839
1934	1851
1934	1955
1082	1852
1082	1977
1852	1127
1852	1390
1852	1450
1852	1620
1852	1636
1852	1698
1852	1743
1852	1760
1852	1888
1977	1419
1977	1431
1977	1508
1977	1516
1977	1538
1977	1593
1977	1611
1977	1644
1977	1676
1977	1688
1977	1692
1977	1733
1977	1809
1977	1833
1977	1839
1977	1844
1977	1847
1977	1911
1977	1969
1977	1997
1083	1419
1083	1754
1419	1793
1754	1133
1754	1432
1754	1861
1754	911
1084	1714
1084	1781
1714	1268
1714	1293
1714	1522
1714	1832
1714	1895
1781	1559
1781	1588
1781	1661
1781	1705
1781	1782
1781	1886
69	325
69	897
325	615
325	886
897	130
897	185
897	378
897	444
897	453
897	527
897	542
897	592
897	675
897	733
897	756
897	893
897	917
897	964
897	984
1085	1370
1085	1726
1085	1893
1370	1520
1370	1825
1370	1969
1726	1337
1726	1357
1726	1412
1726	1713
1726	1798
1726	1804
1726	1844
1893	1450
1893	1525
1893	1643
1893	1688
1893	1694
1893	1697
1893	1733
1893	1794
1893	1844
1893	1879
1893	1913
1893	1955
1893	1970
1893	1983
1893	1997
1086	1180
1180	1212
1180	1293
1180	1925
70	679
70	755
70	848
679	196
679	592
679	739
679	825
679	920
679	950
679	967
679	974
755	505
755	537
755	705
755	720
755	826
755	863
755	868
848	265
848	446
848	467
848	501
848	692
848	871
848	893
848	945
848	951
848	984
71	91
71	169
71	509
71	993
91	777
91	993
169	683
509	682
509	898
509	964
509	981
993	192
993	259
993	270
993	273
993	296
993	314
993	448
993	456
993	479
993	486
993	494
993	513
993	539
993	589
993	625
993	680
993	705
993	730
993	776
993	785
993	807
993	808
993	843
993	877
993	878
993	942
993	951
993	958
993	968
72	969
969	152
969	257
969	423
969	441
969	604
969	613
969	639
969	643
969	674
969	699
969	740
969	762
969	802
969	823
969	828
969	904
969	929
969	935
969	945
969	950
1087	1222
1087	1546
1087	1911
1222	1539
1222	1946
1546	1525
1546	1707
1546	1874
1911	1097
1911	1187
1911	1227
1911	1293
1911	1298
1911	1495
1911	1504
1911	1540
1911	1665
1911	1687
1911	1791
1911	1802
1911	1886
1911	1902
1088	1889
1889	1170
1889	1267
1889	1373
1889	1411
1889	1651
1889	1770
1889	1776
1889	1837
1889	1923
1889	1953
1889	1997
1089	1844
1844	1349
1844	1515
1844	1663
1844	1888
1844	1932
73	274
274	550
274	963
1090	1315
1090	1592
1315	1288
1592	1192
1592	1204
1592	1321
1592	1445
74	363
74	591
74	920
363	842
363	964
591	187
591	258
591	473
591	598
591	918
920	291
920	367
920	374
920	393
920	554
920	660
920	673
920	711
920	718
920	785
920	860
920	951
920	995
1091	1112
1091	1722
1112	1138
1112	1953
1722	1395
1722	1474
1722	1605
1722	1863
1722	1891
1722	1923
1092	1477
1092	1645
1092	1969
1477	1539
1477	1644
1477	1795
1645	1196
1645	242
1645	1299
1645	1328
1645	1351
1645	1442
1645	1653
1645	1806
1969	1122
1969	1127
1969	1146
1969	1157
1969	1320
1969	1360
1969	1401
1969	1484
1969	1543
1969	1593
1969	1609
1969	1661
1969	1715
1969	1785
1969	1799
1969	1810
1969	1833
1969	1845
1969	1891
1969	1923
1969	1933
1969	1983
1093	1203
1203	1462
1094	1846
1094	1865
1846	1273
1846	1494
1846	1534
1846	1537
1846	1689
1846	1716
1846	1764
1846	1792
1865	1162
1865	1535
1865	1837
1865	1871
1865	1872
1865	1933
1865	1987
1095	1108
1095	1348
1095	1519
1095	1627
1108	1227
1108	1983
1348	1110
1348	1270
1348	1596
1519	1806
1519	1931
1519	1955
1627	1347
1627	1590
1627	1711
1627	1727
1096	1491
1096	1567
1096	1746
1096	1950
1491	1326
1491	1765
1491	1905
1567	1492
1567	1579
1567	1669
1567	1746
1567	1778
1567	1827
1746	1361
1746	1547
1746	1590
1746	1946
1950	1196
1950	1264
1950	1285
1950	1435
1950	1521
1950	1539
1950	1723
1950	1741
1950	1761
1950	1803
1950	1839
1950	1841
1950	1847
1950	1866
1950	1883
1950	1933
1950	1949
75	322
75	590
75	854
322	145
322	313
322	995
590	537
590	788
590	930
590	968
854	100
854	200
854	521
854	529
854	680
854	825
854	826
854	898
854	929
854	968
854	976
854	984
1097	1453
1453	1248
1453	1683
1098	1255
1098	1469
1098	1841
1255	1132
1255	1652
1255	1944
1469	1301
1469	301
1469	1431
1469	1678
1841	1227
1841	1259
1841	1266
1841	1456
1841	1615
1841	1845
1841	1848
1841	1953
1099	1434
1099	1591
1099	1843
1434	1383
1434	1517
1434	1888
1591	1553
1591	1922
1843	1169
1843	1254
1843	1309
1843	1555
1843	1566
1843	1707
1843	1718
1843	1743
1843	1896
1100	1104
1100	1282
1100	1997
1104	1267
1282	1296
1282	1705
1282	1715
1282	1743
1997	1155
1997	1183
1997	1260
1997	1299
1997	1412
1997	1433
1997	1452
1997	1549
1997	1553
1997	1558
1997	1603
1997	1614
1997	1697
1997	1702
1997	1753
1997	1818
1997	1845
1997	1849
1997	1860
1997	1863
1997	1892
1997	1925
1997	1946
1997	1983
76	108
76	733
76	911
108	282
108	942
733	118
733	493
733	751
733	758
733	823
733	826
733	935
911	241
911	387
911	474
911	640
911	730
911	820
911	860
911	867
911	894
911	964
911	975
911	976
1101	1825
1101	1875
1825	1376
1825	1586
1825	1640
1825	1665
1875	1155
1875	1265
1875	1408
1875	1539
1875	1618
1875	1795
1875	1949
1875	1959
1875	1987
77	845
77	894
77	898
845	85
845	271
845	340
845	421
845	493
845	600
845	729
845	751
845	899
845	932
845	935
894	126
894	288
894	408
894	428
894	502
894	523
894	681
894	689
894	692
894	843
894	850
894	899
894	942
894	959
898	81
898	113
898	356
898	406
898	560
898	758
898	773
898	775
898	815
898	865
898	907
898	959
1102	1724
1102	1883
1724	1839
1724	1883
1724	1908
1724	1955
1883	1123
1883	1161
1883	1199
1883	1208
1883	1339
1883	1804
1883	1860
1883	1932
1103	1414
1414	1488
1414	1689
1267	1610
1105	1366
1105	1505
1105	1676
1366	1572
1366	1678
1366	1750
1505	1110
1505	1280
1505	1721
1505	1827
1676	1196
1676	1291
1676	1312
1676	1388
1676	1896
1106	1599
1599	1461
1599	1526
1599	1700
78	506
78	877
78	929
506	469
506	585
506	805
877	138
877	251
877	258
877	505
877	536
877	773
877	777
877	833
877	958
929	109
929	242
929	404
929	511
929	560
929	674
929	677
929	746
929	773
929	878
929	888
929	964
1107	1609
1107	1706
1609	1440
1609	759
1609	1872
1706	1164
1706	1514
1706	1711
1706	1817
1706	1827
1706	1861
79	963
79	984
963	98
963	279
963	310
963	371
963	395
963	424
963	433
963	478
963	479
963	516
963	548
963	689
963	692
963	720
963	728
963	811
963	838
963	874
963	950
963	975
963	981
984	252
984	456
984	477
984	523
984	530
984	546
984	612
984	614
984	640
984	671
984	680
984	708
984	756
984	761
984	806
984	858
984	864
984	868
984	886
984	888
984	918
984	946
984	968
984	995
1227	1864
1983	1120
1983	1131
1983	1192
1983	1441
1983	1508
1983	1529
1983	1553
1983	1618
1983	1731
1983	1803
1983	1817
1983	1845
1983	1848
1983	1856
1983	1871
1983	1896
1983	1925
1983	1933
80	564
80	680
80	687
80	918
564	117
564	643
564	705
564	706
680	394
680	543
680	602
680	742
687	426
687	573
687	616
687	677
687	825
687	945
687	964
918	227
918	412
918	446
918	448
918	513
918	607
918	639
918	720
918	795
918	841
918	862
918	865
918	923
918	932
81	715
81	807
715	105
715	648
715	807
715	886
715	931
715	968
807	141
807	301
807	342
807	631
807	724
807	808
807	867
82	87
82	838
87	664
87	806
838	125
838	439
838	614
838	865
838	875
838	886
838	975
1109	1215
1215	1492
1215	1897
510	261
510	645
510	779
550	207
550	321
550	805
550	995
708	198
708	667
708	713
708	797
1110	1727
1727	1498
1727	1894
1727	1932
1111	1684
1111	1787
1684	1309
1684	1440
1684	1723
1684	1842
1684	871
1787	1189
1787	1378
1787	1454
1787	1737
1787	1767
1787	1874
84	432
84	579
84	904
432	475
432	520
432	542
432	686
579	212
579	720
579	797
579	842
579	952
579	954
904	150
904	226
904	247
904	338
904	366
904	371
904	489
904	652
904	699
904	759
904	1792
904	853
904	862
904	867
904	875
85	248
85	740
248	442
248	978
740	179
740	362
740	580
740	1712
740	714
740	794
740	843
740	870
1138	1674
1138	1700
1138	1770
1953	1120
1953	1155
1953	1271
1953	1317
1953	1354
1953	1495
1953	1594
1953	1606
1953	1719
1953	1845
1953	1886
1953	1921
1953	1931
1953	1987
1113	1683
1113	1835
1113	1987
1683	573
1683	1651
1683	1797
1835	1400
1835	1403
1835	1459
1835	1581
1835	1583
1835	1672
1835	1673
1835	1900
1987	1245
1987	1260
1987	1286
1987	1314
1987	1390
1987	1461
1987	1479
1987	1557
1987	1571
1987	1587
1987	1658
1987	1725
1987	1729
1987	1749
1987	1860
1987	1874
1987	1895
1987	1933
1503	1235
1503	1541
1503	1643
1503	1743
1503	1758
1503	1794
1963	1280
1963	1337
1963	1369
1963	1456
1963	1481
1963	1524
1963	1537
1963	1538
1963	1559
1963	1560
1963	1605
1963	1640
1963	1851
1963	1861
1963	1946
1963	1949
1963	1952
625	153
625	212
625	667
625	785
625	870
625	975
950	228
950	251
950	423
950	442
950	468
950	566
950	648
950	668
950	675
950	681
950	729
950	757
950	777
950	782
950	806
950	825
950	865
950	1890
950	939
950	967
968	90
968	163
968	197
968	299
968	314
968	530
968	549
968	583
968	706
968	775
968	812
968	864
968	914
968	917
968	952
664	671
664	691
806	343
806	517
806	527
806	574
806	656
806	694
806	720
806	813
806	923
88	826
826	195
826	401
826	667
826	886
826	967
826	977
1115	1405
1115	1528
1115	1688
1405	1757
1405	1908
1405	1952
1528	1119
1528	1544
1528	1607
1528	1712
1528	1932
1688	1264
1688	1742
1688	1776
1688	1872
1116	1182
1116	1400
1116	1970
1182	1756
1400	1229
1400	1891
1400	1932
1970	1156
1970	1177
1970	1253
1970	1340
1970	1412
1970	1444
1970	1588
1970	1633
1970	1675
1970	1777
1970	1832
1970	1845
89	649
89	853
89	978
649	293
649	555
649	778
649	958
853	127
853	373
853	493
853	513
853	598
853	686
853	779
853	1812
853	793
853	892
853	977
978	1195
978	251
978	307
978	457
978	478
978	479
978	531
978	548
978	594
978	658
978	676
978	681
978	706
978	735
978	791
978	833
978	850
978	967
1117	1170
1117	1701
1117	1792
1701	1420
1701	1588
1701	1682
1701	1761
1701	1791
1701	1866
1701	1879
1792	1438
1792	1474
1792	1681
1118	1166
1118	1874
1166	1197
1166	1869
1874	1410
1874	1445
1874	1507
1874	1574
1874	1655
1874	1656
1874	1750
1874	1780
1874	1923
90	623
90	878
90	919
623	627
623	667
623	793
623	890
878	334
878	354
878	454
878	511
878	688
878	710
878	739
878	886
878	932
878	974
878	975
919	158
919	193
919	312
919	663
919	813
919	858
919	875
919	951
1119	1681
1119	1833
1681	1266
1681	1647
1681	1767
1681	1770
1681	1867
1681	1894
1681	1920
1833	1129
1833	1656
1833	1760
1833	1778
1833	1817
1833	1839
1833	1892
777	178
777	216
777	421
777	570
777	635
777	653
777	794
777	862
777	939
777	945
92	393
92	908
92	940
393	942
393	976
908	239
908	349
908	498
908	530
908	760
908	769
908	797
908	802
908	837
908	935
908	952
908	967
908	976
940	128
940	270
940	330
940	390
940	411
940	581
940	790
940	805
940	825
940	852
940	958
1406	1173
1406	1449
1643	1422
1643	1509
1643	1620
1643	1812
1123	1420
1123	1702
1420	1692
1420	1764
1420	1797
1702	1221
1702	1351
1702	1449
1702	1900
93	303
93	697
93	874
93	930
303	98
303	336
303	814
697	107
697	729
697	863
697	883
697	935
697	939
874	423
874	527
874	574
874	782
874	817
874	945
874	946
874	975
930	111
930	193
930	241
930	280
930	380
930	530
930	759
930	774
930	802
930	942
930	958
930	959
94	470
94	648
94	721
94	967
470	110
470	150
470	551
470	827
470	850
648	883
721	369
721	560
721	868
721	935
967	142
967	201
967	246
967	267
967	344
967	386
967	517
967	544
967	559
967	612
967	694
967	805
967	825
967	850
967	932
967	946
1124	1380
1124	1631
1124	1804
1380	1192
1380	1410
1380	1533
1380	1698
1631	1403
1631	1511
1631	1867
1631	1923
1804	1140
1804	1371
1804	1426
1804	1606
1804	1623
1804	1742
95	452
95	779
95	867
452	254
452	260
779	352
779	371
779	483
779	515
779	534
779	739
779	758
779	976
867	295
867	427
867	521
867	585
867	602
867	665
867	931
867	932
96	300
96	545
96	725
96	734
300	324
300	455
300	714
545	599
545	766
725	341
725	387
725	460
725	620
725	663
725	1721
725	871
725	888
734	101
734	223
734	420
734	440
734	693
734	739
97	276
97	960
276	294
276	914
276	974
276	976
960	130
960	313
960	390
960	404
960	458
960	512
960	618
960	629
960	632
960	676
960	685
960	781
960	811
960	862
960	954
960	974
960	995
98	675
675	139
675	245
675	412
675	478
675	678
675	809
99	554
99	814
99	817
554	210
554	246
554	259
554	704
554	884
814	151
814	342
814	469
814	499
814	658
814	711
814	892
814	951
817	288
817	441
817	493
817	616
817	732
817	802
817	946
100	310
100	751
310	673
310	766
751	259
751	283
751	438
751	520
751	618
751	809
751	884
751	1955
101	266
101	281
101	565
266	1259
266	283
281	481
281	736
281	892
281	914
565	467
565	634
565	951
565	958
1125	1776
1125	1854
1776	1422
1776	1529
1776	1758
1776	1798
1776	1900
1854	1284
1854	1541
1854	1581
1854	1584
1854	1747
1854	1749
1854	1818
1854	1849
1854	1879
1854	1952
1854	1955
102	736
102	917
736	644
736	775
736	788
736	813
917	214
917	230
917	324
917	348
917	398
917	592
917	618
917	841
917	952
917	958
917	974
917	976
1126	1818
1126	1839
1818	1129
1818	1172
1818	1173
1818	1220
1818	1812
1818	1933
1839	1328
1839	1338
1839	1797
1127	1288
1288	1425
1288	1897
103	842
103	939
103	952
842	145
842	333
842	485
842	605
842	691
842	772
842	833
842	837
842	954
939	104
939	177
939	247
939	309
939	373
939	408
939	527
939	534
939	629
939	634
939	872
939	952
939	954
952	111
952	193
952	202
952	515
952	585
952	785
952	868
952	892
952	964
952	995
104	408
104	520
408	240
520	131
1128	1596
1128	628
1128	1900
1596	1214
1596	1242
1596	1252
1596	1360
1596	1847
1596	1897
628	284
628	559
628	620
628	852
1900	1290
1900	1297
1900	1522
1900	1612
1900	1662
1900	1720
1900	1769
1900	1777
105	523
105	758
105	991
523	311
523	546
523	776
758	230
758	653
758	991
991	111
991	171
991	294
991	301
991	331
991	405
991	514
991	518
991	542
991	560
991	616
991	665
991	673
991	681
991	776
991	813
991	863
991	870
991	954
991	976
1129	1849
1849	1148
1849	1229
1849	1482
1849	1536
1849	1669
106	739
106	784
739	124
739	370
739	895
739	932
784	156
784	192
784	424
784	447
784	453
784	735
784	860
1798	1140
1798	1451
1798	1457
1798	1514
1798	1616
1798	1663
1798	1888
1798	1922
1798	1925
107	406
406	791
406	890
282	746
942	111
942	237
942	307
942	356
942	450
942	578
942	659
942	759
942	795
942	907
942	932
942	976
942	981
1131	1822
1822	1199
1822	1216
1822	1507
1822	1559
1822	1564
1822	1607
1822	1725
1132	1662
1132	1932
1662	1290
1662	1457
1932	1344
1932	1349
1932	1442
1932	1574
1932	1655
1932	1666
1932	1690
1932	1827
1932	1836
1932	1879
1932	914
1932	1949
1134	1861
1861	1295
1861	1426
1861	1490
1861	1501
1861	1626
1861	1890
1135	1427
1135	1863
1427	1225
1427	1344
1863	1277
1863	1673
1863	1712
1863	1743
1863	1886
1863	1896
1863	1925
1863	1946
109	692
692	147
692	341
692	538
692	683
692	756
1433	1482
1137	1438
1438	1436
1438	1580
1438	1720
1438	1733
1674	1527
1674	1677
1674	1717
1674	1896
1700	1555
1700	1582
1700	1639
1700	1660
1700	1686
1700	1799
1700	1814
1700	1867
1770	1506
1770	1626
1770	1647
1770	1913
110	1565
110	763
1565	1340
1565	1389
1565	1555
1565	1866
763	122
763	133
763	174
763	601
763	710
763	823
1509	1521
1509	1633
1509	1657
1831	1241
1831	1430
1831	1523
1831	1742
1831	1810
1140	1766
1766	1171
1766	1242
1766	1554
1766	1665
1766	1690
1766	1809
1766	1817
1766	1837
1761	1235
1761	1806
1761	1858
1761	1922
112	151
112	658
112	895
151	143
151	827
658	976
895	173
895	185
895	208
895	351
895	414
895	426
895	533
895	760
895	959
895	995
1142	1552
1142	1721
1142	1879
1552	1389
1552	1729
1552	1847
1721	1425
1721	1949
1879	1191
1879	1211
1879	1320
1879	1543
1879	1793
1879	1856
1143	1168
1143	1668
1168	1354
1168	1925
1668	1218
1668	1607
1668	1777
113	165
113	397
165	568
397	863
397	890
1144	1262
1144	1842
1262	1510
1262	1921
1842	1219
1842	1300
1842	1374
1842	1483
1842	1649
1842	1685
1842	1711
1842	1730
1842	1908
1842	1955
1145	1197
1145	1447
1197	1551
1447	1175
1447	1199
1447	1557
1447	1658
1146	1308
1308	1694
114	529
529	496
115	415
115	793
115	862
415	164
415	607
415	977
793	198
793	594
793	596
793	605
793	811
793	841
862	340
862	488
862	516
862	573
862	575
862	724
862	759
862	815
862	974
862	995
116	780
116	899
116	951
780	218
780	536
780	546
780	571
780	1728
780	773
780	797
780	946
899	417
899	420
899	438
899	482
899	569
899	667
899	693
899	923
899	932
899	935
951	119
951	383
951	390
951	473
951	493
951	621
951	656
951	776
951	884
951	907
951	923
951	977
1148	1437
1148	1886
1437	1549
1437	1564
1437	1617
1437	1715
1886	1158
1886	1497
1886	1537
1886	1575
1886	1603
1886	1610
1886	1617
1886	1690
1886	1737
1886	1945
117	387
117	684
117	907
387	1644
684	196
684	457
684	718
684	735
684	775
684	995
907	493
907	548
907	584
907	598
907	686
907	698
907	801
907	820
907	892
907	935
907	945
1149	1705
1149	1793
1149	1925
1705	1200
1705	1647
1705	1858
1793	1302
1793	1670
1793	1671
1793	1741
1793	1814
1925	1435
1925	1523
1925	1538
1925	1603
1925	1719
1925	1782
1925	1810
1925	1851
1925	1860
1925	886
118	191
118	411
118	678
191	730
411	209
411	815
678	344
678	558
678	635
678	769
119	513
119	772
119	778
513	404
513	811
772	218
772	716
772	743
778	616
778	756
1272	1373
1272	1769
292	511
292	766
292	974
833	257
833	395
833	614
833	645
833	773
833	871
833	946
121	517
121	571
517	582
517	762
517	802
517	995
571	465
571	858
571	1908
122	335
122	710
122	809
335	339
335	592
335	716
335	1755
710	170
710	828
710	870
809	162
809	1186
809	242
809	297
809	464
809	511
809	548
809	827
809	892
1151	1270
1151	1666
1151	1731
1270	1332
1666	1401
1666	1575
1666	1606
1731	1791
1731	1827
1731	1959
319	585
319	652
319	946
693	417
693	539
693	788
693	865
1152	1302
1152	1389
1152	1439
1302	1663
1302	1920
1389	1359
1439	1522
1439	1682
125	156
125	173
156	643
1153	1583
1153	1711
1153	1810
1583	1186
1583	1243
1583	1692
1711	1767
1810	1395
1810	1445
1810	1584
1810	1741
1810	1892
1810	1933
1154	1553
1154	1782
1154	1805
1782	1246
1782	1333
1782	1357
1782	1521
1782	1892
1805	1202
1805	1261
1805	1474
1805	1482
1805	1685
1805	1806
1805	1888
1805	1946
126	659
126	843
659	180
659	542
659	577
659	724
659	860
843	135
843	349
843	439
843	515
843	602
843	795
843	932
127	974
974	234
974	249
974	353
974	418
974	494
974	515
974	566
974	574
974	575
974	614
974	713
974	775
974	787
974	828
974	871
974	887
974	975
128	164
128	728
164	584
164	756
728	652
728	757
728	827
728	893
1155	1274
1274	1571
1274	1584
1274	1890
1274	975
1156	1278
1156	1791
1278	1310
1278	1866
1791	1212
1791	1254
1791	1587
1791	1661
1791	1895
129	870
129	935
870	212
870	250
870	348
870	495
870	572
870	607
870	647
870	890
870	958
870	995
935	256
935	314
935	341
935	426
935	596
935	600
935	762
935	815
935	827
935	872
935	954
1157	1472
1157	1896
1157	1955
1472	1606
1472	1669
1472	1867
1896	1304
1896	1450
1896	1515
1896	1615
1896	1678
1896	1812
1896	1827
1955	1359
1955	1413
1955	1481
1955	1580
1955	1658
1955	1685
1955	1730
1955	1803
1955	1872
1955	1946
1158	1452
1158	1605
1158	1945
1452	1663
1605	1195
1605	1630
1945	1305
1945	1448
1945	1516
1945	1557
1945	1636
1945	1660
1945	1753
1945	1806
1945	1864
1945	1890
1945	1891
1945	1913
1945	1959
130	945
945	373
945	453
945	495
945	656
945	713
945	760
945	775
945	801
945	805
945	815
945	858
945	886
945	946
945	976
131	575
131	759
575	177
575	265
575	570
575	774
575	946
759	521
759	682
759	871
1159	1428
1159	1549
1159	1813
1428	1202
1428	1606
1428	1806
1549	1610
1549	1732
1549	1847
1813	1300
1813	1369
1813	1515
1813	1753
1813	1764
1813	1894
369	581
369	888
685	431
685	450
685	515
685	808
685	959
134	464
134	837
464	139
464	339
464	666
837	157
837	244
837	477
837	512
837	776
837	865
837	887
837	958
837	977
837	981
135	543
543	246
543	413
543	519
543	977
1161	1891
1891	1335
1891	1675
1891	1743
1891	1749
1891	1757
1891	1872
344	552
344	852
447	399
447	525
447	666
137	483
137	752
483	360
483	964
752	307
752	391
752	794
1162	1579
1162	1894
1579	1300
1579	1323
1579	1760
1579	1895
1894	1224
1894	1284
1894	1331
1894	1349
1894	1497
1894	1685
1894	1759
1894	1902
1164	1590
1164	1634
1164	1709
1590	1490
1590	1814
1590	1905
1590	1921
1634	1181
1634	1236
1634	1729
1634	1749
1709	1320
1709	1669
1709	1905
1709	1959
1165	1301
1165	1323
1165	1949
1301	1258
1301	1266
1323	1715
1323	1719
1949	1256
1949	1318
1949	1563
1949	1685
1949	1696
1949	1723
1949	1856
1949	1869
1869	1209
1869	1525
1869	1561
1869	1610
1869	1767
1869	1797
1869	1803
1167	1661
1167	1690
1661	1689
1661	1741
1690	1190
1690	1381
1690	1624
1690	1759
138	179
138	298
138	630
298	488
298	887
630	184
630	633
630	823
630	931
139	183
139	724
183	682
183	808
724	215
724	306
724	308
724	327
724	637
140	412
412	787
141	374
141	582
374	858
582	484
582	531
582	850
142	797
142	872
142	976
797	228
797	338
797	428
797	637
797	887
797	976
797	995
872	594
872	639
872	788
872	808
872	887
872	958
872	959
976	228
976	331
976	334
976	383
976	488
976	568
976	607
976	1658
976	670
976	698
976	888
976	931
1354	1931
143	635
143	858
635	155
635	433
635	592
635	769
858	244
858	395
858	417
858	559
858	584
858	601
858	890
144	225
144	442
144	651
144	683
225	271
225	643
442	682
442	946
651	294
651	399
651	532
651	787
683	525
683	572
145	512
512	467
512	677
146	681
681	312
147	309
147	488
309	150
309	788
148	476
476	372
476	377
476	439
476	551
149	850
850	215
850	250
850	537
850	714
827	273
827	285
827	516
827	794
1171	1404
1404	1306
1404	1692
152	404
152	773
152	801
404	433
404	598
773	263
773	425
773	595
773	730
801	198
801	439
801	502
801	531
801	864
801	875
801	887
153	521
521	1314
521	331
521	494
1172	1574
1172	1817
1574	1339
1574	1897
1817	1190
1817	1258
1817	1269
1817	1316
1817	1723
1817	1836
1817	1908
155	402
402	421
402	643
402	1836
402	977
1174	1251
1174	1281
1174	852
1251	1473
1251	860
1281	1586
1281	1707
852	208
852	238
852	244
852	337
852	647
852	791
852	892
643	311
643	774
643	825
157	356
157	720
157	756
356	775
720	473
756	181
756	567
756	860
756	977
158	420
420	403
420	468
420	581
1175	1305
1175	1401
1175	1756
1401	1920
1756	1217
1756	1328
1756	1755
1756	1797
1756	1888
1383	1360
1511	1458
1511	1716
1511	1920
159	480
159	686
159	757
480	474
480	875
686	187
686	409
686	455
686	883
686	995
757	357
757	380
757	599
757	859
1177	1224
1177	1933
1224	1485
1224	1490
1933	1376
1933	1429
1933	1578
1933	1720
1933	1725
1933	1832
1933	1944
1933	1946
1933	1952
1178	1297
1178	1312
1178	1413
1297	249
1297	1794
1312	1304
1312	1864
1413	1258
1413	1944
1179	1481
1481	1508
1481	1541
481	181
481	931
1212	1616
1212	1640
1293	1897
1181	1206
1206	1544
161	461
461	576
461	577
461	958
461	981
162	760
162	888
760	352
760	456
760	711
760	788
760	841
760	860
760	932
888	271
888	315
888	359
888	370
888	438
888	641
888	787
888	813
888	954
163	561
561	501
561	668
561	742
584	337
584	409
584	892
568	689
568	815
568	1845
505	332
505	419
505	931
865	240
865	468
865	486
865	613
865	705
865	774
865	931
890	321
890	499
890	599
890	618
890	629
890	931
1184	1892
1892	1186
1892	1239
1892	1689
1892	1741
1892	1771
1185	1351
1185	1921
1921	1216
1921	1220
1921	1265
1921	1496
1921	1618
1921	1623
1921	1656
1921	1692
1921	1697
1921	1858
170	689
170	868
689	600
689	805
689	811
868	261
868	283
868	315
868	453
868	647
868	796
868	863
1186	1749
1749	1193
1749	1279
1749	1658
1749	1718
171	633
633	357
633	398
633	425
633	958
1187	1382
1187	1959
1382	272
1959	1269
1959	1285
1959	1320
1959	1333
1959	1358
1959	1498
1959	1712
1959	1718
1959	1720
1959	1797
1959	1806
1959	1860
1188	1660
1188	1847
1188	1872
1660	1234
1660	1493
1660	1514
1660	1723
1847	1352
1847	1367
1847	1457
1847	1600
1847	1686
1847	1848
1847	1944
1872	1328
1872	1403
1872	1432
1872	1593
1872	1687
1872	1922
1189	1773
1189	1931
1773	1287
1773	1444
1773	1636
1773	1649
1773	1794
1773	1902
1931	1287
1931	1403
1931	1442
1931	1483
1931	1488
1931	1506
1931	1514
1931	1629
1931	1923
1191	1507
1191	1697
1191	1860
1507	1294
1507	1372
1507	1450
1507	1564
1697	231
1697	1263
1697	1640
1860	1326
1860	1352
1860	1386
1860	1867
1860	1944
776	615
776	761
174	465
174	820
465	287
820	439
820	615
820	639
820	742
820	775
820	859
820	959
175	345
175	887
175	977
345	541
345	704
887	243
887	289
887	313
887	327
887	713
887	761
887	781
887	859
977	222
977	235
977	349
977	427
977	463
977	471
977	532
977	589
977	592
977	594
977	656
977	698
977	718
977	743
977	796
977	975
1193	1431
1193	1923
1431	324
1923	1204
1923	1303
1923	1369
1923	1571
1923	1814
1923	1851
176	260
260	441
260	574
177	634
177	705
634	711
634	886
634	931
705	959
178	353
353	340
353	418
1194	1345
1194	1858
1194	1871
1345	1363
1345	1670
1858	1363
1858	1551
1858	1557
1858	1636
1858	1762
1858	1777
1871	1430
1871	1459
1871	1501
1871	1651
1871	1656
1871	1827
1871	1832
1871	1851
1871	1895
1871	1902
1195	1506
1506	1362
1196	1845
1845	1647
1845	1665
1551	1760
1198	1258
1198	1373
1258	1544
1373	1417
1199	1672
1672	1586
1672	1651
1672	1837
182	255
182	343
255	449
255	860
682	198
682	259
682	270
682	594
682	665
808	294
808	502
808	652
808	714
808	812
184	573
573	959
1200	1307
1200	1423
1307	1897
1423	1338
1423	1444
1423	1653
186	258
186	288
186	923
923	244
923	379
923	403
923	440
923	468
923	574
923	668
923	1753
923	828
923	932
923	964
923	981
1202	1214
1214	1504
188	490
490	207
490	577
490	884
189	405
189	612
405	386
405	615
405	884
612	421
612	525
612	995
1462	1677
1462	1729
1204	1692
1692	1587
192	639
639	407
639	975
1544	1321
1544	1897
193	627
627	1625
627	666
627	742
627	746
1208	1851
1851	1247
1851	1265
1851	1376
1851	1866
1851	1944
194	252
194	376
194	569
194	946
252	884
252	892
376	316
376	782
376	932
569	535
946	494
946	761
946	771
946	795
946	863
946	954
946	964
946	981
1209	1362
1209	1890
1362	1741
1362	1803
1890	1280
1890	1718
1890	1720
1890	1920
195	277
195	782
277	1633
782	380
782	518
782	688
782	790
782	864
1687	1326
1687	1922
1211	1785
1785	1716
1785	1747
1616	1290
1616	1525
1616	1572
1640	1284
1640	1607
1640	1617
197	389
389	546
1504	1558
199	883
883	247
883	267
883	439
883	518
883	762
883	893
1492	1625
1492	1832
1897	1225
1897	1467
1897	1473
1897	1520
1897	1856
1897	1895
1897	1944
1216	1357
1216	1848
1848	1458
1848	1558
1848	1580
1848	1715
1848	1718
200	859
200	932
859	285
859	479
859	533
859	578
859	645
859	802
859	823
859	995
932	567
932	644
932	713
932	794
932	1946
201	1378
201	548
1378	1765
548	981
548	995
202	698
698	428
698	637
203	711
711	841
711	964
1217	1331
1217	1417
1331	1317
1417	1273
1417	1771
771	487
975	205
975	245
975	362
975	446
975	535
975	536
975	558
975	587
975	656
975	742
975	811
975	886
975	981
205	366
366	273
366	532
580	280
580	494
580	694
580	781
981	221
981	244
981	256
981	308
981	348
981	364
981	396
981	454
981	516
981	670
981	674
981	775
981	813
981	860
981	958
207	227
227	213
208	556
556	220
1219	1630
1219	1760
1630	1564
1630	1652
1630	1864
1760	1384
1760	1490
1760	1802
209	551
551	312
551	535
551	598
551	787
210	444
210	538
444	291
538	863
538	964
211	914
914	413
914	489
914	514
914	611
914	613
914	653
914	716
914	743
914	893
212	604
604	359
213	332
213	791
332	539
791	262
791	329
791	570
791	637
791	694
791	871
1221	1554
1221	1712
1221	1920
1554	1238
1554	1310
1554	1317
1712	1235
1712	1318
1920	1440
1920	1626
1920	1639
1920	1864
1920	1905
214	663
214	825
663	331
663	419
663	596
825	613
825	616
825	716
825	732
825	761
1539	1767
1946	1269
1946	1327
1946	1398
1946	1403
1946	1454
1946	1483
1946	1593
1946	1908
215	670
215	729
670	496
670	712
729	600
729	742
729	812
729	828
1292	1385
1292	1682
1292	1728
216	448
216	631
216	717
448	422
448	632
631	239
631	474
631	595
631	613
631	811
717	317
717	1425
717	805
1485	1771
1490	1287
1225	1239
1239	1757
1226	1277
1226	1913
1277	1527
1913	1271
1913	1273
1913	1296
1913	1381
1913	1566
1913	1580
1913	1593
1913	1625
1913	1657
1913	1719
1913	1769
1913	1952
217	611
611	514
611	602
218	592
592	500
1864	1295
1864	1359
1864	1550
1864	1581
1864	1657
1864	1753
1228	1363
1363	1240
220	583
220	691
583	259
583	600
583	1618
583	893
691	226
691	321
691	964
1229	1671
1671	1647
1671	1658
1671	1809
1671	1922
221	423
221	964
423	886
423	892
964	360
964	362
964	457
964	1529
964	525
964	541
964	787
1230	1319
1230	1777
1230	1922
1319	1644
1319	1742
1319	1795
1777	1334
1777	1375
1777	1451
1777	1694
1922	1385
1922	1495
1922	1527
1922	1663
1922	1713
1623	1665
223	598
1233	1286
1233	1435
1233	1624
1286	1651
1435	1371
1624	1652
587	441
587	462
587	815
1236	1361
1236	1430
1361	1321
1361	1628
1430	1587
1430	1757
1430	1806
271	243
271	264
1237	1620
1237	1856
1620	1346
1620	1470
1620	1520
1856	1284
1856	1352
1856	1550
1856	1656
1856	1771
1856	1802
1856	1809
228	491
491	673
491	775
1238	1836
1836	1540
1836	1558
1836	1651
1836	1723
1836	1806
1757	1432
1757	1508
1757	1529
1241	1253
1241	1459
1241	1750
1253	1614
1750	1343
1750	1682
1750	1780
229	419
419	716
1242	1809
1809	1514
1809	1580
1809	1617
1809	1762
230	766
766	314
766	796
766	875
958	235
958	293
958	391
958	570
958	706
958	823
234	769
769	251
769	269
769	479
769	746
1243	1409
1243	1612
1612	1520
1245	1747
1245	1780
1747	1268
1747	1628
1747	1866
1780	1422
1780	1457
1780	1483
1780	1902
1246	1510
1510	1812
1247	1725
1725	1372
1725	1538
1725	1606
1725	1755
714	383
714	424
714	572
1248	1493
1248	1602
1493	1261
1493	1715
1602	1392
1602	1407
1602	1594
237	249
237	283
237	539
283	422
539	558
238	293
238	795
293	475
795	475
795	533
795	884
1517	1566
1517	1733
1517	1759
1517	1778
1473	1905
860	424
860	487
860	667
860	668
860	954
1252	1346
1252	1895
1346	1398
1346	1446
1346	1866
1895	1259
1895	1335
1895	1336
1895	1626
1895	1696
1895	1707
1895	1794
1895	1803
1614	1359
1614	1448
1614	1636
1614	1713
1614	1803
1254	1499
1254	1673
1254	1908
1499	1484
1499	1529
1499	1762
1673	1392
1908	1295
1908	1299
1908	1375
1908	1483
1908	1498
1908	1526
1908	1534
240	828
828	357
828	536
828	959
1652	1329
1652	1465
1944	1343
1944	1479
1944	1657
1944	1867
241	418
241	640
640	359
640	1523
640	703
640	884
640	995
243	525
243	531
525	500
531	893
531	995
245	333
1256	1467
1256	1541
1467	1327
1467	1628
1541	1665
246	647
647	299
247	502
502	250
502	644
250	576
576	394
576	794
576	893
884	269
884	445
884	450
884	743
884	815
892	306
892	413
1259	1618
1618	1758
1618	1797
254	732
254	841
732	361
732	495
732	871
841	268
841	532
841	742
841	802
449	318
449	469
449	788
1261	1698
1698	1716
1698	1794
257	468
257	790
468	875
790	299
790	317
790	351
790	383
790	431
790	460
1263	1367
1263	1575
1367	1571
1575	1564
1575	1720
1575	1888
1264	1867
1867	1451
1867	1866
441	328
441	796
574	995
261	589
589	802
262	694
694	533
694	558
694	704
1266	1479
1266	1832
1479	1372
1832	1326
1832	1587
1832	1669
263	279
263	607
279	361
607	959
1610	1456
1610	1648
265	514
265	706
514	605
514	653
706	329
706	567
706	761
706	813
267	377
1268	1339
1268	1655
1268	1677
1339	1665
1655	1442
1655	1728
1677	1762
268	499
268	577
577	460
577	629
577	718
577	823
269	455
269	485
455	596
455	802
455	815
485	641
485	959
1269	1715
1715	1584
1332	1340
1769	1685
1769	1741
1769	1771
1273	1753
1753	1508
1753	1639
1753	1778
270	496
496	547
496	688
272	380
272	533
272	578
380	500
533	959
578	547
578	552
578	665
1571	1460
1571	1526
1584	1460
1584	1540
1584	1694
273	511
511	995
1275	1461
1275	1498
1275	1905
1905	1410
1905	1460
1905	1588
688	287
688	431
294	893
1633	1429
1633	1611
1625	1537
1625	1628
278	516
516	339
516	463
361	815
280	375
375	386
1527	1653
1527	1755
1310	1398
1310	1670
1310	1689
1866	1410
1866	1611
746	673
746	931
422	329
422	379
422	403
284	474
284	812
284	871
474	811
474	886
812	401
812	428
812	718
812	995
871	313
871	469
871	787
871	796
871	805
1279	1470
1279	1588
1470	1728
1588	1550
1280	1371
1280	1533
1533	1764
1533	1837
1586	1314
1707	1365
1707	1451
1296	1606
1743	1340
1284	1578
1578	1600
1578	1696
285	527
527	368
1651	1717
1287	1795
1795	1316
1795	1352
1795	1385
1795	1390
1795	1733
1795	1902
1425	1441
286	567
286	621
621	413
621	671
1290	1689
1291	1649
1291	1778
1291	1952
1649	1429
1649	1718
1778	1600
1778	1663
1952	1350
1952	1460
1952	1521
1952	1573
1952	1759
1952	1762
1682	1299
1682	1474
1682	1559
1294	1335
1294	1902
1902	1716
1902	1764
1902	1767
1902	1794
1902	1837
289	302
289	599
599	489
599	703
599	762
1295	1827
1827	1582
1827	1694
1827	1837
1606	1525
291	954
954	328
954	354
954	467
954	537
954	677
954	762
954	785
954	805
475	349
475	959
893	454
893	641
893	666
893	775
1794	1333
295	396
295	440
295	585
396	445
585	378
585	566
585	886
1299	1525
1300	1603
1603	1607
297	788
1663	1369
1663	1441
299	414
299	667
414	813
324	718
1303	1617
1303	1730
1617	1615
1617	1837
1730	1456
1730	1653
1304	1495
1306	1762
1762	1384
1694	1771
1309	1767
1767	1334
304	378
304	454
304	995
378	473
378	875
995	359
995	486
995	629
995	712
995	813
306	486
307	620
307	959
620	370
620	546
620	713
959	443
959	572
959	743
959	774
1398	1415
311	605
605	616
316	652
652	362
652	407
652	431
1318	1496
1318	1729
1318	1814
1814	1396
1814	1488
1814	1494
1814	1732
1814	1797
1644	1611
1644	1718
1742	1359
1742	1390
1742	1764
317	329
1321	1658
1658	1411
1759	1678
318	426
318	802
802	785
1719	1337
660	462
660	519
660	1686
1471	1515
1471	1723
321	602
602	327
1327	1365
1327	1653
1365	1593
1365	1669
1653	1497
1653	1522
1653	1559
1329	1457
1329	1626
1457	1648
718	407
1566	1669
1566	1755
615	352
615	390
615	534
886	409
886	542
327	699
699	823
699	864
1334	1449
1449	1678
1449	1812
1336	1520
1520	1384
1520	1628
339	535
1755	1408
1755	1758
1338	1540
1540	1737
338	781
781	462
1615	1465
535	372
340	823
823	515
823	616
341	445
341	762
445	671
445	805
762	409
762	613
762	674
342	484
1446	1686
541	403
541	572
704	360
704	519
704	601
1349	1537
1349	547
547	373
547	532
547	875
348	644
351	653
352	570
355	391
355	530
1358	1547
1358	1587
1547	1812
1360	1508
1628	1381
1628	1561
1803	1636
815	457
815	864
1560	1837
364	450
364	863
863	399
863	466
863	616
863	794
1669	1718
1678	1675
1678	1888
367	677
677	555
677	794
368	466
368	671
368	743
368	864
466	424
671	774
671	875
743	594
743	712
864	458
864	632
864	785
371	549
371	742
549	875
549	931
1372	1395
1372	1837
1395	1411
1395	1516
1837	1441
1837	1501
1375	1516
875	794
379	796
796	438
796	735
500	438
500	453
1376	1600
1376	1758
1758	1390
1758	1582
1758	1594
1765	1442
1765	1629
1384	1460
546	558
390	676
676	596
1388	1396
1396	1559
1392	1636
394	559
394	601
601	596
395	519
398	665
399	479
1415	1429
401	595
401	703
595	501
703	674
407	446
1488	1484
537	931
787	645
813	761
813	931
1806	1675
1806	1696
1482	1732
1888	1524
1888	1573
424	428
428	482
425	668
425	735
668	469
735	495
1580	1720
1557	1456
1448	1550
1448	1648
1648	1594
1812	1521
443	544
443	560
805	645
666	931
1458	1535
1535	1802
457	600
1543	1802
1723	1799
462	931
931	518
931	534
931	629
463	637
463	641
637	518
641	645
1732	1534
1483	1639
1484	1594
477	495
487	712
712	774
1501	1713
1501	1799
1713	1561
498	645
1657	1523
1802	1696
1737	1563
1737	1582
558	566
785	794
