0
904
915
971
974
1000
1474
1593
1614
996
1
9
842
874
891
1001
1190
1679
1739
1995
2
428
746
821
984
3
125
590
902
918
1002
1223
1364
1809
1919
1003
1838
1938
1943
1974
1004
1312
1849
884
1930
4
53
711
773
967
1005
1502
1581
1618
1978
5
769
910
982
989
6
771
932
972
1006
1551
1557
1644
1992
1007
1030
1247
1422
1989
1008
1065
1193
1535
1821
1009
1604
1628
1966
1969
7
553
931
941
968
8
212
471
479
883
1010
1360
1372
1520
1944
548
661
1011
1039
1428
1892
1947
1012
1599
1828
1831
1976
10
202
466
722
991
1013
1660
1773
1940
1977
11
710
850
876
12
435
798
913
988
13
354
394
694
885
14
612
667
987
15
139
721
940
16
294
417
809
937
17
37
764
824
18
217
537
892
949
19
302
740
946
993
1014
1854
1917
1962
1997
20
1198
733
962
21
571
662
780
1015
1183
1317
1667
1857
1016
1175
1397
1897
1957
22
908
936
998
999
1017
1763
1850
1991
23
127
814
837
925
1018
1259
1922
1951
1019
1046
1458
1626
24
605
770
861
980
25
639
642
693
1020
1278
1675
1896
1021
1883
1993
1022
1248
1698
1750
1861
26
592
663
981
1023
1561
1737
1908
27
195
533
854
875
1024
1245
1402
1631
28
60
105
141
580
29
128
844
895
1025
1345
1601
1814
1860
1026
1055
1236
1848
1885
30
383
688
791
825
1027
1677
1717
1820
1998
31
461
852
1028
1787
1934
1946
1968
1029
1127
1886
1980
32
531
582
656
995
33
604
790
919
34
344
502
828
35
315
357
483
812
36
436
734
752
1988
484
507
1031
1122
1309
1607
1926
38
163
386
1032
1744
870
1994
1033
1492
1678
1816
1827
1034
1588
1782
1948
1035
1330
1464
1498
1887
39
109
271
513
833
40
168
255
782
973
1036
1436
1726
1950
41
49
475
952
992
42
928
43
351
591
776
960
44
468
535
808
906
1037
1085
1362
1669
1038
1516
1911
1921
1446
1768
1964
45
515
751
965
1040
1405
1781
1982
1041
1146
1606
1637
1960
1042
1292
1308
1657
46
615
839
944
961
1043
1410
1808
1840
1870
1044
1716
1869
47
256
509
1045
1729
1734
1924
1939
48
160
762
806
935
1590
1889
1047
1304
1349
1914
1048
1733
1818
1971
1049
1335
1794
1972
1050
1852
611
638
969
50
589
51
396
963
52
201
630
877
945
1051
1258
1783
1967
446
706
54
900
1052
1525
1569
1632
1975
1053
1570
55
148
430
491
976
56
278
486
955
57
760
766
775
997
1054
1495
1575
1680
1514
1641
1056
1455
1901
1903
1057
1715
1788
1058
1311
1663
1928
1059
1106
439
1577
58
689
705
856
59
750
959
1060
1484
1497
1837
1890
433
822
61
352
708
943
979
62
655
912
1061
1483
1833
63
504
781
964
1062
1351
1579
1937
1963
1063
1881
1927
1986
64
190
421
938
1064
1842
1900
65
146
610
948
66
72
868
1720
1865
1985
1066
1265
1306
1600
67
423
827
838
950
68
818
986
69
376
866
975
978
1067
1728
70
447
547
586
897
71
581
730
890
958
74
754
73
104
514
1068
1379
1398
1805
1973
314
744
922
75
270
596
878
909
1069
1279
1714
1909
1983
1070
1430
1672
1956
76
218
674
801
848
77
283
831
1071
1797
1851
1945
78
335
699
873
880
1072
1578
1941
79
645
836
80
800
841
81
759
805
1073
1240
1699
82
1531
555
568
817
83
501
542
635
813
1074
1528
1619
84
193
85
389
966
86
1895
87
508
573
88
353
896
994
89
811
905
1075
1536
1925
1076
1609
1913
1990
1077
1705
1742
90
406
438
543
1078
1363
1786
1933
1959
91
192
1727
718
92
253
313
1079
1281
1613
1753
93
632
94
356
898
1080
1756
1825
95
279
702
860
96
155
768
1081
1747
1815
1932
97
432
451
713
794
1082
1462
1640
1812
1839
1083
1799
855
1942
98
539
551
793
869
1084
1357
1568
99
431
865
1751
1955
100
526
101
846
1086
1829
1872
1970
1087
1529
1610
1691
1765
102
167
907
921
957
1088
1730
1792
1834
1089
1662
774
103
929
970
1090
1386
1091
1740
1987
1092
1583
1736
1093
1979
1094
1847
208
557
756
1095
1232
1629
1096
1565
1681
1813
1918
440
1097
1157
1777
1936
1098
1250
1888
1965
1099
1519
1550
1759
1935
1100
1234
1237
1811
1101
106
252
933
1102
1225
1784
107
258
698
1103
1243
1472
1923
1104
1184
1105
1703
1140
1348
108
310
574
593
726
1107
1538
1907
1108
1673
1904
1109
1505
1701
1793
1949
939
1110
1151
1769
1952
1111
1686
1112
1332
1674
110
679
849
1113
1441
1774
1894
1114
1321
111
783
112
1115
1260
1296
1655
113
888
114
157
282
115
177
920
1116
1651
1683
1687
1771
116
289
117
867
118
636
675
745
951
1117
1654
119
280
1118
1832
1119
1290
1624
120
563
1120
1790
1121
1527
1996
121
570
911
953
122
671
1758
1403
1123
1438
123
493
536
620
845
124
796
1124
1261
1125
1415
1481
637
723
126
741
445
942
129
175
210
305
916
1126
1954
1148
130
178
1128
1439
1670
1129
1130
1666
1823
1131
1562
131
1132
1224
1724
1880
1133
1201
1558
1134
1444
1480
1135
1392
1638
1136
1707
1137
1142
1548
1587
1858
132
668
1138
1721
1745
1766
1139
1779
1981
1303
1358
1141
1597
1746
1553
1694
1143
1442
1549
1144
1145
1187
1810
1643
1961
133
923
134
545
732
135
413
887
136
1147
1772
1287
1339
1465
137
392
707
767
894
1149
1418
1845
138
325
807
1150
1517
1867
1920
566
567
140
716
881
815
142
816
143
499
857
144
183
882
1152
1665
145
403
803
1153
1504
1154
1252
1511
1807
1155
1506
1844
260
285
1156
1824
1158
1556
147
623
947
166
934
149
659
150
307
621
1159
1165
1246
151
725
743
765
152
465
903
1160
1273
1741
153
291
629
154
664
676
1161
1572
1162
1732
156
560
561
703
1163
1233
158
503
159
678
1164
1385
618
1649
161
364
1166
1185
1314
1338
162
316
736
784
810
528
164
358
524
985
165
624
1167
1423
1168
1499
550
1598
956
185
1169
1170
1171
1761
169
1172
1173
1377
1636
170
652
658
835
171
422
785
1174
1582
172
374
729
1685
1912
1176
1231
1749
1177
1719
1906
173
292
473
174
350
832
977
284
926
176
1178
1365
1454
1179
863
1180
179
215
476
901
180
843
924
1181
1622
1692
1182
1710
1723
181
182
804
361
1713
1659
1984
184
735
1186
1210
1315
251
186
194
700
1882
187
640
1188
1346
1697
1795
1189
1310
1350
1693
1191
1846
1192
1347
1450
188
189
204
191
329
1194
1841
1953
418
522
749
719
1195
1212
1706
196
207
840
1893
197
245
198
409
820
199
200
669
686
872
899
802
1196
1863
1197
1289
1199
1804
1884
203
331
1200
1704
1817
227
683
205
400
862
206
330
626
1202
1801
1203
1447
1752
1835
1204
209
1205
1576
1206
1496
1627
1868
1526
211
714
823
672
1207
1513
213
360
521
214
343
458
216
308
789
914
680
1208
1209
219
306
695
893
1522
1211
1560
1856
1354
1592
220
917
221
469
1213
1235
1276
1214
1215
1595
772
1216
222
223
747
224
414
225
673
1217
1275
1718
226
487
701
228
268
464
229
715
230
246
954
231
530
704
232
598
233
234
235
236
238
534
1218
1366
1855
237
763
239
455
240
241
649
242
1219
1534
1843
1220
1770
243
1915
244
990
584
575
585
1221
1862
1222
247
1390
1409
1460
1463
1806
1322
1696
1226
1760
1227
1762
1228
248
295
470
478
1229
1902
249
359
556
558
685
1230
1512
1757
250
879
498
397
254
682
657
677
753
257
437
259
263
712
1400
1411
1453
1656
261
262
983
647
1931
1256
1344
264
454
265
511
755
1238
1283
1378
1407
1239
1864
1241
1898
266
742
819
1242
1451
1381
1489
267
1244
492
269
601
1262
1789
1611
1596
1270
1395
1563
1249
1584
1876
1251
1380
1671
1819
650
272
467
273
795
1253
1288
1254
1340
1255
1518
1508
1257
1630
1653
274
622
275
1539
1650
1263
1491
1524
1264
1875
1266
1328
1754
276
342
1267
1268
1271
1541
277
366
777
299
1269
1433
1586
1591
494
281
727
1323
1272
1507
1620
728
1764
1274
1871
1891
634
1853
1277
1284
1382
1280
616
720
1617
1722
1282
286
738
287
853
288
1791
303
427
1285
290
477
426
748
797
871
293
381
1286
1866
1652
886
296
459
826
1313
1711
297
541
834
298
549
1625
1802
300
516
799
301
1291
1708
1873
1293
1427
1532
607
346
829
304
412
1294
1623
450
1295
1368
1621
613
1297
309
787
692
1298
1580
311
312
608
654
519
1299
1300
1778
597
1301
889
411
317
318
687
830
319
1302
1738
320
416
485
1391
321
322
323
847
1999
324
1305
387
326
327
583
1307
1603
328
546
619
1676
1877
1371
1664
1798
1958
456
434
1316
1564
1702
1585
1608
332
347
429
1318
333
390
1859
1319
1634
1743
1929
334
633
1320
1879
1376
646
336
670
1725
337
779
338
339
1324
1325
340
788
341
660
1326
1327
1404
1374
1329
1616
410
1602
1826
1331
1589
345
512
1333
1334
1748
1336
1688
348
1337
1476
1648
349
460
1905
1419
1341
1342
506
1343
1712
355
691
1473
1426
1487
588
644
1352
1488
1353
1709
1642
1355
1356
579
1470
1645
1359
1361
1567
1800
362
527
930
363
724
518
599
365
453
367
368
538
778
369
370
405
371
1425
1432
372
1396
1367
792
373
489
1594
375
500
562
1369
859
1370
377
378
379
600
380
407
444
382
1700
384
1373
385
1421
614
717
1375
1775
1695
1796
388
758
1383
1445
1384
391
1412
393
402
1387
1414
1478
1388
1571
1389
1393
1830
395
1690
398
399
1471
488
420
496
401
1658
1394
1459
1559
1785
665
404
481
424
408
1399
1612
1916
1401
1545
628
1731
1878
609
415
858
1544
1635
631
1406
1408
1467
1573
1899
1543
419
851
1413
1566
1416
864
1417
1767
1420
1684
1424
1776
627
1482
425
1836
1429
1668
1780
1431
1803
1822
1661
1434
1435
1605
1547
595
1437
1647
1910
1440
1443
442
441
452
927
1448
1449
443
497
1452
1485
1456
1457
448
449
1493
1461
552
457
1466
576
731
1468
462
697
463
666
1469
1874
1533
1475
1477
472
578
696
474
1479
569
641
684
480
1530
482
1486
525
1515
1490
490
1494
1755
737
495
1500
1501
577
505
1503
786
510
1509
1510
1574
648
517
520
1521
1523
1552
523
1639
603
739
529
651
587
532
681
1537
1540
1682
540
1542
594
1546
544
690
653
1554
1555
554
643
602
559
564
565
761
572
617
625
606
1615
1646
1689
1633
757
709
1735
