1000
1314
1426
1946
1996
1001
1303
1649
1928
1999
1002
1334
1395
1712
1980
1003
1297
1553
1924
1957
0
272
679
742
963
1
414
911
955
986
1004
1545
1600
1666
1990
2
398
501
583
881
3
119
210
713
800
4
613
692
693
760
1005
1564
1861
1974
1982
5
496
573
599
967
1006
1481
1519
1566
1681
1007
1538
1764
1869
1983
1008
1076
1377
1799
1965
6
418
469
536
767
1009
1211
1491
1815
1889
1010
1444
1795
1951
1011
1668
1857
1942
1987
7
455
479
758
992
8
124
283
956
994
9
367
415
791
1843
10
511
748
959
983
1012
1307
1715
1767
1844
1013
1425
1720
1842
1897
1014
1098
1661
1818
1015
1353
1687
1888
1995
11
636
699
759
853
12
307
564
682
840
13
317
837
867
980
1016
1375
1587
1909
14
105
318
1725
957
15
280
827
902
16
914
929
948
950
1017
1907
1945
1018
1171
1560
1770
1019
1315
1811
1914
1020
1044
1736
1837
1838
1021
1042
1114
1547
1562
17
609
744
772
894
1022
1763
1772
1901
18
207
973
1023
1598
1641
1777
1978
1024
1610
1803
1833
1863
1025
1282
1581
1975
1026
1651
1998
19
467
787
793
834
1027
1688
1820
1884
1893
20
365
402
885
897
1028
1880
1898
1903
1973
1029
446
1846
1935
1030
1750
1855
1031
1831
1915
1994
21
499
749
818
933
1032
1157
1258
1597
1813
22
533
952
962
1033
1086
1657
1807
1882
1034
1523
1646
1886
1943
23
93
182
913
981
1035
1292
1721
1787
24
217
615
673
943
25
390
951
961
1036
1830
1894
1970
26
855
918
1037
1521
1648
1927
1038
1682
1792
1934
1039
1925
1953
1969
1040
1533
1871
1923
27
491
620
627
968
28
276
629
960
1041
1293
1398
1766
1972
29
819
872
942
1652
1892
1043
1262
1300
1567
1885
30
310
522
647
935
1756
1790
1862
1045
1203
1320
1507
1868
1046
1224
1414
1755
1047
1823
1961
31
240
409
553
602
32
549
614
703
768
33
423
733
34
544
635
783
35
603
670
708
1048
1138
1684
1765
1913
1049
1921
36
750
842
889
1050
1417
1739
1826
1991
1051
1052
1626
1716
1821
1304
1757
37
293
785
865
965
1053
1194
1700
1876
38
954
964
1981
1054
1337
1741
1865
1955
1055
1280
1586
1822
1825
39
228
898
40
516
816
877
993
41
478
729
875
953
1056
1233
1841
1950
1057
1305
1332
1675
1947
42
718
806
912
43
587
632
44
377
702
1782
1058
1595
1738
1805
1059
1459
1985
45
645
766
921
46
745
866
979
999
1060
1733
1850
1912
1061
1118
1918
1062
1367
1997
47
746
756
48
604
969
985
49
211
561
688
50
53
197
315
1063
1148
1163
1904
51
203
556
848
988
52
420
792
972
1064
1616
1655
1065
1124
1204
1445
1066
1405
1441
1443
354
389
54
91
689
946
1067
1302
1872
55
770
895
56
723
823
1832
904
1068
1518
1797
1910
1936
57
637
789
1810
940
1069
1223
1331
836
1989
58
880
899
59
298
381
434
978
60
697
755
971
1070
1695
1773
1776
61
507
825
831
909
62
857
941
977
63
650
989
1071
1806
1072
1390
1421
1678
64
677
896
996
65
231
473
858
66
375
440
740
1073
1251
1434
1592
1979
1074
1760
1839
1860
1075
1144
1322
1527
1680
1701
1834
1077
1295
1464
1492
67
534
870
984
1078
1149
1079
1501
1080
1664
1808
68
300
69
528
664
817
982
70
153
278
363
1081
1227
1714
1948
1082
1908
1939
71
215
460
990
72
238
828
1083
1941
1960
73
253
1753
74
223
709
1084
1257
1382
1944
1952
1085
1895
1087
1123
1506
1938
75
189
624
916
76
711
922
995
1088
1270
1785
77
273
580
923
78
312
712
1089
1440
1859
1959
1090
1360
1694
1778
79
233
938
80
1091
1890
1971
1976
1092
1747
1093
1208
1729
1788
1900
1094
1522
1536
1819
1853
81
814
1932
82
845
1095
1458
1734
1761
83
492
863
876
84
456
683
915
1096
1238
1874
1097
1809
1963
1631
85
86
928
930
997
1099
1497
1977
1984
619
752
869
1100
1212
87
598
705
88
577
656
891
1101
1306
1321
1667
89
99
218
1102
1905
1926
90
844
925
856
1103
1669
1104
1165
1366
1711
1105
1656
1931
1106
1633
92
234
237
838
1107
1182
1196
1108
1498
1783
720
884
94
313
695
851
1109
1162
1110
1599
1735
1836
95
567
96
545
639
808
949
97
668
937
1111
1433
1487
1964
98
205
349
727
776
1112
1347
1887
1967
1113
1883
169
666
966
1115
1153
1617
1854
1949
100
696
975
101
245
512
781
102
337
572
103
224
281
288
405
104
562
631
839
901
1116
1759
1781
1800
106
732
906
910
1117
1671
1911
1933
1703
1793
107
628
108
232
623
763
788
1119
1150
1228
1771
109
474
774
1120
1346
1121
1234
1730
1851
1122
1455
1510
1864
1383
1170
1448
110
391
1543
801
111
551
779
1125
112
431
113
690
736
1126
1673
1732
114
893
945
1127
1940
1128
1354
1558
1612
1704
1129
1237
1775
1130
1624
1740
1962
115
327
987
116
821
117
304
751
118
362
547
586
1131
1141
1401
1529
1132
1719
436
508
1133
1471
1769
120
472
121
882
890
1134
1185
1852
1135
1746
1780
1786
1136
1286
122
371
123
578
700
830
919
1137
1526
1662
1737
608
809
125
282
974
126
379
1139
1264
1140
1394
1992
1142
1342
1474
1930
127
481
820
908
1143
1530
128
410
552
722
1216
1958
1145
1466
1824
129
753
864
130
322
131
403
804
132
400
681
932
1146
1569
133
296
134
268
135
850
136
221
239
1147
1177
1812
1584
1849
137
162
769
138
269
524
139
532
591
761
1954
1151
1672
1152
1916
1585
140
291
325
640
1154
1285
1406
1155
1479
1870
1156
1899
141
754
822
991
1881
142
538
944
143
606
144
550
1891
145
406
422
146
548
1158
1699
147
348
579
581
1159
1179
1707
1160
148
419
1161
149
659
1245
150
777
151
229
657
796
152
521
222
154
262
424
1164
1309
155
563
802
156
503
157
714
158
459
730
1166
1554
1167
1484
1743
1847
1168
1388
159
323
160
669
161
813
294
671
163
364
369
565
1169
1408
1848
164
493
165
336
1494
649
166
321
167
404
514
529
1745
168
738
1804
663
170
330
674
958
1172
1183
171
394
494
576
172
450
871
173
292
465
518
998
1173
1508
1623
1796
1174
1175
1693
1798
1988
1176
1751
1178
1219
1896
174
519
175
185
859
1520
1546
1180
1511
1638
176
202
355
177
617
630
178
341
970
1181
1689
1663
179
734
1828
1184
1298
1642
1758
1407
1186
1220
1239
1866
180
900
181
457
610
1187
775
1956
1188
1361
1742
1878
1189
1937
183
1190
1480
1593
1779
184
235
333
186
489
607
187
257
188
652
790
934
1191
1249
1676
1192
1968
190
191
976
192
236
584
685
193
435
194
557
686
195
612
917
196
717
782
1193
1373
1636
1195
198
655
1197
1486
1198
1637
1199
1207
1456
1647
199
246
413
200
219
350
638
1200
1986
201
252
396
849
762
510
1201
1400
1202
1420
204
305
798
1362
1410
206
448
807
905
1205
1329
227
340
621
208
1206
1250
1381
209
244
335
741
1214
1650
1209
1439
1658
1210
1449
1639
1213
1572
1835
1215
1338
1605
1217
1789
1873
212
743
213
470
701
1218
214
216
393
1877
1906
1468
1221
1396
794
1879
1222
1627
1801
1225
1929
1283
1226
1243
1311
1814
220
284
299
1229
1310
1230
1416
1496
1231
426
622
225
353
1232
1827
226
266
667
1235
1363
1670
385
829
1236
1470
1620
256
230
331
590
843
1513
873
642
924
1240
1542
1621
1241
1556
1993
1242
1845
1867
1288
1244
1549
1774
1919
1628
1691
1246
1413
1247
1784
1794
1966
380
1248
1374
368
449
482
1351
1578
1385
1252
1341
847
1253
241
784
805
931
1254
1465
1858
242
258
600
243
383
597
716
1255
1601
1256
1710
1563
1259
1644
1754
1260
1261
1386
247
487
594
1263
1378
1630
1706
248
824
249
382
1431
1265
1312
1432
250
531
582
251
719
1266
1609
1690
308
721
846
1267
504
684
815
1268
1318
1435
254
731
892
1269
1840
255
311
1271
1502
441
1272
1532
1544
1768
1273
1274
1473
1565
1275
1330
1276
1284
879
259
483
658
260
261
263
357
464
795
316
453
264
378
852
1277
1278
1603
1279
1749
1328
1606
1281
265
1629
704
267
386
502
1576
1555
270
694
771
1467
271
1524
780
555
589
903
1287
1705
1665
1722
1289
1370
1387
1582
274
826
275
468
860
585
926
1290
277
345
1291
1922
447
601
1392
279
605
861
907
1343
862
338
566
927
1294
1713
285
626
888
1856
286
1296
1460
287
454
376
411
1482
1517
1299
1428
1301
1423
1679
1475
1550
289
290
442
833
1453
803
939
1643
1308
1615
1683
1548
1660
295
1313
574
854
1349
1438
297
1791
1611
1316
412
301
302
646
303
513
1317
1568
874
306
1319
1357
485
520
309
359
395
1323
1380
525
672
1324
1325
1504
1326
1579
1327
883
314
416
500
1452
554
1561
1333
319
320
878
1335
1336
1345
611
691
1339
1762
1340
324
706
835
326
575
328
676
936
1402
1344
329
832
1379
427
1490
477
332
644
1348
334
596
437
1350
1411
1352
1574
726
339
445
1829
1488
347
1355
342
356
569
739
1356
1391
1415
343
1358
1359
344
346
725
886
947
1708
1364
1365
1376
1368
1369
351
352
735
1744
1371
1424
438
1372
1472
1698
1917
887
358
1875
497
797
1685
1709
1389
360
841
361
462
1384
461
687
710
1724
1485
366
1404
728
370
401
559
595
1575
1393
1920
372
786
1397
1625
373
374
651
747
1399
1635
634
1588
680
1512
648
1403
392
1437
1552
384
1696
764
1535
387
1409
1540
1476
1412
1495
388
535
1622
1727
1418
1419
1602
1447
1422
1450
1500
1607
397
588
1427
1528
1429
399
1430
1442
1436
1591
568
407
429
707
1686
408
920
1571
526
661
1551
1580
1446
1515
480
1654
1653
1702
778
417
1451
698
1557
421
542
715
654
1454
1583
425
765
444
1457
428
757
1461
430
495
1462
539
1463
1718
1493
1614
432
1802
1717
433
737
1469
490
439
570
1677
443
868
527
476
1477
1478
451
452
1516
1752
1483
641
458
1634
773
593
463
471
1489
466
724
1503
1748
475
1499
1594
1723
484
486
523
488
1505
1509
618
1674
1514
1817
1728
1902
498
1619
505
1525
1539
1613
506
1816
509
678
515
517
546
1531
799
1534
1537
1640
811
1541
1573
1645
530
1577
616
537
812
540
541
543
1559
1608
1692
660
1570
558
560
571
665
643
1697
810
675
1589
1590
1632
1726
1731
1596
662
592
1604
653
1618
1659
625
633
