1000
1091
1278
1517
1575
1660
1677
1805
1896
1939
1996
1001
1224
1286
1473
1674
1722
1730
1834
1857
1950
1999
0
7
54
243
467
516
521
728
819
959
979
1002
1079
1206
1258
1635
1697
1769
1772
1779
1848
1966
1003
1385
1399
1584
1659
1836
1840
898
1917
1936
1949
1004
1053
1149
1162
1778
1792
1803
1825
1841
1869
987
1
35
106
806
825
881
934
1964
973
975
2
124
323
480
483
734
817
824
953
971
994
3
540
563
584
619
849
856
896
904
947
955
4
126
275
568
639
823
843
1908
946
993
5
299
402
450
468
693
731
733
1878
873
921
1005
1030
1261
1302
1421
1442
1754
1755
1782
1890
1952
1006
1073
1163
1562
1594
1790
1866
1868
1909
1007
1555
1593
1614
1787
1884
1898
1903
901
1982
1008
1107
1226
1381
499
1516
1554
1725
1740
1885
6
290
337
594
672
702
816
836
887
936
943
203
311
528
714
804
859
883
958
1009
1082
1157
1365
1451
1586
1827
1910
1945
1983
8
57
140
254
362
617
698
778
818
892
1951
9
49
331
510
713
805
821
841
942
1960
965
1010
1125
1255
1615
1667
1759
1766
1892
1895
1970
10
186
222
1889
893
907
939
945
962
976
1011
1071
1243
1706
1733
1816
1838
1839
1879
11
497
534
627
674
763
862
954
988
989
12
176
308
319
426
659
712
1819
827
891
923
1012
1184
1199
1215
1233
1437
607
1880
1941
13
147
423
479
569
587
613
1681
905
997
1013
180
1198
1291
1444
1512
1619
1791
1894
1990
14
24
61
73
427
629
874
884
1985
15
417
739
760
770
779
851
919
984
996
1014
1117
1274
1404
1608
1633
1927
1956
1976
1015
1109
1123
1260
1378
1535
1596
847
1016
1120
1228
1234
1282
1552
1853
1886
1962
16
260
764
900
916
924
972
1017
1134
1204
1323
1332
1427
1796
1980
1018
1121
1314
1467
1757
1770
1794
1812
1974
17
50
111
314
316
397
560
658
1019
1041
1151
1169
1209
1271
1395
1598
1640
1874
18
235
418
453
754
755
810
970
999
1020
1213
1217
1384
1446
488
1582
1666
1685
1710
1865
1021
1027
1129
1797
1804
1818
1820
19
428
657
1724
752
895
918
926
937
941
20
182
205
277
721
761
894
927
981
1022
1086
1088
1317
581
1686
1806
1922
1934
1997
21
47
127
255
266
415
537
646
664
22
166
285
412
590
592
690
720
845
899
23
28
196
535
765
812
858
730
769
775
906
925
935
1023
1433
1505
1739
1801
1832
1864
25
210
221
615
798
969
1995
1024
1036
1352
1371
1502
1610
1783
1808
1901
1975
26
34
271
366
496
609
785
910
956
1025
1613
1657
1750
1897
1911
1946
1963
1994
1998
27
118
306
383
834
917
964
990
1026
1279
1392
1408
1694
1734
1795
1918
1924
204
324
396
631
814
839
940
29
68
165
291
358
704
740
998
30
343
533
666
865
908
938
967
982
31
384
574
729
809
878
922
930
1422
1597
1607
1620
1683
1958
1969
32
370
686
803
882
929
1028
1170
1235
1413
1538
1655
1719
1756
1872
1873
1933
33
223
336
601
630
750
773
840
846
1029
1057
1351
1434
1449
1700
1814
1847
1981
1326
1532
1558
1606
1643
1867
1900
1971
1031
1186
1448
1551
1588
604
1849
1968
240
292
618
662
749
914
931
1032
1492
1637
1761
1843
1978
1989
1033
1046
1264
1295
1393
1409
1534
1714
1747
1855
77
463
514
687
1034
301
1319
1398
1743
1940
36
48
407
420
445
503
676
699
796
1035
1301
1497
1569
1773
1875
1902
1984
37
114
121
605
614
1628
652
743
762
38
193
220
1220
433
593
831
868
39
139
287
707
888
40
100
214
252
517
680
746
897
41
92
150
330
1522
536
1211
250
1369
1407
42
1247
307
395
403
460
705
766
985
43
90
105
724
747
830
1037
1128
1693
1863
1943
1957
1967
44
65
174
303
414
473
566
866
1972
45
246
695
807
913
46
1187
425
793
871
886
1038
1059
1334
1339
1515
1524
1528
1777
1039
1072
1078
1216
1238
1571
961
1986
1040
1475
1519
1817
1822
293
513
741
62
558
697
832
854
1920
1462
1566
1604
1690
1703
1704
1709
1042
1050
1203
1210
1043
1299
1325
1454
1764
1846
1932
1979
542
626
670
768
890
1044
1168
1424
1489
1601
129
154
228
332
466
635
51
91
600
603
920
928
52
192
268
571
636
911
1045
1164
1269
1589
1744
1774
1929
53
146
506
509
677
903
1370
1402
1443
1590
1673
372
410
452
709
815
55
424
576
671
872
56
338
616
691
889
960
217
455
572
742
1047
1208
1712
1746
1749
1784
58
387
389
748
828
870
59
465
624
678
692
60
155
477
511
1048
1281
1455
1771
1871
1883
1049
1745
1851
1367
1514
1581
1762
1948
181
1452
538
570
645
835
880
978
1051
1229
1493
1737
1905
1930
1052
1441
1788
1807
1837
1861
1914
1923
88
505
564
909
63
371
1414
863
1283
1415
1649
1663
1858
64
187
258
550
606
643
788
857
436
443
1611
1054
1063
1232
1540
1579
1732
1833
1854
66
151
208
1518
799
67
262
478
543
665
175
295
489
669
1055
1116
1152
1383
1653
1741
1056
1158
1288
1472
1561
1676
1695
1928
1954
1089
1567
1688
1831
69
444
526
544
701
802
1058
1268
405
1572
1631
70
257
622
661
867
1682
1698
1793
1899
1915
1919
1060
1137
1246
1356
1509
1723
1955
1061
1144
1223
1267
1353
1691
1829
1977
1062
1612
1616
1738
706
71
128
249
347
508
583
800
986
1263
1486
1652
1064
1104
1346
1802
1904
1065
284
1417
1465
1623
1742
1876
1066
1098
1305
1400
1468
1541
72
148
272
555
363
992
1067
1139
1313
74
185
411
1068
1148
1240
1252
1361
1533
1713
1893
1944
1069
1096
130
1145
1070
144
1311
1527
1543
1547
75
523
649
782
1798
791
949
76
264
732
737
744
1877
983
586
663
966
1221
1507
1546
1715
1483
1542
1815
1835
78
149
211
315
1397
595
952
79
171
429
756
80
201
495
554
719
822
855
1403
1074
1292
1390
1510
1075
1179
1578
1678
1856
81
191
1207
276
374
82
416
633
876
83
202
218
1585
685
948
1076
1127
84
177
267
434
1556
722
933
85
356
492
813
991
86
229
637
915
87
169
259
419
557
717
1077
1310
183
375
431
675
1881
902
1360
1988
1595
1824
89
163
612
723
753
944
1080
1146
1471
1736
1800
486
1081
1230
1416
1906
1937
360
694
789
912
93
610
869
94
449
470
968
95
454
641
877
1114
1218
1426
487
1083
1450
1487
1650
1654
1707
1891
1084
1284
1447
529
1735
1776
1821
1888
1085
1106
1429
1496
1907
1926
1196
1476
1887
1087
1143
1331
1405
1573
1576
1202
1729
1925
1178
1520
1679
1758
96
168
493
552
850
950
1090
1531
1692
1993
97
577
608
1672
790
951
98
123
225
377
441
461
1548
725
1845
99
490
1768
1092
1428
212
398
696
772
829
101
545
549
860
102
442
1093
1501
1545
1094
135
1195
1309
1748
1095
1420
1440
1115
1374
1477
1992
103
178
320
328
348
501
502
642
792
1097
1391
1689
1913
1991
1630
1973
104
640
794
844
388
459
108
279
401
107
231
547
751
1099
1348
1469
1100
1482
1636
1699
421
591
667
780
795
1101
1942
1102
1135
1173
1860
1103
1330
1342
1321
1645
1671
1870
1105
1439
1498
1503
1763
109
302
525
654
777
1809
1852
110
145
253
353
404
437
885
957
1297
112
382
520
113
310
620
1775
1108
1161
1189
1237
1324
1938
1478
1537
1658
1110
1165
1227
1591
1618
1786
422
446
1912
115
352
597
1111
1479
1513
1112
1296
1386
1602
1669
1705
1113
1592
1488
116
238
703
117
340
668
848
518
650
995
1490
1731
1767
1959
1118
1254
1544
119
312
400
120
339
784
708
787
122
230
345
1119
1350
1789
269
757
875
294
373
507
653
125
738
864
1140
1153
1811
1564
1882
1122
1285
1711
1159
1364
648
718
776
247
283
1124
1300
1354
1495
623
1668
1726
1126
1580
1603
1627
1344
1372
811
1430
556
1553
1600
1257
1557
579
611
727
977
1130
1251
1345
1396
1526
1648
131
524
758
1131
1411
1499
1625
1662
132
1132
1464
1133
1362
1781
1277
1327
1436
1656
133
213
498
682
1136
1718
1935
1953
134
391
393
688
1470
179
304
562
596
736
1138
1197
1241
1376
1916
136
1574
1318
1504
137
1141
1248
1494
1947
138
504
980
278
1142
1626
625
1701
261
413
141
334
341
354
367
142
143
541
716
700
963
376
673
1387
1828
1931
1214
1751
1785
1460
1622
1147
1194
1265
1728
170
399
527
1171
1253
1609
380
485
1175
1150
1523
482
1500
1823
1799
1333
1431
342
1262
346
392
842
1154
1155
1461
1156
1377
1563
1565
1965
152
361
491
153
656
683
241
344
368
745
1639
1642
1419
1160
1485
1717
1765
232
1412
298
379
469
651
655
156
451
1646
157
158
197
853
159
289
317
767
160
219
567
684
161
162
1363
1961
1338
1842
1859
408
1166
1347
164
189
239
837
321
248
1379
801
167
826
1167
448
281
274
578
172
305
173
551
634
771
553
726
852
974
833
1380
546
783
199
1294
1675
519
1172
1389
1410
1850
1987
364
786
296
1293
1174
1651
1921
1343
1629
711
184
325
759
879
1176
1463
1177
1727
265
484
681
1844
188
350
781
1180
1200
1862
309
1181
1341
1752
1182
1183
1303
1530
1560
190
273
660
861
464
1185
1188
1335
1577
1236
1550
194
439
797
195
349
430
561
365
539
689
1190
1287
1457
1191
1481
198
1192
1536
1632
1193
1219
1349
216
512
1250
1273
1617
200
735
207
409
838
1382
1270
206
215
585
1328
1720
432
1201
1320
406
1826
209
300
335
227
457
1205
1810
1231
1304
1708
385
500
1780
1644
580
1491
494
1559
1212
1670
1702
1753
359
456
369
710
224
471
621
820
226
647
318
1289
1432
1445
1508
1624
559
575
808
233
1275
515
1453
1337
1222
234
1340
1511
1225
1366
1638
326
236
1459
237
251
256
1245
1359
1583
1664
438
242
390
394
440
386
1484
1605
244
245
355
589
532
1474
932
333
1549
1466
1647
1680
282
1621
1316
474
522
327
435
530
1418
1587
1239
263
1687
286
472
588
644
1242
1458
628
1244
1425
270
573
599
322
1634
582
1373
288
1249
1456
1813
1423
447
1290
280
1506
598
475
1256
1521
1259
1307
351
1684
1266
1358
1568
1830
1529
297
1336
1280
458
1272
1368
1276
1760
462
774
1298
1322
679
1570
1357
1394
313
1401
1315
1696
1525
1599
1306
476
1308
329
632
1312
1406
548
1480
565
1435
1388
715
1329
1716
602
357
1355
1665
378
1375
1539
381
1721
638
1641
1661
531
1438
481
