2000	0
0	143
0	357
0	914
0	997
143	422
143	539
143	598
357	292
357	341
357	550
357	987
914	10
914	71
914	144
914	155
914	392
914	1484
914	575
914	580
914	672
914	674
914	729
914	732
914	822
914	846
914	849
914	888
914	893
914	969
914	972
914	975
914	980
914	996
997	43
997	54
997	81
997	166
997	208
997	259
997	287
997	1344
997	386
997	423
997	470
997	472
997	483
997	486
997	499
997	511
997	521
997	524
997	582
997	619
997	653
997	673
997	705
997	731
997	756
997	820
997	861
997	863
997	880
997	895
997	907
997	922
997	949
997	964
997	967
997	969
997	987
997	989
997	996
1	578
1	761
1	772
1	917
578	34
578	173
578	403
578	416
578	759
578	793
578	916
761	52
761	327
761	390
761	525
761	617
761	699
761	839
761	918
761	972
761	986
761	996
772	198
772	243
772	521
772	535
772	661
772	711
772	894
772	913
772	920
772	938
772	960
772	989
917	65
917	229
917	389
917	518
917	1507
917	528
917	547
917	576
917	584
917	602
917	604
917	687
917	745
917	820
917	845
917	881
917	944
917	963
917	968
917	983
917	990
917	992
1000	375
1000	1545
1000	1783
1000	1946
375	197
375	308
375	971
375	977
1545	1596
1545	1775
1545	1861
1545	1881
1545	1898
1545	1912
1783	1046
1783	1110
1783	1459
1783	1619
1783	1682
1783	1744
1783	1848
1783	1903
1783	1935
1783	1949
1783	1974
1783	1978
1946	1163
1946	1165
1946	1198
1946	1252
1946	1340
1946	1614
1946	1631
1946	1695
1946	1712
1946	1731
1946	1742
1946	1746
1946	1758
1946	1771
1946	1780
1946	1819
1946	1820
1946	1824
1946	1851
1946	1875
1946	1877
1946	1881
1946	1952
1946	1968
1001	1055
1001	1328
1001	1820
1001	1981
1055	1729
1055	1750
1055	1825
1328	1566
1328	1675
1328	1902
1328	1974
1820	1129
1820	1212
1820	1482
1820	1495
1820	1601
1820	1660
1820	1740
1820	1858
1820	1943
1820	1975
1820	1982
1820	1994
1981	1042
1981	1134
1981	1266
1981	1377
1981	1391
1981	1400
1981	1461
1981	1497
1981	1530
1981	1541
1981	1579
1981	1584
1981	1618
1981	1692
1981	693
1981	1697
1981	1727
1981	1786
1981	1807
1981	1826
1981	1864
1981	1874
1981	1896
1981	1910
1981	1927
1981	1944
1981	1945
1981	1962
1981	1977
1981	1994
1981	1996
1002	1183
1002	1425
1002	1546
1002	836
1183	1074
1183	1695
1183	1849
1425	1261
1425	1300
1425	1752
1425	1803
1425	1995
1546	1321
1546	1599
1546	1603
1546	1738
1546	1953
1546	1984
836	314
836	409
836	464
836	627
836	640
836	698
836	738
836	754
836	759
836	790
836	791
836	794
836	840
836	845
836	926
2	128
2	577
2	644
2	669
128	331
128	843
128	851
577	37
577	630
577	676
577	833
577	922
577	944
577	964
644	287
644	571
644	639
644	742
644	842
644	892
644	899
644	998
669	293
669	654
669	738
669	808
669	894
669	904
669	944
669	984
1003	1253
1003	1371
1003	1656
1003	1939
1253	1816
1253	1855
1253	1909
1253	1919
1371	1079
1371	1117
1371	1966
1371	1969
1371	1993
1656	1139
1656	1140
1656	1311
1656	1493
1656	1564
1656	1628
1656	1777
1656	1880
1939	1090
1939	1174
1939	1194
1939	1200
1939	1405
1939	1452
1939	1508
1939	1520
1939	1533
1939	1606
1939	1633
1939	1642
1939	1657
1939	1667
1939	1711
1939	1839
1939	1883
1939	1885
1939	1887
1939	1913
1939	1971
1939	1986
1939	1987
3	28
3	204
3	484
3	919
28	231
28	835
28	998
204	239
204	449
204	1871
484	599
484	702
484	856
484	925
484	979
919	228
919	293
919	326
919	329
919	432
919	486
919	494
919	520
919	708
919	739
919	794
919	824
919	831
919	845
919	846
919	882
919	932
919	946
919	1966
919	970
919	972
919	991
1004	1516
1004	1691
1004	1837
1004	1978
1516	1056
1516	1707
1516	1780
1516	1810
1516	1974
1516	1984
1691	1044
1691	1754
1691	1796
1691	1900
1691	1917
1691	1925
1691	1957
1691	1959
1691	1970
1837	1219
1837	1256
1837	1310
1837	1365
1837	1390
1837	1479
1837	1535
1837	1625
1837	1687
1837	1752
1837	1774
1837	1810
1837	1943
1837	1968
1978	1180
1978	1196
1978	1276
1978	1428
1978	1436
1978	1445
1978	1467
1978	1482
1978	1530
1978	1531
1978	1567
1978	1644
1978	1645
1978	1767
1978	1768
1978	1788
1978	1789
1978	1853
1978	1865
1978	1871
1978	1876
1978	1893
1978	1894
1978	1927
1978	1934
1978	1938
1978	1940
1978	1953
1978	1992
1978	1994
1005	1063
1005	1743
1005	1763
1005	1966
1063	1221
1063	1702
1063	1933
1743	1199
1743	1420
1743	1586
1743	1607
1743	1688
1743	1719
1743	1826
1743	1922
1743	1961
1743	1974
1743	1986
1763	1091
1763	1139
1763	1303
1763	1305
1763	1397
1763	1430
1763	1536
1763	1629
1763	1830
1763	1852
1763	1958
1966	1070
1966	1209
1966	1226
1966	1279
1966	1299
1966	1347
1966	1350
1966	1382
1966	1476
1966	1578
1966	1588
1966	1597
1966	1617
1966	1649
1966	1732
1966	1744
1966	1843
1966	1871
1966	1911
1966	1925
1966	1964
1966	1972
1966	1976
1966	1982
1966	1994
1966	1995
4	757
4	777
4	963
4	966
757	5
757	82
757	475
757	513
757	634
757	749
757	863
757	869
757	884
757	968
757	985
777	618
777	640
777	706
777	784
777	793
777	851
777	893
777	911
777	918
777	939
777	943
777	959
963	52
963	114
963	127
963	171
963	300
963	340
963	426
963	596
963	631
963	712
963	769
963	788
963	795
963	796
963	808
963	814
963	817
963	839
963	881
963	888
963	939
963	940
963	943
963	952
963	958
963	970
963	974
963	988
963	995
966	33
966	63
966	174
966	229
966	282
966	339
966	366
966	460
966	1456
966	549
966	598
966	639
966	692
966	724
966	732
966	739
966	762
966	808
966	879
966	880
966	884
966	885
966	931
966	934
966	954
966	971
966	979
966	982
966	984
966	991
5	33
5	655
5	766
33	735
33	783
655	48
655	216
655	354
655	506
655	705
655	877
655	934
655	967
766	27
766	372
766	737
766	745
766	877
766	884
766	950
766	958
766	961
766	974
766	981
1006	1474
1006	1658
1006	1917
1006	1987
1474	1583
1474	1641
1474	1847
1474	1897
1474	1964
1658	1533
1658	1635
1658	1840
1658	1882
1658	1948
1658	1962
1658	1984
1658	1990
1917	1023
1917	1203
1917	1356
1917	1399
1917	1409
1917	1525
1917	1584
1917	1672
1917	1767
1917	1806
1917	1813
1917	1902
1917	1916
1917	1950
1917	1954
1917	1969
1917	960
1917	1974
1917	1975
1917	1997
1987	1017
1987	1047
1987	1291
1987	1402
1987	1553
1987	1563
1987	1605
1987	1613
1987	1622
1987	1626
1987	1648
1987	1697
1987	1703
1987	1756
1987	1758
1987	1768
1987	1772
1987	1826
1987	1832
1987	1878
1987	1902
1987	1904
1987	1922
1987	1940
1987	1941
1987	1953
1987	1967
1987	1968
1987	1970
1987	1974
1987	1991
1987	1995
1007	303
1007	1573
1007	1745
1007	1889
303	570
303	818
303	944
303	989
1573	1180
1573	1325
1573	1526
1573	1826
1573	1834
1573	1908
1573	1921
1745	1485
1745	1723
1745	1809
1745	1843
1745	1847
1745	1863
1745	1910
1745	1934
1745	1942
1745	1956
1745	1991
1889	1012
1889	1069
1889	1077
1889	1271
1889	1399
1889	1453
1889	1575
1889	1602
1889	1737
1889	1797
1889	1825
1889	1830
1889	1863
1889	1897
1889	1943
1889	1948
1889	1979
1889	1982
1008	1494
1008	1900
1008	1907
1008	1927
1494	1492
1494	1773
1494	1776
1494	1867
1494	1994
1494	1996
1900	1092
1900	1210
1900	1224
1900	1310
1900	1497
1900	1501
1900	1548
1900	1595
1900	1677
1900	1742
1900	1761
1900	1892
1900	1922
1900	1928
1900	1947
1900	1976
1900	1996
1900	1998
1907	1040
1907	1242
1907	1405
1907	1421
1907	1500
1907	1554
1907	1598
1907	1626
1907	1708
1907	1797
1907	1865
1907	1870
1907	1902
1907	1908
1907	1960
1907	1968
1907	1973
1907	1974
1907	1988
1907	1995
1927	1108
1927	248
1927	1421
1927	1433
1927	1467
1927	1602
1927	1626
1927	1648
1927	1655
1927	1723
1927	1774
1927	1806
1927	1819
1927	1827
1927	1842
1927	1856
1927	1886
1927	1922
1927	1941
1009	1053
1009	1661
1009	1866
1009	1959
1053	1175
1053	1760
1053	1791
1661	1043
1661	1215
1661	1452
1661	1792
1661	1800
1661	1884
1661	1902
1661	1915
1866	1256
1866	1317
1866	1341
1866	1396
1866	1446
1866	1464
1866	1582
1866	1659
1866	1674
1866	1786
1866	1809
1866	1815
1866	1899
1866	1962
1866	1967
1866	1993
1959	1035
1959	1205
1959	1453
1959	1509
1959	1549
1959	1555
1959	1559
1959	1619
1959	1640
1959	1662
1959	1684
1959	1710
1959	1749
1959	1787
1959	1801
1959	1802
1959	1827
1959	1843
1959	1860
1959	1897
1959	1899
1959	1913
1959	1968
1959	1984
1959	1992
1959	1996
1010	1162
1010	401
1010	1779
1010	1864
1162	1270
1162	1360
1162	1548
401	454
401	601
401	784
401	962
401	999
1779	1025
1779	1236
1779	250
1779	1612
1779	1634
1779	1648
1779	1694
1779	1816
1779	1896
1779	1996
1779	1997
1864	1192
1864	1225
1864	1472
1864	1562
1864	1564
1864	1614
1864	1616
1864	1731
1864	1805
1864	1815
1864	1888
1864	1911
1864	1935
1864	1962
1864	1963
6	650
6	700
6	734
6	942
650	132
650	542
650	688
650	815
650	957
650	973
650	1983
650	998
700	69
700	178
700	507
700	738
700	926
700	956
700	968
700	969
700	987
734	1307
734	495
734	676
734	820
734	830
734	864
734	877
734	885
734	931
734	960
942	123
942	147
942	212
942	311
942	337
942	339
942	394
942	426
942	498
942	530
942	562
942	596
942	668
942	718
942	1794
942	784
942	822
942	829
942	839
942	870
942	887
942	896
942	901
942	915
942	922
942	988
1011	1271
1011	1318
1011	1408
1011	1574
1271	1029
1271	1561
1271	1859
1318	1244
1318	1647
1318	1749
1318	1974
1408	1239
1408	1768
1408	1818
1408	1892
1408	978
1574	1106
1574	1114
1574	1370
1574	1456
1574	1537
1574	1843
1574	1975
1012	1208
1012	1398
1012	1970
1208	1132
1208	1424
1208	1802
1398	1280
1398	1801
1398	1849
1398	1899
1398	1915
1970	1222
1970	1258
1970	1483
1970	1487
1970	1500
1970	1582
1970	1606
1970	1679
1970	1688
1970	1700
1970	1708
1970	1715
1970	1731
1970	1747
1970	1751
1970	1840
1970	1852
1970	1897
1970	1912
1970	1921
1970	1923
1970	1931
1970	1948
1970	1956
1970	1961
1970	1971
1970	1980
7	660
7	857
7	911
7	981
660	399
660	561
660	592
660	789
660	816
660	850
660	946
660	951
857	1026
857	389
857	410
857	588
857	675
857	680
857	709
857	796
857	821
857	827
857	852
857	867
857	924
857	957
857	960
857	967
911	37
911	62
911	101
911	1215
911	267
911	392
911	453
911	603
911	792
911	806
911	868
911	880
911	884
911	887
911	921
911	954
911	988
911	989
911	992
911	999
981	131
981	135
981	171
981	177
981	233
981	257
981	275
981	279
981	554
981	557
981	581
981	584
981	627
981	699
981	726
981	729
981	741
981	744
981	753
981	789
981	831
981	832
981	833
981	926
981	940
981	943
981	976
981	977
981	978
981	995
981	1995
981	998
8	513
8	774
8	784
8	840
513	760
513	835
513	900
513	908
513	982
774	170
774	295
774	435
774	439
774	450
774	510
774	829
774	875
774	936
774	973
774	985
774	991
784	421
784	500
784	675
784	691
784	779
784	874
784	887
784	930
784	994
840	108
840	274
840	319
840	372
840	524
840	600
840	691
840	712
840	865
840	866
840	948
840	958
840	985
840	998
9	158
9	485
9	930
9	957
158	77
158	863
158	909
485	794
485	828
485	897
485	972
485	998
930	75
930	250
930	256
930	273
930	314
930	317
930	442
930	543
930	597
930	604
930	618
930	720
930	725
930	786
930	833
930	841
930	846
930	920
930	928
930	929
930	934
930	976
930	977
957	18
957	69
957	276
957	294
957	482
957	483
957	526
957	536
957	542
957	576
957	585
957	622
957	640
957	645
957	702
957	714
957	730
957	747
957	793
957	849
957	852
957	935
957	960
957	970
957	993
957	996
957	999
10	45
10	614
10	719
45	416
45	674
45	975
614	184
614	211
614	848
614	868
614	879
614	906
614	962
719	245
719	286
719	432
719	436
719	826
719	895
719	910
719	962
719	992
11	480
11	789
11	801
11	946
480	73
480	462
480	506
480	567
480	899
789	24
789	85
789	225
789	239
789	607
789	642
789	667
789	741
789	916
789	956
789	977
801	141
801	182
801	183
801	278
801	1288
801	434
801	582
801	597
801	758
801	760
801	855
801	880
801	896
946	44
946	88
946	155
946	433
946	519
946	635
946	646
946	725
946	794
946	803
946	832
946	869
946	884
946	893
946	894
946	904
946	906
946	924
946	931
946	934
946	936
946	947
946	967
946	977
12	323
12	663
12	824
12	893
323	53
323	216
323	265
323	989
663	80
663	538
663	627
663	680
663	770
663	905
663	979
663	990
824	99
824	282
824	343
824	542
824	686
824	803
824	812
824	844
824	888
824	898
824	900
824	975
824	983
893	310
893	335
893	387
893	413
893	636
893	641
893	726
893	775
893	833
893	844
893	854
893	870
893	877
893	938
893	953
893	989
13	241
13	859
13	887
13	971
241	617
241	854
241	972
859	358
859	367
859	639
859	746
859	748
859	750
859	778
859	821
859	823
859	843
859	874
859	890
859	909
859	933
859	937
859	980
887	114
887	160
887	419
887	553
887	579
887	588
887	597
887	657
887	722
887	754
887	809
887	875
887	967
887	972
887	983
887	999
971	110
971	150
971	217
971	283
971	292
971	320
971	354
971	432
971	458
971	1449
971	625
971	640
971	648
971	797
971	817
971	838
971	847
971	876
971	890
971	891
971	896
971	921
971	932
971	937
971	947
971	968
971	985
971	990
971	992
1013	1591
1013	1841
1013	1865
1013	1950
1591	1437
1591	1597
1591	1755
1591	1973
1591	1986
1591	1988
1591	1997
1841	1214
1841	1258
1841	1329
1841	1333
1841	1461
1841	1604
1841	1625
1841	1634
1841	1718
1841	1873
1841	1882
1841	1941
1841	1975
1841	1984
1865	1396
1865	1540
1865	1698
1865	1808
1865	1851
1865	1896
1865	1902
1865	1909
1865	1931
1865	1957
1865	1962
1865	1994
1865	1997
1865	1998
1950	1403
1950	1405
1950	1441
1950	1443
1950	1497
1950	1570
1950	1601
1950	1694
1950	1781
1950	795
1950	1826
1950	1828
1950	1829
1950	1857
1950	1874
1950	1905
1950	1921
1950	1925
1950	1926
1950	1955
1950	1972
1950	1977
1950	1982
1950	1998
14	267
14	595
14	749
14	929
267	747
267	822
267	986
595	494
595	583
595	684
595	865
595	943
595	951
595	982
749	111
749	142
749	273
749	282
749	445
749	767
749	833
749	841
749	904
929	91
929	1148
929	271
929	342
929	389
929	395
929	416
929	442
929	545
929	563
929	646
929	685
929	735
929	776
929	808
929	843
929	845
929	885
929	910
929	953
929	968
929	982
1014	1632
1014	1744
1014	1822
1014	1967
1632	1033
1632	1173
1632	1193
1632	1476
1632	1770
1632	1846
1632	1914
1632	1948
1744	1094
1744	1120
1744	1534
1744	1690
1744	1846
1744	1849
1744	1878
1744	1918
1744	1979
1822	1213
1822	1388
1822	1447
1822	1514
1822	1519
1822	1540
1822	1585
1822	1663
1822	1886
1822	1921
1822	1931
1822	1947
1822	1999
1967	1032
1967	1034
1967	1083
1967	1132
1967	1228
1967	1264
1967	1501
1967	1600
1967	1602
1967	1610
1967	1657
1967	1667
1967	1734
1967	1739
1967	1759
1967	1782
1967	1795
1967	1860
1967	1862
1967	1868
1967	1897
1967	1911
1967	1932
1967	1936
1967	1969
1967	1986
1015	1564
1015	1679
1015	1834
1015	1937
1564	1836
1564	1867
1564	1893
1564	1925
1564	1982
1679	1169
1679	1242
1679	1527
1679	1627
1679	1697
1679	1850
1679	1993
1834	1017
1834	1038
1834	1185
1834	1268
1834	1315
1834	1467
1834	1650
1834	1730
1834	1764
1834	1838
1834	1852
1834	1963
1834	1994
1937	1016
1937	1030
1937	1352
1937	1486
1937	1557
1937	1559
1937	1578
1937	1663
1937	1671
1937	1724
1937	1753
1937	1764
1937	1773
1937	1840
1937	1844
1937	1855
1937	1909
1937	1914
1937	1936
1937	1953
1937	1955
1937	1976
1937	1992
15	511
15	820
15	922
15	984
511	43
511	207
511	356
511	474
511	993
820	255
820	603
820	763
820	821
820	867
820	882
820	890
820	1926
820	925
820	965
820	986
922	98
922	174
922	217
922	238
922	287
922	358
922	443
922	500
922	571
922	574
922	665
922	676
922	741
922	839
922	860
922	890
922	918
922	948
922	991
922	995
984	19
984	1056
984	66
984	67
984	68
984	84
984	212
984	322
984	413
984	428
984	466
984	501
984	538
984	566
984	657
984	685
984	782
984	794
984	839
984	853
984	873
984	898
984	906
984	907
984	909
984	920
984	937
984	956
984	968
984	973
984	977
984	986
16	1460
16	508
16	860
16	868
1460	1184
1460	1666
1460	1794
1460	1969
1460	1979
508	462
508	736
508	834
508	871
508	895
508	986
860	64
860	234
860	399
860	437
860	501
860	556
860	623
860	675
860	676
860	889
860	938
860	939
860	975
860	977
860	988
860	995
868	140
868	262
868	270
868	284
868	363
868	396
868	482
868	593
868	624
868	654
868	678
868	773
868	1887
868	890
868	955
868	968
1016	1080
1016	1910
1016	1931
1080	1237
1080	1540
1080	1869
1910	1033
1910	1147
1910	1217
1910	1283
1910	1399
1910	1437
1910	1480
1910	1647
1910	1736
1910	1762
1910	1796
1910	1798
1910	1811
1910	1883
1910	1895
1910	1908
1910	1971
1910	1985
1931	1074
1931	1157
1931	1272
1931	1381
1931	1547
1931	1601
1931	1605
1931	1615
1931	1629
1931	1684
1931	1701
1931	1738
1931	1839
1931	1846
1931	1871
1931	1882
1931	1944
1931	1973
1931	1992
17	230
17	255
17	996
17	998
230	332
230	509
230	811
255	187
255	620
255	935
996	44
996	67
996	131
996	141
996	145
996	329
996	340
996	355
996	510
996	522
996	588
996	591
996	634
996	682
996	694
996	720
996	722
996	765
996	768
996	770
996	1812
996	834
996	870
996	878
996	886
996	915
996	938
996	956
996	969
996	973
996	985
996	986
996	993
996	995
998	108
998	182
998	264
998	351
998	414
998	476
998	510
998	553
998	583
998	600
998	613
998	621
998	629
998	674
998	692
998	713
998	728
998	744
998	791
998	831
998	832
998	838
998	854
998	883
998	884
998	905
998	918
998	927
998	943
998	947
998	951
998	956
998	999
18	264
18	696
18	736
264	167
264	843
264	947
696	199
696	464
696	526
696	806
696	1872
696	886
696	894
696	972
696	987
736	113
736	219
736	340
736	507
736	544
736	783
736	861
736	925
736	960
19	117
19	253
19	944
117	278
117	345
117	499
253	73
253	559
253	846
253	937
944	185
944	193
944	395
944	1379
944	486
944	611
944	617
944	670
944	743
944	782
944	798
944	809
944	813
944	815
944	894
944	896
944	910
944	912
944	954
944	986
944	989
944	992
1017	1596
1017	1793
1596	1060
1596	1487
1596	1589
1596	1859
1596	870
1596	1997
1793	1140
1793	1161
1793	1266
1793	1501
1793	1560
1793	1719
1793	1789
1793	1792
1793	1833
1793	1850
1793	851
1793	1881
20	192
20	765
20	976
20	993
192	498
192	1882
192	955
765	232
765	242
765	321
765	515
765	731
765	780
765	869
765	872
765	923
765	958
976	72
976	89
976	96
976	181
976	194
976	1223
976	411
976	415
976	445
976	473
976	503
976	551
976	645
976	679
976	709
976	795
976	800
976	867
976	883
976	907
976	933
976	937
976	948
976	965
976	967
976	982
976	985
976	989
976	990
976	991
993	80
993	108
993	124
993	150
993	251
993	283
993	344
993	383
993	410
993	432
993	539
993	551
993	555
993	596
993	709
993	780
993	864
993	875
993	884
993	891
993	899
993	913
993	918
993	926
993	945
993	952
993	955
993	960
993	1976
993	973
993	982
993	985
993	987
993	991
21	690
21	697
21	837
21	954
690	152
690	296
690	429
690	463
690	475
690	590
690	753
690	913
690	980
697	133
697	149
697	178
697	620
697	791
697	807
697	856
697	941
697	977
837	145
837	188
837	307
837	476
837	581
837	647
837	741
837	748
837	778
837	839
837	898
837	941
837	954
837	974
837	980
954	120
954	174
954	242
954	304
954	342
954	368
954	462
954	471
954	499
954	515
954	557
954	558
954	1594
954	779
954	810
954	818
954	872
954	908
954	958
954	961
954	965
954	983
954	992
954	994
1018	1023
1018	1123
1018	1275
1018	1687
1023	1924
1023	1996
1123	1453
1123	1589
1123	1994
1275	1389
1275	1686
1275	1903
1275	1924
1687	1072
1687	1111
1687	1613
1687	1784
1687	1833
1687	1884
1687	1971
1687	1985
22	90
22	372
22	832
22	852
90	668
90	781
90	936
372	618
372	852
832	56
832	1206
832	225
832	271
832	384
832	601
832	713
832	776
832	790
832	819
832	879
832	908
852	187
852	532
852	602
852	607
852	611
852	621
852	666
852	1873
852	858
852	870
852	920
852	959
852	983
23	335
23	794
23	797
23	818
335	694
335	908
335	948
794	353
794	481
794	618
794	740
794	798
794	891
794	943
794	990
797	341
797	471
797	522
797	605
797	634
797	747
797	1806
797	855
797	947
797	959
797	978
797	982
818	44
818	234
818	302
818	309
818	590
818	1821
818	861
818	948
818	975
818	982
818	986
818	995
1019	213
1019	1568
1019	1878
1019	1955
213	322
213	429
213	884
1568	1034
1568	1341
1568	1767
1568	1880
1568	1885
1568	1952
1568	1989
1878	1114
1878	1133
1878	1551
1878	1580
1878	1732
1878	1737
1878	1739
1878	1830
1878	1859
1878	1883
1878	1890
1878	1935
1878	1964
1878	1983
1955	1073
1955	1217
1955	1470
1955	1509
1955	1526
1955	1553
1955	1618
1955	1634
1955	1666
1955	1671
1955	1731
1955	1753
1955	1754
1955	1775
1955	767
1955	1788
1955	1818
1955	1853
1955	1912
1955	1935
1955	1961
1955	1964
1955	1972
1955	1976
1955	1999
1020	1272
1020	1542
1020	1737
1020	1956
1272	1762
1272	1776
1272	1842
1542	1476
1542	1868
1542	1912
1542	1926
1542	1962
1542	1998
1737	1113
1737	1570
1737	1809
1737	1879
1737	1914
1737	1952
1737	1988
1737	1999
1956	1067
1956	1109
1956	1194
1956	1197
1956	1301
1956	1352
1956	1415
1956	1462
1956	1477
1956	1557
1956	1588
1956	1653
1956	1681
1956	1698
1956	1755
1956	1771
1956	1797
1956	1823
1956	1828
1956	1903
1956	1912
1956	1935
1956	948
1956	1963
1956	1975
1021	1094
1021	1426
1021	1549
1021	1942
1094	1267
1094	1378
1426	1547
1426	1730
1426	1767
1426	1868
1426	1901
1549	1115
1549	1384
1549	1432
1549	1954
1549	1977
1942	1245
1942	1363
1942	1375
1942	1377
1942	1395
1942	1523
1942	1582
1942	1585
1942	1665
1942	1716
1942	1792
1942	1803
1942	1828
1942	1853
1942	1869
1942	1876
1942	1924
1942	1932
1942	1957
1942	1960
1942	1962
1942	1972
1942	1979
1022	1257
1022	1406
1022	1556
1022	1968
1257	1088
1257	1344
1257	1470
1257	1883
1406	1302
1406	1569
1406	1824
1406	1836
1406	1862
1556	53
1556	1604
1556	1664
1556	1709
1556	1911
1556	1941
1968	1084
1968	1304
1968	1337
1968	1405
1968	1555
1968	1643
1968	1650
1968	1681
1968	1723
1968	1731
1968	1754
1968	1775
1968	1823
1968	1868
1968	1877
1968	1895
1968	1902
1968	1925
1968	1951
1968	1969
1968	1980
1968	1990
1968	1992
1968	1998
1924	1077
1924	1151
1924	1264
1924	1607
1924	1646
1924	1663
1924	1688
1924	1726
1924	1733
1924	1769
1924	1775
1924	1809
1924	1829
1924	1843
1924	1844
1924	1868
1924	1913
1924	1957
1924	1961
1996	1160
1996	1285
1996	1297
1996	1322
1996	1350
1996	1384
1996	1395
1996	1482
1996	1528
1996	1563
1996	1570
1996	1572
1996	1594
1996	1694
1996	1714
1996	1732
1996	1752
1996	1755
1996	1797
1996	1799
1996	1855
1996	1867
1996	1868
1996	1883
1996	1906
1996	1913
1996	1921
1996	1944
1996	1947
1996	1954
1996	953
1996	1986
1996	1997
24	692
24	803
24	950
692	652
692	909
692	912
692	1953
692	982
692	987
692	991
803	50
803	193
803	596
803	631
803	635
803	661
803	678
803	695
803	864
803	905
803	968
950	120
950	309
950	381
950	385
950	400
950	414
950	418
950	543
950	545
950	559
950	606
950	706
950	731
950	775
950	791
950	864
950	873
950	895
950	897
950	925
950	945
950	958
950	964
950	975
950	988
950	994
1024	1438
1024	1509
1024	1758
1024	1764
1438	1816
1438	1838
1438	1930
1438	1948
1438	1993
1509	1190
1509	1620
1509	1765
1509	1789
1758	251
1758	1332
1758	1384
1758	1437
1758	1463
1758	1646
1758	1729
1758	1843
1758	1940
1764	1138
1764	1567
1764	1569
1764	1629
1764	1810
1764	1818
1764	1969
1764	1985
1764	1998
25	863
25	945
25	1973
25	974
863	95
863	285
863	315
863	1377
863	557
863	596
863	619
863	632
863	652
863	733
863	904
863	925
863	973
863	980
945	67
945	88
945	123
945	289
945	379
945	453
945	495
945	568
945	571
945	686
945	689
945	805
945	810
945	839
945	861
945	879
945	923
945	938
945	978
945	979
945	985
945	989
945	991
945	994
1973	1103
1973	1177
1973	1414
1973	1431
1973	1478
1973	1512
1973	1519
1973	1663
1973	1681
1973	1705
1973	1714
1973	1720
1973	1754
1973	1784
1973	1792
1973	1804
1973	1819
1973	1843
1973	1848
1973	1863
1973	1914
1973	1926
1973	1947
1973	1948
1973	1958
1973	1979
1973	1980
974	75
974	102
974	159
974	194
974	297
974	314
974	317
974	358
974	368
974	384
974	408
974	529
974	587
974	607
974	673
974	714
974	792
974	816
974	865
974	902
974	906
974	918
974	927
974	937
974	938
974	967
974	968
974	980
974	988
1025	1757
1025	1858
1025	1983
1757	1047
1757	1418
1757	1517
1757	1722
1757	1748
1757	1943
1757	1960
1757	1964
1757	1989
1757	1991
1757	1993
1858	1352
1858	1357
1858	1380
1858	1468
1858	1514
1858	1643
1858	1651
1858	1778
1858	1842
1858	1909
1858	1936
1858	1938
1858	1945
1858	1975
1983	1182
1983	1185
1983	1290
1983	1397
1983	1443
1983	1448
1983	1477
1983	1526
1983	1552
1983	1559
1983	1629
1983	1646
1983	1654
1983	1662
1983	1663
1983	1671
1983	1706
1983	1752
1983	1766
1983	1776
1983	1790
1983	1809
1983	1813
1983	1826
1983	1836
1983	1848
1983	1853
1983	1867
1983	1891
1983	1892
1983	1951
1026	1466
1026	1547
1026	1849
1466	1357
1466	1635
1466	1736
1466	1920
1466	1977
1547	1065
1547	1515
1547	1592
1547	1972
1849	1076
1849	273
1849	1467
1849	1601
1849	1711
1849	1802
1849	1879
1849	1887
1849	1922
1849	1928
1849	1972
1849	1998
1027	1720
1027	1799
1027	1802
1027	1871
1720	1101
1720	1102
1720	1293
1720	1350
1720	1499
1720	1537
1720	1857
1720	862
1720	1974
1799	1348
1799	1360
1799	1410
1799	1721
1799	1753
1799	1850
1799	1890
1799	1933
1799	1947
1799	1957
1799	1988
1802	1057
1802	1197
1802	1524
1802	1676
1802	1814
1802	1832
1802	1905
1802	1969
1802	1997
1871	1204
1871	1262
1871	1263
1871	1445
1871	1502
1871	1663
1871	1674
1871	1701
1871	1842
1871	1851
1871	1894
1871	1934
1028	1189
1028	1698
1028	1893
1028	1941
1189	1230
1189	1944
1189	1995
1698	1050
1698	1201
1698	1648
1698	1732
1698	1749
1698	1919
1698	1935
1893	1041
1893	1269
1893	1338
1893	1554
1893	1555
1893	1618
1893	1621
1893	1699
1893	1827
1893	1875
1893	1920
1893	1971
1893	1976
1893	1984
1893	1992
1893	1997
1941	1105
1941	1451
1941	1579
1941	1646
1941	1650
1941	1674
1941	1676
1941	1686
1941	1688
1941	1712
1941	1719
1941	1819
1941	1835
1941	1880
1941	1911
1941	1975
1941	1977
1941	1985
1941	1997
1029	1051
1029	1624
1029	1627
1051	1186
1051	1602
1051	1929
1624	1325
1624	1404
1624	1531
1624	1550
1624	1587
1624	1636
1624	1986
1627	1768
1627	1815
1627	1868
1627	1881
1627	1929
1627	1976
26	214
26	630
26	862
26	932
214	265
214	591
214	979
630	171
630	623
630	712
630	862
630	913
630	918
862	40
862	452
862	605
862	698
862	709
862	722
862	744
862	838
862	889
862	894
862	897
862	901
862	913
862	916
862	931
932	84
932	105
932	160
932	211
932	422
932	479
932	527
932	536
932	558
932	1554
932	581
932	683
932	723
932	753
932	763
932	781
932	798
932	881
932	890
932	900
932	953
932	977
27	845
27	879
27	906
845	85
845	107
845	396
845	758
845	805
845	823
845	833
845	901
845	965
845	969
845	973
879	110
879	157
879	177
879	235
879	386
879	451
879	509
879	537
879	573
879	668
879	710
879	790
879	817
879	869
906	1076
906	369
906	374
906	417
906	506
906	550
906	604
906	626
906	707
906	844
906	851
906	870
906	881
906	905
906	931
906	986
906	990
1030	1525
1030	1536
1030	1994
1525	1147
1525	1798
1525	1835
1525	1915
1525	1947
1536	1248
1536	1373
1536	1769
1536	1903
1536	1963
1994	1040
1994	1071
1994	1121
1994	1240
1994	1241
1994	1311
1994	1380
1994	1390
1994	1401
1994	1472
1994	1478
1994	1578
1994	1590
1994	1611
1994	1633
1994	1684
1994	1705
1994	1777
1994	1810
1994	1824
1994	1825
1994	1840
1994	1855
1994	1916
1994	1929
1994	1945
1994	1949
1994	1971
1994	1992
1994	1997
231	651
231	666
231	681
835	166
835	226
835	248
835	390
835	581
835	712
835	726
835	902
835	915
835	924
835	927
835	939
835	948
835	1965
1031	1620
1031	1874
1031	1890
1031	1976
1620	1614
1620	1741
1620	1798
1620	1829
1620	1848
1620	1998
1874	1186
1874	1345
1874	1640
1874	1705
1874	1738
1874	1790
1874	1856
1874	1873
1874	1876
1874	1888
1874	1906
1874	1918
1874	1932
1874	1979
1890	1109
1890	1243
1890	1537
1890	1553
1890	1683
1890	1715
1890	1759
1890	1780
1890	1824
1890	1833
1890	1880
1890	880
1890	1923
1890	1944
1890	1949
1890	1993
1976	1116
1976	1143
1976	1440
1976	1465
1976	1491
1976	1597
1976	1637
1976	1653
1976	1655
1976	1719
1976	1786
1976	1803
1976	1828
1976	1835
1976	1850
1976	1851
1976	1853
1976	1898
1976	1913
1976	1919
1976	1945
1976	1969
1976	1995
1976	1997
29	382
29	925
29	972
29	980
382	775
382	815
382	936
382	991
925	183
925	258
925	350
925	586
925	693
925	737
925	742
925	769
925	782
925	802
925	814
925	872
925	885
925	901
925	923
925	933
925	951
925	960
972	43
972	46
972	85
972	1083
972	112
972	166
972	170
972	227
972	408
972	482
972	505
972	585
972	729
972	844
972	855
972	869
972	921
972	943
972	947
972	949
972	980
972	983
972	991
972	995
980	37
980	47
980	127
980	180
980	207
980	258
980	305
980	318
980	374
980	452
980	541
980	636
980	701
980	752
980	1798
980	802
980	807
980	811
980	833
980	843
980	869
980	878
980	898
980	918
980	964
980	973
30	481
30	553
30	755
30	834
481	565
481	691
481	721
481	856
553	254
553	353
553	556
553	916
755	228
755	336
755	388
755	482
755	541
755	592
755	631
755	640
755	816
755	894
755	943
834	434
834	465
834	475
834	584
834	593
834	602
834	714
834	739
834	826
834	842
834	876
834	915
834	923
1032	1048
1032	1188
1032	1469
1048	1052
1048	1589
1048	1773
1188	1644
1188	1852
1188	1857
1469	1480
1469	1735
1469	1842
1469	882
1469	1902
1033	1787
1033	1804
1787	1171
1787	1319
1787	1388
1787	1700
1787	1705
1787	1730
1787	1839
1787	1879
1787	1925
1787	938
1787	1988
1804	1035
1804	1068
1804	1070
1804	1413
1804	1717
1804	1765
1804	1797
1804	1913
1804	1948
1804	1951
1804	1992
31	248
31	433
31	598
31	828
248	238
248	309
433	496
433	881
433	978
433	992
598	778
598	791
598	894
598	952
598	958
828	142
828	436
828	452
828	519
828	554
828	609
828	672
828	737
828	849
828	858
828	866
828	888
828	982
1034	1651
1034	1816
1651	1498
1651	1643
1651	676
1651	1696
1651	1747
1651	1777
1651	1954
1816	1061
1816	1320
1816	1376
1816	1584
1816	1649
1816	1675
1816	1800
1816	1922
1816	1969
1816	1990
1035	1544
1035	1712
1544	1559
1544	1710
1544	1790
1544	1823
1544	1926
1544	1985
1712	1116
1712	1373
1712	1410
1712	1449
1712	1567
1712	778
1712	1863
1036	1348
1036	1702
1036	1855
1036	1922
1348	1507
1348	1557
1348	1963
1702	1041
1702	1557
1702	1614
1702	1629
1702	1923
1702	1958
1702	1988
1702	1993
1855	1354
1855	1380
1855	1477
1855	1721
1855	1770
1855	1778
1855	1829
1855	1881
1855	1932
1855	1936
1855	1998
1922	1209
1922	1250
1922	1435
1922	1709
1922	1711
1922	1752
1922	1773
1922	1798
1922	1831
1922	1854
1922	1862
1922	1885
1922	1895
1922	1930
1922	1961
32	101
32	291
32	1670
32	688
101	226
101	841
291	149
291	694
291	802
291	923
1670	1219
1670	1267
1670	1508
1670	1599
1670	1692
1670	1805
1670	1896
1670	1945
688	159
688	342
688	359
688	562
688	673
688	898
688	935
688	941
1037	1057
1037	1202
1037	1417
1037	1657
1057	1735
1057	1817
1202	1722
1202	1786
1202	1851
1417	1200
1417	1788
1417	1883
1417	1928
1417	1930
1657	1238
1657	1313
1657	1475
1657	1770
1657	1838
1657	1964
735	384
735	446
735	491
735	600
735	726
735	808
735	941
735	952
735	990
783	42
783	529
783	546
783	704
783	760
783	884
783	889
783	920
783	986
783	987
783	992
1038	1342
1038	1888
1038	1899
1342	1531
1342	1554
1342	1584
1342	1915
1888	1204
1888	1245
1888	1276
1888	1293
1888	1308
1888	1340
1888	1415
1888	1553
1888	1729
1888	1772
1888	1832
1888	1891
1888	1905
1888	1932
1888	1989
1888	1990
1899	1203
1899	1304
1899	1484
1899	1529
1899	1586
1899	1594
1899	1633
1899	1668
1899	1824
1899	1842
1899	1847
1899	1851
1899	1854
1899	1877
1899	1979
1899	1985
1039	1082
1039	1530
1039	1622
1039	1836
1082	1848
1082	1945
1082	1972
1530	1335
1530	1447
1530	1768
1530	1999
1622	1211
1622	1385
1622	1644
1622	1880
1622	1953
1622	1964
1836	1225
1836	1265
1836	1447
1836	1485
1836	1550
1836	1788
1836	1794
1836	1881
1836	1925
1836	1965
1836	1982
1040	1818
1040	1934
1818	1068
1818	1274
1818	1459
1818	1524
1818	1595
1818	1643
1818	1664
1818	1803
1818	1960
1818	1989
1934	1142
1934	1190
1934	1201
1934	1270
1934	1273
1934	1304
1934	1511
1934	1522
1934	1562
1934	1565
1934	1599
1934	1610
1934	1638
1934	1669
1934	1701
1934	1833
1934	1882
1934	1948
1934	1974
34	390
34	716
34	939
390	826
390	994
716	236
716	458
716	469
716	544
716	616
716	883
716	926
716	990
716	991
939	65
939	245
939	328
939	370
939	676
939	698
939	715
939	721
939	876
939	878
939	885
939	902
939	1930
939	927
939	933
939	951
939	960
939	975
939	978
939	985
939	988
1041	1582
1041	1923
1582	1896
1582	1940
1582	1975
1582	1985
1923	1095
1923	1210
1923	1335
1923	1478
1923	1560
1923	1578
1923	1615
1923	1642
1923	1696
1923	1717
1923	1771
1923	1782
1923	1803
1923	1827
1923	1905
1923	1918
1923	1926
1923	1954
35	499
35	517
35	667
35	790
499	891
499	895
517	419
517	514
517	747
517	970
517	975
517	992
667	597
667	742
667	767
667	810
667	869
667	883
667	953
790	519
790	742
790	792
790	811
790	873
790	876
790	886
790	904
790	962
790	994
36	69
36	176
36	694
36	853
69	756
176	611
176	940
176	986
694	249
694	586
694	717
694	785
694	844
694	902
853	212
853	385
853	388
853	412
853	488
853	561
853	620
853	676
853	733
853	833
853	844
853	850
853	898
853	994
853	999
37	702
702	78
702	287
702	298
702	420
702	743
702	885
702	965
38	613
38	825
38	875
38	926
613	109
613	274
613	362
613	1701
613	727
613	965
825	300
825	520
825	540
825	610
825	636
825	721
825	728
825	770
825	810
825	817
825	830
825	865
825	891
825	951
875	103
875	460
875	525
875	641
875	679
875	683
875	740
875	760
875	849
875	897
875	904
875	933
875	961
875	977
875	994
926	277
926	305
926	468
926	469
926	512
926	651
926	662
926	687
926	710
926	748
926	760
926	855
926	895
926	896
926	912
926	915
926	949
926	983
1042	1273
1042	1570
1042	1988
1273	1699
1273	1821
1273	1868
1570	1669
1570	1885
1570	1894
1570	1921
1988	1293
1988	1350
1988	1369
1988	1416
1988	1458
1988	1486
1988	1567
1988	1587
1988	1628
1988	1633
1988	1636
1988	1673
1988	1734
1988	1741
1988	1769
1988	1784
1988	1825
1988	1828
1988	1847
1988	1886
1988	1902
1988	1903
1988	1911
1988	1920
1988	1945
1988	1949
1988	1958
39	247
39	579
39	733
39	952
247	297
247	411
247	622
247	687
579	190
579	287
579	601
579	720
579	727
579	991
733	294
733	726
733	855
733	864
733	916
733	964
733	975
733	995
952	93
952	146
952	150
952	154
952	297
952	462
952	479
952	492
952	526
952	552
952	666
952	703
952	718
952	743
952	773
952	776
952	779
952	804
952	827
952	871
952	907
952	949
952	968
952	969
40	768
40	809
40	923
768	167
768	249
768	348
768	547
768	722
768	858
768	934
768	951
768	961
768	982
809	78
809	172
809	333
809	478
809	732
809	842
809	910
809	912
809	927
809	973
809	990
923	1359
923	505
923	521
923	523
923	564
923	571
923	574
923	664
923	708
923	710
923	793
923	850
923	891
923	933
923	956
923	960
923	964
923	979
41	634
41	668
41	872
41	888
634	686
634	701
634	903
634	933
668	574
668	604
668	626
668	921
668	938
872	163
872	199
872	338
872	406
872	434
872	440
872	1423
872	567
872	684
872	740
872	773
872	793
872	833
872	867
872	918
888	72
888	270
888	402
888	569
888	661
888	671
888	687
888	753
888	785
888	795
888	908
888	920
888	948
888	951
888	964
1043	1172
1043	1576
1043	1928
1172	1601
1172	1707
1172	1881
1576	1095
1576	1748
1576	1806
1576	1821
1576	1862
1576	1881
1576	1919
1928	1046
1928	1179
1928	1243
1928	1279
1928	1372
1928	1432
1928	1436
1928	1482
1928	1488
1928	1589
1928	1628
1928	1700
1928	1755
1928	1759
1928	1817
1928	1848
1928	1897
1928	1990
42	236
42	468
42	969
236	548
236	653
468	709
468	711
468	743
468	843
969	200
969	278
969	321
969	327
969	443
969	540
969	544
969	1560
969	588
969	611
969	672
969	718
969	722
969	724
969	760
969	788
969	793
969	850
969	890
969	928
969	959
969	961
969	962
969	983
43	918
918	91
918	135
918	155
918	460
918	561
918	678
918	684
918	913
918	916
918	933
918	953
918	991
918	992
44	897
897	327
897	332
897	640
897	672
897	758
897	798
897	846
897	870
897	877
897	916
897	924
897	940
897	964
897	965
897	986
897	992
1044	1514
1044	1860
1044	1958
1514	1259
1514	1686
1514	1954
1514	1990
1860	1108
1860	1237
1860	1248
1860	1305
1860	1503
1860	1640
1860	1767
1860	796
1860	1872
1860	1913
1860	1947
1860	1974
1860	1975
1958	1049
1958	1171
1958	1191
1958	1220
1958	1222
1958	1241
1958	1265
1958	1277
1958	1326
1958	1345
1958	1430
1958	1696
1958	1750
1958	1752
1958	1791
1958	1877
1958	1886
1958	1925
1958	1947
1958	1954
1958	1980
1958	1982
1958	1990
1045	1292
1045	1543
1045	1921
1045	1989
1292	1234
1292	1528
1292	1867
1292	1926
1543	1309
1543	1465
1543	1711
1543	1776
1543	1919
1543	1944
1921	1523
1921	1558
1921	1577
1921	1598
1921	1668
1921	1719
1921	1790
1921	1798
1921	1884
1921	1895
1921	1908
1921	1912
1921	1977
1921	1980
1921	1982
1989	1067
1989	1170
1989	1206
1989	1340
1989	1393
1989	1404
1989	1409
1989	1412
1989	1453
1989	1471
1989	1508
1989	1562
1989	1631
1989	1665
1989	1668
1989	1701
1989	1742
1989	1770
1989	1774
1989	1807
1989	1843
1989	1848
1989	1883
1989	1894
1989	1901
1989	1908
1989	1933
1989	1936
1989	1944
1989	1963
1989	1993
416	340
416	934
416	982
674	548
674	703
674	808
674	833
674	908
674	983
975	54
975	87
975	205
975	206
975	399
975	400
975	456
975	518
975	521
975	532
975	540
975	544
975	589
975	646
975	657
975	715
975	746
975	767
975	861
975	874
975	885
975	901
975	928
975	955
1046	1886
1046	1919
1886	1221
1886	1233
1886	1269
1886	1335
1886	1506
1886	1634
1886	1635
1886	1727
1886	1780
1886	1794
1886	1808
1886	1859
1886	1944
1919	1270
1919	1309
1919	1339
1919	1440
1919	1766
1919	1795
1919	1813
1919	1819
1919	1859
1919	1869
1919	1870
1919	1884
1919	1918
1919	1961
1919	1964
1919	1998
46	239
46	826
46	905
239	771
826	127
826	260
826	269
826	348
826	373
826	385
826	427
826	606
826	642
826	936
826	999
905	369
905	466
905	606
905	612
905	641
905	651
905	672
905	780
905	796
905	829
905	858
905	873
905	915
905	916
905	921
905	991
1047	1935
1047	1962
1935	1274
1935	1400
1935	1499
1935	1521
1935	1558
1935	1682
1935	1856
1935	1882
1935	1884
1935	1898
1935	1912
1935	1914
1935	1920
1935	1951
1935	1957
1935	1995
1962	1150
1962	1169
1962	1217
1962	243
1962	1268
1962	1393
1962	1421
1962	1454
1962	1467
1962	1562
1962	1587
1962	1704
1962	1728
1962	1755
1962	1790
1962	1791
1962	1876
1962	1904
1962	1916
1962	1998
1052	1085
1052	1522
1052	1916
1589	1452
1589	1529
1589	1990
1589	1991
1773	1263
1773	1378
1773	1491
1773	1630
1773	1631
1773	1730
1773	1872
1773	1980
1049	1400
1049	1859
1049	1995
1400	1281
1400	1422
1400	1985
1859	1166
1859	1313
1859	1446
1859	1539
1859	1583
1859	1697
1859	1902
1859	1904
1859	1909
1859	1999
1995	1090
1995	1129
1995	1181
1995	1182
1995	1284
1995	1330
1995	1379
1995	1433
1995	1470
1995	1517
1995	1526
1995	1561
1995	1575
1995	1676
1995	1721
1995	1754
1995	1770
1995	1790
1995	1803
1995	1807
1995	1814
1995	1832
1995	1839
1995	1856
1995	1873
1995	1906
1995	1979
1995	1984
1995	1990
1995	1991
47	377
47	807
47	849
377	297
377	686
377	891
377	928
807	443
807	487
807	504
807	701
807	769
807	861
807	882
807	904
807	951
807	959
807	979
849	93
849	348
849	438
849	478
849	512
849	555
849	653
849	910
849	965
849	970
849	985
849	992
1050	1447
1050	1785
1050	1949
1447	1879
1447	1979
1785	1103
1785	1160
1785	1277
1785	1286
1785	1300
1785	1643
1785	1813
1785	1839
1785	1856
1785	1920
1785	1982
1785	1991
1949	1158
1949	1287
1949	1327
1949	1356
1949	1541
1949	1613
1949	1696
1949	1733
1949	1734
1949	1817
1949	1833
1949	1846
1949	1854
1949	1862
1949	1901
1949	1913
1949	1916
1949	1969
1949	1993
1949	1998
1949	1999
1186	1263
1186	1875
1602	1233
1602	1301
1602	1529
1602	1774
1929	1240
1929	1289
1929	369
1929	1358
1929	1388
1929	1468
1929	1618
1929	1659
1929	1663
1929	1794
1929	1807
1929	1838
1929	1845
1929	1872
1929	1877
1929	1904
1929	1915
1929	1954
1929	1991
1929	1992
48	779
48	924
48	965
779	67
779	74
779	79
779	365
779	813
779	856
779	889
779	956
779	977
924	162
924	285
924	342
924	458
924	602
924	741
924	791
924	813
924	833
924	856
924	877
924	884
924	892
924	895
924	904
924	936
924	949
924	986
924	987
965	92
965	237
965	349
965	361
965	371
965	380
965	414
965	564
965	572
965	617
965	676
965	683
965	743
965	763
965	767
965	798
965	816
965	830
965	865
965	920
965	958
965	979
1085	1170
1085	1693
1085	1985
1522	1097
1522	1505
1522	1572
1522	1846
1522	1985
1916	1066
1916	1176
1916	1232
1916	1243
1916	1264
1916	1715
1916	1739
1916	1781
1916	1788
1916	1789
1916	1827
1916	1879
1916	1887
1916	1947
1916	1961
1916	977
1916	1986
1175	1290
1175	1980
1175	1998
1760	81
1760	1086
1760	1232
1760	1383
1760	1464
1760	1631
1760	1639
1760	1789
1760	1797
1760	1800
1760	1839
1791	1151
1791	1294
1791	1418
1791	1456
1791	1532
1791	1610
1791	1703
1791	1943
1791	1979
1791	1991
49	677
49	970
49	979
49	983
677	283
677	295
677	449
677	504
677	548
677	678
677	821
677	986
970	254
970	289
970	354
970	446
970	450
970	456
970	537
970	546
970	567
970	632
970	642
970	699
970	781
970	817
970	823
970	843
970	873
970	899
970	1925
970	935
970	936
970	978
970	985
970	991
970	994
979	100
979	104
979	244
979	263
979	339
979	1390
979	435
979	535
979	562
979	563
979	619
979	635
979	703
979	798
979	804
979	805
979	830
979	870
979	885
979	892
979	910
979	912
979	928
979	958
979	999
983	70
983	71
983	105
983	169
983	301
983	383
983	418
983	497
983	507
983	600
983	628
983	653
983	658
983	756
983	782
983	813
983	1850
983	846
983	867
983	873
983	915
983	933
983	943
983	964
983	985
50	502
50	673
50	973
502	750
502	850
502	895
502	896
502	938
502	940
673	356
673	632
673	647
673	717
673	884
973	61
973	66
973	125
973	205
973	435
973	454
973	514
973	531
973	568
973	659
973	666
973	728
973	741
973	776
973	787
973	791
973	878
973	896
973	941
973	943
973	958
973	960
973	988
1054	1485
1054	1838
1054	1857
1054	1984
1485	1502
1485	1913
1485	1953
1485	1998
1838	1079
1838	1215
1838	1441
1838	1511
1838	1686
1838	1825
1838	1895
1838	1908
1838	1936
1838	1945
1857	1252
1857	1357
1857	1358
1857	1413
1857	1710
1857	1747
1857	1765
1857	1766
1857	1810
1857	1825
1857	1904
1857	908
1984	1114
1984	1115
1984	1285
1984	1419
1984	1461
1984	1462
1984	1482
1984	1493
1984	1580
1984	1608
1984	1660
1984	1665
1984	1707
1984	1740
1984	1756
1984	1761
1984	1762
1984	1770
1984	1805
1984	1823
1984	1868
1984	1891
1984	1911
1984	1947
1984	1982
1984	1992
1729	1086
1729	1256
1729	1323
1729	1572
1729	1828
1729	1913
1729	1930
1729	1960
1750	1152
1750	1324
1750	1340
1750	1722
1750	1749
1750	1831
1750	1848
1750	1854
1750	1897
1750	1965
1825	1105
1825	1299
1825	1463
1825	1481
1825	1623
1825	1847
1825	1884
1825	1992
51	316
51	496
51	977
51	999
316	188
316	842
316	871
316	982
496	764
496	791
496	941
496	949
977	122
977	344
977	430
977	483
977	507
977	563
977	639
977	641
977	672
977	698
977	722
977	742
977	743
977	751
977	780
977	833
977	916
977	933
977	951
977	994
999	102
999	132
999	272
999	285
999	367
999	392
999	443
999	599
999	631
999	703
999	709
999	726
999	759
999	786
999	804
999	815
999	858
999	896
999	899
999	908
999	910
999	912
999	927
999	935
999	938
999	941
999	958
999	962
999	982
999	987
999	989
1056	1369
1056	1947
1369	1505
1369	1641
1369	1823
1369	1926
1947	1095
1947	1167
1947	1198
1947	1268
1947	1283
1947	1286
1947	1470
1947	1792
1947	1879
1947	1885
1947	1915
1947	1940
1947	1951
1947	961
1947	1991
52	955
52	968
955	62
955	261
955	310
955	349
955	393
955	447
955	453
955	518
955	528
955	544
955	591
955	602
955	627
955	1645
955	703
955	707
955	709
955	720
955	727
955	756
955	793
955	921
955	948
955	967
955	985
968	185
968	259
968	328
968	424
968	515
968	531
968	599
968	611
968	624
968	646
968	648
968	656
968	726
968	885
968	894
968	941
968	956
968	967
968	986
968	987
53	695
53	912
695	261
695	586
695	648
695	675
695	1796
695	861
695	947
695	989
912	63
912	183
912	373
912	413
912	477
912	498
912	506
912	507
912	524
912	641
912	754
912	901
912	902
912	927
912	982
1735	1205
1735	1334
1735	1609
1735	1631
1735	1683
1735	1772
1735	1882
1735	1953
1735	1965
1817	1173
1817	1726
1817	1747
1817	1786
1817	1826
1817	1845
1817	1879
1817	1943
1817	1945
1817	1980
1817	1982
54	337
54	764
337	286
337	378
337	990
764	514
764	531
764	652
764	670
764	731
764	750
764	758
764	877
764	910
764	951
1058	1518
1058	1725
1058	1914
1058	1963
1518	1296
1518	1405
1518	1675
1518	1717
1518	1961
1518	1963
1725	1200
1725	1220
1725	1235
1725	1647
1725	1716
1725	1792
1725	1861
1725	1870
1725	1930
1725	1945
1914	1167
1914	1191
1914	1243
1914	1286
1914	1450
1914	1488
1914	1709
1914	1814
1914	1815
1914	1861
1914	1898
1914	1938
1914	1957
1914	1961
1914	1998
1963	1060
1963	1154
1963	1160
1963	1234
1963	1282
1963	1401
1963	1497
1963	1580
1963	1592
1963	1626
1963	1635
1963	1653
1963	1662
1963	1695
1963	1738
1963	1835
1963	1880
1963	1906
1963	1961
1963	1964
1059	1247
1059	1603
1059	1884
1059	1898
1247	1537
1247	1873
1247	1990
1247	1999
1603	1427
1603	1598
1603	1716
1603	1806
1603	1844
1603	1863
1884	1372
1884	1584
1884	1587
1884	1660
1884	1751
1884	1851
1884	1863
1884	1904
1884	1926
1884	1944
1884	1997
1898	1227
1898	1351
1898	1377
1898	1439
1898	1566
1898	1616
1898	1664
1898	1692
1898	1728
1898	1759
1898	1772
1898	1953
1898	1975
1898	1990
1898	1998
55	396
55	788
55	900
55	994
396	445
396	682
396	992
788	592
788	619
788	802
788	1832
788	821
788	871
788	881
788	900
788	901
788	921
788	978
900	427
900	437
900	448
900	533
900	661
900	728
900	745
900	781
900	815
900	850
900	858
900	903
900	940
900	949
900	992
900	994
994	272
994	274
994	296
994	341
994	368
994	427
994	504
994	534
994	583
994	594
994	618
994	670
994	752
994	769
994	771
994	776
994	780
994	793
994	841
994	843
994	878
994	894
994	904
994	916
994	936
994	956
56	334
56	344
56	985
334	186
334	226
334	404
334	936
344	637
344	883
985	85
985	165
985	330
985	355
985	1339
985	381
985	429
985	470
985	492
985	505
985	527
985	665
985	708
985	718
985	729
985	800
985	866
985	896
985	987
985	988
985	991
985	995
57	83
57	512
57	871
57	916
83	124
83	512
83	576
512	338
512	831
512	891
871	551
871	582
871	633
871	654
871	751
871	811
871	877
871	882
871	890
871	931
871	960
871	961
871	989
871	995
916	62
916	64
916	153
916	194
916	477
916	656
916	878
916	898
916	903
916	928
916	948
916	995
1060	1789
1060	1880
1789	1154
1789	1249
1789	1308
1789	1455
1789	1826
1789	1894
1789	1940
1880	1255
1880	1310
1880	1402
1880	1585
1880	1637
1880	1727
1880	1845
1880	1853
1880	1862
1880	1930
1880	1953
58	129
58	156
58	359
58	658
129	436
129	687
129	748
156	586
156	889
156	987
359	488
359	587
359	958
658	447
658	492
658	738
658	844
658	884
658	949
658	951
59	266
59	407
59	527
59	541
266	60
266	534
266	643
266	988
407	515
407	532
407	776
407	827
407	982
527	168
527	572
527	937
527	953
541	333
541	423
541	537
541	878
60	190
60	593
60	686
190	495
190	810
593	132
593	391
593	543
593	670
593	886
686	505
686	524
686	606
686	899
686	902
61	421
61	877
61	940
421	125
421	306
421	645
421	647
877	523
877	540
877	626
877	683
877	892
877	921
877	931
877	943
877	951
877	967
940	121
940	191
940	196
940	259
940	281
940	420
940	538
940	565
940	602
940	672
940	705
940	729
940	732
940	756
940	778
940	811
940	903
940	907
940	927
940	928
62	411
411	638
411	978
411	986
63	892
63	909
892	130
892	203
892	318
892	321
892	346
892	438
892	443
892	494
892	621
892	739
892	758
892	795
892	815
892	931
892	956
909	186
909	251
909	431
909	438
909	501
909	515
909	599
909	642
909	678
909	744
909	752
909	760
909	773
909	833
909	865
909	876
909	978
1061	1323
1061	1521
1061	1885
1323	1288
1323	1908
1323	1993
1521	1604
1521	1669
1521	1686
1521	1911
1521	1998
1885	1320
1885	1346
1885	1382
1885	1506
1885	1600
1885	1614
1885	1781
1885	1848
1885	1856
1885	1870
1885	1974
1885	1990
1062	1110
1062	1457
1062	1933
1062	1940
1110	1255
1110	1584
1457	1224
1457	1420
1457	1642
1457	1795
1457	1812
1933	1365
1933	1366
1933	1374
1933	1429
1933	1508
1933	1534
1933	1548
1933	1674
1933	1680
1933	1694
1933	1697
1933	1740
1933	1800
1933	1847
1933	1869
1933	1901
1933	1930
1933	1952
1933	1993
1940	1126
1940	1195
1940	1306
1940	392
1940	1393
1940	1397
1940	1524
1940	1533
1940	1559
1940	1697
1940	1812
1940	1875
1940	1883
1940	1957
1940	1960
1940	1993
1940	1998
64	167
64	310
167	804
310	87
310	880
1221	1336
1221	1840
65	126
65	661
126	237
126	891
126	908
661	272
661	328
661	479
661	704
66	516
66	804
516	153
516	338
516	580
516	870
516	958
516	964
804	148
804	387
804	406
804	436
804	563
804	689
804	731
804	856
804	933
68	399
68	539
68	961
399	456
399	709
539	152
539	290
539	750
539	947
961	115
961	177
961	208
961	221
961	280
961	552
961	612
961	633
961	679
961	684
961	713
961	738
961	782
961	791
961	798
961	813
961	846
961	848
961	937
961	958
961	964
961	978
961	992
756	224
756	490
756	565
756	707
756	737
756	886
756	903
1064	1178
1064	1751
1064	1876
1064	1938
1178	1411
1178	1951
1178	1993
1751	1374
1751	1451
1751	1552
1751	1631
1751	1713
1751	1742
1751	1781
1751	1948
1751	1999
1876	1135
1876	1152
1876	1258
1876	1674
1876	1706
1876	1824
1876	1830
1876	1831
1876	1904
1876	1951
1876	1971
1876	1979
1938	1114
1938	151
1938	1210
1938	1222
1938	1441
1938	1462
1938	1498
1938	1499
1938	1548
1938	1734
1938	1795
1938	1856
1938	1887
1938	1892
1938	1897
1938	1904
1938	1909
1938	1920
1938	1972
1938	1997
70	299
70	364
70	469
299	451
299	494
299	891
299	1992
364	222
364	534
364	542
364	899
469	360
469	561
469	725
1065	1096
1065	1594
1065	1769
1096	1453
1096	1831
1096	1879
1594	1430
1594	1761
1594	1979
1594	1980
1769	476
1769	1519
1769	1673
1769	1870
1769	1873
1769	1897
1769	1977
1769	1993
71	737
71	989
737	164
737	587
737	635
737	793
737	819
737	894
989	115
989	124
989	171
989	181
989	220
989	325
989	345
989	457
989	467
989	493
989	554
989	624
989	629
989	683
989	795
989	829
989	866
989	899
989	928
989	931
989	937
989	958
989	982
989	995
72	405
72	1452
405	280
405	467
405	846
405	894
405	948
1452	1298
1452	1998
73	424
73	943
424	258
424	618
424	723
424	937
943	97
943	233
943	322
943	385
943	580
943	608
943	620
943	632
943	691
943	722
943	740
943	805
943	882
943	910
943	991
1066	1381
1066	1718
1066	1869
1381	1309
1381	1585
1381	1821
1381	1957
1718	1088
1718	1255
1718	1319
1718	1593
1718	1642
1718	1695
1718	1800
1718	1905
1718	1993
1869	1303
1869	1422
1869	1470
1869	1592
1869	1619
1869	1696
1869	1710
1869	1711
1869	1906
1869	1977
1869	1979
1869	1986
74	378
74	418
74	531
378	306
378	685
378	706
418	599
418	848
418	903
531	134
531	178
531	782
1067	1455
1067	1975
1455	1361
1455	1668
1455	1911
1455	1999
1975	1091
1975	1101
1975	1177
1975	1228
1975	1329
1975	1365
1975	1375
1975	1411
1975	1606
1975	1648
1975	1680
1975	1708
1975	1827
1975	1844
1975	1862
1975	1911
1975	1952
1975	1979
1975	1980
1975	1999
1068	1358
1068	1700
1358	1401
1358	1961
1700	1359
1700	1407
1700	1511
1700	1633
1700	1765
1700	1991
1069	1379
1069	1721
1069	1805
1379	1240
1379	1689
1379	1798
1721	1690
1721	1795
1721	1842
1721	1895
1721	1902
1721	1920
1721	935
1805	1630
1805	1637
1805	1684
1805	1686
1805	1692
1805	1693
1805	1754
1805	1828
1805	1974
75	422
75	937
422	648
422	712
422	787
937	89
937	157
937	397
937	1767
937	767
937	776
937	805
937	846
937	850
937	866
937	903
937	936
937	951
937	956
937	990
1070	1719
1070	1954
1719	1207
1719	1276
1719	1309
1719	1325
1719	1906
1954	1099
1954	1124
1954	1357
1954	1479
1954	1520
1954	1626
1954	1682
1954	1749
1954	1759
1954	1795
1954	1809
1954	1850
1954	1851
1954	1861
1954	1920
1954	1951
1954	1953
1954	1957
1071	1167
1071	1411
1071	1563
1167	1730
1411	1087
1411	1830
1411	1980
1563	1102
1563	1196
1563	1240
1563	1331
1563	1872
76	440
76	528
76	866
76	964
440	361
440	465
440	889
440	931
528	851
528	883
528	891
528	978
866	96
866	169
866	423
866	461
866	586
866	609
866	752
866	760
866	886
866	898
866	915
866	987
964	179
964	358
964	431
964	446
964	567
964	601
964	629
964	679
964	725
964	729
964	762
964	838
964	874
964	931
964	933
964	941
964	959
964	978
964	990
77	796
77	839
77	978
796	227
796	283
796	451
796	628
796	670
796	675
796	724
796	812
796	901
839	301
839	540
839	645
839	792
839	814
839	827
839	864
839	870
978	172
978	306
978	320
978	336
978	370
978	431
978	486
978	671
978	751
978	770
978	781
978	847
978	898
978	902
978	931
978	953
978	986
978	988
978	990
78	848
78	959
848	86
848	356
848	452
848	470
848	478
848	534
848	548
848	698
848	728
848	746
848	762
848	792
848	934
959	123
959	168
959	229
959	262
959	288
959	376
959	1373
959	408
959	417
959	447
959	467
959	509
959	544
959	584
959	640
959	707
959	738
959	739
959	745
959	810
959	838
959	902
959	941
1072	1117
1072	1538
1072	1991
1117	1943
1117	1990
1538	1383
1538	1421
1538	1566
1538	1639
1538	1653
1538	1790
1991	1235
1991	1349
1991	1493
1991	1512
1991	1528
1991	1560
1991	1597
1991	1625
1991	1630
1991	1713
1991	1723
1991	1733
1991	1796
1991	1806
1991	1883
1991	1892
1991	1895
1991	1904
1991	902
1991	1925
1991	1926
1991	1945
1991	1951
1991	1952
1991	1972
1991	1997
1073	1184
1073	1291
1073	1732
1184	1095
1184	1831
1291	1611
1291	1781
1291	1918
1732	1176
1732	1261
1732	1385
1732	1607
1732	1714
1732	1908
79	179
79	816
79	854
179	139
179	165
816	94
816	100
816	186
816	280
816	406
816	455
816	851
816	962
816	988
854	161
854	232
854	284
854	419
854	488
854	565
854	726
854	740
854	744
854	1738
854	811
854	898
854	986
1074	1181
1074	1943
1181	1531
1181	1535
1943	1131
1943	1205
1943	1242
1943	1396
1943	1496
1943	1507
1943	1539
1943	1579
1943	1595
1943	1693
1943	1792
1943	1846
1943	1867
1943	1901
1943	1905
1943	1971
1943	1993
1075	1506
1075	1677
1075	1803
1075	1872
1506	1211
1506	1236
1506	1246
1506	1727
1677	1341
1677	1660
1677	1681
1677	1699
1677	1756
1677	1897
1677	1903
1803	1252
1803	1631
1803	1748
1803	1852
1803	1882
1803	1969
1872	1192
1872	1212
1872	1403
1872	1410
1872	1416
1872	1445
1872	1458
1872	1709
1872	1776
1872	1840
1872	1913
80	651
80	986
651	160
651	265
651	436
651	951
651	987
986	107
986	134
986	322
986	425
986	428
986	461
986	465
986	503
986	566
986	594
986	647
986	721
986	725
986	791
986	880
986	990
986	992
1076	1496
1076	1936
1496	1289
1496	1726
1496	1739
1496	1777
1496	1999
1936	1128
1936	1228
1936	1307
1936	1331
1936	1541
1936	1584
1936	1607
1936	1660
1936	1724
1936	1753
1936	1762
1936	1797
1936	1811
1936	1853
1936	1920
1936	1926
1936	1993
81	708
81	785
708	146
708	227
708	448
708	483
708	759
708	769
785	119
785	244
785	311
785	398
785	503
785	608
785	705
785	754
785	882
785	991
82	250
82	693
82	927
250	441
250	659
693	262
693	288
693	544
693	549
693	680
693	819
693	915
927	294
927	439
927	461
927	515
927	545
927	610
927	659
927	698
927	713
927	723
927	793
927	867
927	960
927	962
927	991
1077	1249
1077	1637
1249	1436
1249	1471
1249	1985
1637	1707
1637	1741
1637	1794
1637	1897
1637	1952
1078	1402
1078	1633
1078	1821
1078	1985
1402	1338
1402	1484
1402	1833
1633	1350
1633	1664
1633	1678
1821	1083
1821	1262
1821	1390
1821	1747
1821	1854
1821	1873
1821	1903
1821	1912
1821	1972
1985	1083
1985	1174
1985	1281
1985	1407
1985	1427
1985	1444
1985	1492
1985	1554
1985	1642
1985	1652
1985	1664
1985	1714
1985	1726
1985	1756
1985	1781
1985	1882
1985	1920
1985	1930
1985	1952
1985	1957
1985	1972
1985	1974
1079	1134
1079	1882
1134	1211
1134	1777
1882	1308
1882	1353
1882	1551
1882	1649
1882	1674
1882	1728
1882	1846
1882	1957
1237	1314
1237	1625
1237	1780
1540	1675
1540	1688
1540	1798
1540	1957
124	856
576	444
576	493
576	751
576	786
576	899
84	1512
84	645
1512	1429
1512	1439
1512	1600
1512	1844
645	419
645	594
645	748
645	829
86	533
86	615
86	902
533	519
533	885
533	901
533	967
533	992
615	201
615	379
615	504
615	550
615	555
615	652
615	842
902	206
902	295
902	633
902	665
902	781
902	782
902	792
902	881
902	886
902	920
902	995
1081	1641
1081	1714
1081	1761
1081	1794
1641	1127
1641	1639
1641	1728
1641	1741
1641	1797
1641	1863
1714	1187
1714	1439
1714	1480
1714	1920
1714	1948
1761	1203
1761	1307
1761	1359
1761	1367
1761	1507
1761	1559
1761	1810
1761	1980
1794	1359
1794	1480
1794	1830
1794	1835
1794	1953
1794	1980
87	780
87	960
780	181
780	331
780	490
780	641
780	770
780	792
780	953
960	144
960	202
960	289
960	308
960	457
960	461
960	504
960	625
960	659
960	684
960	763
960	808
960	869
960	889
960	908
960	992
88	98
88	814
98	466
98	910
814	147
814	172
814	447
814	530
814	573
814	682
814	701
814	717
814	767
814	799
89	904
89	988
904	103
904	446
904	610
904	671
904	722
904	725
904	752
904	781
904	817
904	934
904	987
988	281
988	332
988	374
988	445
988	497
988	525
988	616
988	752
988	786
988	821
988	822
988	827
988	876
988	907
988	920
988	928
988	1948
988	947
988	949
988	953
988	962
988	987
988	991
781	112
781	258
781	626
781	744
781	847
781	874
936	284
936	336
936	487
936	560
936	574
936	1581
936	610
936	679
936	713
936	786
936	813
936	901
936	982
936	990
936	995
1848	1487
1848	1630
1848	1715
1848	1786
1848	1850
1848	1951
1848	1999
1945	1086
1945	1435
1945	1471
1945	1472
1945	1523
1945	1533
1945	1607
1945	1736
1945	1742
1945	1781
1945	1831
1945	1965
1945	1986
1945	1997
1972	1195
1972	1204
1972	1231
1972	1321
1972	1394
1972	1451
1972	1487
1972	1683
1972	1703
1972	1786
1972	1795
1972	1813
1972	1814
1972	1824
1972	1843
1972	1845
1972	1896
1972	1952
1972	1971
1972	1977
91	632
91	782
632	823
632	829
632	953
782	379
782	387
782	612
782	935
782	941
92	426
92	535
92	838
426	470
426	492
426	876
535	259
535	284
535	706
535	903
838	257
838	354
838	462
838	501
838	680
838	822
838	843
838	913
838	935
838	947
93	915
93	992
915	338
915	446
915	489
915	537
915	751
915	752
915	799
915	805
915	812
915	823
915	874
915	880
915	907
992	95
992	110
992	225
992	286
992	339
992	360
992	556
992	575
992	612
992	629
992	741
992	775
992	810
992	822
992	830
992	850
992	873
992	880
992	953
94	209
94	409
94	653
209	627
209	1697
209	995
409	365
409	398
409	596
409	962
653	558
653	600
653	689
653	956
95	162
95	420
162	554
162	876
420	1444
420	633
420	815
96	154
96	429
154	564
154	867
429	347
429	799
97	106
97	563
97	987
106	380
106	590
106	882
563	233
563	812
987	1161
987	362
987	402
987	414
987	472
987	526
987	592
987	605
987	620
987	643
987	652
987	665
987	776
987	842
987	885
987	921
987	953
987	956
987	967
466	498
466	555
466	778
910	146
910	168
910	275
910	403
910	503
910	549
910	586
910	678
910	760
910	873
910	921
910	949
1084	1141
1084	1289
1084	1879
1141	1150
1141	1739
1141	1980
1289	1136
1289	1539
1879	1263
1879	1280
1879	1531
1879	1674
1879	1749
1879	1753
1879	1920
1879	1993
99	522
99	821
99	928
522	180
522	1232
522	805
522	995
821	219
821	348
821	565
821	606
821	682
821	689
821	775
821	847
928	257
928	458
928	582
928	623
928	707
928	711
928	738
928	753
928	799
928	806
928	847
928	865
928	867
928	878
1170	1387
1170	1913
1693	1277
1693	1375
1693	639
1693	1807
1693	1819
1693	1930
1693	1999
100	1225
100	376
1225	1826
376	659
376	746
376	995
226	890
841	140
841	149
841	240
841	495
841	616
841	732
841	808
841	823
841	843
841	894
841	967
841	995
1086	1099
1099	1768
1099	1782
1087	1305
1087	1483
1087	817
1305	1716
1305	1925
1483	1404
1483	1423
1483	1645
1483	1754
1483	1839
817	497
817	770
817	773
817	778
817	827
817	962
817	982
1088	1392
1088	1672
1392	1246
1392	1583
1392	1771
1392	1903
1392	1980
1672	1327
1672	1366
1672	1505
1672	1608
1672	1676
1672	1944
1672	1992
1089	1535
1089	1722
1089	1845
1089	1977
1535	1124
1535	1201
1535	1341
1535	1577
1722	1355
1722	1467
1722	1703
1722	1823
1722	1840
1722	1965
1722	1982
1845	1251
1845	1443
1845	1500
1845	1519
1845	1581
1845	1730
1845	1870
1845	1877
1845	1906
1845	1920
1977	1145
1977	1451
1977	1487
1977	1571
1977	1579
1977	1609
1977	1618
1977	1689
1977	1715
1977	1771
1977	1786
1977	1839
1977	1870
1977	1887
1977	1892
1977	1944
1977	1961
1977	1969
1977	1982
1977	1986
1977	1998
1977	1999
1090	1797
1090	1915
1797	1287
1797	356
1797	1621
1797	1998
1915	1159
1915	1325
1915	1347
1915	1428
1915	1510
1915	1605
1915	1659
1915	1727
1915	1749
1915	1755
1915	1762
1915	1851
1915	1873
1915	1909
1915	1925
1091	1706
1091	1807
1706	1121
1706	1290
1706	1617
1706	1701
1706	1875
1706	1974
1706	1990
1807	1153
1807	1477
1807	1684
1807	1713
1807	1909
1807	1918
1807	1960
1807	1997
102	360
102	991
360	434
360	590
991	116
991	324
991	391
991	427
991	592
991	1578
991	627
991	706
991	742
991	810
991	891
991	894
991	903
991	934
991	938
991	990
103	363
103	895
363	332
363	847
363	898
895	111
895	121
895	199
895	215
895	302
895	452
895	509
895	637
895	760
895	934
895	947
104	348
104	538
104	714
538	471
538	823
538	874
714	160
714	242
714	260
714	275
714	664
714	829
105	810
105	995
810	254
810	271
810	330
810	442
810	799
995	138
995	170
995	389
995	474
995	515
995	554
995	558
995	588
995	624
995	705
995	741
995	795
995	815
995	844
995	861
995	886
995	899
995	958
995	990
1092	1121
1092	1527
1092	1806
1121	1407
1527	1195
1527	1694
1527	1724
1527	1861
1527	1948
1806	1163
1806	1508
1806	1815
1806	1895
1806	1903
1806	1920
1093	1278
1093	1913
1093	1969
1093	1986
1278	1102
1278	1434
1278	1701
1278	1749
1913	1098
1913	1353
1913	1412
1913	1598
1913	1692
1913	1892
1913	1896
1913	1952
1969	1098
1969	1235
1969	1499
1969	1537
1969	1608
1969	1675
1969	1676
1969	685
1969	1696
1969	1728
1969	1730
1969	1755
1969	1788
1969	1835
1969	1951
1969	1986
1969	1997
1986	1100
1986	1212
1986	1234
1986	1315
1986	1317
1986	1415
1986	1489
1986	1504
1986	1515
1986	1593
1986	1607
1986	1713
1986	1754
1986	1782
1986	1792
1986	1830
1986	1847
1986	1856
1986	1875
1986	1902
1986	1957
1986	1964
380	514
380	769
380	847
590	379
590	492
590	588
590	800
882	173
882	263
882	631
882	637
882	670
882	683
882	689
882	725
882	880
882	896
882	967
107	725
107	730
725	201
725	290
725	934
730	437
730	591
730	706
730	775
730	806
730	822
730	850
730	881
730	883
1267	1317
1267	1410
1267	1636
1378	1233
1378	1244
1378	1280
1378	1980
108	920
920	137
920	187
920	221
920	265
920	1256
920	306
920	476
920	519
920	643
920	681
920	856
920	885
920	890
920	951
109	450
109	656
109	830
450	410
450	587
450	958
656	520
656	619
656	701
656	787
656	885
656	962
830	584
830	622
830	652
830	721
830	767
830	798
830	851
830	855
830	982
110	718
718	487
718	521
718	550
718	566
718	962
1453	1786
1831	1316
1831	1375
1831	1475
1831	1815
1831	1819
1831	1870
1831	1901
1831	1965
1831	1982
1097	1187
1097	1813
1097	1990
1187	1517
1187	1659
1813	1105
1813	1618
1813	1795
1813	1827
1813	1875
1813	1960
1813	967
1813	1997
1990	1148
1990	1161
1990	1231
1990	1327
1990	1353
1990	1424
1990	1502
1990	1583
1990	1690
1990	1703
1990	1755
1990	1759
1990	1772
1990	1801
1990	1829
1990	1852
1990	1887
1990	1930
1990	1957
1990	1982
1990	1993
111	455
111	760
455	504
455	565
455	948
455	982
760	967
112	268
112	907
268	493
268	687
268	744
268	754
907	371
907	437
907	543
907	566
907	568
907	665
907	771
907	773
907	894
907	1908
907	899
907	935
907	947
907	956
113	225
113	451
113	689
451	635
451	934
689	305
689	628
689	883
689	933
1098	1201
1098	1881
1881	1152
1881	1263
1881	1270
1881	1385
1881	1388
1881	1611
1881	1662
1881	1903
1881	1992
114	867
114	894
867	144
867	217
867	220
867	523
867	583
867	591
867	649
867	778
867	786
894	442
894	612
894	831
894	947
115	292
115	707
292	497
292	561
707	245
707	269
707	607
707	648
1768	1190
1768	1508
1768	1796
1768	1808
1768	1867
1768	1980
1782	1353
1782	1368
1782	1385
1782	1581
1782	1615
1782	1616
1782	1746
1782	1810
1782	1992
116	478
116	724
116	759
478	490
478	982
724	119
724	618
724	740
724	747
724	846
724	876
724	956
759	191
759	195
759	519
759	574
759	698
759	767
759	951
278	498
278	931
345	827
345	933
345	956
118	178
118	456
118	551
118	891
456	586
456	819
551	500
551	704
551	775
891	388
891	472
891	589
891	654
891	850
891	958
891	990
119	698
119	745
698	449
698	771
745	413
745	459
745	671
745	722
745	851
745	953
1100	1585
1100	1762
1100	1770
1585	1155
1585	1227
1585	1230
1762	1344
1762	1597
1762	1614
1762	1654
1762	1759
1762	1997
1770	1690
1770	1775
1770	1776
1770	1808
1770	1965
120	281
120	813
281	185
281	550
813	227
813	387
813	403
813	581
813	691
813	729
813	843
121	752
121	948
752	197
752	403
752	676
752	949
948	336
948	463
948	597
948	625
948	685
948	701
948	753
948	843
948	851
948	865
948	890
948	903
948	953
948	956
948	990
122	1648
122	732
122	795
1648	1127
1648	1493
1648	1618
732	125
732	549
732	1626
732	767
732	819
795	322
795	349
795	567
795	600
795	800
795	908
123	889
889	240
889	317
889	340
889	460
889	572
889	581
889	596
889	659
889	750
889	791
889	850
889	947
1101	1311
1101	1870
1311	1368
1311	1613
1870	1120
1870	1226
1870	1374
1870	1605
1870	1653
1870	1759
1870	1774
1870	1911
856	311
856	333
856	365
856	665
856	776
856	805
856	812
856	890
856	958
1102	1951
1951	1352
1951	1459
1951	1541
1951	1649
1951	1650
1951	657
1951	1705
1951	1753
1951	1756
1951	1784
1951	1815
1951	1827
1951	1847
1951	1993
125	581
581	367
237	587
237	739
908	166
908	379
908	575
908	617
908	625
908	704
908	806
908	913
908	941
908	951
908	982
1103	1868
1103	1982
1868	1306
1868	1610
1868	1800
1868	1808
1868	1897
1868	1980
1868	1997
1982	1156
1982	1552
1982	1587
1982	1592
1982	1616
1982	1667
1982	1678
1982	1684
1982	1688
1982	1707
1982	1766
1982	1800
1982	1801
1982	1867
1982	1894
1982	1901
1982	1993
1982	1997
1104	1192
1104	1306
1104	1347
1104	1472
1192	1823
1306	640
1306	1903
1347	1688
1347	1894
1472	1689
1472	1953
1105	1160
1106	1168
1106	1349
1106	1671
1168	1346
1168	1883
1168	1961
1349	1367
1349	1612
1349	1863
1671	1345
1671	1366
1671	1461
1671	1634
1671	1800
1107	1334
1107	1510
1107	1815
1107	1979
1334	1139
1334	1692
1334	1708
1510	1109
1510	1198
1510	1465
1510	1580
1510	1593
1815	1321
1815	1407
1815	1532
1815	606
1815	1811
1815	1828
1979	1111
1979	1156
1979	1322
1979	1324
1979	1370
1979	1420
1979	1515
1979	1678
1979	1681
1979	1685
1979	1734
1979	1811
1979	1824
1979	1895
1979	1903
1979	1912
1979	1960
1108	1368
1108	1581
1368	1136
1368	1365
1368	1742
1581	1505
1581	1733
1581	1902
1581	1932
127	252
252	161
252	164
252	272
252	805
331	319
331	829
331	861
843	336
843	370
843	566
843	967
851	218
851	257
851	298
851	397
851	675
851	847
851	933
851	949
436	580
687	742
687	762
687	771
687	878
748	232
748	325
748	584
748	675
748	827
748	941
130	428
130	678
130	731
428	622
428	762
428	812
678	200
678	941
731	388
731	536
731	624
731	827
731	844
131	296
131	762
296	654
296	666
762	234
762	596
762	622
762	819
762	899
762	947
132	855
855	195
855	275
855	394
855	461
855	509
855	573
855	827
855	870
855	913
855	953
133	157
133	723
133	742
157	503
723	408
723	560
723	589
723	625
723	864
723	921
723	951
742	500
742	787
742	829
1109	1396
1396	1616
1396	1840
134	338
134	507
507	802
135	947
135	962
947	371
947	391
947	636
947	647
947	662
947	720
947	728
947	802
947	858
947	861
947	938
962	312
962	327
962	410
962	572
962	588
962	633
962	662
962	665
962	704
962	717
962	729
962	741
962	869
962	890
962	921
962	982
962	990
1255	1420
1255	1475
1584	1695
1111	1601
1111	1667
1601	1149
1601	1424
1667	1615
1667	1643
1667	1726
1667	1833
1667	1883
1112	1158
1112	1372
1112	1642
1112	1717
1158	1689
1158	1948
1372	1119
1372	1431
1372	1960
1642	1520
1642	1731
1642	1918
1717	1286
1717	1416
1717	1448
1717	1621
1717	1696
1717	1766
136	568
136	620
136	811
136	886
568	552
568	873
568	899
620	163
620	808
811	254
811	282
811	514
811	609
811	682
811	883
811	941
886	139
886	155
886	246
886	385
886	400
886	412
886	419
886	525
886	569
886	758
1113	1419
1113	1644
1113	1792
1419	1130
1419	1135
1419	1343
1419	1895
1644	1216
1644	1427
1644	1604
1644	1853
1644	1932
1792	1238
1792	1741
1792	1812
1792	1965
137	329
137	682
137	881
329	727
329	743
682	558
682	605
682	623
881	238
881	374
881	473
881	490
881	575
881	602
881	633
881	931
881	953
881	990
138	454
138	763
138	896
454	842
454	874
454	896
763	1157
763	408
763	413
763	560
763	569
763	666
763	874
896	184
896	343
896	398
896	434
896	520
896	649
896	740
896	846
896	956
139	220
139	699
220	713
699	476
699	526
699	603
699	619
699	934
699	990
1115	1239
1115	1846
1239	1166
1239	1655
1239	1926
1846	1193
1846	1403
1846	1647
1846	1748
1846	1842
1846	1883
1846	1908
140	572
140	850
572	758
572	778
850	293
850	406
850	800
850	921
850	1952
141	362
141	638
362	467
362	903
638	333
638	473
638	520
638	608
638	715
638	754
638	880
1116	1638
1116	1756
1638	1383
1638	1565
1638	1681
1638	1796
1638	1842
1638	1908
1638	1911
1756	1451
1756	1595
1756	1608
1756	1713
1756	1909
1756	1992
142	161
142	710
161	640
710	210
710	529
710	680
710	883
710	938
710	953
144	819
819	384
819	417
819	802
819	827
819	865
819	880
819	913
819	938
145	180
145	224
180	913
224	412
224	430
146	276
276	1362
276	530
276	608
1118	1260
1118	1593
1118	1887
1118	1999
1260	1218
1260	1354
1260	1646
1260	1826
1593	1235
1593	1281
1593	1497
1593	1909
1887	1179
1887	1233
1887	1383
1887	1432
1887	1599
1887	1669
1887	1747
1887	1795
1887	1905
1887	1992
1999	1164
1999	1248
1999	1284
1999	1297
1999	1331
1999	1382
1999	1384
1999	1422
1999	1551
1999	597
1999	1580
1999	1612
1999	1631
1999	1683
1999	1692
1999	1748
1999	1811
1999	1827
1999	1835
1999	1853
1999	1856
1999	1906
1999	1965
1999	1974
1999	1997
1119	1182
1119	1244
1119	1404
1182	1445
1244	1258
1244	1435
1404	1294
1404	1316
1120	1200
1120	1766
1766	1243
1766	1346
1766	1625
1766	1639
1766	1694
1766	1724
147	148
147	487
148	505
148	956
487	301
487	352
1407	1930
1407	1993
505	792
505	1993
956	223
956	313
956	325
956	441
956	612
956	680
956	747
956	792
956	833
956	938
956	949
149	938
938	164
938	298
938	351
938	540
938	589
938	617
938	636
938	665
938	741
938	949
1122	1324
1122	1360
1122	1366
1122	1738
1324	1304
1324	1715
1360	1843
1360	1953
1366	1812
1366	1930
1738	1164
1738	1414
1738	1579
1738	1604
1738	1660
150	351
351	472
351	639
151	202
151	467
151	604
202	464
202	787
467	681
604	497
604	587
604	607
1124	1891
1124	1992
1891	1142
1891	1343
1891	1414
1891	1487
1891	1531
1891	1569
1891	1612
1891	1716
1891	1752
1891	1778
1891	1809
1891	1903
1891	1905
1891	1906
1891	1997
1992	1333
1992	1390
1992	1481
1992	1498
1992	1569
1992	1645
1992	1666
1992	1689
1992	1716
1992	1724
1992	1728
1992	1731
1992	1733
1992	1740
1992	1777
1992	1830
1992	1905
1992	1965
1992	1974
1992	1993
1125	1364
1125	1746
1125	1944
1125	1965
1364	1490
1364	1746
1364	1784
1364	1883
1746	1128
1746	1461
1746	1526
1746	1664
1746	1814
1746	1901
1746	1980
1746	1997
1944	1468
1944	1520
1944	1701
1944	1711
1944	1748
1944	1771
1944	1784
1944	1810
1944	1842
1944	1847
1944	1894
1944	1897
1944	1961
1965	1495
1965	1524
1965	1548
1965	1612
1965	1623
1965	1634
1965	1663
1965	1775
1965	1776
1965	1809
1965	1811
1965	1833
1965	1847
1965	1952
1965	1957
1965	1993
1965	1997
1126	1320
1126	1741
1126	1833
1320	1897
1320	1912
1741	1206
1741	1473
1741	652
1741	1781
1741	1971
1833	1199
1833	1384
1833	1498
1833	1665
1833	1795
1833	1892
152	251
152	600
251	659
600	569
153	792
153	878
792	159
792	547
792	1778
792	831
878	285
878	394
878	566
878	611
878	679
878	751
878	800
878	883
878	903
1127	1312
1127	1477
1312	1283
1312	1300
1312	1501
1312	1503
1477	1707
1477	1796
1128	1444
1128	1645
1444	1608
1444	1646
1444	1668
1645	1454
1645	1492
1645	1680
1645	1704
564	305
564	457
564	546
564	713
1129	1498
1129	1842
1498	1877
1498	1971
1842	1571
1842	1639
1842	1830
1842	1971
1130	1206
1130	1801
1130	901
1801	1422
1801	1463
1801	1583
1801	1798
1801	1828
1801	1852
1801	1854
1801	1926
901	366
901	472
901	520
901	536
901	546
901	597
901	806
901	865
901	898
901	934
1131	1241
1131	1599
1131	1711
1241	1492
1241	861
1599	1664
1599	1771
1599	1920
1711	1414
1711	1553
1711	1643
1132	1194
1132	1708
1194	1592
1708	1262
1708	1394
1708	1567
1708	1832
1708	1894
1133	1814
1133	1835
1133	1926
1814	1256
1814	1308
1814	1326
1814	1434
1814	1767
1814	1847
1814	1850
1814	1926
1835	1234
1835	1577
1835	1695
1835	822
1835	1862
1835	1930
1835	1998
1926	1207
1926	1265
1926	1386
1926	1446
1926	1482
1926	1635
1926	1678
1211	1287
1777	1439
1777	1489
1777	1844
1777	1863
1777	1948
1777	1971
586	713
1135	1663
1135	1901
1901	1295
1901	1431
1901	1515
1901	1520
1901	1623
1901	1676
1901	1786
1901	1839
1901	1902
1901	1905
1901	1957
1136	1480
1136	1997
1480	1790
1480	1961
1997	1479
1997	1550
1997	1621
1997	1625
1997	1703
1997	1852
1997	1854
1997	1875
1997	1877
1997	1894
1997	1902
1997	1930
1997	1960
1997	1974
1137	1286
1137	1330
1137	1843
1137	1867
1330	1454
1330	1678
1330	1703
1843	1504
1843	1628
1843	1649
1843	1694
1867	1282
1867	1308
1867	1481
1867	1534
1867	1689
1867	1826
1867	1853
1867	1961
1138	1171
1138	1572
1138	1604
1171	1918
1572	1686
1572	1709
1572	1715
1572	1877
1604	1316
1604	1418
1139	1636
1636	1376
1636	1497
1636	1511
1636	1826
1636	1902
1140	1577
1140	1964
1577	1362
1577	1635
1577	1655
1577	1673
1964	1149
1964	1264
1964	1314
1964	1420
1964	1441
1964	1443
1964	1454
1964	1486
1964	1617
1964	1618
1964	1619
1964	1696
1964	1699
1964	1710
1964	1749
1964	1781
1964	1961
1964	1993
503	311
503	770
1150	842
1150	1909
1739	1479
1739	1499
1739	1851
1739	1892
1739	1895
1739	1957
1980	1143
1980	1196
1980	1326
1980	1409
1980	1416
1980	1437
1980	1629
1980	1653
1980	1676
1980	1780
1980	1839
1980	1875
1980	1998
1142	1236
1142	1490
1236	1808
1236	1861
1490	1229
1490	1295
1490	1605
1490	1628
1490	1673
159	326
326	684
326	799
326	847
1143	1524
1143	1883
1524	1631
1524	1953
1883	1299
1883	1877
1883	1892
1883	1960
554	773
554	864
876	462
876	475
876	504
876	524
876	691
876	815
876	861
876	903
876	933
876	982
163	574
163	621
574	717
621	199
621	798
621	883
621	913
1144	1284
1144	1504
1144	1675
1144	1993
1284	1798
1284	1894
1504	1523
1504	1615
1504	1828
1504	1932
1675	1437
1675	1948
1675	1953
1993	1191
1993	1222
1993	1458
1993	1534
1993	1575
1993	1590
1993	1600
1993	1678
1993	1823
1993	1861
1993	1896
1993	1918
1145	1210
1145	1650
1145	1812
1650	1428
1650	1619
1650	1640
1650	1830
1812	1451
1812	1473
1812	1489
1812	1507
1812	1612
1812	1752
1812	1847
1812	1918
1146	1423
1146	1458
1146	1558
1146	1569
1423	1329
1423	1346
1423	1623
1458	1557
1458	1852
1558	1179
1558	1567
1558	1611
1558	1852
1569	1630
1569	1810
1569	1875
164	175
175	210
175	758
175	786
165	205
165	967
205	890
967	198
967	203
967	206
967	222
967	386
967	406
967	415
967	437
967	559
967	747
967	750
967	865
967	990
168	559
559	404
559	758
559	847
169	402
169	664
402	560
402	751
402	771
664	188
664	800
664	880
664	884
664	949
664	990
170	643
643	441
643	501
643	571
643	815
643	846
1147	1433
1147	1471
1433	1207
1433	1258
1433	1682
1471	1639
1471	1652
1148	1505
1148	1854
1505	1333
1505	1856
1854	1296
1854	1325
1854	1337
1854	1486
1854	1724
1854	1742
1854	1850
1854	1877
1149	1401
1149	1920
1401	1220
1401	1394
1920	1223
1920	1385
1920	1680
1920	1690
1920	1733
1920	1974
842	218
842	271
842	295
842	523
842	637
842	659
842	806
842	990
1909	1351
1909	1394
1909	1450
1909	1486
1909	1580
1909	1640
1909	1774
1909	1852
1909	1906
1909	1932
1151	1440
1151	1655
1440	1169
1440	1784
1440	1961
1655	1252
1655	1503
1655	1598
1655	1621
1152	1665
1665	1246
1665	1479
1665	1778
1665	1863
1153	1493
1153	1513
1153	1796
1493	1541
1493	1753
1513	1436
1513	1571
1513	1647
1513	1694
1513	1771
1513	1998
1796	1254
1796	1561
1796	1772
1796	1780
1796	1912
172	389
1154	1681
1154	1847
1681	1551
1681	1740
1847	1742
1847	1953
1155	1266
1155	1688
1155	1832
1266	1218
1266	1862
1688	1776
1688	1897
1832	1377
1832	1390
1832	1427
1832	1448
1832	1617
1832	1674
1832	1784
1832	1930
173	238
173	683
683	654
683	739
1156	1224
1156	1484
1224	1808
1484	1395
1484	1863
1484	1873
1157	1652
1157	1908
1652	1495
1652	1607
1652	1619
1652	1680
1652	1754
1652	1765
1908	1246
1908	1300
1908	1310
1908	1439
1908	1723
1908	1774
1908	1829
1908	1948
1908	1953
174	373
373	758
373	953
1689	1332
1689	1611
1689	1654
1689	1676
1948	1428
1948	1432
1948	1465
1948	1508
1948	1566
1948	1705
1948	1811
1948	1905
1948	1925
1948	1960
1159	1231
1159	1489
1159	1640
1231	1897
1489	1755
1489	1839
1489	1852
1640	1337
1640	1703
1640	1974
210	352
210	949
758	560
758	711
786	453
786	474
786	509
786	670
786	746
786	769
1161	1617
1617	1332
1617	1734
1617	1896
1270	1177
1548	1685
1548	1873
1163	1571
1163	1828
1571	1373
1571	1583
1571	1863
1571	1953
1828	1723
1828	1896
1828	1932
611	497
611	953
177	415
415	313
415	524
415	822
1164	1517
1164	1925
1517	1600
1517	1634
1517	1705
1925	1442
1925	1449
1925	1592
1925	1614
1925	1649
1925	1728
1925	1775
1925	1851
1165	1299
1165	1507
1165	1788
1299	1952
1507	1523
1788	1298
1788	1374
1788	1749
1788	1853
1788	1904
1788	1998
1166	1204
1166	1800
1800	1374
1800	1635
1800	1668
1800	1971
913	184
913	272
913	318
913	444
913	529
913	545
913	573
913	870
913	921
913	982
913	990
181	935
935	283
935	404
935	457
935	555
935	556
935	587
935	619
935	691
935	806
935	873
935	898
935	899
935	941
935	982
935	990
182	649
182	701
649	259
649	475
649	631
649	931
649	933
649	958
701	270
701	703
701	787
183	662
662	352
662	353
662	430
662	778
662	864
184	387
185	827
827	314
827	374
827	864
1730	1297
1730	1559
1730	1853
1730	1998
186	523
523	289
523	941
187	647
647	218
647	1319
647	799
1346	1223
1961	1226
1961	1238
1961	1288
1961	1316
1961	1427
1961	1429
1961	1464
1961	1588
1961	1590
1961	1598
188	246
246	400
246	432
246	628
1169	1597
1597	1403
1597	1723
189	198
189	447
189	562
189	657
198	308
447	800
562	464
562	831
562	990
657	223
657	536
657	588
657	776
495	435
495	869
191	365
191	475
365	565
1387	1488
1387	1503
1387	1609
1387	1740
1387	1863
1918	1245
1918	1269
1918	1276
1918	1389
1918	1465
1918	1588
1918	1634
1918	1666
1918	1668
1918	1697
1918	1896
1918	1932
498	249
1707	1321
1707	1355
1707	1464
1707	1902
1173	1613
1173	1623
1613	1191
1613	1450
1613	1612
1623	1297
1623	847
1623	1952
193	279
193	395
279	769
279	858
279	898
395	501
395	1912
1174	1450
1174	1754
1450	1808
1450	1840
1754	1214
1754	1716
1290	1784
1290	1819
1998	1242
1998	1264
1998	1336
1998	1356
1998	1373
1998	1391
1998	442
1998	1473
1998	1615
1998	1616
1998	1635
1998	1877
1998	1953
1998	1971
194	575
575	304
575	1386
575	474
1176	1430
1176	1492
1430	1359
1430	1844
1492	1463
1492	1780
1177	1354
1354	1216
1354	1326
195	629
195	921
629	244
629	368
629	728
921	242
921	256
921	315
921	393
921	431
921	470
921	711
921	1844
921	890
1179	1911
1911	1422
1911	1431
1911	1550
1911	1590
1911	1606
1911	1685
1911	1748
1911	1790
196	412
196	439
196	738
412	642
412	806
439	453
439	570
439	958
738	297
738	557
738	654
1180	1852
1180	1974
1852	350
1852	1819
1852	1932
1974	1298
1974	1327
1974	1332
1974	1355
1974	1412
1974	1554
1974	1731
1974	1795
1974	1875
1974	1912
1531	1495
197	636
197	750
636	717
636	726
636	865
750	573
750	679
750	753
750	931
308	459
308	500
1445	1374
1445	1578
200	592
200	990
592	584
592	740
990	417
990	587
990	594
990	622
990	623
990	720
990	1747
990	787
1695	1463
1695	1479
1695	1723
1695	1776
201	442
201	754
754	529
754	557
754	628
754	861
754	933
464	207
464	625
787	463
787	704
787	775
787	880
787	899
787	934
1185	1344
1185	1363
1344	1772
1363	1197
1363	1686
1363	1830
203	346
203	704
346	684
346	799
346	883
704	626
704	727
704	831
449	473
449	534
449	869
1875	1353
1875	1355
1875	1515
1875	1646
1875	1685
1875	1733
1659	1331
1659	1537
1659	1784
1659	1808
1659	1952
890	273
890	304
890	561
890	623
890	829
206	608
608	350
608	525
608	858
207	933
933	282
933	366
933	471
933	609
933	769
933	846
1230	1892
1230	1930
1190	1361
1361	1232
1361	1302
1361	1595
208	556
208	680
556	244
556	1333
680	269
680	312
627	438
627	491
1697	1892
1697	1905
352	536
352	711
949	361
949	388
949	445
949	486
949	491
949	550
949	605
949	715
949	771
949	805
949	870
949	873
1823	1197
1823	1442
1823	1674
1823	1736
1823	1775
1823	1930
211	347
211	525
347	393
347	823
347	941
525	333
212	641
641	573
641	802
1193	274
1193	1724
274	560
1724	1345
1724	1690
1724	1699
1724	1971
1592	1850
1592	1960
1195	1692
1692	1283
1692	1386
884	249
884	313
884	543
884	727
884	846
884	934
265	903
591	681
591	864
591	870
215	482
215	534
215	582
482	594
534	808
582	307
582	802
582	829
216	288
216	791
288	569
288	570
791	249
791	561
217	599
599	1442
599	802
218	616
616	488
616	601
616	679
616	874
1196	1912
1912	1370
1912	1429
1912	1464
1912	1499
1912	1566
1912	1654
1912	1660
1198	1314
1314	1932
1314	1957
219	257
219	302
302	221
302	571
1199	1279
1199	1709
1279	1565
1279	1960
1709	1233
1709	1844
1709	1896
1709	1960
713	869
713	941
1786	1442
1786	1680
1786	1952
1851	1282
1851	1319
1851	1459
1851	1755
1851	1971
1203	1824
1824	1488
1824	1503
1824	1579
1824	1784
1824	1850
221	808
808	320
808	585
808	903
1205	1339
1339	1456
1339	1502
222	354
222	500
500	941
223	769
223	771
769	343
769	844
771	463
771	715
771	747
771	767
771	931
430	425
430	459
430	880
1207	1904
1904	1427
1904	1529
1904	1553
1904	1610
1904	1625
1904	1649
1904	1726
1904	1810
1904	1895
1904	1971
1424	1690
1424	1772
1424	931
1209	1409
1209	1614
1409	1669
1409	1902
1287	1772
1287	1932
1212	1734
1734	1416
1734	446
1734	1557
1734	1781
1213	1298
1213	1463
1213	1767
1298	1683
1767	1388
1767	1487
1767	1550
1767	1748
1214	1595
1214	1861
1595	1609
1595	1628
1861	1238
1861	1503
1861	1519
1861	1529
1861	1560
1861	1606
1861	1765
1861	1877
1215	1726
1726	1539
1726	1639
1726	1862
1726	1896
228	529
228	589
529	883
589	410
589	746
589	847
1216	1319
1216	1605
1605	1539
1605	1819
1217	1704
1704	1294
1704	1515
1704	1580
1704	1615
1704	1736
1704	1798
1704	1877
1218	1421
1218	1903
1421	1827
1903	1262
1903	1376
1903	1481
1903	1532
1903	1684
1903	1774
1903	1960
229	706
706	547
706	648
706	685
1219	1322
1219	1733
1322	1329
1322	1790
1733	1304
1733	1383
1733	1669
1220	1250
1250	1611
1250	1731
1250	1853
332	353
509	958
666	244
666	435
666	865
681	570
681	637
681	711
681	739
681	880
1336	1276
1336	1532
1336	1960
1840	1403
1840	1481
1840	1590
1840	1678
1840	1798
1840	1829
232	493
493	671
493	753
233	672
672	833
1223	1819
1819	1388
1819	1611
1819	1953
234	270
270	298
235	305
235	406
235	642
642	324
642	729
642	873
1808	1254
1808	1303
1808	1503
1808	1562
1808	1668
1826	1539
1826	1894
548	315
548	361
548	617
1226	1682
1682	1626
1682	1748
1682	1809
1682	1971
1227	1261
1227	1862
1261	1515
1261	1561
1862	1251
1862	1428
1862	1478
1862	1662
1862	1747
739	263
739	477
739	743
1228	1957
1957	1313
1957	427
1957	1759
1957	1829
1957	1830
1957	1850
1957	1856
1957	1894
240	530
240	869
530	431
530	705
530	806
869	410
869	494
869	1501
869	885
869	899
869	982
1229	1519
1229	1673
1229	1710
1519	1765
1673	1478
1673	1727
1673	1952
1673	1971
1710	1294
1710	1844
1710	1892
1710	1971
1892	1343
1892	1539
1892	1616
1892	1765
1892	1784
1892	1856
1930	1285
1930	1294
1930	1413
1930	1468
1930	1759
617	477
1897	1551
1897	1634
1897	1895
243	549
243	775
549	626
549	648
775	384
775	518
775	635
775	747
1232	1669
1669	1561
1669	1952
245	318
245	425
318	773
425	605
425	898
425	934
400	289
400	898
432	982
628	392
628	670
628	951
622	703
622	864
1234	1810
1810	1588
1810	1678
1810	1728
1235	1727
1727	1686
1727	1839
1727	1906
1727	1960
309	324
309	903
1625	1441
1780	1274
1780	1317
1780	1662
1780	1952
441	280
441	397
441	805
659	381
1238	1523
1523	1300
805	543
805	552
805	844
1240	1315
1315	1268
1315	1497
846	294
846	717
861	438
861	639
861	711
861	720
861	953
254	958
958	306
958	312
958	452
958	570
958	583
958	773
958	874
1242	1395
1395	1245
1395	1351
256	506
256	823
256	874
506	823
506	831
823	555
823	728
823	744
823	844
823	873
874	263
874	383
874	532
874	594
874	624
874	639
874	751
1435	1376
1435	1666
1435	1778
1245	1473
1473	1713
1473	1778
1246	1367
1367	1259
1367	1772
1367	1798
1537	1608
1873	1251
1873	1333
1873	1365
1873	1481
1873	1579
1873	1609
1873	1715
1248	1647
1248	1811
1647	1418
1647	1437
1647	1932
1811	1567
1811	1575
1811	1683
1811	1685
1811	1853
1811	1905
1436	1252
1436	1894
1611	1699
1731	1420
1731	1532
1853	1491
1853	1971
258	573
260	671
260	726
260	729
671	404
671	885
671	951
726	545
729	712
1251	1446
1251	1575
1446	1380
1446	1442
1575	1393
1575	1666
1575	1971
261	319
261	321
261	885
319	473
319	489
321	275
885	311
885	343
885	397
262	532
262	603
532	547
532	800
603	486
603	580
603	793
603	1895
263	419
903	746
903	829
903	844
903	934
903	941
747	368
747	802
822	349
822	489
822	491
822	648
822	883
822	934
744	277
744	403
744	1971
269	298
269	501
271	883
883	489
883	770
883	953
1254	1338
1254	1654
1254	1906
1338	1391
1338	1790
1654	1428
1654	1639
1654	1664
1654	1896
1906	1302
1906	1307
1906	1502
1906	1566
1906	1662
1906	1699
1906	1775
1906	1960
1906	1971
273	815
815	313
815	570
815	776
560	583
1475	1412
1475	1685
1475	1716
1362	1432
1362	1520
1362	1680
277	404
277	858
277	865
404	381
858	1274
858	438
858	557
858	610
858	722
858	812
858	953
865	290
865	448
865	537
865	982
931	293
931	585
931	709
931	727
931	806
931	873
931	899
898	518
898	624
898	646
898	717
898	798
1470	1829
280	536
1259	1295
1259	1301
1259	1534
1295	1383
1295	1541
1301	1468
1301	1723
1534	1316
1534	1443
550	623
1646	1684
1646	833
1561	1491
1561	1598
1561	1635
1262	1399
1399	1551
1399	1850
284	417
417	524
285	626
626	728
286	602
286	691
691	307
691	899
1265	1288
1265	1600
1288	1850
1600	1639
1600	1740
569	386
569	1462
570	369
1317	1774
1410	1896
1410	1952
1268	1905
1905	1486
1905	1528
1905	1606
1905	1742
1905	1829
1905	1863
1905	1894
1269	1829
1269	1932
1829	1694
1829	1715
1829	1827
1932	1380
1932	1415
1932	1609
1932	1747
1932	1771
1932	1795
1932	1894
290	607
290	934
607	301
607	397
934	300
934	371
934	606
934	740
934	806
802	312
802	518
802	899
293	953
953	312
953	473
953	585
953	605
953	751
1776	1389
1776	1649
1776	1953
1699	1335
1699	1626
1699	873
294	518
295	477
477	717
1274	1701
1701	1742
1389	1478
1389	1606
1389	1736
1686	1628
654	457
654	799
494	567
300	793
300	982
793	330
793	812
982	342
982	580
982	753
982	800
1277	1465
1277	1771
1771	1747
1771	1896
301	597
571	567
1434	1370
1434	1532
1434	1694
1434	1809
1749	1285
1749	1296
304	709
304	844
844	510
844	740
1565	1293
1565	1302
1565	1587
1565	1666
1565	1759
1960	1376
1960	1414
1960	1566
1960	1684
1960	1713
1960	1728
1960	1795
1960	1809
1280	1774
1280	1775
1774	1550
1774	1664
1775	1500
1775	1621
1281	1449
1281	1705
1449	1341
1449	1894
1705	1499
1705	1678
1282	1491
1282	1552
1491	1598
1491	1740
1552	1418
1552	1560
1552	1830
1283	1391
1391	1429
1391	1778
307	444
307	721
444	610
444	746
444	864
721	355
721	458
721	652
721	712
1894	1332
1894	1863
459	1356
459	488
459	715
324	543
324	831
1285	1373
880	521
880	610
880	951
313	941
941	330
941	457
941	521
941	812
941	864
314	624
315	479
315	639
479	1397
479	471
1772	1502
1772	1696
1850	1418
1850	1551
317	325
317	610
325	448
773	394
773	397
773	510
773	715
489	685
489	873
1784	1394
1781	1441
1781	1740
1528	1541
1528	1728
1528	1844
320	623
320	1790
1790	1716
1293	1365
831	353
831	520
831	703
831	727
831	800
448	361
448	635
684	403
684	618
684	799
799	423
799	625
799	670
799	685
847	358
847	631
847	665
847	899
327	369
328	584
328	727
727	465
727	751
743	463
743	712
743	812
330	728
728	514
829	341
829	514
829	864
1296	1653
1296	1778
1653	1690
1653	1952
1778	1431
1778	1448
1778	1971
339	800
800	715
800	798
1297	1326
341	542
542	552
542	951
1683	1356
1683	1413
1683	1752
1952	1302
1952	1386
1952	1462
1952	1588
1952	1590
1952	1953
1468	1606
1723	1628
1723	1809
1303	1403
1303	1844
1844	1557
1844	1660
1844	1863
343	770
770	423
770	720
770	951
637	356
637	458
637	583
637	585
1716	1685
393	443
393	547
349	703
703	1559
350	594
350	712
594	778
712	798
1307	1520
472	951
711	394
711	609
1309	1619
1619	1385
1310	414
414	746
1501	1412
1501	1482
1313	1386
1313	1587
1386	1755
1587	1590
355	370
355	601
370	753
601	423
601	646
488	631
434	740
1321	1759
1329	1736
1715	1755
899	526
366	545
366	585
545	471
585	705
1327	1610
1610	1464
1610	1560
367	583
367	951
951	483
951	675
753	537
753	873
1566	1377
1902	1612
1902	646
371	635
635	431
1736	1397
1736	1456
1736	1526
1736	1690
1454	1415
1454	1478
1703	1394
1703	1713
1331	1412
1335	1630
1630	1567
1630	1578
1532	1550
1337	1462
1337	1742
1456	1448
1502	1616
1340	1586
1586	1562
1586	1662
1586	1713
1586	1896
1586	1971
746	546
746	646
1554	1765
1343	1680
1343	1747
1680	1351
1747	1740
685	427
685	870
1345	1752
1752	1809
1752	1830
381	870
870	580
870	776
870	806
383	558
383	605
558	398
1863	1476
386	552
552	537
391	413
391	483
1351	1375
1375	1609
1352	1629
1629	1953
547	510
1355	1953
1953	1384
1953	1748
1357	1856
1856	1393
1856	1429
1856	1511
1432	1413
445	460
398	453
398	612
612	510
751	461
751	679
1370	1608
1370	1748
1608	1666
1748	1621
1431	1413
776	490
408	474
474	609
1609	1662
1376	1753
1753	1382
1753	1560
1753	1668
1753	1827
806	526
1380	1607
1382	1422
1382	1971
1971	1643
1971	1895
633	463
633	812
648	460
1488	1529
1488	1588
1488	1839
1740	1895
1583	1486
1583	1590
1393	1896
1896	1765
470	540
492	609
812	625
812	652
812	705
1397	1685
1685	1690
1685	1765
1405	1526
435	864
864	580
864	646
437	491
491	798
465	546
465	778
1414	1839
1839	1649
1415	1827
1827	1476
1416	1495
1495	1459
1495	1643
1895	1448
1895	1666
1895	1728
715	717
715	778
1809	1500
1439	1676
1442	1511
1511	1476
546	720
555	873
1443	1459
609	798
1578	1479
476	741
490	675
873	705
1461	1555
1555	1580
1555	1621
1555	1696
1713	1615
1481	1877
1877	519
1877	1529
1588	1533
1500	1553
1500	1765
705	557
720	566
1533	1562
1533	1579
1562	1660
606	619
767	722
