0
143
357
914
997
1
578
761
772
917
1000
375
1545
1783
1946
1001
1055
1328
1820
1981
1002
1183
1425
1546
836
2
128
577
644
669
1003
1253
1371
1656
1939
3
28
204
484
919
1004
1516
1691
1837
1978
1005
1063
1743
1763
1966
4
757
777
963
966
5
33
655
766
1006
1474
1658
1917
1987
1007
303
1573
1745
1889
1008
1494
1900
1907
1927
1009
1053
1661
1866
1959
1010
1162
401
1779
1864
6
650
700
734
942
1011
1271
1318
1408
1574
1012
1208
1398
1970
7
660
857
911
981
8
513
774
784
840
9
158
485
930
957
10
45
614
719
11
480
789
801
946
12
323
663
824
893
13
241
859
887
971
1013
1591
1841
1865
1950
14
267
595
749
929
1014
1632
1744
1822
1967
1015
1564
1679
1834
1937
15
511
820
922
984
16
1460
508
860
868
1016
1080
1910
1931
17
230
255
996
998
18
264
696
736
19
117
253
944
1017
1596
1793
20
192
765
976
993
21
690
697
837
954
1018
1023
1123
1275
1687
22
90
372
832
852
23
335
794
797
818
1019
213
1568
1878
1955
1020
1272
1542
1737
1956
1021
1094
1426
1549
1942
1022
1257
1406
1556
1968
1924
1996
24
692
803
950
1024
1438
1509
1758
1764
25
863
945
1973
974
1025
1757
1858
1983
1026
1466
1547
1849
1027
1720
1799
1802
1871
1028
1189
1698
1893
1941
1029
1051
1624
1627
26
214
630
862
932
27
845
879
906
1030
1525
1536
1994
231
835
1031
1620
1874
1890
1976
29
382
925
972
980
30
481
553
755
834
1032
1048
1188
1469
1033
1787
1804
31
248
433
598
828
1034
1651
1816
1035
1544
1712
1036
1348
1702
1855
1922
32
101
291
1670
688
1037
1057
1202
1417
1657
735
783
1038
1342
1888
1899
1039
1082
1530
1622
1836
1040
1818
1934
34
390
716
939
1041
1582
1923
35
499
517
667
790
36
69
176
694
853
37
702
38
613
825
875
926
1042
1273
1570
1988
39
247
579
733
952
40
768
809
923
41
634
668
872
888
1043
1172
1576
1928
42
236
468
969
43
918
44
897
1044
1514
1860
1958
1045
1292
1543
1921
1989
416
674
975
1046
1886
1919
46
239
826
905
1047
1935
1962
1052
1589
1773
1049
1400
1859
1995
47
377
807
849
1050
1447
1785
1949
1186
1602
1929
48
779
924
965
1085
1522
1916
1175
1760
1791
49
677
970
979
983
50
502
673
973
1054
1485
1838
1857
1984
1729
1750
1825
51
316
496
977
999
1056
1369
1947
52
955
968
53
695
912
1735
1817
54
337
764
1058
1518
1725
1914
1963
1059
1247
1603
1884
1898
55
396
788
900
994
56
334
344
985
57
83
512
871
916
1060
1789
1880
58
129
156
359
658
59
266
407
527
541
60
190
593
686
61
421
877
940
62
411
63
892
909
1061
1323
1521
1885
1062
1110
1457
1933
1940
64
167
310
1221
65
126
661
66
516
804
67
68
399
539
961
756
1064
1178
1751
1876
1938
70
299
364
469
1065
1096
1594
1769
71
737
989
72
405
1452
73
424
943
1066
1381
1718
1869
74
378
418
531
1067
1455
1975
1068
1358
1700
1069
1379
1721
1805
75
422
937
1070
1719
1954
1071
1167
1411
1563
76
440
528
866
964
77
796
839
978
78
848
959
1072
1117
1538
1991
1073
1184
1291
1732
79
179
816
854
1074
1181
1943
1075
1506
1677
1803
1872
80
651
986
1076
1496
1936
81
708
785
82
250
693
927
1077
1249
1637
1078
1402
1633
1821
1985
1079
1134
1882
1237
1540
124
576
84
1512
645
85
86
533
615
902
1081
1641
1714
1761
1794
87
780
960
88
98
814
89
904
988
781
936
1848
1945
1972
91
632
782
92
426
535
838
93
915
992
94
209
409
653
95
162
420
96
154
429
1083
97
106
563
987
466
910
1084
1141
1289
1879
99
522
821
928
1170
1693
100
1225
376
226
841
1086
1099
1087
1305
1483
817
1088
1392
1672
1089
1535
1722
1845
1977
1090
1797
1915
1091
1706
1807
102
360
991
103
363
895
104
348
538
714
105
810
995
1092
1121
1527
1806
1093
1278
1913
1969
1986
380
590
882
107
725
730
1267
1378
1095
108
920
109
450
656
830
110
718
1453
1831
1097
1187
1813
1990
111
455
760
112
268
907
113
225
451
689
1098
1201
1881
114
867
894
115
292
707
1768
1782
116
478
724
759
278
345
118
178
456
551
891
119
698
745
1100
1585
1762
1770
120
281
813
121
752
948
122
1648
732
795
123
889
1101
1311
1870
856
1102
1951
125
581
237
908
1103
1868
1982
1104
1192
1306
1347
1472
1105
1160
1106
1168
1349
1671
1107
1334
1510
1815
1979
1108
1368
1581
127
252
331
843
851
436
687
748
130
428
678
731
131
296
762
132
855
133
157
723
742
1109
1396
134
338
507
135
947
962
1255
1584
1111
1601
1667
1112
1158
1372
1642
1717
136
568
620
811
886
1113
1419
1644
1792
137
329
682
881
138
454
763
896
139
220
699
1114
1115
1239
1846
140
572
850
141
362
638
1116
1638
1756
142
161
710
144
819
145
180
224
146
276
1118
1260
1593
1887
1999
1119
1182
1244
1404
1120
1200
1766
147
148
487
1407
505
956
149
938
1122
1324
1360
1366
1738
150
351
151
202
467
604
1124
1891
1992
1125
1364
1746
1944
1965
1126
1320
1741
1833
152
251
600
153
792
878
1127
1312
1477
1128
1444
1645
564
1129
1498
1842
1130
1206
1801
901
1131
1241
1599
1711
155
1132
1194
1708
1133
1814
1835
1926
1211
1777
586
1135
1663
1901
1136
1480
1997
1137
1286
1330
1843
1867
1138
1171
1572
1604
1139
1636
1140
1577
1964
503
1150
1739
1980
1142
1236
1490
159
326
160
1143
1524
1883
640
554
876
163
574
621
1144
1284
1504
1675
1993
1145
1210
1650
1812
1146
1423
1458
1558
1569
164
175
165
205
967
166
168
559
169
402
664
170
643
1147
1433
1471
171
1148
1505
1854
1149
1401
1920
842
1909
1151
1440
1655
1152
1665
1153
1493
1513
1796
172
389
1154
1681
1847
1155
1266
1688
1832
173
238
683
1156
1224
1484
1157
1652
1908
174
373
1689
1948
1159
1231
1489
1640
210
758
786
1161
1617
1270
1548
1163
1571
1828
611
177
415
1164
1517
1925
1165
1299
1507
1788
1166
1204
1800
913
181
935
182
649
701
183
662
184
387
185
827
1730
186
523
187
647
1346
1961
188
246
1169
1597
189
198
447
562
657
495
191
365
475
1387
1918
498
1707
1173
1613
1623
193
279
395
1174
1450
1754
1290
1998
194
575
1176
1430
1492
1177
1354
195
629
921
1179
1911
196
412
439
738
1180
1852
1974
1531
197
636
750
308
1445
199
200
592
990
1695
201
442
754
464
787
1185
1344
1363
203
346
704
449
1263
1875
1659
890
206
608
207
933
1230
1190
1361
1191
208
556
680
627
1697
352
949
1823
211
347
525
212
641
1193
274
1724
1592
1195
1692
322
884
265
591
215
482
534
582
216
288
791
217
599
218
616
1196
1912
1197
1198
1314
219
257
302
1199
1279
1709
713
1786
1851
1203
1824
221
808
1205
1339
222
354
500
223
769
771
430
1207
1904
1424
1209
1409
1614
1287
227
1212
1734
1213
1298
1463
1767
1214
1595
1861
1215
1726
228
529
589
1216
1319
1605
1217
1704
1218
1421
1903
229
706
1219
1322
1733
1220
1250
332
509
666
681
1336
1840
232
493
233
672
1222
1223
1819
234
270
235
305
406
642
1808
1826
548
1226
1682
1227
1261
1862
587
739
1228
1957
240
530
869
1229
1519
1673
1710
1892
1930
617
242
1897
243
549
775
244
1232
1669
245
318
425
400
432
628
1233
297
622
1234
1810
1235
1727
309
249
1625
1780
441
659
1238
1523
272
805
1240
1315
846
861
254
958
1242
1395
256
506
823
874
1243
1258
1435
1245
1473
1246
1367
1537
1873
1248
1647
1811
1436
1611
1731
1853
258
573
259
260
671
726
729
1251
1446
1575
261
319
321
885
262
532
603
263
419
903
747
822
744
269
298
501
1252
271
883
1254
1338
1654
1906
273
815
560
1420
1475
275
1362
277
404
858
865
931
1256
898
1470
280
536
1259
1295
1301
1534
550
1646
1515
1561
1262
1399
282
283
284
417
285
626
286
602
691
1264
287
1265
1288
1600
569
570
1317
1410
1268
1905
289
1269
1829
1932
290
607
934
802
497
561
293
953
1776
1699
294
518
295
477
1274
1701
1389
1686
1276
654
494
300
793
982
1277
1465
1771
301
597
571
1434
1749
304
709
844
1565
1960
306
1280
1774
1775
1281
1449
1705
1282
1491
1552
1283
1391
307
444
721
1798
1894
459
324
1285
1373
880
311
312
313
941
314
624
315
479
639
1772
1850
317
325
610
773
473
489
1539
1784
1781
1528
320
623
1790
1293
1365
543
831
448
684
799
847
327
369
328
584
727
743
330
728
829
353
1294
333
1383
1541
336
1296
1653
1778
339
800
340
1297
1326
341
542
1683
1952
1300
342
1468
1723
1302
1303
1403
1844
343
770
1304
637
1716
393
349
703
350
594
712
1307
1520
472
711
1308
1309
1619
1310
414
1501
1503
1313
1386
1587
1497
1316
355
370
601
356
358
488
434
1321
1759
1329
361
1715
1325
899
565
366
545
585
1327
1610
367
583
951
368
753
1566
1902
371
635
1736
618
1454
1678
1703
1331
1412
1332
1333
1335
1630
1532
1337
1462
1742
1456
1502
1340
1586
374
1341
746
1554
1343
1680
1747
685
1345
1752
379
514
381
870
1557
383
558
605
384
385
1612
1863
386
552
1350
388
391
413
483
1351
1375
1352
1629
392
1353
443
547
394
1355
1953
1356
1357
1856
1359
1432
1830
445
397
398
453
612
751
1370
1608
1748
403
1431
515
776
1374
408
474
1609
596
1376
1753
410
1377
806
1380
1607
1382
1422
1971
524
1384
1385
633
1755
648
1488
1740
1388
1478
1606
1390
1429
423
1583
1393
1896
1394
470
492
427
812
1616
1397
1685
1551
431
740
1405
1526
435
864
580
437
491
438
465
1413
1414
1839
1415
1827
460
1416
1495
446
1418
1895
1690
1427
1428
452
504
457
458
715
1694
1809
1666
461
1437
1439
1676
1441
462
1442
1511
463
625
546
778
555
540
471
1443
1459
1668
609
1578
476
741
1448
717
490
1451
567
486
631
1795
873
1461
1555
675
798
1464
1635
1467
1639
1713
1476
1479
1481
1877
1482
510
1486
1487
1529
1588
1628
1598
1643
519
1499
520
1500
1553
1765
521
1615
1508
1580
526
705
537
1634
544
720
1631
1728
1550
1533
1562
1579
557
1559
566
1560
1621
1696
1664
1567
676
833
1660
588
670
1590
1662
646
606
619
652
679
1618
1626
1684
1649
665
767
1674
722
