0
99
379
461
598
678
799
810
1886
882
999
1
1372
538
664
715
774
800
806
890
913
929
2
162
187
435
513
1521
709
944
950
983
3
158
1314
512
529
731
893
904
928
931
971
1000
1032
1034
1290
1613
1686
1802
1862
1895
1924
1950
4
196
223
241
258
449
493
542
857
860
5
22
176
217
235
583
708
735
822
960
975
6
192
252
336
384
802
833
879
881
991
7
75
113
226
322
1354
481
530
702
784
889
8
268
1592
663
700
737
808
832
887
947
992
9
122
1454
620
654
687
697
766
888
954
10
239
364
463
519
605
682
775
824
908
918
1001
1008
1327
1334
1404
1648
1657
1764
1849
1850
1866
1002
1154
1198
1296
1708
1744
1757
1820
1854
1893
11
153
257
455
465
570
690
828
922
965
1003
1004
1560
1575
1637
1663
1805
1817
1903
977
1986
1360
1670
1804
1835
1904
1905
1942
1997
12
441
503
602
714
722
1818
819
900
984
13
93
115
124
430
686
713
1869
917
995
14
135
180
504
522
545
649
803
878
933
1005
142
1187
1245
1262
1332
1469
1787
1843
1868
1981
1006
1172
1280
1302
1484
1847
1873
1894
1902
1964
1993
15
91
348
683
767
898
976
993
1007
1066
1229
1356
1753
1848
1858
1960
1971
1972
1994
1010
1094
1406
1755
1811
797
1907
16
18
152
277
295
350
547
768
809
848
952
1009
1184
1323
1394
1452
1658
1675
1734
1930
17
188
291
361
444
557
672
792
818
981
1159
1278
392
1497
1646
1933
1970
1996
224
425
1823
934
968
19
390
642
643
1830
815
923
924
953
20
184
476
574
579
816
961
1011
1113
1247
1480
1534
558
1643
1668
1926
1959
1976
1012
1199
1355
1428
1649
1880
1890
1953
949
1978
1991
1013
1491
1578
1723
1793
1897
1911
1998
21
204
294
429
1605
590
593
612
695
745
847
1014
1025
1590
1651
1653
1777
1799
827
1857
1879
1015
137
1124
1389
1570
1682
1731
1827
1901
68
381
753
886
894
899
959
1016
1127
1547
1594
1624
608
1990
1995
23
272
606
616
622
751
773
988
1017
1363
1564
1568
1623
1794
1837
1921
1988
24
126
517
564
1626
728
850
855
1018
1268
1511
1695
1765
788
1828
1925
1019
1114
1285
1330
1369
1371
1704
1727
1743
1020
1227
1316
1319
1705
1720
1021
1365
1415
1420
1524
1614
1683
1740
1909
1922
1022
1164
1193
1610
1798
1834
1845
842
1979
1023
1169
1180
1248
1254
398
1425
1600
1932
1980
1024
219
1269
1322
1377
1442
1833
25
71
181
436
458
550
572
630
707
902
955
1119
1304
1563
1739
1783
1815
1916
1958
1026
1213
1277
395
1429
1529
1676
1680
1861
26
356
787
829
851
942
987
997
27
63
330
562
1714
701
946
970
1027
1348
1461
1644
779
1852
1919
1975
28
288
317
554
575
673
733
844
919
1028
1057
1076
1120
1195
1426
1728
1937
1946
29
146
611
624
771
973
1029
1294
1456
1477
1763
796
1984
30
83
221
376
446
681
692
730
937
31
368
544
610
623
669
811
1030
1061
1397
1487
1514
1729
1768
1782
1842
32
101
460
635
744
801
911
33
160
178
199
487
604
719
1945
945
34
396
525
599
718
742
905
927
936
35
189
236
270
770
812
1860
852
863
925
36
373
561
600
849
864
912
1031
1236
1761
1780
1789
1796
1812
1206
1506
817
1943
1966
1033
1395
1419
1712
1888
1910
1931
37
86
216
332
351
633
762
821
982
38
227
477
609
666
757
820
858
39
333
831
1191
1414
1434
1863
1871
1963
1035
1056
1548
1671
1684
1929
1936
1036
1111
1297
1436
1750
746
1906
40
111
267
489
694
729
854
883
1037
1216
1350
1351
1411
1565
1596
1822
1855
1985
41
374
408
632
676
691
791
42
231
472
655
794
1885
930
962
1038
1065
1090
1689
1751
1914
43
141
1166
563
592
634
637
834
963
44
274
1368
740
759
804
980
45
421
424
468
478
897
909
938
46
49
520
526
680
763
835
958
47
74
335
363
613
671
711
48
402
1555
625
639
814
830
1059
674
837
932
979
989
50
56
344
401
667
749
798
940
1039
1087
1388
1409
1438
1685
1838
1900
1915
51
615
1819
865
52
254
464
750
53
211
597
956
1040
1513
1891
1928
1949
54
242
659
764
795
55
297
556
1607
805
866
915
957
1041
1079
1652
1807
1875
1982
1983
1042
1139
1156
1283
1390
1537
1572
1877
1940
1043
1703
1721
1786
1044
1108
1226
1309
1690
1759
1918
1934
1973
57
107
394
411
531
845
972
1045
1475
1545
1747
1046
1358
1464
1498
58
260
304
536
59
278
293
920
1047
1474
1501
1778
1048
1149
1176
1735
1766
60
603
640
948
61
1573
939
1049
1239
1579
1865
1917
1999
1050
1284
1340
1413
1635
1792
1947
1051
1175
1408
1791
62
120
186
528
689
907
1052
1093
1463
1707
1887
1969
1053
1235
1437
1642
1797
1859
1876
90
321
324
329
475
743
64
319
499
706
736
840
65
300
732
868
869
998
66
366
448
521
712
755
836
906
67
144
340
651
777
985
1326
359
618
705
727
1054
1230
1441
1540
1549
1718
1748
1856
69
108
255
391
627
875
1941
1055
1063
1253
505
1523
1621
1693
70
404
994
1095
1155
1754
1813
1167
1629
1987
1118
238
263
698
1058
1174
1240
1803
1569
1631
1846
1927
1944
72
218
234
355
870
877
73
347
685
873
147
245
264
641
96
100
203
578
76
346
380
479
1060
1215
1275
1349
1525
1551
1636
1769
1821
1955
77
551
783
876
884
78
249
290
313
341
385
500
1405
1677
1920
79
693
1062
1142
1178
1488
1881
1952
80
586
646
723
825
1110
1376
1503
1655
1844
1867
1064
1299
1519
1836
1967
81
140
434
546
684
82
253
416
492
793
841
853
1147
1171
1541
1546
1630
1697
440
647
717
84
631
648
1872
966
1328
1650
1678
862
1935
1067
1392
1430
1462
1467
1550
1571
1640
85
164
450
1699
926
1068
1219
1313
1344
1476
1724
1956
269
299
756
813
967
87
896
1069
1249
1532
1567
1884
1070
1308
1493
1810
1071
1221
1318
1458
1512
1665
1951
88
1185
469
582
826
89
386
916
1938
367
584
1072
1192
1264
1710
1073
1150
1424
1989
130
389
657
903
1074
1202
1373
1499
1874
1075
1401
1806
92
207
222
250
621
901
1473
1533
1618
1645
1077
1144
1732
1758
1774
1939
276
415
445
670
94
220
1407
758
790
95
451
471
871
675
754
761
769
1078
209
1561
1612
1679
97
772
856
921
98
338
1259
1619
1840
1977
316
629
748
1080
1109
1361
1383
1527
237
285
1081
1391
1515
1829
1864
1082
1204
1232
1466
1664
1839
281
337
566
102
125
172
1189
406
935
1083
1543
1632
103
183
607
677
710
1084
1179
1267
1634
1965
1085
1412
1086
1100
1305
1870
104
215
443
559
1746
105
284
491
549
964
969
1220
1730
1808
1088
1250
1089
1252
1878
106
150
370
778
661
951
571
109
118
182
587
1091
1639
1674
1717
110
1098
247
645
725
785
807
861
1092
1135
1662
1957
112
357
466
703
895
548
780
1258
1272
1535
114
177
273
786
823
1317
1767
1800
116
127
431
974
117
208
473
560
1173
1223
1913
1096
1103
1762
1841
1992
1097
1385
1587
1788
119
410
151
653
121
308
331
782
1851
838
619
1400
1099
1234
323
1347
1423
1483
1593
1209
1439
1101
1602
1696
1722
874
1102
1315
1457
1333
1446
1962
123
484
781
839
1104
1459
1584
1105
1270
1562
1908
1106
1581
1726
1801
1809
1107
1208
1224
1598
1133
1481
1553
1889
400
1509
1603
1656
1145
1246
1853
1287
1912
399
428
433
867
170
527
891
1112
1244
1559
1233
1617
1627
1672
1289
1698
1706
1711
1771
1825
1115
1702
128
198
318
540
129
523
885
978
1116
1128
1588
1700
1701
1954
165
131
132
474
1752
1117
1134
1291
1396
1432
1883
1148
1673
1725
133
752
134
136
1597
1338
1403
1974
240
412
532
910
169
535
990
1121
1307
1505
1122
1580
1713
138
452
789
139
1882
1123
1331
1374
1158
1522
1736
1831
1125
437
155
261
301
403
422
1126
1770
1948
143
383
453
892
1507
638
230
265
577
1152
1197
259
1669
1785
145
343
704
482
149
541
148
251
497
943
312
360
514
354
585
306
486
721
243
339
581
658
1129
1647
1776
154
591
650
724
734
1130
1339
1482
1641
1741
1899
156
210
716
914
157
292
515
510
159
309
191
375
161
279
543
1131
1255
1345
1923
1132
1312
1478
1538
1633
1896
1298
1418
1599
1616
1265
1781
1784
1136
1557
1137
1138
1574
1737
167
872
1256
1140
1141
1622
163
173
212
880
1585
568
539
843
1143
738
1595
166
200
413
588
765
1367
168
533
307
741
1146
1151
1181
1238
371
1228
1398
1586
1654
1667
617
859
1237
171
342
1379
720
174
498
508
175
1440
660
699
760
567
382
614
298
1241
1162
1393
179
1470
1508
233
1153
1544
1688
1824
387
662
1968
454
776
941
1410
185
320
419
1214
1381
1495
1681
1366
1558
1661
1157
1421
1892
197
314
271
507
696
1691
1826
287
1620
1160
1530
190
266
407
1161
1451
1163
1775
518
1479
1165
1611
1779
1210
1445
1687
1795
193
194
442
565
195
457
644
1577
325
488
490
1168
1660
1961
1281
1353
1375
1556
1898
1170
1231
1276
1589
1745
480
1715
1182
1536
1615
1666
201
334
345
202
506
996
1271
1486
1444
349
1177
1211
1566
205
206
986
1416
1380
296
1273
1183
1357
1583
1692
1609
1186
1218
1402
1601
397
423
652
1500
358
552
213
214
594
1188
1531
537
1190
1303
1433
1494
573
327
1194
1201
1582
1638
595
668
377
438
1196
1300
1310
1329
246
352
656
225
1382
244
1324
467
1200
501
228
679
1816
1203
229
636
1205
232
1472
414
502
580
1207
534
262
1325
1342
1386
628
1212
1335
1435
555
1450
1492
1542
470
509
310
326
1217
1773
248
1384
665
1352
1742
1749
1222
1279
1306
1832
1738
1716
1225
1320
1518
1790
1719
1362
256
353
459
576
1756
447
726
569
1606
1490
1243
1261
1517
1552
1733
275
1359
1242
1301
388
280
688
315
1465
1417
282
283
405
496
305
1504
393
286
1387
1251
1443
1448
303
739
289
1293
1257
596
1427
1260
1659
1263
456
524
1460
1510
495
846
1266
1471
485
1516
511
302
1447
1709
1274
1526
483
494
311
553
589
439
1282
1625
1449
1608
1286
1288
1468
1431
1591
369
426
1422
1292
1364
328
747
418
1295
1496
1336
1502
1485
372
1311
1628
378
1321
1520
1343
626
1378
1576
362
1337
365
1489
1814
1341
1772
1346
1539
1455
1370
432
1760
1528
601
427
420
1554
516
409
417
1399
1453
1604
462
1694
