2000	0
0	25
0	108
0	189
0	207
0	342
0	539
0	581
0	636
0	689
0	772
0	822
0	889
0	999
0	1153
1	77
1	89
1	129
1	168
1	178
1	396
1	482
1	518
1	591
1	686
1	756
2	115
2	128
2	293
2	348
2	370
2	372
2	517
2	526
2	563
2	766
2	824
2	893
2	908
2	926
2	993
3	27
3	59
3	116
3	145
3	193
3	324
3	409
3	453
3	499
3	558
3	594
3	699
3	719
3	769
3	774
4	42
4	79
4	460
4	554
4	671
4	676
4	937
5	135
5	191
5	360
5	374
5	424
5	468
5	668
5	780
5	847
5	877
6	103
6	254
6	341
6	385
6	407
6	502
6	607
6	616
6	649
6	701
6	717
6	759
6	858
6	915
6	990
6	1927
7	54
7	123
7	209
7	358
7	381
7	432
7	466
7	517
7	523
7	534
7	582
7	626
7	654
7	796
7	858
7	935
7	986
8	143
8	234
8	569
8	628
8	730
8	801
8	918
8	948
9	213
9	229
9	242
9	437
9	439
9	449
9	734
9	853
9	874
10	286
10	402
10	421
10	961
11	305
11	394
11	444
11	553
11	698
11	846
12	95
12	118
12	166
12	212
12	501
12	564
12	828
13	310
13	324
13	412
13	485
13	516
13	881
13	890
13	927
14	137
14	292
14	302
14	338
14	352
14	416
14	525
15	42
15	57
15	308
15	330
15	561
15	735
15	779
15	897
16	20
16	308
16	494
16	705
16	951
16	970
16	991
17	96
17	109
17	145
17	150
17	166
17	528
17	643
17	705
17	717
17	729
17	824
17	891
17	945
18	722
18	882
18	895
18	924
18	931
19	67
19	85
19	102
19	236
19	365
19	418
19	531
19	588
19	780
19	795
19	825
19	826
19	836
19	875
19	891
19	910
19	962
19	995
20	81
20	94
20	288
20	369
20	370
20	654
20	692
20	716
20	853
20	884
20	899
21	102
21	104
21	160
21	168
21	243
21	310
21	342
21	439
21	493
21	495
21	548
21	584
21	629
21	728
21	899
22	123
22	292
22	478
22	492
23	45
23	479
23	615
23	623
23	693
23	731
23	737
23	816
23	923
23	987
24	199
24	205
24	324
24	385
24	505
24	692
24	783
24	787
24	991
25	97
25	939
26	44
26	215
26	374
26	478
26	510
26	521
26	533
26	571
26	644
26	995
27	67
27	120
27	121
27	285
27	400
27	420
27	467
27	582
27	852
27	1828
28	178
28	287
28	425
28	578
28	645
28	693
28	712
28	903
28	949
28	957
28	1360
29	138
29	199
29	294
29	323
29	398
29	404
29	553
29	625
29	664
29	695
29	737
29	806
29	891
29	947
29	982
30	226
30	486
30	496
30	575
30	610
30	705
30	830
31	100
31	127
31	486
31	608
31	665
31	767
31	790
31	796
31	826
32	169
32	413
32	536
32	823
32	861
32	903
32	960
33	44
33	85
33	111
33	283
33	295
33	371
33	387
33	396
33	436
33	479
33	534
33	584
33	637
33	700
33	884
33	977
34	146
34	156
34	191
34	243
34	264
34	561
34	633
34	670
34	715
35	138
35	356
35	360
35	599
35	962
36	144
36	313
36	327
36	398
36	510
36	624
36	625
36	820
36	924
36	979
37	133
37	354
37	425
37	527
37	567
37	873
37	899
37	913
37	958
37	984
37	996
38	108
38	575
38	665
38	722
38	739
38	870
38	894
38	900
38	910
38	974
38	977
38	1900
39	384
39	385
39	398
39	591
39	662
39	760
39	858
39	993
40	71
40	293
40	436
40	464
40	512
40	554
40	607
40	634
40	676
40	1540
41	194
41	263
41	265
41	429
41	487
41	550
41	681
41	822
41	849
42	134
42	268
42	284
42	493
42	633
42	700
42	736
42	742
42	795
43	55
43	126
43	232
43	315
43	399
43	408
43	912
43	956
44	170
44	392
44	519
44	586
44	733
44	921
44	986
44	995
45	122
45	158
45	485
45	611
45	679
45	776
45	921
46	221
46	317
46	467
46	489
46	518
46	730
46	902
47	273
47	281
47	397
47	456
47	519
47	571
47	733
47	834
47	886
47	991
48	280
48	361
48	393
48	420
48	744
48	805
48	859
48	868
48	880
48	998
48	1861
49	109
49	192
49	271
49	291
49	362
49	539
49	746
49	886
49	898
49	904
49	918
49	938
50	179
50	182
50	259
50	393
50	493
50	525
50	902
51	240
51	273
51	590
51	679
51	687
51	717
51	766
51	853
51	915
51	967
51	971
51	983
52	108
52	143
52	180
52	252
52	312
52	554
52	648
52	655
52	692
52	698
52	727
53	130
53	226
53	462
53	624
53	626
53	653
53	662
53	676
53	778
54	367
54	374
54	416
54	555
54	602
54	667
54	772
54	937
54	949
54	980
55	270
55	302
55	411
55	427
55	480
55	699
55	770
56	57
56	70
56	155
56	363
56	417
56	688
56	699
56	841
56	918
56	938
57	74
57	261
57	388
57	479
57	564
57	720
57	733
57	812
57	832
58	118
58	192
58	229
58	234
58	258
58	279
58	373
58	375
58	616
58	718
58	910
59	82
59	120
59	357
59	390
59	570
59	829
59	853
60	99
60	385
60	389
60	576
60	580
60	695
61	199
61	249
61	459
61	563
61	620
61	639
61	719
61	775
61	991
62	356
62	368
62	396
62	411
62	591
62	620
62	754
62	808
62	836
62	940
63	245
63	299
63	309
63	388
63	574
63	582
63	665
63	712
63	804
63	954
63	1643
64	156
64	159
64	334
64	405
64	487
64	507
64	564
64	589
64	590
64	605
64	620
64	628
64	642
64	699
64	843
65	76
65	100
65	257
65	390
65	407
65	421
65	429
65	463
65	468
65	482
65	514
65	690
65	772
65	773
65	893
66	111
66	235
66	563
66	608
66	628
66	684
66	700
66	827
66	855
67	203
67	233
67	467
67	485
67	823
67	958
68	86
68	107
68	130
68	288
68	295
68	652
68	778
68	843
68	884
68	996
69	74
69	368
69	392
69	591
69	883
69	899
70	179
70	195
70	288
70	292
70	332
71	127
71	314
71	331
71	409
71	425
71	515
71	565
71	624
71	670
71	873
72	216
72	226
72	245
72	338
72	348
73	105
73	323
73	385
73	411
73	439
73	445
73	494
73	516
73	521
73	529
73	562
73	632
73	671
73	682
73	788
73	833
73	855
73	962
74	189
74	249
74	404
74	547
74	568
74	606
74	619
74	628
74	844
74	854
74	871
74	894
75	318
75	451
75	471
75	481
75	482
75	798
76	108
76	143
76	151
76	172
76	199
76	241
76	314
76	320
76	492
76	527
76	578
76	648
76	649
76	733
76	815
76	951
77	185
77	492
77	558
77	577
77	613
77	758
77	759
77	803
77	824
77	839
77	957
78	96
78	145
78	165
78	223
78	337
78	369
78	445
78	447
78	561
78	723
78	742
78	756
78	950
78	999
79	125
79	157
79	180
79	194
79	328
79	439
79	517
79	572
79	929
79	970
79	971
80	173
80	255
80	270
80	535
80	550
80	672
80	693
80	709
80	755
80	825
80	952
80	1110
81	209
81	445
81	981
81	986
82	99
82	102
82	113
82	167
82	202
82	238
82	321
82	330
82	365
82	413
82	425
82	528
82	534
82	541
82	651
82	735
83	262
83	539
83	562
83	647
83	956
83	1997
84	99
84	239
84	299
84	316
84	460
84	478
84	482
84	847
84	860
84	947
84	959
84	979
84	980
85	225
85	275
85	510
85	533
85	564
85	767
86	157
86	214
86	261
86	263
86	436
86	780
86	914
87	98
87	322
87	330
87	406
87	647
87	820
87	968
88	119
88	155
88	256
88	284
88	499
88	772
88	903
88	905
88	980
88	997
88	1377
88	1794
89	206
89	398
89	420
89	454
89	457
89	555
89	711
90	295
90	363
90	369
90	394
90	407
90	531
90	579
90	623
90	727
90	881
91	368
91	429
91	468
91	804
91	820
91	866
92	207
92	227
92	288
92	356
92	487
92	665
92	731
92	879
92	969
93	267
93	385
93	530
93	546
93	595
93	632
93	662
94	111
94	305
94	420
94	503
94	711
94	756
94	828
94	913
94	964
95	161
95	193
95	216
95	337
95	387
95	551
95	671
95	778
95	838
95	862
96	505
96	507
96	586
96	695
96	785
96	788
97	115
97	337
97	340
97	481
97	520
97	547
97	633
97	640
97	649
97	663
97	712
97	756
97	919
98	127
98	197
98	369
98	453
98	525
98	553
98	597
98	697
98	706
98	761
98	907
99	138
99	274
99	308
99	312
99	326
99	387
99	457
99	590
99	596
99	765
99	797
99	835
99	891
99	973
100	102
100	109
100	183
100	325
100	616
100	694
100	720
100	726
100	736
100	744
100	831
100	927
100	942
100	962
101	152
101	298
101	304
101	329
101	628
101	654
101	661
101	670
101	671
101	741
101	847
101	1990
102	107
102	228
102	398
102	425
102	583
103	176
103	269
103	274
103	298
103	321
103	329
103	334
103	353
103	570
103	721
103	903
103	981
104	226
104	252
104	319
104	538
104	546
104	560
104	626
104	817
104	915
104	946
105	175
105	213
105	392
105	439
105	449
105	727
105	863
105	888
105	910
105	996
106	123
106	202
106	224
106	258
106	529
106	544
106	555
106	825
106	909
107	109
107	140
107	265
107	273
107	501
107	502
107	609
107	990
107	1592
108	134
108	151
108	294
108	344
108	402
108	783
109	132
109	157
109	170
109	228
109	231
109	359
109	389
109	495
109	538
109	663
109	667
109	778
109	781
109	875
109	985
110	146
110	270
110	371
110	634
110	681
110	794
110	805
110	958
111	163
111	250
111	509
111	531
111	597
111	607
111	654
111	936
112	140
112	203
112	347
112	493
112	569
112	789
113	218
113	412
113	544
113	567
113	638
113	739
113	763
113	969
113	972
114	167
114	301
114	345
114	582
114	599
114	961
114	986
115	187
115	313
115	396
115	420
115	682
115	778
115	779
115	809
115	817
115	887
115	994
116	237
116	289
116	294
116	309
116	490
116	510
116	548
116	587
116	711
116	789
116	848
116	891
116	941
117	157
117	279
117	643
117	725
117	747
117	778
117	839
118	237
118	288
118	302
118	325
118	525
118	570
118	876
118	882
118	956
118	975
119	190
119	387
119	419
119	477
119	632
119	678
119	700
119	861
120	143
120	296
120	323
120	564
120	578
120	819
120	891
120	906
120	976
121	126
121	164
121	256
121	282
121	343
121	357
121	403
121	428
121	444
121	619
121	672
121	689
121	841
122	167
122	203
122	696
122	842
123	127
123	273
123	366
123	411
123	509
123	530
123	542
123	596
123	639
123	706
123	771
123	891
123	904
123	935
123	997
124	184
124	195
124	200
124	209
124	228
124	476
124	534
124	736
124	753
124	781
124	988
125	231
125	280
125	369
125	402
125	540
125	658
125	803
125	840
125	944
125	949
125	951
126	140
126	379
126	503
126	681
126	719
126	737
126	752
126	882
127	190
127	298
127	363
127	460
127	747
127	974
128	284
128	309
128	403
128	454
128	467
128	471
128	598
128	678
128	682
128	787
129	375
129	444
129	482
129	828
129	847
129	934
129	950
129	952
129	992
130	224
130	268
130	624
130	773
130	866
130	935
131	407
131	690
131	859
131	862
131	879
131	920
131	938
131	1023
132	134
132	204
132	298
132	493
132	713
132	797
132	832
132	873
132	885
132	943
132	1044
133	297
133	354
133	408
133	502
133	544
133	681
133	760
133	767
133	826
133	837
134	141
134	433
134	505
134	710
134	759
134	769
134	849
134	951
135	229
135	280
135	389
135	412
135	455
135	477
135	576
135	793
135	924
135	951
136	333
136	338
136	466
136	708
136	783
136	786
136	816
136	1106
137	171
137	332
137	465
137	545
137	644
137	698
137	781
137	790
138	276
138	400
138	480
138	501
138	584
138	669
138	914
139	433
139	513
139	589
139	592
139	836
139	988
139	1006
140	317
140	397
140	409
140	487
140	500
140	664
140	725
140	880
140	882
141	202
141	229
141	272
141	300
141	459
141	668
141	736
141	756
141	825
141	939
142	174
142	296
142	336
142	342
142	353
142	565
142	568
142	640
143	271
143	374
143	406
143	426
143	550
143	592
143	594
143	616
143	861
143	939
144	310
144	599
144	795
144	848
144	850
144	918
144	984
144	988
145	155
145	256
145	360
145	503
145	541
145	673
145	701
145	733
145	780
145	806
145	818
145	946
145	952
146	217
146	393
146	569
146	579
146	604
146	644
146	723
146	775
147	279
147	339
147	414
147	445
147	779
147	818
147	820
147	996
148	181
148	190
148	346
148	361
148	371
148	456
148	502
148	533
148	541
148	861
148	865
148	893
148	943
149	266
149	309
149	318
149	321
149	533
149	634
149	679
149	711
149	807
149	832
149	1923
150	260
150	296
150	385
150	416
150	487
150	538
150	618
150	671
150	825
150	946
151	352
151	452
151	472
151	512
151	525
151	645
151	681
152	312
152	533
152	707
152	749
152	852
152	945
153	279
153	300
153	365
153	512
153	514
153	553
153	718
153	722
153	733
153	790
153	877
154	167
154	222
154	278
154	647
154	752
154	779
154	801
154	865
154	884
154	921
155	255
155	275
155	401
155	449
155	466
155	585
155	696
155	765
155	877
156	382
156	396
156	562
156	616
156	894
157	192
157	195
157	646
157	659
157	924
157	975
157	983
158	334
158	371
158	388
158	392
158	478
158	674
158	854
158	881
158	993
159	278
159	287
159	373
159	420
159	656
159	693
159	820
159	917
160	411
160	425
160	469
160	504
160	744
161	248
161	293
161	570
161	609
161	864
162	256
162	267
162	368
162	397
162	473
162	508
162	638
162	641
162	644
162	931
163	674
163	807
164	177
164	180
164	221
164	472
164	473
164	795
165	185
165	310
165	427
165	514
165	528
165	563
165	743
165	868
166	243
166	375
166	517
166	744
166	751
166	812
167	272
167	366
167	412
167	568
167	653
167	654
167	804
167	831
167	938
168	234
168	485
168	529
168	535
168	613
168	744
168	753
168	864
168	908
168	974
169	443
169	493
169	697
169	828
169	994
169	1065
170	296
170	411
170	492
170	523
170	965
170	968
171	364
171	446
171	581
171	588
171	886
171	938
172	354
172	497
172	517
172	534
172	624
172	718
172	791
172	792
172	847
172	885
172	913
173	237
173	524
173	610
173	619
173	642
173	652
173	887
173	924
173	934
173	965
174	223
174	239
174	285
174	302
174	382
174	385
174	487
174	531
174	634
174	711
174	766
174	855
174	918
174	971
175	497
175	628
176	211
176	235
176	268
176	328
176	393
176	400
176	487
176	496
176	630
176	655
176	879
176	990
176	1288
177	222
177	235
177	283
177	339
177	458
177	472
177	527
177	619
177	722
177	849
177	936
177	980
178	398
178	606
178	659
178	811
178	1878
179	294
179	628
179	630
179	681
179	753
179	918
180	307
180	420
180	489
180	551
180	606
180	755
181	267
181	319
181	320
181	332
181	401
181	449
181	526
181	550
181	575
181	641
181	730
181	917
181	920
181	960
182	211
182	219
182	301
182	327
182	512
182	523
182	742
182	848
182	919
182	963
182	990
183	210
183	603
183	620
183	739
184	193
184	207
184	257
184	346
184	352
184	441
184	501
184	627
184	646
184	647
184	780
184	795
184	980
185	241
185	246
185	349
185	449
185	781
185	825
185	854
185	1506
186	221
186	229
186	409
186	411
186	456
186	620
186	804
186	847
187	534
187	623
187	758
187	767
188	384
188	487
188	511
188	718
188	763
188	913
189	261
189	466
189	639
189	652
189	696
189	774
189	789
189	860
189	954
189	955
190	222
190	333
190	349
190	377
190	557
190	598
190	695
190	731
190	872
190	970
191	305
191	378
191	439
191	622
191	659
191	719
191	821
192	318
192	414
192	436
192	440
192	465
192	491
192	600
192	624
192	684
192	703
192	708
192	841
193	281
193	339
193	580
193	692
193	789
193	1324
194	301
194	405
194	446
194	544
194	666
194	690
194	723
194	738
194	760
194	921
195	881
195	927
195	967
195	984
196	276
196	282
196	300
196	365
196	583
196	669
196	756
196	843
196	849
196	862
196	875
197	563
197	625
197	790
197	792
197	855
197	904
197	986
198	226
198	386
198	501
198	573
198	616
198	725
198	770
198	802
198	803
198	823
198	978
199	261
199	295
199	302
199	548
199	743
200	235
200	493
200	603
200	666
200	737
200	803
200	871
201	289
201	370
201	413
201	697
201	764
201	867
201	932
201	969
202	221
202	244
202	254
202	323
202	460
202	489
202	579
202	627
202	825
202	944
202	1501
203	588
203	643
203	669
203	767
204	554
204	560
204	608
204	781
204	922
204	1057
205	218
205	288
205	305
205	329
205	413
205	480
205	791
205	816
205	848
206	293
206	393
206	400
206	460
206	603
206	804
206	869
206	949
207	269
207	312
207	386
207	418
207	525
207	568
207	602
207	935
208	396
208	585
208	617
208	624
208	781
208	789
208	794
208	832
208	855
209	521
209	539
209	562
209	771
209	841
209	853
209	895
210	384
210	417
210	460
210	483
210	544
210	584
210	689
210	708
210	895
211	435
211	658
212	375
212	398
212	556
212	565
212	592
212	594
212	694
212	772
212	785
212	920
213	520
213	654
213	714
213	753
213	817
213	886
213	946
213	959
213	973
214	310
214	359
214	438
214	644
215	442
215	739
215	790
216	321
216	424
216	583
216	591
216	750
216	777
216	931
216	983
216	1740
217	220
217	278
217	382
217	470
217	521
217	549
217	586
217	702
217	731
217	923
217	1923
218	224
218	235
218	270
218	337
218	468
218	479
218	582
218	617
218	701
218	752
218	864
218	894
218	897
219	226
219	433
219	730
219	794
219	867
220	460
220	669
220	1655
221	260
221	319
221	555
221	622
221	778
221	810
221	970
222	308
222	454
222	645
222	710
222	858
222	864
222	977
223	403
223	490
223	580
223	839
223	841
223	919
223	991
224	238
224	536
224	561
224	584
224	723
224	764
224	779
224	859
224	881
224	940
224	1248
225	351
225	399
225	450
225	514
225	542
225	674
225	683
225	684
225	787
225	880
225	968
226	331
226	365
226	428
226	447
226	459
226	543
226	650
226	679
226	835
226	914
226	944
227	228
227	301
227	506
227	529
227	894
228	427
228	480
228	493
228	574
228	601
228	686
228	836
228	952
229	266
229	330
229	353
229	452
229	771
229	829
229	931
230	622
230	739
230	833
230	852
230	879
230	900
230	955
230	957
231	281
231	440
231	474
231	537
231	747
231	771
231	999
232	263
232	290
232	344
232	348
232	418
232	492
232	541
232	543
232	554
232	666
232	761
232	831
232	860
232	980
232	989
233	679
233	734
233	831
233	902
233	916
233	989
233	996
234	284
234	391
234	406
234	603
234	637
234	853
234	992
235	236
235	497
235	692
235	774
235	1160
236	253
236	297
236	688
236	698
236	813
236	893
236	947
236	998
237	261
237	378
237	404
237	459
237	477
237	650
237	716
237	774
237	963
238	492
238	530
238	740
238	762
239	301
239	564
239	598
239	638
239	749
239	786
239	842
239	902
239	937
240	243
240	256
240	410
240	517
240	555
240	620
240	663
240	678
240	795
240	796
240	918
240	941
240	972
241	448
241	576
241	589
241	665
241	676
241	684
241	703
241	749
241	800
241	934
241	1007
242	321
242	388
242	398
242	441
242	513
242	592
242	615
243	416
243	753
243	808
243	826
243	854
243	925
243	953
243	973
243	1720
244	280
244	503
244	504
244	556
244	583
244	639
244	665
244	691
244	703
244	800
244	972
244	1263
245	250
245	413
245	484
245	601
245	656
245	827
245	840
245	845
245	847
245	913
246	313
246	336
246	483
246	580
246	611
246	746
246	767
247	287
247	294
247	329
247	377
247	607
247	771
248	296
248	495
248	507
248	815
248	828
249	289
249	392
249	598
249	824
249	908
250	257
250	496
250	503
250	510
250	809
250	860
251	288
251	306
251	403
251	430
251	484
251	600
251	618
251	824
251	890
251	929
251	957
252	266
252	524
252	785
252	817
252	928
252	939
253	336
253	421
253	649
253	770
253	868
253	891
253	980
254	409
254	446
254	765
255	380
255	440
255	572
255	615
255	832
255	926
256	299
256	368
256	382
256	385
256	428
256	469
256	507
256	556
256	666
256	777
257	329
257	419
257	493
257	513
257	563
257	591
257	642
257	661
257	698
257	709
257	729
257	907
257	912
257	954
257	992
258	296
258	341
258	499
258	633
258	659
258	663
258	732
259	275
259	280
259	422
259	553
259	758
259	767
259	807
259	830
259	831
259	903
260	283
260	769
260	966
261	291
261	304
261	639
261	709
261	776
261	817
262	420
262	530
262	588
262	596
262	640
262	917
263	266
263	358
263	405
263	670
263	749
263	829
263	983
263	997
263	1950
264	345
264	522
264	706
264	761
264	790
264	877
265	434
265	460
265	473
265	680
265	928
265	999
266	542
266	993
267	329
267	354
267	588
267	728
267	832
267	838
267	860
267	888
268	269
268	346
268	738
268	811
268	893
268	908
268	935
269	316
269	426
269	469
269	547
269	609
269	610
269	798
270	311
270	320
270	391
270	398
270	402
270	747
270	774
270	793
270	858
270	923
270	989
271	294
271	339
271	500
271	543
271	596
271	722
271	739
271	918
272	462
272	485
272	587
273	296
273	368
273	524
273	595
273	659
273	668
274	349
274	376
274	429
274	583
274	585
274	593
274	736
274	765
274	828
275	321
275	428
275	483
275	623
275	746
275	836
276	384
276	522
276	535
276	613
276	646
276	727
276	739
276	791
276	893
276	914
277	288
277	400
277	489
277	577
277	803
277	918
277	993
278	348
278	374
278	401
278	403
278	671
278	828
278	906
278	920
278	974
278	983
278	1353
279	408
279	461
279	598
279	602
279	699
280	416
280	461
280	470
280	618
280	631
280	848
280	877
281	289
281	421
281	432
281	444
281	664
281	666
281	702
281	856
281	952
281	953
282	372
282	440
282	458
282	616
282	652
282	743
282	800
282	850
282	971
282	984
283	285
283	345
283	434
283	561
283	630
283	700
283	738
283	868
283	875
283	883
283	885
283	980
284	428
284	538
284	634
284	857
284	924
284	989
285	346
285	357
285	377
285	419
285	439
285	533
285	606
285	751
285	852
285	886
285	991
286	318
286	326
286	403
286	672
286	781
287	312
287	388
287	423
287	518
288	418
288	454
288	497
288	674
288	828
288	890
288	909
288	943
288	972
289	341
289	405
289	416
289	578
289	750
289	829
290	539
290	556
290	600
290	666
290	711
290	898
290	932
291	391
291	620
291	810
292	394
292	476
292	484
292	738
292	781
292	784
292	898
293	367
293	497
293	528
293	978
293	993
294	440
294	464
294	488
294	661
294	886
294	964
294	975
295	435
295	551
295	824
296	322
296	325
296	434
296	554
296	668
296	821
296	841
296	1607
297	355
297	584
297	645
297	671
297	679
297	708
297	781
297	830
297	951
297	990
298	426
298	594
298	604
298	790
298	1535
299	510
299	550
299	604
299	652
299	709
299	821
299	900
300	378
300	403
300	671
301	354
301	446
301	512
301	514
301	577
301	864
301	865
301	900
301	976
302	532
302	553
302	566
302	615
302	648
303	314
303	365
303	377
303	518
303	568
303	642
303	764
303	1365
304	466
304	727
304	984
305	466
305	634
305	638
305	685
305	791
306	670
306	801
307	364
307	594
307	679
307	693
307	713
307	718
307	756
307	805
307	865
307	904
307	910
308	536
308	605
308	998
309	395
309	564
309	598
309	640
309	859
310	346
310	521
310	534
310	723
310	784
310	837
310	923
311	406
311	512
311	618
311	719
311	767
311	899
311	954
312	409
312	510
312	716
312	786
312	864
312	927
313	438
313	473
313	479
313	516
313	523
313	525
313	564
313	625
313	628
313	682
313	717
313	897
314	420
314	436
314	487
314	790
314	1305
315	349
315	358
315	424
315	517
315	595
315	632
315	817
315	829
316	528
316	825
316	868
317	465
317	529
317	574
317	586
317	592
317	705
317	813
317	826
317	909
317	981
318	677
318	738
318	805
318	898
318	900
319	494
319	546
319	724
319	741
319	789
319	866
319	977
320	475
320	551
320	562
320	603
320	701
320	718
320	741
320	980
321	326
321	350
321	365
321	399
321	697
321	730
321	814
321	817
321	903
321	914
322	331
322	333
322	385
322	561
322	568
322	613
322	662
322	714
322	834
322	968
323	556
323	578
323	584
323	776
323	812
324	397
324	514
324	567
324	717
324	725
324	988
324	1556
324	1834
325	352
325	427
325	439
325	514
325	595
325	610
325	643
325	709
325	838
325	882
325	951
326	329
326	331
326	441
326	452
326	460
326	465
326	472
326	477
326	498
326	597
326	719
326	825
326	877
327	350
327	496
327	850
327	883
328	457
328	580
328	719
328	808
328	878
328	960
328	975
329	342
329	409
329	532
329	546
329	591
329	820
329	833
329	856
329	857
329	865
330	353
330	457
330	786
330	931
331	793
331	991
332	359
332	579
332	737
332	765
332	914
332	933
332	942
333	337
333	431
333	556
333	700
333	706
333	773
333	810
334	740
334	951
335	356
335	376
335	510
335	529
335	644
335	718
335	798
335	859
335	918
336	436
336	495
336	521
336	526
336	583
336	586
336	750
337	402
337	562
337	722
337	779
337	813
337	866
337	959
337	984
337	990
338	459
338	528
338	607
338	642
338	733
338	869
338	956
338	1048
339	370
339	552
339	645
339	677
339	821
339	953
340	454
340	555
340	910
341	437
341	534
341	637
341	782
342	463
342	535
342	563
342	584
342	616
342	643
342	784
342	924
342	928
343	394
343	443
343	457
343	481
343	505
343	669
343	728
343	773
343	795
344	414
344	428
344	460
344	496
344	528
344	532
344	541
344	630
344	711
344	725
344	769
344	791
344	906
344	962
344	989
345	382
345	433
345	559
345	613
345	623
345	713
345	924
345	946
345	972
346	516
346	671
346	757
346	786
346	788
346	808
346	828
346	854
346	914
346	951
347	424
347	436
347	545
347	852
347	868
347	899
348	479
348	534
348	582
348	726
348	865
348	982
349	402
349	573
349	589
349	609
349	635
349	764
349	791
349	984
349	995
350	531
350	679
350	683
350	745
350	890
351	372
351	420
351	511
351	617
351	717
351	731
351	775
351	788
351	993
351	994
353	365
353	419
353	426
353	493
353	528
353	622
353	835
353	915
354	430
354	504
354	704
354	791
354	799
354	809
354	912
355	369
355	510
355	544
355	767
355	796
355	803
355	942
356	372
356	462
356	507
356	684
356	719
356	742
356	751
356	768
356	853
356	857
356	906
357	365
357	628
357	750
357	762
357	894
357	916
357	1789
358	579
358	621
358	628
358	719
358	796
358	817
358	851
358	887
358	1117
359	402
359	493
359	515
359	695
359	852
359	875
360	680
360	688
360	725
360	729
360	813
360	824
361	449
361	693
361	760
361	765
361	771
361	773
361	792
361	835
361	896
361	971
361	1768
362	443
362	459
362	674
362	985
363	427
363	510
363	650
363	729
364	530
364	540
364	552
364	717
364	762
364	879
365	397
365	469
365	481
365	674
365	713
365	871
365	893
365	1483
366	988
367	429
367	479
367	609
367	748
367	760
367	936
367	966
367	976
368	430
368	532
368	597
368	720
368	836
368	837
368	897
369	507
369	546
369	654
369	780
369	789
369	857
369	914
370	412
370	451
370	647
370	650
370	688
370	774
370	893
370	912
370	957
370	959
370	988
371	388
371	542
371	621
371	671
371	791
371	896
371	914
371	987
372	391
372	666
372	761
372	787
372	946
373	700
373	1805
374	482
374	863
374	985
375	651
375	762
375	842
375	850
375	975
376	411
376	438
376	470
376	684
376	847
376	885
376	908
377	528
377	569
377	590
377	678
377	761
377	858
377	904
377	907
377	969
378	406
378	481
378	539
378	623
378	626
378	640
379	408
379	538
379	546
379	618
379	626
379	975
380	692
380	787
380	860
380	914
381	599
381	681
381	702
381	758
381	924
381	950
382	473
382	536
382	569
382	726
382	917
382	919
383	425
383	441
383	712
383	795
383	826
383	880
383	1278
384	420
384	481
384	549
384	585
384	619
384	870
385	403
385	474
385	583
385	620
385	686
385	996
386	545
386	795
386	869
386	976
387	501
387	580
387	607
387	652
387	702
387	815
387	1091
388	391
388	413
388	448
388	497
388	500
388	731
388	775
388	876
388	891
389	426
389	723
389	790
389	821
389	981
390	453
390	872
390	880
390	934
390	981
391	394
391	464
391	522
391	724
391	772
391	815
391	840
391	905
392	440
392	745
392	766
392	826
392	880
392	1667
393	531
393	584
393	622
393	722
393	776
394	477
394	815
395	640
395	700
395	740
395	927
396	554
396	560
396	578
396	773
397	428
397	433
397	442
397	497
397	549
397	674
397	792
397	947
397	998
398	418
398	463
398	513
398	598
398	653
398	681
398	747
398	779
398	832
398	960
399	460
399	468
399	497
399	973
399	976
400	678
400	819
401	582
401	846
402	412
402	639
402	662
402	667
402	822
402	857
402	932
402	955
403	418
403	532
403	558
403	602
403	604
403	650
403	699
403	868
404	577
404	604
404	610
404	684
404	763
404	882
404	928
405	580
405	606
405	733
406	563
406	807
406	808
406	950
407	703
407	837
408	471
408	494
408	871
408	902
408	933
408	986
409	667
409	670
409	697
409	711
409	773
410	461
410	467
410	498
410	504
410	519
410	539
410	560
410	966
410	983
411	677
412	451
412	478
412	565
412	625
412	688
412	863
412	895
413	462
413	468
413	469
413	626
413	730
413	741
413	757
413	759
413	884
413	927
414	449
414	500
414	505
414	520
414	690
414	747
414	881
415	422
415	526
415	711
415	776
415	841
415	860
415	941
416	630
416	850
416	930
417	523
417	673
417	700
417	830
418	542
418	660
418	702
418	751
418	812
418	867
418	926
419	468
419	569
419	600
419	646
419	655
419	819
419	910
419	965
420	428
420	510
420	525
420	566
420	637
420	1441
421	518
421	667
421	910
421	958
422	510
422	546
422	637
422	829
422	850
423	468
423	475
423	499
423	514
423	569
423	633
423	650
423	686
423	822
423	942
423	985
423	1970
424	517
424	518
424	686
424	768
425	432
425	532
425	540
425	564
425	624
425	683
425	691
425	728
425	904
425	934
426	467
426	624
426	703
426	767
426	774
426	829
426	960
426	978
426	989
427	485
427	647
427	675
427	707
427	949
428	528
428	730
428	741
429	534
429	545
429	683
429	764
429	868
429	933
430	476
430	522
430	580
430	582
430	589
430	615
430	828
430	865
430	945
431	557
431	634
431	896
431	902
431	911
431	1633
432	514
432	607
432	608
432	638
432	876
432	942
432	1788
433	476
433	486
433	506
433	848
433	951
433	1659
434	507
434	584
434	634
434	658
434	693
434	766
434	804
434	990
435	915
436	486
436	574
436	830
436	854
436	880
436	914
437	815
437	851
437	946
438	460
438	648
438	747
439	523
439	678
439	714
439	955
439	960
440	476
440	534
440	733
440	878
440	996
441	660
441	781
441	895
441	983
442	608
442	918
442	993
443	541
443	548
443	566
443	615
443	803
443	893
444	486
444	638
444	689
444	778
444	809
444	816
444	930
445	451
445	814
445	875
445	878
445	894
445	923
446	473
446	566
446	774
447	460
447	586
447	623
447	664
448	709
448	747
448	910
448	930
449	720
449	731
449	877
449	956
449	958
450	600
450	701
451	493
451	599
451	749
451	789
451	823
451	894
451	925
452	672
452	808
452	963
453	554
453	586
453	658
453	662
453	698
453	843
453	854
454	532
454	628
454	634
454	658
454	715
454	847
454	989
454	1247
455	546
455	688
455	748
455	777
455	779
455	892
456	561
456	625
456	645
456	845
456	905
457	659
457	866
457	903
457	959
457	970
458	524
458	602
458	630
458	785
458	830
458	947
458	954
459	463
459	497
459	513
459	594
459	768
459	849
459	947
459	989
460	561
460	677
461	484
461	558
461	569
461	891
462	556
462	633
462	688
462	727
462	760
462	892
462	987
463	594
463	614
463	631
463	750
463	885
464	494
464	501
464	524
464	564
464	642
464	776
464	843
465	726
465	877
465	936
466	501
466	604
466	631
466	701
466	743
466	838
466	928
466	1887
467	513
467	516
467	527
467	727
467	828
467	850
467	854
467	962
468	591
468	618
468	731
468	841
468	961
469	608
469	694
469	703
469	725
469	810
469	930
470	512
470	635
470	717
471	702
471	787
471	997
471	1304
472	627
472	631
472	875
473	571
473	647
473	703
473	890
473	907
473	910
474	502
474	851
474	868
474	884
475	561
475	574
475	647
475	663
475	777
475	841
475	910
475	955
476	517
476	582
476	740
476	786
476	796
476	985
477	504
477	735
477	738
477	751
477	839
478	649
478	711
478	745
478	765
478	840
478	853
478	904
478	996
479	552
479	698
479	760
479	901
479	928
480	551
480	680
480	788
481	504
481	530
481	797
481	849
481	866
482	537
482	540
482	547
482	638
482	706
483	607
483	771
483	802
483	819
483	1306
484	628
484	658
484	740
484	742
484	859
484	906
484	959
484	974
485	554
485	712
485	780
485	805
485	908
486	494
486	529
486	723
486	760
486	944
487	649
487	679
487	742
487	755
487	769
488	580
488	828
488	954
489	538
489	673
489	769
489	773
489	790
489	821
489	874
490	548
490	859
490	1100
491	517
491	624
491	667
491	775
491	815
491	851
491	856
492	888
493	873
493	942
493	962
493	992
494	659
494	773
494	880
495	992
496	501
496	539
496	623
496	635
496	691
497	702
497	740
497	762
497	814
497	817
498	528
498	622
498	881
498	919
498	1107
499	667
499	851
500	512
500	583
500	640
500	840
501	784
501	828
501	839
501	948
501	969
501	973
502	517
502	645
502	924
502	960
503	531
503	534
503	668
503	944
504	674
504	675
504	710
504	746
504	789
504	805
505	621
505	918
506	543
506	597
506	731
506	733
506	760
506	787
506	825
506	961
506	1218
507	522
507	593
507	724
507	885
507	931
507	940
507	975
508	513
508	533
508	670
508	782
508	784
508	799
508	879
508	891
509	611
509	673
509	680
509	755
509	989
509	998
510	826
510	902
510	943
510	959
510	961
511	592
511	687
511	750
511	757
512	568
512	693
512	892
513	616
513	665
513	722
513	900
513	954
513	1909
514	557
514	664
515	525
515	567
515	830
515	858
515	913
515	997
516	552
516	559
516	569
516	743
516	988
517	642
517	757
517	763
518	596
518	655
518	703
518	971
519	692
519	770
519	786
519	799
519	868
519	869
520	537
520	643
520	791
520	893
520	902
521	567
521	643
521	722
522	666
522	721
522	730
522	847
523	541
523	543
523	628
524	582
524	654
524	749
524	750
524	925
524	1185
525	569
525	618
525	625
525	815
525	820
525	853
525	868
525	881
526	603
526	606
526	791
526	830
526	972
526	981
527	600
527	628
527	773
527	823
528	584
528	708
528	790
528	909
528	995
529	799
529	864
529	889
530	655
531	561
531	566
531	616
531	694
531	715
531	740
531	782
531	877
531	993
532	619
532	629
532	683
532	882
532	909
532	956
533	595
533	738
533	763
533	793
533	879
533	897
534	778
535	848
536	668
536	931
536	972
536	1578
537	842
537	861
537	983
538	547
538	762
538	945
538	979
539	576
539	591
539	748
539	758
539	817
539	840
539	1463
540	630
540	713
540	862
540	871
540	924
540	931
540	968
541	634
541	722
541	740
541	870
542	612
542	654
542	838
543	658
543	688
543	833
543	841
543	860
543	989
544	550
544	756
544	993
545	550
545	665
545	731
545	936
545	945
545	971
546	560
546	672
547	602
547	713
547	765
547	803
547	972
548	582
548	924
549	569
549	573
549	692
549	734
549	775
549	814
549	824
549	825
549	934
549	1247
550	579
550	654
550	818
550	959
550	1444
551	555
551	591
551	609
551	877
551	897
551	930
551	1666
552	882
553	566
553	608
553	701
553	703
554	636
554	655
554	746
554	756
554	770
554	791
554	924
555	674
555	823
555	853
555	900
555	913
556	804
556	901
557	574
557	610
557	754
557	803
557	876
557	880
557	898
558	599
558	605
558	682
558	830
559	633
559	650
559	728
559	931
559	942
559	987
560	596
560	601
560	658
560	764
561	714
561	930
561	949
561	974
562	670
562	760
562	787
562	799
562	941
563	581
563	753
563	901
564	596
564	648
564	682
564	701
565	716
565	802
565	821
565	896
566	573
566	603
566	608
566	655
566	790
566	919
567	591
567	694
567	719
567	812
567	914
567	960
568	700
568	729
568	743
568	810
569	593
569	604
569	842
569	845
569	877
569	887
569	917
569	968
570	585
570	695
570	910
570	983
571	597
571	609
571	668
571	746
571	749
571	823
572	604
572	774
572	981
573	682
573	765
573	814
573	817
574	575
574	592
574	681
574	702
574	749
574	750
574	880
575	680
575	686
575	698
575	750
575	758
575	856
575	880
576	630
576	679
576	761
576	943
576	980
577	613
577	716
577	863
577	910
577	967
578	612
578	743
578	890
579	856
579	931
579	947
579	994
580	724
580	856
581	605
581	661
581	670
581	872
581	922
582	632
582	725
582	904
582	1281
583	712
583	727
583	819
583	841
584	765
584	776
584	858
584	995
585	708
585	806
585	838
585	963
586	667
586	714
587	764
587	779
587	797
588	633
588	730
588	1466
589	633
589	804
590	604
590	694
590	927
590	998
591	675
591	936
591	939
591	941
592	686
592	794
592	872
592	893
592	959
592	981
593	731
593	738
593	859
594	605
594	695
594	711
594	734
594	753
594	857
594	879
594	899
594	969
594	1876
595	660
595	682
595	726
596	748
596	759
596	806
596	901
597	623
597	633
597	724
598	643
598	651
598	782
598	857
598	988
599	613
599	688
599	696
599	753
599	754
599	826
599	876
599	933
600	731
600	972
600	1979
601	612
601	637
601	716
601	867
601	941
602	711
602	719
602	724
602	739
602	768
602	818
602	882
602	898
602	912
602	968
603	613
603	652
604	613
604	702
604	1971
605	881
605	911
605	967
605	995
606	609
606	686
606	812
606	891
606	954
607	777
608	678
608	750
608	761
608	785
608	815
608	839
608	877
608	888
608	899
609	736
609	930
609	962
610	613
610	638
610	742
610	780
610	887
610	894
610	896
610	897
610	951
610	956
611	651
611	666
611	986
612	615
612	684
612	825
612	904
613	629
613	834
613	991
614	746
614	809
614	874
614	941
614	942
615	653
615	702
615	812
615	904
615	970
615	972
616	643
616	713
616	790
616	805
616	889
616	935
617	720
617	750
617	816
617	870
618	798
618	866
619	625
619	679
619	711
619	756
619	818
619	938
620	847
620	909
620	974
621	623
621	639
621	733
621	979
622	846
622	850
623	657
623	793
623	962
624	832
624	900
624	982
625	816
625	872
625	889
625	894
625	915
626	809
626	834
626	904
627	634
627	715
627	755
627	764
627	770
627	832
627	892
627	926
628	634
628	676
628	749
629	642
629	673
629	891
629	901
630	721
630	797
630	878
631	647
631	669
631	777
631	931
632	654
632	974
632	994
632	1449
633	727
634	683
634	710
634	790
634	824
634	883
635	738
635	951
636	646
636	713
636	912
636	991
636	1430
637	658
637	953
638	849
638	872
638	933
638	1608
639	649
639	679
639	752
639	791
639	803
640	641
640	650
640	720
640	769
640	791
640	800
640	913
641	673
641	849
641	1375
642	723
643	736
643	766
643	927
644	673
644	684
644	820
644	830
644	835
645	650
645	740
646	647
646	704
646	722
646	791
646	902
647	678
647	790
647	809
648	653
648	675
648	714
648	788
648	816
648	835
648	864
648	919
648	936
649	723
649	731
649	792
649	925
649	997
649	1064
650	676
650	752
650	847
650	893
651	707
651	940
652	883
652	969
653	687
653	777
653	806
653	817
653	911
654	729
654	740
654	749
655	861
656	676
656	732
656	763
656	792
656	804
657	665
657	726
657	792
657	996
659	712
659	807
659	868
659	958
660	741
660	776
661	907
661	1579
662	898
662	946
662	980
662	990
663	975
663	1751
664	678
664	718
664	736
664	784
664	795
664	831
664	889
664	893
664	959
664	981
666	686
666	703
666	810
666	910
667	781
668	679
668	692
668	751
668	933
669	682
669	707
669	780
669	822
669	925
670	851
671	724
671	855
671	914
672	882
672	918
672	1937
674	679
674	801
674	808
674	831
674	896
674	962
675	752
675	791
675	862
675	936
675	951
676	824
676	838
676	913
677	997
678	703
678	705
678	937
679	704
679	748
679	835
679	907
680	784
680	945
680	976
681	791
681	948
681	955
681	967
681	999
682	684
682	742
682	744
682	859
683	721
683	800
683	821
683	911
683	948
684	826
684	976
684	987
684	995
685	821
685	827
685	952
686	708
687	692
687	770
687	890
687	914
687	995
688	693
688	796
689	744
689	829
689	846
689	880
689	929
690	699
690	723
690	872
690	899
691	745
691	849
693	730
693	795
693	806
694	869
695	868
695	987
696	764
696	776
696	980
697	859
697	971
698	767
698	825
699	718
700	793
700	796
700	922
701	724
701	745
701	768
701	780
701	805
701	873
701	900
701	918
701	970
703	808
703	840
704	710
704	820
705	853
706	769
706	833
706	1295
706	1670
707	727
707	760
707	795
707	825
707	833
707	845
707	874
707	907
708	867
708	903
708	914
708	926
709	762
709	766
709	892
709	967
710	788
710	795
710	856
710	951
710	983
711	799
711	897
711	899
711	951
711	982
712	718
712	729
712	918
713	866
714	784
714	817
714	923
715	892
716	961
717	829
717	895
717	937
717	973
720	762
720	915
721	892
721	972
722	775
722	948
723	813
724	794
724	904
724	931
725	848
725	851
725	989
727	945
729	741
729	856
729	978
730	962
730	975
731	881
731	920
731	950
731	992
732	835
733	825
734	926
735	962
737	811
737	851
737	950
738	820
738	828
739	854
739	972
739	992
740	756
740	855
740	1828
741	789
741	894
742	778
742	804
744	749
744	790
744	842
744	882
744	883
744	891
744	947
744	969
745	808
745	820
746	922
748	801
748	806
748	910
748	991
748	1647
749	835
749	852
749	891
749	964
749	997
749	998
750	844
750	946
751	908
751	977
752	940
752	1480
753	792
753	852
753	896
753	947
754	830
754	863
754	905
755	950
756	789
756	807
758	858
759	978
760	892
760	942
760	959
761	806
761	913
762	921
762	990
763	767
763	794
763	843
763	858
763	983
763	984
764	769
764	852
764	875
764	893
764	993
765	804
765	829
765	887
765	937
765	971
765	1120
766	783
767	777
767	935
767	946
767	963
768	789
768	858
768	864
769	827
769	844
769	915
769	931
770	836
770	963
771	943
771	1836
772	913
773	830
773	996
774	854
775	925
776	791
776	896
776	933
777	798
777	826
777	993
778	807
778	901
779	798
779	870
779	924
780	782
780	805
780	820
780	931
781	783
781	842
781	876
782	803
783	829
783	950
783	970
783	1887
785	794
785	924
786	962
786	1518
787	878
787	943
787	949
788	887
788	898
788	977
788	987
788	992
789	794
789	813
789	839
789	881
790	863
791	1312
792	943
793	813
793	891
795	800
795	851
795	913
795	987
796	819
796	886
796	970
797	847
797	860
797	935
797	961
797	998
799	812
799	985
799	1871
800	872
800	888
801	833
801	912
801	976
801	1500
802	823
802	852
802	1835
803	827
803	911
803	917
803	938
804	826
805	985
806	867
806	1635
807	882
807	902
808	939
809	833
809	906
809	997
810	866
810	868
810	943
811	929
812	961
812	991
812	1294
814	965
814	973
815	866
815	974
816	820
817	875
819	910
819	1864
821	983
822	863
822	885
824	877
824	954
824	981
825	896
826	927
826	936
826	973
827	880
827	1082
828	831
828	875
829	980
830	901
832	840
833	1172
835	905
837	902
837	976
839	911
840	889
841	919
842	879
843	911
843	931
843	981
843	982
845	933
846	939
846	979
847	879
847	899
848	897
848	927
849	857
849	909
849	984
849	998
850	872
850	987
851	910
851	1550
852	910
853	858
853	923
854	951
854	954
854	961
854	990
855	908
858	969
859	878
859	897
860	870
860	896
861	862
861	877
861	891
862	956
862	1863
864	907
865	1768
866	930
868	884
868	888
868	993
868	994
869	945
869	975
869	999
870	873
871	935
872	999
874	975
875	951
875	997
876	948
876	978
880	920
881	932
881	963
883	892
886	907
888	937
888	988
888	995
890	977
892	969
892	997
895	971
895	996
898	948
900	926
901	912
901	963
902	990
903	905
903	933
904	955
906	945
906	955
906	1979
909	910
909	941
909	995
910	933
914	942
917	940
917	941
918	985
919	938
919	952
920	991
921	957
924	934
924	975
924	1413
926	930
927	988
930	932
930	989
930	999
933	945
933	987
935	940
937	944
938	950
939	954
939	974
939	993
940	985
941	997
943	1447
950	986
950	991
951	974
951	999
955	990
955	1874
958	984
959	988
961	990
961	995
965	977
967	1415
970	987
975	990
977	989
978	987
981	1777
982	1785
984	985
986	989
989	1852
991	996
992	996
1000	1039
1000	1044
1000	1111
1000	1249
1000	1325
1000	1447
1000	1677
1000	1723
1000	1745
1000	1753
1000	1839
1000	1875
1000	1939
1000	1984
1001	1334
1001	1340
1001	1352
1001	1360
1001	1394
1001	1412
1001	1600
1001	1607
1001	1635
1001	1712
1002	1054
1002	1075
1002	1190
1002	1606
1002	1745
1002	1781
1002	1910
1003	1111
1003	1183
1003	1190
1003	1261
1003	1443
1003	1591
1003	1692
1003	1800
1003	1892
1003	1908
1004	1228
1004	1290
1004	1607
1004	1624
1004	1691
1004	1728
1004	1809
1004	1904
1004	1906
1004	1998
1005	1252
1005	1281
1005	1283
1005	1584
1005	1606
1005	1647
1005	1719
1005	1763
1005	1946
1005	1990
1006	1049
1006	1173
1006	1263
1006	1320
1006	1349
1006	1366
1006	1444
1006	1457
1006	1466
1006	1573
1006	1609
1006	1738
1006	1778
1006	1899
1007	1387
1007	1390
1007	1414
1007	1574
1007	1617
1007	1752
1007	1848
1007	1863
1008	1029
1008	1163
1008	1313
1008	1326
1008	1343
1008	1512
1008	1624
1008	1652
1008	1724
1008	1760
1008	1848
1008	1850
1008	1927
1008	1981
1009	1106
1009	1228
1009	1272
1009	1283
1009	1291
1009	1294
1009	1306
1009	1316
1009	1416
1009	1428
1009	1520
1009	1731
1009	1787
1010	1047
1010	1243
1010	1249
1010	1363
1010	1491
1010	1612
1010	1788
1011	1028
1011	1076
1011	1479
1011	1558
1011	1777
1011	1877
1012	1022
1012	1035
1012	1125
1012	1370
1012	1555
1012	1605
1012	1629
1012	1750
1012	1800
1012	1944
1012	1983
1013	1141
1013	1153
1013	1161
1013	1231
1013	1242
1013	1248
1013	1280
1013	1328
1013	1357
1013	1392
1013	1426
1013	1718
1013	1782
1013	1831
1013	1864
1013	1871
1014	1227
1014	1256
1014	1295
1014	1313
1014	1360
1014	1764
1014	1804
1014	1883
1015	1063
1015	1100
1015	1105
1015	1379
1015	1451
1015	1463
1015	1602
1015	1868
1016	1125
1016	1244
1016	1387
1016	1397
1016	1575
1016	1711
1016	1785
1016	1870
1016	1982
1016	1983
1017	1027
1017	1116
1017	1239
1017	1439
1017	1476
1017	1530
1017	1647
1017	1730
1017	1760
1018	1020
1018	1054
1018	1080
1018	1123
1018	1167
1018	1490
1018	1536
1018	1695
1019	1145
1019	1212
1019	1240
1019	1273
1019	1282
1019	1369
1019	1460
1019	1502
1019	1536
1019	1555
1019	1564
1019	1625
1019	1825
1019	1849
1019	1892
1019	1895
1019	1982
1020	1294
1020	1534
1020	1797
1020	1961
1021	1030
1021	1099
1021	1107
1021	1109
1021	1188
1021	1280
1021	1328
1021	1345
1021	1451
1021	1502
1021	1562
1021	1602
1021	1675
1021	1708
1021	1896
1022	1144
1022	1179
1022	1191
1022	1293
1022	1299
1022	1453
1022	1500
1022	1524
1022	1657
1022	1671
1022	1705
1022	1723
1023	1183
1023	1244
1023	1318
1023	1320
1023	1500
1023	1571
1023	1602
1023	1654
1023	1693
1024	1161
1024	1232
1024	1236
1024	1442
1024	1742
1024	1795
1024	1833
1024	1932
1024	1942
1025	1126
1025	1160
1025	1222
1025	1292
1025	1406
1025	1408
1025	1482
1025	1536
1025	1577
1025	1703
1025	1799
1025	1808
1025	1826
1025	1875
1025	1897
1025	1990
1026	1263
1026	1355
1026	1369
1026	1441
1026	1475
1026	1571
1026	1668
1026	1719
1026	1757
1026	1831
1026	1903
1026	1911
1027	1078
1027	1158
1027	1322
1027	1350
1027	1407
1027	1678
1027	1860
1028	1173
1028	1260
1028	1302
1028	1509
1028	1579
1028	1650
1028	1805
1028	1858
1028	1919
1028	1995
1029	1032
1029	1077
1029	1243
1029	1442
1029	1621
1029	1719
1029	1811
1029	1851
1030	1087
1030	1242
1030	1294
1030	1383
1030	1388
1030	1421
1030	1643
1030	1674
1030	1678
1030	1722
1030	1727
1030	1819
1030	1864
1030	1953
1031	1051
1031	1186
1031	1208
1031	1485
1031	1597
1031	1619
1031	1629
1031	1643
1031	1861
1031	1907
1032	1054
1032	1244
1032	1249
1032	1291
1032	1567
1032	1601
1032	1609
1032	1667
1032	1697
1032	1900
1033	1036
1033	1229
1033	1252
1033	1302
1033	1342
1033	1442
1033	1715
1033	1758
1033	1764
1033	1921
1033	1944
1033	1961
1033	1997
1034	1133
1034	1141
1034	1240
1034	1255
1034	1269
1034	1299
1034	1495
1034	1656
1034	1808
1034	1896
1034	1903
1035	1409
1035	1514
1035	1593
1035	1865
1036	1133
1036	1147
1036	1330
1036	1350
1036	1531
1036	1599
1036	1648
1036	1707
1036	1803
1036	1857
1036	1878
1037	1126
1037	1395
1037	1481
1037	1590
1037	1597
1037	1759
1037	1878
1037	1893
1037	1912
1037	1935
1037	1940
1037	1974
1038	1130
1038	1219
1038	1351
1038	1397
1038	1407
1038	1449
1038	1669
1038	1768
1038	1781
1038	1850
1038	1986
1039	1136
1039	1163
1039	1342
1039	1439
1039	1504
1039	1629
1039	1659
1039	1707
1039	1798
1039	1955
1040	1052
1040	1087
1040	1184
1040	1220
1040	1306
1040	1400
1040	1517
1040	1552
1040	1578
1040	1584
1040	1901
1041	1120
1041	1189
1041	1216
1041	1273
1041	1309
1041	1480
1041	1481
1041	1560
1041	1561
1041	1698
1041	1727
1041	1768
1041	1840
1041	1841
1041	1884
1041	1980
1042	1077
1042	1180
1042	1290
1042	1387
1042	1446
1042	1575
1042	1622
1042	1640
1042	1736
1042	1887
1042	1900
1043	1143
1043	1152
1043	1161
1043	1196
1043	1243
1043	1328
1043	1404
1043	1541
1043	1640
1043	1812
1044	1059
1044	1283
1044	1293
1044	1321
1044	1366
1044	1453
1044	1494
1044	1621
1044	1757
1044	1816
1044	1826
1045	1071
1045	1128
1045	1184
1045	1344
1045	1392
1045	1393
1045	1407
1045	1426
1045	1571
1045	1632
1045	1752
1046	1233
1046	1291
1046	1373
1046	1549
1046	1610
1046	1617
1046	1702
1046	1766
1046	1800
1046	1948
1047	1052
1047	1414
1047	1706
1047	1734
1047	1759
1047	1787
1047	1790
1047	1834
1047	1864
1047	1931
1047	1959
1047	1996
1048	1078
1048	1214
1048	1345
1048	1569
1048	1602
1048	1610
1048	1612
1048	1719
1048	1729
1048	1813
1048	1873
1049	1286
1049	1391
1049	1402
1049	1930
1050	1158
1050	1409
1050	1510
1050	1623
1050	1731
1050	1832
1050	1833
1050	1870
1050	1974
1051	1221
1051	1333
1051	1402
1051	1431
1051	1514
1051	1519
1051	1585
1051	1718
1052	1097
1052	1313
1052	1359
1052	1425
1052	1611
1052	1808
1052	1866
1052	1923
1052	1942
1053	1129
1053	1160
1053	1161
1053	1232
1053	1265
1053	1483
1053	1572
1053	1753
1053	1788
1054	1478
1054	1551
1054	1739
1054	1750
1055	1068
1055	1093
1055	1097
1055	1103
1055	1116
1055	1122
1055	1197
1055	1244
1055	1313
1055	1422
1055	1650
1055	1759
1055	1845
1055	1967
1056	1305
1056	1407
1056	1421
1056	1482
1056	1492
1056	1604
1056	1754
1056	1820
1056	1909
1057	1078
1057	1089
1057	1491
1057	1649
1057	1736
1057	1843
1057	1859
1058	1227
1058	1302
1058	1363
1058	1823
1058	1856
1058	1935
1058	1971
1059	1080
1059	1086
1059	1104
1059	1221
1059	1223
1059	1358
1059	1499
1059	1558
1059	1607
1059	1642
1059	1716
1059	1817
1059	1835
1059	1878
1059	1940
1059	1973
1059	1979
1060	1098
1060	1105
1060	1178
1060	1193
1060	1279
1060	1286
1060	1355
1060	1370
1060	1573
1060	1598
1060	1716
1060	1953
1061	1067
1061	1194
1061	1341
1061	1478
1061	1540
1061	1644
1061	1706
1061	1923
1062	1170
1062	1204
1062	1322
1062	1647
1062	1734
1062	1820
1062	1850
1062	1995
1063	1074
1063	1126
1063	1233
1063	1238
1063	1400
1063	1501
1063	1700
1063	1955
1064	1389
1064	1395
1064	1476
1064	1540
1064	1748
1064	1758
1064	1919
1065	1326
1065	1397
1065	1430
1065	1592
1065	1783
1065	1960
1066	1115
1066	1193
1066	1203
1066	1253
1066	1281
1066	1300
1066	1307
1066	1403
1066	1518
1066	1537
1066	1560
1066	1682
1066	1786
1066	1846
1067	1129
1067	1177
1067	1227
1067	1346
1067	1454
1067	1486
1067	1703
1067	1869
1067	1872
1067	1930
1067	1977
1067	1980
1068	1139
1068	1185
1068	1349
1068	1595
1068	1614
1068	1629
1068	1787
1068	1860
1068	1892
1069	1194
1069	1245
1069	1307
1069	1328
1069	1376
1069	1396
1069	1455
1069	1572
1069	1742
1069	1952
1070	1123
1070	1149
1070	1275
1070	1358
1070	1400
1070	1558
1070	1629
1070	1723
1070	1804
1070	1856
1070	1961
1070	1983
1070	1996
1071	1142
1071	1331
1071	1376
1071	1395
1071	1427
1071	1570
1071	1585
1071	1595
1071	1648
1071	1970
1072	1164
1072	1341
1072	1466
1072	1486
1072	1537
1072	1617
1072	1787
1073	1335
1073	1426
1073	1441
1073	1625
1073	1666
1073	1679
1073	1690
1073	1934
1073	1996
1073	1997
1074	1225
1074	1373
1074	1412
1074	1428
1074	1438
1074	1707
1074	1850
1074	1895
1074	1942
1075	1238
1075	1379
1075	1386
1075	1390
1075	1461
1075	1479
1075	1590
1075	1713
1075	1833
1075	1997
1076	1107
1076	1162
1076	1343
1076	1437
1076	1452
1076	1477
1076	1493
1076	1523
1076	1532
1076	1550
1076	1579
1076	1663
1076	1702
1076	1856
1076	1905
1077	1083
1077	1135
1077	1183
1077	1256
1077	1474
1077	1481
1077	1504
1077	1595
1077	1607
1077	1616
1077	1674
1077	1792
1078	1180
1078	1198
1078	1203
1078	1231
1078	1260
1078	1292
1078	1458
1078	1554
1078	1595
1078	1653
1078	1671
1079	1308
1079	1401
1079	1487
1079	1518
1079	1558
1079	1559
1079	1561
1079	1659
1079	1774
1080	1130
1080	1397
1080	1408
1080	1552
1080	1718
1080	1762
1080	1847
1080	1994
1081	1234
1081	1335
1081	1491
1081	1499
1081	1584
1081	1784
1081	1859
1081	1975
1082	1232
1082	1308
1082	1463
1082	1551
1082	1750
1082	1792
1082	1927
1083	1222
1083	1248
1083	1351
1083	1460
1083	1566
1083	1732
1083	1799
1083	1889
1083	1978
1084	1085
1084	1304
1084	1380
1084	1637
1084	1665
1084	1689
1084	1760
1084	1866
1084	1903
1084	1935
1085	1169
1085	1173
1085	1264
1085	1278
1085	1334
1085	1435
1085	1446
1085	1500
1085	1680
1085	1700
1085	1864
1085	1906
1085	1911
1085	1939
1086	1221
1086	1226
1086	1272
1086	1359
1086	1361
1086	1375
1086	1495
1086	1550
1086	1978
1086	1998
1087	1281
1087	1288
1087	1291
1087	1397
1087	1458
1087	1465
1087	1579
1087	1747
1087	1764
1087	1823
1087	1855
1087	1857
1087	1876
1088	1281
1088	1387
1088	1713
1088	1775
1088	1817
1088	1900
1088	1908
1089	1130
1089	1294
1089	1361
1089	1587
1089	1608
1089	1617
1089	1747
1089	1863
1089	1906
1090	1164
1090	1192
1090	1219
1090	1308
1090	1357
1090	1475
1090	1523
1090	1599
1090	1881
1090	1971
1091	1187
1091	1213
1091	1329
1091	1427
1091	1572
1091	1667
1091	1685
1091	1839
1091	1920
1092	1276
1092	1277
1092	1307
1092	1315
1092	1353
1092	1410
1092	1469
1092	1775
1092	1921
1093	1121
1093	1153
1093	1309
1093	1355
1093	1390
1093	1517
1093	1541
1093	1671
1093	1673
1093	1783
1093	1832
1093	1914
1094	1151
1094	1236
1094	1773
1094	1834
1094	1860
1094	1887
1094	1927
1094	1975
1095	1118
1095	1156
1095	1204
1095	1215
1095	1260
1095	1362
1095	1417
1095	1690
1095	1702
1095	1894
1095	1895
1095	1900
1096	1212
1096	1307
1096	1314
1096	1344
1096	1471
1096	1758
1096	1794
1096	1964
1097	1158
1097	1194
1097	1257
1097	1324
1097	1832
1097	1854
1097	1907
1098	1140
1098	1295
1098	1565
1098	1581
1098	1616
1098	1675
1098	1808
1098	1810
1098	1845
1098	1878
1099	1171
1099	1191
1099	1343
1099	1348
1099	1451
1099	1552
1099	1555
1099	1565
1099	1636
1100	1191
1100	1377
1100	1542
1100	1578
1100	1674
1100	1716
1100	1949
1101	1212
1101	1267
1101	1312
1101	1336
1101	1713
1101	1823
1101	1968
1101	1979
1102	1131
1102	1183
1102	1202
1102	1296
1102	1320
1102	1351
1102	1360
1102	1674
1102	1688
1102	1738
1103	1504
1103	1531
1103	1850
1104	1139
1104	1237
1104	1291
1104	1367
1104	1411
1104	1480
1104	1582
1104	1597
1104	1640
1104	1821
1104	1855
1104	1911
1104	1932
1105	1142
1105	1336
1105	1350
1105	1376
1105	1648
1105	1669
1106	1178
1106	1247
1106	1295
1106	1401
1106	1601
1106	1662
1106	1664
1106	1803
1106	1905
1107	1130
1107	1138
1107	1423
1107	1446
1107	1713
1107	1938
1108	1242
1108	1271
1108	1324
1108	1500
1108	1542
1108	1644
1108	1918
1108	1958
1108	1989
1109	1252
1109	1323
1109	1369
1109	1484
1109	1538
1109	1546
1109	1646
1109	1677
1110	1320
1110	1346
1110	1409
1110	1492
1110	1649
1110	1999
1111	1137
1111	1221
1111	1239
1111	1277
1111	1430
1111	1496
1111	1580
1111	1595
1111	1676
1111	1734
1111	1743
1111	1835
1112	1243
1112	1262
1112	1545
1112	1636
1112	1685
1112	1731
1112	1918
1112	1928
1112	1986
1113	1153
1113	1219
1113	1293
1113	1341
1113	1511
1113	1516
1113	1557
1113	1781
1113	1790
1113	1902
1113	1904
1113	1980
1113	1983
1113	1988
1114	1115
1114	1142
1114	1307
1114	1309
1114	1478
1114	1488
1114	1812
1114	1850
1114	1892
1115	1172
1115	1365
1115	1591
1115	1638
1115	1762
1115	1859
1115	1914
1116	1166
1116	1202
1116	1659
1116	1693
1116	1701
1116	1731
1116	1793
1116	1912
1116	1921
1116	1925
1116	1950
1117	1144
1117	1166
1117	1212
1117	1266
1117	1320
1117	1329
1117	1524
1117	1650
1117	1655
1117	1722
1117	1847
1118	1194
1118	1235
1118	1361
1118	1385
1118	1485
1118	1566
1118	1620
1118	1683
1118	1751
1118	1875
1118	1917
1118	1960
1118	1994
1119	1226
1119	1270
1119	1539
1119	1582
1119	1846
1120	1550
1120	1676
1120	1707
1120	1800
1120	1854
1120	1926
1121	1211
1121	1218
1121	1272
1121	1322
1121	1455
1121	1541
1121	1610
1121	1687
1121	1764
1121	1837
1121	1879
1121	1881
1121	1902
1122	1229
1122	1407
1122	1492
1122	1551
1122	1615
1122	1691
1122	1701
1122	1825
1122	1827
1123	1238
1123	1351
1123	1355
1123	1404
1123	1406
1123	1476
1123	1481
1123	1554
1123	1625
1123	1892
1124	1303
1124	1515
1124	1561
1125	1492
1125	1545
1125	1548
1125	1566
1126	1144
1126	1323
1126	1431
1126	1459
1126	1543
1126	1709
1126	1904
1126	1951
1126	1953
1127	1186
1127	1214
1127	1464
1127	1485
1127	1531
1127	1571
1127	1591
1127	1596
1127	1830
1127	1886
1128	1187
1128	1365
1128	1422
1128	1699
1128	1728
1128	1798
1128	1885
1128	1998
1129	1383
1129	1478
1129	1498
1129	1588
1129	1734
1129	1819
1129	1858
1129	1884
1130	1133
1130	1198
1130	1294
1130	1304
1130	1372
1130	1441
1130	1455
1130	1497
1130	1788
1130	1806
1130	1913
1130	1946
1130	1977
1131	1158
1131	1488
1131	1555
1131	1571
1131	1581
1131	1666
1131	1805
1131	1811
1132	1178
1132	1334
1132	1629
1132	1632
1132	1718
1132	1855
1132	1968
1133	1272
1133	1295
1133	1375
1133	1681
1133	1706
1134	1426
1134	1480
1134	1564
1134	1571
1134	1593
1134	1643
1134	1665
1134	1689
1134	1760
1134	1765
1134	1777
1134	1919
1135	1187
1135	1259
1135	1358
1135	1878
1135	1926
1136	1586
1136	1798
1137	1174
1137	1465
1137	1523
1137	1529
1137	1581
1137	1612
1137	1813
1137	1952
1138	1252
1138	1462
1138	1510
1138	1523
1138	1574
1138	1660
1138	1684
1138	1693
1138	1716
1138	1984
1139	1212
1139	1259
1139	1270
1139	1381
1139	1419
1139	1528
1139	1537
1139	1595
1139	1615
1139	1618
1139	1646
1139	1853
1139	1957
1140	1169
1140	1275
1140	1368
1140	1369
1140	1411
1140	1501
1140	1608
1140	1624
1140	1727
1140	1939
1141	1538
1141	1578
1141	1593
1141	1663
1141	1681
1141	1803
1141	1857
1142	1181
1142	1436
1142	1561
1142	1663
1142	1767
1142	1870
1142	1885
1142	1991
1143	1157
1143	1299
1143	1328
1143	1445
1143	1531
1143	1590
1143	1681
1143	1729
1143	1783
1143	1829
1143	1902
1144	1177
1144	1404
1144	1542
1144	1627
1144	1646
1144	1649
1144	1682
1144	1690
1144	1704
1144	1780
1144	1894
1144	1966
1144	1992
1145	1159
1145	1168
1145	1222
1145	1295
1145	1442
1145	1601
1145	1668
1145	1759
1146	1427
1146	1505
1146	1567
1146	1610
1146	1628
1146	1857
1146	1870
1146	1936
1147	1196
1147	1383
1147	1518
1147	1534
1147	1564
1147	1574
1147	1589
1147	1821
1148	1158
1148	1456
1148	1481
1148	1518
1148	1540
1148	1695
1148	1725
1148	1878
1148	1895
1148	1941
1149	1230
1149	1400
1149	1536
1149	1690
1149	1726
1149	1811
1149	1935
1149	1948
1149	1971
1149	1976
1150	1220
1150	1432
1150	1725
1150	1944
1150	1976
1151	1318
1151	1542
1151	1653
1151	1735
1151	1822
1151	1924
1152	1194
1152	1226
1152	1252
1152	1301
1152	1436
1152	1595
1152	1600
1152	1605
1152	1618
1152	1765
1152	1984
1153	1412
1153	1600
1153	1616
1153	1854
1153	1856
1154	1216
1154	1229
1154	1252
1154	1264
1154	1582
1154	1808
1154	1996
1155	1352
1155	1602
1155	1704
1155	1734
1155	1794
1155	1826
1155	1868
1155	1926
1155	1937
1155	1982
1156	1187
1156	1253
1156	1369
1156	1400
1156	1406
1156	1429
1156	1438
1156	1451
1156	1555
1156	1637
1156	1799
1156	1833
1157	1238
1157	1392
1157	1417
1157	1683
1157	1856
1157	1881
1157	1938
1157	1971
1158	1242
1158	1300
1158	1523
1158	1609
1158	1628
1158	1724
1158	1819
1158	1835
1158	1908
1158	1995
1159	1204
1159	1463
1159	1477
1159	1533
1159	1573
1159	1668
1159	1753
1159	1838
1159	1889
1159	1969
1160	1197
1160	1296
1160	1344
1160	1386
1160	1556
1160	1559
1160	1705
1160	1817
1160	1906
1160	1943
1160	1950
1161	1174
1161	1338
1161	1440
1161	1478
1161	1496
1161	1532
1161	1742
1161	1785
1161	1808
1161	1811
1161	1858
1161	1869
1161	1885
1162	1192
1162	1255
1162	1470
1162	1533
1162	1590
1162	1611
1162	1662
1162	1708
1162	1851
1162	1860
1162	1971
1163	1216
1163	1393
1163	1594
1163	1610
1163	1645
1163	1675
1163	1781
1163	1952
1164	1193
1164	1466
1164	1491
1164	1671
1164	1694
1164	1770
1164	1993
1165	1279
1165	1298
1165	1369
1165	1471
1165	1788
1165	1835
1165	1919
1166	1374
1166	1390
1166	1572
1166	1715
1166	1913
1166	1931
1167	1427
1167	1495
1167	1526
1167	1531
1167	1561
1167	1568
1167	1640
1167	1675
1167	1681
1168	1239
1168	1289
1168	1299
1168	1383
1168	1566
1168	1691
1168	1739
1168	1915
1168	1998
1169	1308
1169	1332
1169	1505
1169	1734
1169	1777
1169	1816
1170	1199
1170	1421
1170	1485
1170	1585
1170	1597
1170	1878
1170	1931
1171	1323
1171	1394
1171	1553
1171	1604
1171	1635
1171	1830
1171	1913
1172	1205
1172	1229
1172	1302
1172	1310
1172	1332
1172	1379
1172	1430
1172	1456
1172	1465
1172	1467
1172	1675
1172	1990
1173	1239
1173	1331
1173	1391
1173	1481
1173	1491
1173	1559
1173	1632
1173	1807
1173	1865
1174	1204
1174	1247
1174	1714
1174	1716
1174	1732
1174	1758
1174	1827
1174	1916
1174	1949
1175	1219
1175	1304
1175	1332
1175	1409
1175	1425
1175	1452
1175	1793
1175	1841
1175	1995
1176	1179
1176	1419
1176	1475
1176	1490
1176	1623
1176	1637
1176	1675
1177	1195
1177	1271
1177	1330
1177	1370
1177	1436
1177	1469
1177	1914
1178	1346
1178	1351
1178	1575
1178	1648
1178	1676
1178	1708
1178	1916
1179	1214
1179	1343
1179	1587
1179	1589
1179	1616
1179	1649
1179	1666
1179	1979
1180	1182
1180	1267
1180	1270
1180	1291
1180	1378
1180	1432
1180	1457
1180	1526
1180	1711
1180	1728
1180	1740
1180	1900
1180	1926
1181	1189
1181	1316
1181	1345
1181	1470
1181	1472
1181	1538
1181	1608
1181	1665
1181	1724
1181	1821
1181	1870
1181	1891
1181	1912
1182	1221
1182	1327
1182	1330
1182	1383
1182	1411
1182	1430
1182	1450
1182	1630
1182	1730
1182	1793
1182	1933
1182	1947
1183	1308
1183	1525
1183	1607
1183	1639
1183	1698
1183	1821
1184	1210
1184	1388
1184	1504
1184	1790
1184	1813
1184	1829
1184	1879
1184	1965
1185	1282
1185	1469
1185	1488
1185	1558
1185	1636
1185	1817
1185	1827
1185	1896
1185	1919
1185	1923
1185	1985
1185	1991
1186	1250
1186	1397
1186	1731
1187	1257
1187	1769
1187	1770
1187	1784
1187	1850
1187	1912
1187	1945
1188	1300
1188	1349
1188	1426
1188	1588
1188	1642
1188	1800
1189	1220
1189	1224
1189	1236
1189	1283
1189	1321
1189	1545
1189	1552
1189	1645
1189	1647
1189	1957
1190	1424
1190	1434
1190	1687
1190	1967
1190	1988
1191	1247
1191	1257
1191	1553
1191	1675
1191	1734
1191	1785
1191	1798
1191	1808
1191	1867
1191	1945
1191	1994
1192	1255
1192	1349
1192	1475
1192	1550
1192	1737
1192	1778
1192	1837
1192	1859
1192	1941
1192	1984
1193	1293
1193	1427
1193	1487
1193	1575
1193	1733
1193	1904
1193	1949
1193	1950
1194	1217
1194	1275
1194	1298
1194	1460
1194	1668
1194	1735
1194	1958
1195	1207
1195	1464
1195	1738
1195	1839
1196	1228
1196	1319
1196	1662
1196	1721
1196	1746
1196	1876
1196	1919
1197	1201
1197	1243
1197	1393
1197	1503
1197	1539
1197	1558
1197	1823
1197	1868
1197	1870
1197	1886
1198	1222
1198	1372
1198	1395
1198	1680
1198	1863
1198	1887
1198	1974
1199	1205
1199	1209
1199	1226
1199	1241
1199	1418
1199	1520
1199	1609
1199	1896
1200	1362
1200	1556
1200	1576
1200	1595
1200	1879
1201	1343
1201	1378
1201	1560
1201	1589
1201	1712
1201	1782
1201	1814
1201	1843
1202	1228
1202	1253
1202	1267
1202	1447
1202	1473
1202	1516
1202	1539
1202	1756
1202	1970
1202	1981
1203	1314
1203	1480
1203	1523
1203	1677
1203	1809
1203	1853
1204	1287
1204	1410
1204	1473
1204	1488
1204	1513
1204	1514
1204	1628
1204	1691
1204	1902
1204	1979
1205	1239
1205	1322
1205	1350
1205	1368
1205	1394
1205	1491
1205	1687
1205	1745
1205	1800
1205	1999
1206	1256
1206	1351
1206	1368
1206	1377
1206	1477
1206	1652
1206	1702
1206	1728
1206	1752
1206	1810
1206	1965
1207	1258
1207	1271
1207	1282
1207	1341
1207	1427
1207	1491
1207	1602
1207	1685
1207	1777
1207	1856
1207	1941
1208	1363
1208	1457
1208	1592
1208	1761
1208	1779
1209	1233
1209	1275
1209	1323
1209	1610
1209	1625
1209	1636
1209	1731
1210	1385
1210	1418
1210	1448
1210	1646
1210	1701
1210	1773
1211	1250
1211	1555
1211	1652
1211	1783
1211	1939
1211	1940
1212	1251
1212	1304
1212	1336
1212	1470
1212	1567
1212	1667
1212	1821
1212	1862
1212	1935
1212	1945
1213	1288
1213	1342
1213	1370
1213	1648
1213	1663
1213	1737
1213	1803
1213	1850
1213	1967
1213	1984
1214	1247
1214	1287
1214	1492
1214	1600
1214	1777
1214	1803
1214	1953
1215	1259
1215	1696
1215	1855
1215	1902
1215	1908
1215	1997
1216	1269
1216	1298
1216	1326
1216	1589
1216	1606
1216	1774
1216	1843
1216	1900
1217	1285
1217	1315
1217	1355
1217	1381
1217	1544
1217	1547
1217	1573
1217	1596
1217	1686
1217	1741
1217	1837
1217	1894
1217	1942
1218	1246
1218	1481
1218	1617
1218	1714
1218	1723
1218	1740
1218	1866
1218	1900
1218	1999
1219	1236
1219	1452
1219	1478
1219	1614
1219	1647
1219	1715
1219	1752
1219	1797
1219	1931
1220	1257
1220	1429
1220	1607
1220	1678
1221	1255
1221	1323
1221	1508
1221	1640
1221	1678
1221	1783
1221	1942
1221	1951
1221	1983
1222	1276
1222	1393
1222	1461
1222	1612
1222	1634
1222	1813
1222	1837
1222	1874
1222	1973
1223	1448
1223	1530
1223	1575
1223	1631
1223	1673
1223	1808
1223	1825
1223	1887
1223	1945
1224	1263
1224	1283
1224	1392
1224	1503
1224	1557
1224	1571
1224	1715
1224	1788
1225	1239
1225	1303
1225	1421
1225	1435
1225	1445
1225	1550
1225	1728
1225	1743
1225	1865
1225	1911
1226	1241
1226	1353
1226	1368
1226	1414
1226	1686
1226	1869
1226	1879
1227	1242
1227	1391
1227	1426
1227	1632
1227	1713
1227	1799
1227	1832
1227	1861
1227	1919
1228	1282
1228	1312
1228	1384
1228	1448
1228	1853
1229	1301
1229	1353
1229	1413
1229	1476
1229	1502
1229	1533
1229	1555
1229	1828
1230	1362
1230	1402
1230	1753
1230	1797
1230	1848
1230	1880
1230	1951
1231	1271
1231	1347
1231	1429
1231	1432
1231	1485
1231	1493
1231	1496
1231	1571
1231	1594
1231	1847
1231	1865
1231	1866
1231	1977
1231	1989
1232	1240
1232	1260
1232	1270
1232	1474
1232	1485
1232	1542
1232	1676
1232	1692
1232	1716
1232	1812
1232	1843
1232	1864
1232	1907
1232	1952
1232	1977
1233	1263
1233	1293
1233	1324
1233	1336
1233	1474
1233	1702
1233	1759
1233	1937
1234	1294
1234	1296
1234	1553
1234	1873
1234	1878
1234	1942
1235	1351
1235	1362
1235	1537
1235	1663
1235	1699
1235	1725
1235	1782
1236	1270
1236	1333
1236	1342
1236	1395
1236	1460
1236	1466
1236	1551
1236	1621
1236	1723
1236	1792
1236	1934
1236	1961
1236	1980
1237	1313
1237	1348
1237	1369
1237	1491
1237	1586
1237	1617
1237	1778
1237	1935
1238	1261
1238	1432
1238	1621
1238	1655
1238	1690
1238	1928
1239	1250
1239	1512
1239	1597
1239	1648
1239	1653
1239	1687
1239	1892
1239	1893
1239	1992
1240	1267
1240	1396
1240	1507
1240	1589
1240	1649
1240	1841
1240	1923
1240	1938
1240	1941
1241	1290
1241	1319
1241	1323
1241	1370
1241	1383
1241	1569
1241	1601
1241	1646
1241	1725
1241	1729
1242	1260
1242	1282
1242	1380
1242	1381
1242	1883
1242	1916
1242	1992
1243	1251
1243	1451
1243	1728
1243	1760
1243	1873
1244	1303
1244	1430
1244	1454
1244	1469
1244	1503
1244	1572
1244	1654
1244	1753
1244	1757
1244	1812
1245	1267
1245	1439
1245	1678
1245	1834
1245	1926
1246	1477
1246	1837
1246	1997
1247	1275
1247	1476
1247	1485
1247	1645
1247	1661
1247	1796
1247	1841
1247	1923
1248	1306
1248	1450
1248	1516
1248	1571
1248	1617
1248	1667
1248	1865
1248	1871
1249	1278
1249	1283
1249	1315
1249	1527
1250	1404
1250	1461
1250	1518
1250	1633
1250	1803
1250	1906
1250	1944
1251	1362
1251	1386
1251	1407
1251	1670
1251	1916
1251	1957
1252	1253
1252	1504
1252	1562
1252	1658
1253	1283
1253	1478
1253	1513
1253	1687
1253	1749
1253	1758
1253	1830
1254	1317
1254	1331
1254	1399
1254	1463
1254	1536
1254	1564
1254	1568
1254	1614
1254	1918
1254	1968
1255	1281
1255	1394
1255	1487
1255	1540
1255	1561
1256	1339
1256	1355
1256	1399
1256	1503
1256	1508
1256	1609
1256	1624
1256	1631
1256	1637
1257	1593
1257	1862
1257	1966
1258	1305
1258	1326
1258	1414
1258	1575
1258	1677
1258	1697
1258	1758
1258	1789
1258	1792
1258	1802
1258	1836
1258	1841
1258	1875
1259	1467
1259	1507
1259	1514
1259	1640
1259	1659
1259	1674
1259	1791
1259	1902
1259	1986
1260	1301
1260	1449
1260	1491
1260	1573
1260	1666
1260	1715
1260	1802
1261	1288
1261	1471
1261	1561
1261	1563
1261	1608
1261	1621
1261	1628
1261	1702
1261	1707
1261	1856
1261	1908
1261	1951
1261	1985
1262	1263
1262	1275
1262	1584
1262	1719
1262	1766
1262	1987
1263	1361
1263	1447
1263	1558
1263	1830
1263	1923
1264	1308
1264	1418
1264	1495
1264	1507
1264	1603
1264	1643
1264	1704
1264	1834
1264	1841
1264	1970
1264	1973
1265	1451
1265	1466
1265	1477
1265	1543
1265	1597
1265	1612
1265	1656
1265	1908
1266	1267
1266	1285
1266	1460
1266	1477
1266	1593
1266	1660
1266	1686
1266	1730
1267	1456
1267	1592
1267	1738
1267	1853
1267	1965
1268	1353
1268	1458
1268	1619
1268	1786
1268	1822
1268	1865
1268	1868
1268	1891
1269	1343
1269	1347
1269	1352
1269	1386
1269	1585
1269	1697
1269	1743
1269	1833
1270	1415
1270	1461
1270	1682
1270	1697
1270	1725
1271	1294
1271	1397
1271	1474
1271	1484
1271	1485
1271	1584
1271	1981
1272	1398
1272	1693
1272	1762
1272	1808
1272	1843
1272	1989
1273	1282
1273	1352
1273	1476
1273	1490
1273	1596
1273	1612
1273	1803
1273	1865
1273	1910
1273	1931
1274	1317
1274	1578
1274	1669
1274	1690
1274	1885
1274	1972
1275	1283
1275	1324
1275	1626
1276	1340
1276	1364
1276	1479
1276	1588
1276	1642
1276	1795
1276	1992
1277	1280
1277	1312
1277	1329
1277	1343
1277	1458
1277	1493
1277	1879
1278	1407
1278	1670
1278	1701
1278	1810
1278	1820
1279	1292
1279	1301
1279	1602
1279	1872
1279	1891
1280	1538
1280	1664
1280	1691
1280	1752
1280	1965
1281	1419
1281	1571
1281	1588
1281	1652
1281	1653
1281	1804
1281	1945
1282	1395
1282	1438
1282	1666
1282	1716
1282	1790
1282	1852
1282	1920
1282	1993
1283	1377
1283	1510
1283	1522
1283	1576
1283	1583
1283	1597
1283	1684
1283	1711
1283	1774
1283	1787
1283	1936
1284	1354
1284	1480
1284	1741
1284	1775
1284	1889
1285	1549
1285	1652
1285	1691
1285	1807
1286	1436
1286	1467
1286	1707
1286	1739
1286	1860
1287	1985
1288	1312
1288	1555
1288	1634
1288	1671
1288	1799
1288	1825
1288	1854
1288	1969
1289	1465
1289	1571
1289	1739
1289	1751
1289	1889
1290	1433
1290	1455
1290	1518
1291	1456
1291	1509
1291	1533
1291	1535
1291	1863
1291	1877
1291	1952
1291	1956
1291	1961
1291	1979
1292	1616
1292	1663
1292	1711
1292	1725
1292	1762
1293	1326
1293	1331
1293	1355
1293	1449
1293	1451
1293	1481
1293	1597
1293	1620
1293	1624
1293	1747
1293	1754
1293	1877
1293	1929
1293	1940
1294	1298
1294	1302
1294	1429
1294	1442
1294	1449
1294	1597
1294	1731
1294	1967
1295	1409
1295	1574
1295	1702
1295	1878
1295	1900
1295	1986
1296	1438
1296	1599
1296	1627
1296	1641
1296	1761
1296	1884
1296	1908
1296	1916
1296	1941
1296	1952
1297	1445
1297	1508
1297	1517
1297	1816
1297	1928
1297	1987
1298	1316
1298	1451
1298	1577
1298	1601
1298	1641
1298	1700
1298	1784
1298	1909
1298	1910
1299	1320
1299	1394
1299	1414
1299	1559
1299	1652
1299	1654
1299	1672
1300	1383
1300	1646
1300	1836
1301	1649
1301	1776
1301	1794
1301	1801
1301	1806
1301	1904
1301	1915
1301	1922
1302	1314
1302	1360
1302	1380
1302	1454
1302	1458
1302	1462
1302	1464
1302	1510
1302	1561
1302	1656
1302	1686
1303	1330
1303	1427
1303	1448
1303	1496
1303	1568
1303	1595
1303	1832
1303	1918
1304	1439
1304	1449
1304	1451
1304	1661
1305	1366
1305	1621
1305	1756
1305	1928
1306	1553
1306	1579
1306	1710
1306	1726
1306	1792
1306	1831
1306	1873
1306	1927
1307	1384
1307	1457
1307	1812
1307	1962
1308	1577
1308	1642
1308	1722
1308	1933
1308	1994
1309	1382
1309	1394
1309	1544
1309	1574
1309	1598
1309	1832
1309	1889
1309	1905
1310	1593
1310	1685
1310	1735
1310	1815
1310	1856
1310	1859
1310	1964
1311	1340
1311	1380
1311	1415
1311	1478
1311	1651
1311	1721
1311	1758
1312	1355
1312	1382
1312	1440
1312	1837
1312	1910
1312	1926
1313	1345
1313	1725
1313	1728
1313	1747
1313	1991
1314	1639
1314	1670
1314	1797
1314	1802
1314	1930
1314	1992
1315	1403
1315	1430
1315	1615
1315	1636
1315	1700
1315	1917
1316	1358
1316	1389
1316	1425
1316	1583
1316	1621
1316	1819
1317	1358
1317	1393
1317	1441
1317	1486
1317	1791
1317	1828
1317	1831
1317	1981
1318	1371
1318	1398
1318	1679
1318	1719
1318	1728
1318	1766
1319	1365
1319	1377
1319	1393
1319	1398
1319	1735
1319	1839
1319	1907
1319	1939
1319	1975
1320	1336
1320	1451
1320	1524
1320	1546
1320	1587
1320	1617
1320	1666
1320	1695
1320	1771
1320	1840
1320	1900
1320	1918
1321	1529
1321	1578
1321	1595
1321	1781
1321	1796
1321	1867
1321	1879
1321	1895
1321	1957
1322	1333
1322	1339
1322	1499
1322	1760
1323	1440
1323	1525
1323	1679
1323	1875
1323	1932
1324	1326
1324	1395
1324	1488
1324	1501
1324	1515
1324	1552
1324	1697
1324	1714
1324	1748
1324	1805
1324	1927
1324	1945
1324	1969
1324	1993
1325	1352
1325	1420
1325	1437
1325	1451
1325	1506
1325	1588
1325	1646
1325	1687
1326	1413
1326	1685
1327	1378
1327	1804
1327	1907
1328	1332
1328	1412
1328	1440
1328	1449
1328	1604
1328	1620
1328	1622
1328	1650
1328	1862
1328	1929
1328	1948
1329	1459
1329	1648
1329	1651
1329	1693
1329	1908
1329	1930
1330	1341
1330	1380
1330	1450
1330	1459
1330	1611
1330	1615
1330	1622
1330	1746
1330	1765
1330	1925
1331	1337
1331	1577
1331	1588
1331	1683
1331	1778
1332	1389
1332	1570
1332	1643
1332	1723
1332	1729
1333	1367
1333	1373
1333	1382
1333	1726
1333	1732
1333	1843
1333	1960
1333	1983
1334	1456
1334	1506
1334	1759
1334	1876
1335	1414
1335	1455
1335	1468
1335	1563
1335	1588
1335	1725
1336	1440
1336	1452
1336	1609
1336	1617
1336	1716
1336	1746
1336	1762
1336	1944
1337	1492
1337	1540
1337	1565
1337	1620
1337	1651
1337	1778
1337	1810
1337	1987
1338	1352
1338	1431
1338	1436
1338	1631
1338	1676
1339	1369
1339	1412
1339	1416
1339	1517
1339	1576
1339	1631
1339	1793
1340	1407
1340	1432
1340	1994
1340	1997
1341	1421
1341	1432
1341	1462
1341	1469
1341	1514
1341	1567
1341	1821
1341	1826
1341	1868
1342	1411
1342	1508
1342	1570
1342	1655
1342	1679
1342	1768
1342	1797
1342	1847
1342	1882
1343	1732
1343	1770
1343	1787
1344	1392
1344	1425
1344	1429
1344	1521
1344	1788
1344	1855
1345	1359
1345	1435
1345	1799
1345	1824
1345	1882
1345	1890
1346	1403
1346	1429
1346	1439
1346	1509
1346	1518
1346	1767
1346	1849
1346	1998
1347	1411
1347	1419
1347	1472
1347	1567
1347	1574
1347	1592
1347	1804
1347	1872
1347	1982
1347	1998
1348	1735
1348	1789
1348	1866
1348	1867
1348	1875
1348	1918
1349	1380
1349	1415
1349	1508
1349	1529
1349	1631
1349	1680
1349	1992
1350	1402
1350	1468
1350	1477
1350	1667
1350	1713
1350	1755
1350	1797
1350	1881
1350	1918
1350	1953
1351	1405
1351	1426
1351	1796
1351	1969
1351	1988
1351	1999
1352	1360
1352	1458
1352	1466
1352	1564
1352	1750
1352	1804
1353	1527
1354	1933
1355	1367
1355	1479
1355	1524
1355	1547
1355	1628
1355	1725
1355	1872
1355	1873
1355	1917
1356	1538
1356	1599
1356	1650
1356	1754
1356	1758
1356	1834
1356	1841
1357	1511
1357	1553
1357	1587
1357	1695
1357	1770
1358	1817
1358	1915
1359	1401
1359	1446
1359	1477
1359	1488
1359	1702
1359	1744
1359	1850
1359	1980
1360	1388
1360	1468
1360	1476
1360	1595
1360	1620
1360	1636
1360	1656
1360	1759
1360	1796
1360	1810
1360	1842
1360	1981
1361	1533
1361	1663
1361	1691
1361	1793
1361	1804
1361	1851
1362	1466
1362	1472
1362	1541
1362	1676
1362	1720
1362	1924
1362	1973
1363	1373
1363	1428
1363	1718
1363	1816
1363	1879
1363	1897
1363	1975
1364	1469
1364	1550
1364	1613
1364	1980
1365	1548
1365	1552
1365	1739
1365	1852
1365	1901
1366	1621
1366	1722
1366	1829
1366	1854
1367	1392
1367	1486
1367	1516
1367	1641
1367	1708
1367	1734
1367	1786
1368	1402
1368	1507
1368	1595
1368	1717
1368	1767
1368	1855
1368	1907
1368	1941
1368	1979
1369	1539
1369	1624
1369	1811
1369	1812
1369	1857
1369	1992
1370	1821
1371	1478
1371	1524
1371	1584
1371	1606
1371	1639
1371	1827
1371	1894
1371	1895
1372	1675
1372	1794
1372	1943
1372	1991
1373	1483
1373	1575
1373	1654
1373	1832
1373	1927
1373	1961
1373	1998
1374	1399
1374	1733
1374	1748
1374	1816
1374	1866
1375	1399
1375	1490
1375	1582
1375	1719
1375	1752
1375	1973
1375	1981
1376	1438
1376	1745
1376	1833
1376	1942
1376	1996
1377	1409
1377	1560
1377	1565
1377	1593
1377	1758
1377	1835
1377	1974
1378	1463
1378	1637
1379	1423
1379	1536
1379	1718
1379	1749
1379	1814
1379	1890
1379	1959
1380	1413
1380	1437
1380	1541
1380	1604
1380	1669
1380	1750
1380	1800
1380	1832
1380	1933
1380	1934
1380	1978
1381	1420
1381	1495
1381	1636
1381	1667
1381	1690
1381	1777
1381	1785
1381	1888
1382	1485
1382	1581
1382	1725
1382	1921
1382	1926
1382	1980
1383	1438
1383	1568
1383	1700
1383	1737
1383	1913
1384	1438
1384	1476
1384	1671
1384	1714
1384	1827
1385	1396
1385	1457
1385	1462
1385	1477
1385	1672
1385	1679
1385	1770
1385	1819
1386	1407
1386	1469
1386	1493
1386	1889
1386	1938
1387	1597
1387	1704
1387	1802
1387	1892
1387	1989
1388	1399
1388	1453
1388	1655
1388	1726
1388	1765
1388	1970
1389	1601
1389	1719
1389	1770
1389	1778
1389	1908
1389	1963
1389	1999
1390	1705
1390	1711
1390	1794
1390	1825
1390	1970
1390	1981
1390	1988
1391	1747
1391	1777
1392	1565
1392	1645
1392	1648
1392	1724
1392	1927
1393	1406
1393	1454
1393	1458
1393	1486
1393	1566
1393	1659
1393	1666
1393	1688
1393	1708
1393	1727
1393	1865
1393	1910
1393	1916
1393	1951
1393	1986
1394	1481
1394	1644
1394	1704
1394	1955
1395	1406
1395	1410
1395	1682
1395	1700
1395	1758
1395	1851
1395	1893
1396	1442
1396	1640
1396	1663
1396	1726
1396	1728
1396	1829
1397	1452
1397	1560
1397	1577
1397	1579
1397	1668
1397	1983
1398	1421
1398	1574
1398	1610
1398	1611
1398	1845
1398	1904
1399	1410
1399	1627
1399	1735
1399	1780
1399	1910
1400	1598
1400	1771
1400	1776
1400	1882
1400	1983
1400	1984
1401	1521
1401	1841
1401	1935
1402	1419
1402	1453
1402	1552
1402	1653
1402	1903
1403	1449
1403	1486
1403	1525
1403	1607
1403	1622
1403	1851
1404	1441
1404	1605
1404	1733
1404	1746
1404	1837
1404	1976
1405	1428
1405	1524
1405	1580
1405	1682
1405	1891
1405	1908
1406	1433
1406	1613
1406	1641
1406	1788
1407	1460
1407	1518
1407	1533
1407	1583
1407	1660
1407	1779
1407	1860
1407	1919
1407	1953
1408	1462
1408	1530
1408	1685
1408	1715
1408	1913
1409	1737
1409	1833
1409	1918
1410	1617
1410	1846
1410	1886
1410	1909
1411	1570
1411	1587
1411	1634
1411	1656
1411	1673
1411	1734
1411	1864
1411	1960
1411	1979
1412	1547
1412	1798
1413	1421
1413	1593
1413	1670
1413	1688
1413	1778
1414	1577
1414	1581
1414	1607
1414	1642
1414	1708
1414	1713
1414	1756
1414	1890
1414	1967
1415	1418
1415	1461
1415	1485
1415	1498
1415	1508
1416	1448
1416	1638
1416	1665
1416	1725
1416	1727
1416	1845
1416	1969
1417	1431
1417	1530
1417	1535
1417	1600
1417	1668
1417	1697
1417	1756
1417	1942
1418	1473
1418	1476
1418	1487
1418	1603
1418	1765
1419	1466
1419	1470
1419	1630
1419	1718
1419	1736
1419	1797
1419	1849
1419	1938
1419	1968
1420	1822
1420	1921
1421	1522
1421	1667
1421	1691
1421	1841
1422	1551
1422	1853
1422	1870
1422	1931
1422	1934
1423	1613
1423	1775
1423	1821
1423	1880
1424	1679
1424	1707
1424	1932
1425	1641
1425	1843
1425	1852
1425	1878
1426	1506
1426	1591
1426	1639
1426	1686
1426	1694
1426	1713
1426	1733
1426	1888
1426	1891
1426	1923
1427	1708
1427	1724
1427	1864
1428	1532
1428	1538
1428	1545
1428	1737
1428	1752
1428	1888
1428	1986
1429	1633
1429	1746
1429	1760
1429	1922
1430	1569
1430	1640
1430	1779
1430	1834
1430	1901
1431	1529
1431	1534
1431	1542
1431	1639
1431	1727
1431	1821
1431	1999
1432	1546
1432	1609
1432	1681
1432	1684
1432	1757
1432	1968
1433	1601
1433	1720
1433	1894
1433	1998
1434	1440
1434	1461
1434	1577
1434	1656
1434	1794
1434	1818
1434	1872
1435	1483
1435	1488
1435	1515
1435	1584
1435	1645
1435	1707
1435	1797
1435	1874
1435	1892
1436	1583
1436	1627
1436	1705
1436	1776
1436	1807
1436	1860
1437	1492
1437	1526
1437	1555
1437	1559
1437	1664
1437	1716
1437	1729
1437	1762
1437	1831
1437	1945
1437	1995
1438	1570
1438	1756
1438	1793
1438	1848
1438	1955
1439	1440
1439	1454
1439	1467
1439	1683
1439	1689
1439	1756
1439	1786
1439	1904
1439	1930
1439	1982
1440	1445
1440	1553
1440	1655
1441	1442
1441	1449
1441	1514
1441	1518
1441	1549
1441	1562
1441	1570
1441	1664
1441	1994
1442	1450
1442	1454
1442	1970
1443	1490
1443	1721
1443	1739
1443	1755
1443	1784
1443	1847
1443	1878
1443	1920
1443	1990
1443	1998
1444	1455
1444	1482
1444	1509
1444	1675
1444	1947
1445	1656
1445	1711
1445	1811
1445	1850
1445	1886
1445	1955
1446	1463
1446	1494
1446	1595
1446	1765
1446	1982
1447	1558
1447	1686
1447	1902
1448	1541
1448	1578
1448	1658
1448	1778
1448	1794
1448	1829
1448	1854
1448	1982
1448	1996
1449	1465
1449	1588
1449	1806
1449	1816
1449	1913
1449	1982
1450	1509
1450	1659
1450	1739
1450	1779
1450	1997
1451	1515
1451	1679
1451	1709
1451	1719
1451	1936
1452	1455
1452	1497
1452	1686
1452	1723
1452	1796
1452	1831
1452	1936
1453	1463
1453	1617
1453	1692
1453	1694
1453	1948
1453	1996
1454	1617
1454	1674
1454	1866
1455	1459
1455	1523
1455	1566
1455	1579
1455	1806
1455	1830
1455	1853
1455	1909
1456	1905
1456	1916
1456	1990
1457	1606
1457	1970
1458	1658
1458	1795
1458	1937
1458	1979
1459	1606
1459	1671
1459	1890
1459	1963
1461	1502
1461	1587
1461	1740
1461	1812
1462	1494
1462	1552
1462	1614
1462	1735
1462	1773
1462	1846
1462	1906
1462	1916
1462	1928
1463	1485
1463	1489
1463	1768
1463	1895
1463	1924
1464	1549
1464	1568
1464	1657
1464	1690
1464	1694
1464	1706
1464	1830
1464	1919
1465	1481
1465	1514
1465	1779
1465	1873
1466	1651
1466	1734
1466	1791
1466	1805
1466	1821
1466	1879
1467	1609
1467	1654
1467	1843
1467	1900
1467	1969
1468	1505
1468	1523
1468	1715
1469	1502
1469	1592
1469	1595
1469	1641
1469	1668
1469	1718
1469	1739
1469	1764
1469	1803
1469	1811
1469	1897
1469	1903
1469	1930
1469	1937
1469	1957
1469	1958
1470	1524
1470	1636
1470	1760
1470	1784
1471	1683
1471	1848
1471	1922
1472	1561
1472	1674
1472	1690
1472	1767
1473	1494
1473	1561
1473	1582
1473	1610
1473	1664
1473	1739
1473	1829
1473	1889
1473	1944
1473	1952
1474	1484
1474	1613
1474	1674
1474	1790
1474	1826
1474	1872
1474	1979
1475	1546
1475	1625
1475	1714
1475	1782
1475	1821
1476	1691
1476	1729
1476	1872
1477	1481
1477	1553
1477	1571
1477	1573
1477	1628
1477	1682
1477	1723
1477	1746
1477	1771
1477	1869
1477	1903
1477	1951
1477	1981
1478	1647
1478	1688
1478	1721
1478	1807
1478	1929
1479	1506
1479	1557
1479	1650
1479	1695
1479	1745
1479	1876
1480	1513
1480	1708
1480	1709
1480	1774
1480	1776
1480	1779
1480	1814
1480	1904
1480	1907
1481	1506
1481	1677
1481	1871
1481	1878
1481	1999
1482	1507
1482	1529
1482	1608
1482	1623
1482	1628
1482	1764
1482	1808
1482	1855
1482	1863
1482	1973
1483	1548
1483	1878
1484	1529
1484	1558
1484	1641
1484	1689
1484	1886
1484	1961
1485	1554
1485	1577
1485	1835
1485	1859
1486	1557
1486	1630
1486	1700
1486	1706
1486	1866
1486	1886
1486	1953
1487	1490
1487	1539
1487	1650
1487	1713
1487	1726
1487	1824
1487	1957
1487	1958
1487	1966
1488	1596
1488	1710
1488	1815
1488	1887
1489	1497
1489	1584
1489	1835
1489	1855
1489	1955
1490	1557
1490	1568
1490	1618
1490	1682
1491	1631
1492	1527
1492	1667
1492	1759
1492	1927
1493	1512
1493	1518
1493	1605
1493	1619
1493	1651
1493	1667
1493	1722
1493	1739
1493	1764
1493	1998
1494	1544
1494	1630
1494	1691
1494	1949
1495	1505
1495	1507
1495	1648
1495	1698
1495	1898
1495	1945
1495	1970
1496	1642
1496	1811
1497	1542
1497	1725
1497	1768
1498	1982
1499	1629
1499	1747
1499	1861
1499	1950
1500	1644
1500	1770
1500	1933
1501	1586
1501	1610
1501	1629
1501	1703
1501	1866
1501	1918
1501	1930
1501	1965
1502	1533
1502	1606
1502	1721
1502	1731
1502	1769
1502	1814
1502	1865
1503	1755
1503	1820
1503	1932
1503	1951
1503	1953
1503	1999
1504	1608
1504	1818
1504	1965
1505	1581
1505	1925
1505	1981
1505	1983
1506	1702
1506	1717
1506	1766
1507	1564
1507	1601
1507	1686
1507	1901
1508	1670
1508	1685
1508	1699
1508	1726
1508	1879
1508	1984
1509	1681
1509	1825
1509	1845
1509	1907
1509	1965
1510	1786
1510	1993
1511	1653
1511	1655
1511	1698
1511	1737
1511	1778
1511	1823
1511	1850
1511	1874
1512	1536
1512	1575
1512	1599
1512	1619
1512	1942
1512	1959
1512	1978
1513	1525
1513	1563
1513	1665
1513	1705
1513	1762
1513	1764
1513	1877
1513	1971
1513	1986
1514	1750
1514	1845
1514	1895
1514	1969
1515	1526
1515	1602
1515	1722
1515	1805
1515	1876
1515	1885
1516	1591
1516	1672
1516	1677
1516	1720
1516	1811
1517	1622
1517	1624
1517	1751
1517	1940
1517	1965
1517	1973
1518	1618
1518	1641
1518	1686
1518	1760
1518	1964
1518	1968
1519	1727
1519	1782
1519	1783
1519	1942
1520	1621
1520	1642
1520	1653
1520	1901
1520	1924
1521	1605
1521	1820
1521	1908
1522	1524
1522	1644
1522	1648
1522	1710
1522	1813
1522	1889
1522	1893
1522	1981
1523	1721
1523	1875
1524	1768
1524	1815
1524	1844
1524	1871
1524	1940
1525	1568
1525	1602
1525	1726
1525	1907
1525	1957
1525	1965
1526	1594
1526	1609
1526	1688
1526	1723
1526	1727
1526	1856
1526	1909
1527	1773
1527	1807
1527	1995
1528	1599
1528	1825
1528	1910
1528	1928
1529	1553
1529	1647
1529	1784
1529	1921
1529	1966
1530	1571
1530	1637
1530	1667
1530	1857
1530	1978
1531	1542
1531	1568
1531	1604
1531	1906
1532	1575
1532	1803
1532	1872
1532	1874
1532	1896
1533	1624
1533	1653
1533	1671
1533	1717
1533	1943
1534	1612
1534	1624
1534	1783
1535	1844
1535	1876
1535	1962
1536	1544
1536	1644
1536	1673
1536	1801
1537	1649
1537	1793
1537	1810
1538	1543
1538	1545
1538	1578
1538	1654
1538	1770
1538	1860
1538	1893
1538	1975
1539	1580
1539	1624
1539	1753
1539	1800
1540	1618
1540	1646
1540	1692
1540	1766
1540	1810
1540	1823
1541	1649
1541	1952
1541	1996
1542	1626
1542	1671
1542	1689
1542	1971
1543	1772
1543	1844
1543	1936
1543	1964
1545	1961
1546	1947
1547	1640
1547	1645
1547	1875
1547	1904
1547	1979
1547	1980
1548	1563
1548	1590
1548	1680
1549	1658
1549	1683
1549	1780
1549	1853
1550	1569
1550	1688
1550	1748
1550	1803
1550	1910
1551	1663
1551	1731
1551	1755
1551	1787
1551	1955
1551	1993
1552	1609
1552	1645
1552	1853
1552	1941
1552	1968
1553	1580
1553	1670
1553	1806
1553	1969
1554	1745
1554	1834
1555	1677
1555	1705
1555	1739
1555	1747
1556	1777
1556	1792
1556	1872
1556	1988
1557	1663
1557	1688
1557	1905
1557	1908
1557	1978
1558	1783
1558	1820
1558	1933
1559	1587
1559	1643
1559	1709
1559	1820
1559	1835
1559	1879
1559	1939
1559	1943
1560	1568
1560	1574
1560	1842
1560	1883
1560	1907
1560	1946
1561	1567
1561	1592
1561	1766
1561	1800
1562	1641
1562	1647
1562	1751
1562	1800
1562	1837
1563	1666
1563	1693
1563	1941
1563	1953
1564	1583
1564	1636
1564	1723
1564	1877
1564	1925
1564	1984
1565	1600
1565	1726
1565	1882
1565	1885
1566	1618
1566	1764
1566	1778
1566	1805
1566	1956
1566	1970
1567	1572
1567	1681
1567	1763
1567	1924
1568	1620
1568	1637
1568	1702
1568	1872
1568	1958
1569	1602
1569	1710
1570	1698
1570	1793
1570	1953
1570	1954
1571	1572
1571	1616
1571	1698
1571	1781
1571	1928
1571	1974
1572	1585
1572	1803
1572	1836
1572	1878
1572	1881
1572	1901
1573	1614
1573	1656
1573	1706
1573	1743
1573	1842
1574	1597
1574	1679
1574	1829
1575	1585
1575	1642
1575	1651
1575	1733
1575	1813
1576	1875
1578	1788
1578	1801
1578	1833
1578	1940
1578	1946
1579	1680
1579	1982
1580	1645
1580	1699
1580	1714
1580	1746
1580	1786
1580	1904
1581	1683
1581	1765
1581	1855
1581	1869
1581	1928
1582	1596
1582	1644
1582	1677
1582	1733
1582	1847
1582	1893
1582	1933
1582	1970
1583	1626
1583	1660
1583	1741
1583	1742
1583	1883
1583	1933
1584	1640
1584	1727
1584	1930
1585	1597
1585	1702
1585	1804
1585	1868
1586	1749
1586	1943
1587	1718
1587	1775
1587	1962
1587	1982
1588	1719
1588	1837
1588	1886
1589	1808
1589	1831
1590	1803
1590	1811
1591	1818
1592	1616
1592	1671
1592	1751
1592	1827
1592	1844
1593	1626
1593	1627
1593	1935
1593	1939
1593	1997
1593	1999
1594	1658
1594	1932
1594	1961
1594	1990
1595	1681
1595	1719
1595	1976
1595	1994
1596	1950
1596	1964
1597	1867
1597	1914
1597	1992
1598	1621
1598	1655
1598	1789
1598	1902
1598	1918
1598	1965
1599	1615
1599	1807
1599	1824
1599	1989
1600	1908
1600	1913
1601	1621
1601	1783
1601	1965
1601	1984
1602	1691
1602	1729
1602	1979
1603	1645
1603	1735
1603	1922
1603	1952
1604	1727
1604	1770
1604	1774
1604	1842
1604	1887
1604	1951
1605	1924
1606	1675
1606	1730
1606	1786
1606	1916
1606	1980
1607	1614
1607	1743
1608	1629
1608	1630
1608	1753
1609	1627
1609	1682
1609	1734
1609	1804
1609	1944
1610	1616
1611	1643
1611	1805
1611	1859
1611	1923
1612	1665
1612	1672
1612	1761
1612	1924
1613	1729
1613	1734
1613	1778
1614	1665
1614	1753
1614	1917
1615	1870
1615	1982
1616	1758
1616	1833
1616	1952
1617	1707
1617	1777
1618	1657
1618	1685
1618	1763
1618	1830
1618	1869
1618	1878
1618	1946
1619	1664
1619	1817
1619	1945
1619	1949
1619	1967
1619	1968
1620	1766
1620	1828
1620	1867
1621	1661
1621	1785
1621	1905
1621	1992
1622	1709
1622	1722
1622	1912
1622	1957
1623	1702
1623	1770
1623	1866
1623	1898
1623	1929
1624	1625
1624	1685
1624	1956
1624	1964
1625	1691
1625	1770
1625	1849
1625	1913
1626	1727
1626	1773
1627	1709
1627	1935
1628	1632
1628	1708
1628	1732
1628	1856
1629	1847
1629	1897
1630	1708
1630	1751
1630	1780
1630	1844
1632	1967
1633	1750
1633	1776
1633	1842
1633	1931
1633	1997
1634	1671
1634	1677
1634	1889
1634	1923
1635	1706
1635	1753
1635	1764
1635	1943
1635	1944
1635	1963
1635	1986
1636	1726
1636	1807
1636	1819
1636	1958
1637	1854
1637	1860
1637	1907
1638	1672
1638	1871
1639	1703
1639	1817
1639	1847
1639	1947
1639	1969
1640	1774
1640	1800
1640	1866
1641	1874
1641	1878
1641	1885
1641	1962
1642	1839
1642	1966
1644	1656
1644	1664
1644	1667
1644	1741
1644	1784
1644	1791
1644	1944
1645	1707
1645	1908
1645	1926
1645	1939
1646	1657
1646	1701
1646	1718
1646	1742
1646	1846
1646	1911
1646	1929
1646	1941
1646	1986
1647	1654
1647	1672
1647	1699
1647	1763
1647	1825
1647	1956
1648	1649
1648	1819
1648	1835
1648	1957
1648	1965
1648	1977
1649	1728
1649	1748
1649	1786
1649	1815
1649	1851
1649	1993
1650	1776
1650	1816
1650	1938
1651	1719
1651	1730
1651	1757
1651	1767
1651	1811
1652	1923
1653	1711
1653	1788
1654	1678
1654	1867
1654	1986
1655	1711
1655	1719
1655	1828
1655	1871
1655	1927
1655	1978
1655	1999
1656	1700
1656	1714
1656	1819
1656	1844
1657	1676
1657	1857
1657	1875
1657	1891
1658	1730
1658	1804
1659	1725
1659	1855
1659	1929
1659	1936
1661	1837
1661	1930
1661	1993
1662	1752
1662	1753
1662	1913
1662	1923
1663	1949
1664	1720
1664	1729
1664	1731
1664	1742
1664	1767
1666	1734
1667	1920
1667	1937
1667	1956
1667	1984
1668	1699
1668	1773
1668	1959
1668	1980
1669	1686
1669	1945
1670	1948
1670	1980
1670	1983
1671	1749
1671	1972
1672	1699
1672	1717
1672	1728
1672	1850
1673	1779
1673	1909
1674	1728
1674	1800
1674	1853
1674	1872
1675	1760
1675	1971
1675	1987
1676	1806
1676	1813
1676	1987
1677	1729
1677	1748
1678	1758
1678	1813
1678	1961
1679	1887
1680	1711
1680	1751
1680	1910
1680	1962
1681	1697
1681	1793
1682	1716
1682	1754
1682	1822
1682	1897
1682	1917
1683	1865
1684	1740
1685	1810
1685	1917
1685	1931
1685	1947
1686	1710
1687	1830
1687	1831
1687	1917
1687	1975
1688	1953
1689	1740
1689	1844
1689	1913
1689	1966
1690	1735
1690	1875
1690	1974
1690	1977
1691	1767
1691	1769
1691	1779
1691	1832
1691	1956
1692	1759
1692	1864
1692	1884
1692	1887
1692	1964
1693	1741
1693	1912
1693	1932
1695	1703
1695	1720
1695	1744
1695	1927
1696	1708
1696	1751
1696	1884
1696	1996
1698	1889
1699	1975
1700	1814
1700	1849
1700	1898
1701	1748
1701	1893
1702	1731
1703	1944
1704	1720
1704	1906
1705	1745
1705	1890
1706	1996
1707	1711
1707	1849
1707	1851
1707	1967
1707	1971
1708	1758
1708	1770
1708	1777
1708	1846
1709	1753
1709	1840
1709	1937
1710	1743
1710	1855
1710	1909
1710	1973
1711	1801
1711	1893
1711	1943
1712	1771
1713	1750
1713	1813
1713	1989
1714	1722
1714	1809
1715	1765
1715	1842
1715	1914
1716	1846
1716	1918
1716	1952
1717	1767
1717	1969
1717	1999
1718	1742
1718	1754
1718	1834
1718	1956
1719	1775
1719	1818
1719	1969
1719	1987
1720	1745
1720	1758
1720	1833
1720	1974
1721	1841
1723	1806
1723	1921
1725	1731
1725	1772
1725	1824
1725	1934
1726	1971
1727	1731
1727	1944
1728	1771
1728	1806
1728	1811
1728	1863
1729	1800
1729	1921
1730	1762
1730	1786
1730	1887
1730	1965
1730	1979
1731	1856
1731	1873
1732	1740
1732	1814
1732	1815
1733	1740
1733	1770
1733	1779
1733	1784
1733	1846
1733	1928
1734	1745
1734	1777
1734	1989
1735	1753
1735	1904
1736	1749
1736	1992
1737	1747
1737	1755
1737	1813
1737	1987
1738	1740
1738	1954
1738	1959
1738	1962
1739	1798
1739	1833
1739	1967
1740	1746
1740	1821
1740	1859
1740	1922
1741	1822
1741	1880
1741	1941
1741	1999
1742	1901
1742	1947
1742	1956
1742	1982
1743	1800
1743	1881
1743	1927
1744	1784
1744	1831
1744	1885
1744	1896
1744	1948
1744	1952
1744	1960
1745	1761
1745	1809
1746	1909
1746	1947
1746	1956
1747	1753
1748	1883
1748	1894
1748	1947
1750	1951
1751	1789
1751	1950
1752	1913
1753	1834
1753	1847
1753	1944
1753	1969
1753	1987
1754	1905
1754	1936
1755	1883
1755	1890
1755	1919
1755	1956
1755	1966
1756	1830
1756	1882
1756	1912
1757	1765
1757	1886
1757	1916
1757	1993
1760	1843
1761	1784
1761	1875
1762	1786
1762	1896
1762	1911
1763	1898
1764	1787
1765	1773
1766	1768
1766	1840
1766	1929
1767	1915
1767	1941
1768	1798
1768	1831
1768	1880
1768	1894
1768	1950
1769	1836
1769	1837
1769	1838
1770	1868
1770	1878
1770	1919
1771	1781
1771	1791
1771	1974
1772	1809
1772	1898
1772	1970
1773	1841
1773	1890
1774	1869
1775	1869
1775	1873
1775	1946
1776	1843
1776	1851
1776	1939
1776	1948
1776	1952
1776	1993
1777	1929
1778	1838
1778	1839
1779	1834
1780	1813
1780	1825
1780	1826
1781	1850
1781	1883
1781	1903
1782	1827
1782	1891
1782	1960
1782	1964
1782	1998
1783	1797
1783	1804
1783	1820
1783	1909
1783	1921
1784	1852
1784	1968
1784	1993
1784	1996
1785	1815
1785	1820
1785	1948
1785	1989
1786	1898
1787	1845
1787	1866
1787	1953
1788	1835
1788	1944
1789	1875
1789	1966
1790	1952
1791	1983
1791	1992
1792	1924
1792	1964
1793	1852
1794	1822
1794	1895
1794	1930
1795	1850
1796	1821
1796	1868
1796	1908
1796	1967
1797	1880
1797	1891
1798	1967
1799	1818
1799	1866
1799	1943
1800	1898
1801	1811
1801	1902
1801	1950
1801	1952
1801	1974
1802	1883
1803	1861
1803	1904
1804	1887
1805	1829
1805	1961
1808	1991
1810	1933
1811	1814
1811	1831
1811	1871
1812	1817
1812	1849
1812	1945
1813	1925
1814	1835
1814	1914
1815	1896
1815	1900
1815	1929
1816	1867
1816	1914
1816	1939
1817	1876
1819	1881
1820	1896
1820	1967
1820	1994
1821	1833
1821	1910
1821	1923
1821	1995
1822	1828
1822	1909
1823	1915
1823	1975
1824	1938
1824	1990
1825	1904
1825	1929
1825	1951
1826	1911
1827	1878
1828	1852
1828	1880
1828	1959
1829	1837
1829	1865
1829	1915
1829	1940
1829	1999
1831	1871
1832	1868
1832	1884
1833	1890
1834	1993
1837	1843
1837	1977
1840	1890
1840	1916
1840	1950
1840	1971
1841	1884
1841	1989
1842	1903
1843	1871
1843	1900
1844	1910
1844	1922
1845	1852
1845	1890
1846	1849
1846	1984
1847	1946
1848	1993
1849	1981
1852	1929
1852	1976
1853	1855
1853	1868
1853	1879
1854	1876
1855	1887
1855	1987
1856	1967
1857	1868
1857	1991
1858	1904
1859	1942
1860	1875
1860	1976
1861	1935
1862	1975
1862	1989
1863	1927
1864	1937
1864	1954
1865	1921
1866	1907
1867	1869
1868	1875
1868	1957
1868	1972
1869	1881
1870	1932
1871	1921
1872	1878
1872	1888
1872	1895
1877	1940
1878	1880
1878	1914
1878	1924
1878	1934
1878	1968
1878	1985
1879	1905
1879	1943
1881	1984
1882	1890
1883	1957
1883	1990
1884	1994
1885	1972
1886	1944
1886	1965
1886	1984
1888	1950
1888	1981
1891	1941
1892	1930
1892	1972
1894	1928
1895	1898
1895	1910
1897	1948
1898	1932
1898	1942
1899	1961
1899	1978
1900	1913
1900	1953
1900	1967
1903	1938
1903	1968
1905	1980
1907	1978
1908	1943
1910	1915
1914	1916
1914	1936
1914	1968
1916	1948
1918	1961
1920	1932
1921	1958
1922	1927
1925	1965
1926	1967
1926	1978
1928	1952
1930	1953
1930	1993
1932	1960
1932	1963
1934	1961
1934	1991
1936	1975
1937	1946
1938	1960
1938	1987
1939	1980
1939	1981
1940	1945
1940	1962
1941	1984
1943	1980
1944	1983
1944	1989
1946	1983
1948	1974
1955	1984
1961	1975
1962	1978
1967	1991
1974	1997
1975	1978
1980	1983
1980	1993
1986	1989
1986	1996
