1000
1472
1784
1959
1997
0
328
846
869
885
1001
1185
644
1644
1988
1
792
875
948
958
1002
1154
1180
1851
1989
2
547
931
968
988
3
396
992
999
1003
1562
1898
1902
1966
1004
1171
1430
1842
1844
4
601
618
803
876
1005
1379
1743
1994
1006
1332
1798
1860
1909
1007
1047
1078
1972
1986
1008
1055
1535
1789
1817
5
63
163
196
276
6
821
891
893
901
1009
1258
1547
1601
1941
7
522
754
943
994
8
609
673
733
981
9
251
1269
376
559
10
543
660
11
402
571
923
961
12
91
518
617
1010
1052
1333
1951
13
448
633
842
1011
1292
1606
1879
14
457
698
829
920
15
646
694
972
1012
1619
1779
1852
1999
16
120
300
1648
886
1013
1136
1353
1744
1782
17
900
984
996
18
815
991
19
266
626
793
917
1014
1610
1703
1772
1015
1083
1907
1911
1987
1016
1674
1925
1017
1177
1365
1764
1774
20
787
800
872
905
21
47
736
850
22
397
400
422
851
1018
1395
1604
1950
1954
1019
1252
1389
605
1901
1020
1578
1617
1723
1985
23
621
894
973
1021
1142
1145
1728
1819
1022
1208
1256
1697
1777
1023
1384
1388
1933
1990
24
94
299
788
933
1024
1119
1361
1428
1025
1403
1659
1683
1931
25
430
1618
662
727
1026
1592
1633
1665
1811
1027
1597
1741
1748
1832
1028
1833
1894
1956
1957
1029
1238
1538
1567
1581
1030
1350
1533
1650
1709
1031
1864
1927
26
291
503
914
983
27
228
411
458
799
28
122
268
575
879
1032
1625
1718
1804
1963
1033
1666
1937
1940
1943
1034
1302
1434
1653
29
818
866
904
1035
1599
1818
1838
1947
30
483
527
544
678
31
139
590
712
867
1036
1385
1433
1437
1780
1037
1148
1771
1038
1436
1621
1654
1897
1039
1461
1793
1859
32
158
230
343
982
1040
1564
1807
1899
33
324
686
791
34
306
541
715
913
35
364
536
782
1041
1071
1186
1870
1928
36
498
746
957
964
1042
1580
1688
1874
1891
1043
1215
1308
1754
1991
1044
1571
1725
37
528
859
881
38
49
1546
870
39
485
906
936
950
1045
1056
1373
1383
1046
1132
1620
1887
40
614
756
786
977
1137
1766
1048
1149
1318
1781
41
569
703
822
997
42
583
702
1913
43
480
639
794
956
44
492
729
976
998
45
582
693
741
46
92
688
813
978
312
960
48
709
745
979
668
718
980
1049
1390
1476
1050
1206
1495
1558
1803
50
454
642
965
1051
1139
1961
1996
1910
51
149
468
603
839
52
737
910
921
1053
1296
1695
53
612
54
650
681
810
55
932
938
963
1054
1598
1631
1869
1945
1557
1785
1953
56
191
649
764
57
89
595
877
1057
1301
1343
1799
1840
1058
1205
1415
1979
1059
1431
1450
1673
58
713
940
989
59
311
332
743
60
79
482
1060
1489
1550
1061
1876
1977
61
657
684
695
986
62
202
489
624
1062
1668
1711
1063
1245
1579
640
697
1064
1611
1906
64
133
661
882
934
65
416
911
1065
1603
1649
1794
1867
66
804
868
974
67
475
1066
1613
1626
1759
1816
1067
1593
1872
1949
1068
1623
1858
1895
68
659
784
946
1069
1393
1857
1946
1070
1883
1980
69
375
847
930
1863
1930
1995
1072
1122
1821
1975
70
732
1073
1313
1417
1636
71
520
689
1074
1641
1710
1814
1834
72
819
1075
1306
1400
1942
73
177
405
696
1076
1402
1589
1849
1077
1409
1982
74
292
584
636
75
103
802
76
352
808
1190
77
945
970
78
199
517
594
955
80
555
942
1079
1657
1682
1971
81
816
862
82
1572
806
953
1080
1275
1638
1664
1905
1081
1380
1486
1762
83
237
398
860
892
1082
1259
1747
1453
1808
1984
1084
1632
1792
1881
1085
1231
1549
1731
84
99
669
734
1086
1203
1507
1806
1939
85
341
883
1087
1290
1878
1948
86
148
265
987
1088
1420
1826
1827
1089
1228
1391
1462
87
153
611
985
1090
1670
1756
1892
88
368
826
949
90
807
1091
1125
1197
1964
902
93
449
795
858
929
1092
1822
1830
990
267
579
1093
1496
1886
1890
1094
1824
95
442
720
726
969
96
101
962
1095
1103
1178
1810
1096
1124
1634
1877
1097
1602
1853
1912
97
499
685
939
98
494
651
1098
1184
1837
1099
1936
362
856
1100
1418
1637
100
496
796
903
417
427
959
1101
1303
1969
1102
1525
1755
1763
102
437
557
1104
1319
1490
1801
116
355
104
331
105
915
995
106
580
630
107
288
533
1105
1416
1843
1106
1823
1847
1903
108
213
424
109
525
774
1107
1570
1829
1108
1294
1359
1109
1283
110
833
1110
1559
1608
1981
111
837
112
215
113
667
730
952
1111
1875
1919
1112
342
1813
1983
1113
1643
1976
114
337
928
115
273
768
861
760
117
346
351
1114
1721
1742
1749
118
805
1115
1281
1926
1938
1116
1368
1505
1825
1117
1452
1500
1734
119
643
1862
121
500
658
682
993
1118
1413
1440
1757
1848
1394
1120
1247
1470
123
272
377
739
124
735
908
1121
1868
1787
1123
1492
1955
125
316
373
386
1349
126
410
1888
1993
127
444
128
922
129
358
604
130
865
131
434
461
1126
1304
1841
1127
1458
1686
1128
652
1661
1854
1129
1276
1973
1130
1251
1929
132
391
798
1131
1423
1210
1257
1672
1133
1225
1554
1967
279
574
1134
1397
1596
1828
134
280
1135
1447
1518
135
610
1297
1404
1740
1138
1529
1573
136
309
783
137
374
1140
1815
138
335
707
1141
1195
1585
140
220
491
836
141
585
830
142
561
824
899
143
466
721
854
1143
1783
1865
1962
1998
1144
144
751
1591
1965
145
242
814
146
345
560
147
150
431
700
467
664
151
479
501
912
152
548
573
672
755
1146
1745
1147
1484
1561
154
771
852
155
329
156
831
951
1150
1727
157
241
898
1151
895
159
193
546
864
1924
1152
1656
1893
1960
160
239
262
1153
1287
1335
1474
1362
161
897
162
812
1155
1174
1681
1839
263
855
947
1156
1449
1157
1776
1952
164
294
832
165
471
508
166
526
758
167
773
835
1158
1199
168
550
907
169
476
170
753
944
171
462
521
1159
1974
172
691
173
198
716
174
378
742
1160
1680
1161
1699
1162
1405
1932
1163
1282
1575
1715
175
763
863
1164
1662
1751
1920
1165
1261
1970
1166
1640
176
844
1167
1768
1168
1374
1432
314
588
1169
1255
1880
178
321
827
179
504
1170
180
586
779
1419
1904
1172
1188
1299
1691
1173
1354
1473
1366
1175
1176
1855
1491
1778
181
240
631
1179
182
873
183
460
1800
1992
1181
1464
184
218
1182
1398
1565
1968
1978
185
534
1183
1371
1669
186
874
187
1187
1671
1712
188
967
1527
1700
189
190
305
372
871
1189
1284
1424
1311
1530
192
317
562
1191
1377
1480
1884
194
725
1790
1192
1241
1526
1706
1193
1733
1802
195
705
542
566
197
890
1194
277
535
935
1708
1196
1334
1370
200
201
599
954
1198
1856
214
429
1590
1773
1200
1509
1201
1494
1202
1503
1690
1321
1204
1923
203
578
761
845
1207
1401
1615
1850
204
205
809
206
298
554
1209
1229
1288
1701
1211
1212
1539
1705
207
248
493
208
330
338
699
1213
1330
209
884
1214
1446
1516
210
303
509
211
212
785
511
1696
1216
1274
918
708
1217
1218
216
419
724
811
1219
1702
1914
1220
1568
1221
1315
1441
1222
1667
1223
1805
217
577
1224
1517
1655
1885
1263
1226
349
219
451
1227
275
221
607
222
857
223
295
383
1944
1753
224
497
671
225
304
888
1230
1266
1647
1736
1552
226
478
941
227
645
1232
1545
1612
1233
1451
1499
1234
1732
670
229
1235
1360
1236
1958
1237
432
231
232
486
823
1239
439
1427
233
507
530
687
1240
1737
234
738
235
236
926
937
767
1246
238
747
1242
1243
1934
641
797
766
706
1244
1713
1553
1908
243
775
880
244
260
1271
245
896
924
1248
1438
1249
1746
1250
246
966
975
1285
1692
247
567
825
1317
249
250
537
666
1253
1738
1918
1254
1760
1791
252
1717
1831
253
1348
1660
1556
254
564
255
256
366
576
257
269
388
258
1260
1707
1846
259
608
1262
1468
1264
1273
1265
1322
1367
1769
781
261
296
1916
447
1267
849
1268
1645
1722
1917
264
540
1514
1676
1687
1270
1422
789
838
1577
313
390
647
270
285
1272
1627
1735
1835
1658
1788
271
622
453
677
274
418
653
889
1607
1714
1277
1426
1524
1861
336
675
1278
1344
1488
1279
1684
1280
1586
278
1410
1293
514
916
281
293
772
282
714
283
1752
1882
1286
1616
284
909
1584
711
286
655
776
287
484
381
878
289
290
308
676
325
1289
1357
1921
1408
1291
1351
1521
638
841
1595
1770
1519
1358
1532
1295
1298
1483
490
600
1300
1540
629
1339
1482
1719
297
587
778
1587
1305
1478
1663
515
506
301
315
409
302
538
363
1307
1309
1646
1310
1329
1624
371
1312
1915
307
523
558
834
369
380
1314
310
1316
723
1551
1809
339
531
1605
318
452
319
1320
1463
1469
320
394
322
674
1511
323
488
445
750
765
1326
1387
1323
1574
1324
1569
326
848
327
1325
843
1466
1775
1327
1456
1594
1328
1425
762
1566
1694
333
565
613
1786
334
752
459
1331
1439
1871
1336
1337
1338
340
505
654
1340
1341
1342
1600
1820
1543
1345
637
656
344
1346
347
350
919
348
463
1347
1515
1563
1512
539
1435
353
598
354
568
887
1352
1364
356
357
1376
1355
359
1356
1392
1797
360
361
1522
1609
593
382
616
1363
365
853
367
1679
1369
1460
1537
1583
1429
370
556
464
495
820
1372
748
1375
1651
1378
1542
414
840
379
1381
1382
665
692
722
393
384
925
385
469
780
619
1459
387
777
1386
1693
589
1406
389
392
690
1465
395
408
1729
1896
399
425
717
1629
401
403
404
801
406
679
407
770
1396
1399
1576
412
413
759
545
415
1531
1582
1935
1475
420
701
1407
1412
421
615
502
423
1873
1445
1487
487
1411
1889
426
1479
428
1739
817
1414
1506
1544
433
927
1635
1675
1900
512
1922
1845
1421
1510
1796
435
591
436
549
1528
1704
1765
438
1467
1678
1457
440
635
441
606
443
596
648
446
740
1513
450
516
572
1508
1685
1442
1716
1443
1836
455
456
757
1444
474
790
1448
1866
465
1795
470
1454
1534
1812
704
744
472
473
1455
1481
1758
477
551
683
481
680
1485
1720
1471
769
1614
1477
1726
634
1520
731
971
1698
552
581
1548
1493
627
719
1497
1588
1498
1555
1501
1502
602
592
710
1504
1639
510
1689
1628
513
749
1767
519
524
828
623
529
1523
532
620
1536
1541
632
1730
1560
1652
1630
553
563
570
597
1750
1761
625
1677
1622
628
1724
1642
728
663
