1000
1545
1681
1857
1910
0
44
264
855
892
1
779
859
918
955
2
604
722
799
842
1001
1778
1782
1809
1999
1002
1154
1768
1770
1877
3
458
738
893
968
4
700
808
974
993
1003
1059
1112
1648
1727
1004
1229
1840
1993
1998
5
262
273
417
482
6
275
848
871
7
563
616
681
989
8
263
541
919
966
1005
1759
1856
1985
1991
9
351
733
815
961
10
551
922
938
987
1006
1432
1975
1979
1981
11
435
801
908
12
221
1244
439
994
1007
1406
1557
1895
1947
13
208
374
491
906
14
191
665
858
916
15
500
526
770
16
361
368
391
547
1008
1451
1578
1805
1940
1009
1282
1558
1866
1961
1010
1483
1640
1672
1781
17
451
552
620
692
18
241
403
789
952
19
45
720
941
1011
1216
1546
1812
1987
1012
1414
1481
1706
1925
20
244
533
600
903
1013
1260
1735
1811
1980
1014
1041
1881
1902
1963
1015
1532
1879
1898
1016
1467
1637
1693
1733
21
96
641
726
854
22
850
963
1017
1588
1690
1958
1973
1018
1340
1865
1972
23
308
589
622
1019
1664
687
1864
24
829
957
1020
1261
1430
1445
1673
25
225
814
868
983
1021
1124
1618
1823
1891
26
571
588
912
965
27
202
373
506
523
28
827
875
876
29
621
1986
30
442
559
879
985
31
229
348
929
1022
1331
1989
1990
32
69
445
646
960
33
121
701
744
878
1023
1266
1950
1969
1992
34
214
325
862
1024
1699
1918
1934
1978
1025
1290
1387
1831
1988
35
494
753
954
1026
1329
1751
1844
36
865
904
927
945
1027
1763
1917
1920
1944
37
63
38
695
752
824
920
39
544
555
697
999
40
602
971
1028
1246
1376
1819
1859
1029
1514
1542
41
64
709
856
962
1030
1480
1538
851
1931
1031
1443
1547
1889
42
623
634
685
925
1032
1559
1689
1793
1838
43
921
1033
1495
345
496
803
365
507
603
1034
1081
1647
1736
46
267
542
932
1035
1656
1714
1746
1897
1036
1524
1741
1854
47
762
888
924
956
48
694
758
1037
1228
1447
1774
49
725
931
946
982
1038
1780
1883
1906
1935
50
428
735
937
51
485
505
812
52
66
77
194
1039
1318
1564
1721
53
337
704
978
54
298
531
885
975
1040
1676
1731
1851
55
125
860
930
56
329
57
204
342
1806
1842
1903
58
193
969
1042
1337
1772
1824
59
606
651
60
319
864
910
1043
1442
1555
1832
1044
1177
1284
1412
728
1045
1478
1613
1666
1974
61
297
330
686
913
62
248
517
737
1046
1933
408
456
774
1047
1341
1631
1850
1048
1339
1469
1552
1893
1049
1137
1503
1887
667
740
1050
1353
1527
1994
1051
1660
1765
1848
1955
1052
1097
1270
1053
1058
1869
65
643
986
996
400
977
67
372
853
991
68
562
1054
1343
1462
1927
1983
1055
1151
1820
1056
1358
1610
1659
1057
1845
1896
279
792
899
70
320
338
649
657
1355
71
324
438
897
950
72
639
756
810
1530
1911
1060
1922
1970
73
1170
292
915
1061
1179
1739
1827
1062
1723
1783
1888
1063
1280
1628
1064
1108
1138
1065
1822
1941
1976
1066
1262
74
467
473
708
75
948
970
1067
1204
1915
1995
1068
1263
1413
1436
76
287
727
798
1069
1305
1711
1948
1070
1576
1590
1611
1949
78
995
1071
1078
1395
1762
1804
79
312
586
840
1072
1663
1894
1996
1073
1422
1614
1899
80
449
844
81
457
579
625
872
1074
1296
1435
1839
1908
1075
1367
1755
1775
1777
1076
1146
1959
1077
1344
1401
1788
82
402
564
1734
1847
1079
1609
1953
83
143
240
716
773
84
321
597
951
85
745
990
86
98
415
658
820
87
917
949
1080
1543
1890
1646
1726
1878
1082
1303
1841
1919
1957
1083
1408
1943
1084
1197
1473
1729
1085
1567
1821
1861
1982
88
118
142
377
481
1086
1231
1461
1860
89
131
1087
1240
1984
1088
1104
1426
1616
1089
1470
1855
1090
1756
1858
90
413
672
852
91
666
698
780
92
795
953
93
238
786
94
156
95
200
269
443
731
1091
1600
1717
1747
1966
947
1092
1589
1873
97
258
423
933
1093
1428
157
353
1094
99
721
823
964
1095
1617
1096
1103
1145
1152
1698
100
252
398
599
1098
1107
1764
1954
101
170
323
682
734
1099
1185
102
116
729
816
1100
976
1101
1249
237
103
228
478
1102
1238
1813
1274
1722
1789
1836
1105
1654
1679
1687
1106
1828
1967
1361
1537
104
755
757
1206
1658
1916
105
535
896
1109
1449
1573
1110
1122
1846
106
659
882
997
1111
1705
1508
1852
1113
1738
1114
1585
1818
1997
1115
1760
1868
1929
107
411
108
152
1116
1268
1939
1977
1117
1807
1863
1930
109
386
425
446
841
1118
1184
110
502
981
1119
1419
1815
1892
1120
1964
111
582
828
112
466
514
887
936
113
196
570
684
1121
1909
1923
1937
114
627
834
1737
115
766
1123
1730
1810
1884
1155
1125
1285
1691
310
1549
696
1126
1139
1279
1526
1901
1127
1308
1560
1128
1299
1310
1808
1129
1960
1130
1801
1907
1131
1235
1913
1132
1752
117
426
787
984
1133
1354
1686
1134
1650
1875
1135
1171
1604
831
119
747
873
120
440
839
967
272
382
1136
1242
1556
1625
1565
1835
1945
1407
1716
1816
1519
1140
1553
122
691
821
1141
1886
1926
1142
1853
123
146
232
926
992
1143
1220
1825
1144
1748
889
1942
1347
1460
124
424
490
959
1147
1523
867
1148
1644
1149
1359
1515
1150
557
126
381
493
935
1236
1697
1619
1874
1153
1484
1710
127
1381
1612
1615
128
355
833
1156
1649
1921
129
134
861
1157
1696
1743
1158
1694
1799
130
422
1159
1350
1511
1160
1703
979
1161
1814
1162
1871
1914
1163
1174
1688
1164
519
132
635
832
133
460
886
1165
1326
1776
905
934
135
540
136
137
282
138
680
139
418
675
857
1166
1661
1167
1183
1371
1928
1168
1190
1440
140
236
489
958
1169
1281
1320
1568
141
255
1288
1794
483
509
881
1172
1205
1370
144
233
587
863
1173
145
845
901
147
609
677
1317
1489
148
617
1175
1418
149
637
670
150
334
713
151
565
633
153
605
717
1176
1312
1951
154
343
548
155
283
307
1393
1178
1372
671
1792
838
379
592
1180
1692
1181
158
159
618
160
430
655
869
161
688
782
940
162
580
163
313
612
164
462
1182
1651
1701
1767
165
553
638
166
679
928
1797
1904
1324
1186
1219
1295
1843
167
611
781
168
826
169
454
556
1187
1505
1531
1620
1188
1639
1968
746
1189
1272
1421
171
474
806
172
1257
1191
1297
1385
173
656
1192
1213
1632
1193
1684
1790
174
335
942
1194
1402
1713
1195
1384
1196
794
1198
1306
1880
1199
1529
175
250
370
1200
1239
1670
1971
1201
176
220
349
1202
1872
177
253
1203
1410
1785
178
1603
1207
1208
1912
179
870
1245
1209
1598
1665
180
181
769
182
183
524
723
748
1210
1962
184
187
522
185
186
891
636
1211
1230
1924
188
629
189
257
431
843
190
341
972
1212
1592
192
356
689
316
447
591
195
772
800
1214
1622
1769
1965
1215
1932
293
197
295
788
866
198
317
759
822
199
465
1217
1304
1936
1218
1830
1482
201
573
1221
1254
1882
203
715
890
1222
1629
1223
1458
205
1224
1399
1719
1766
206
614
207
1225
1226
1577
653
998
1227
1630
1829
1554
209
210
475
1325
211
574
212
669
213
569
1787
624
1652
215
216
539
718
973
217
1232
1292
1417
1433
1233
1682
218
830
1234
1237
219
239
242
429
1674
286
222
763
837
223
943
224
898
1626
1709
1241
1677
1596
1243
1345
909
226
1704
1352
1938
227
306
558
1247
1800
572
754
791
818
1248
1905
1952
1498
1501
230
268
880
1250
1492
231
585
902
397
406
234
1645
703
1251
1562
235
472
1252
1253
1357
1255
434
712
1256
1258
1364
277
1259
1534
1597
1754
1423
1494
448
615
1771
1802
433
778
884
1323
736
1264
1389
1803
1834
243
278
674
245
594
246
767
895
247
1265
1563
1657
1267
1671
1450
1570
1724
1269
1586
1638
249
561
710
1271
593
1273
1277
1275
1314
251
285
534
1276
1479
771
817
1885
436
811
1278
1544
1335
1540
254
416
714
256
549
678
980
1561
1283
1757
1837
259
404
529
260
261
654
673
849
939
432
469
265
663
1286
266
719
846
907
1287
1380
1488
1551
1289
1758
1876
1453
1291
1398
289
1750
1293
1862
1946
1294
1572
1602
352
459
988
270
346
750
271
280
1298
1535
1300
1680
1826
1301
1798
1302
1374
619
730
761
1420
274
499
1591
1307
1459
1309
1740
1761
566
276
470
1311
1334
1900
1319
783
1313
1678
1773
598
1315
1316
1463
1867
1349
1457
281
476
577
693
796
874
284
776
1742
583
601
1796
288
322
1321
784
793
290
532
291
344
785
359
660
294
516
683
296
1833
1322
1667
1411
1327
1475
1504
1328
299
300
607
1330
301
302
303
923
1332
1601
1333
304
527
305
804
1377
576
1336
309
362
647
375
311
545
911
1338
1517
1452
1695
314
468
1342
1522
1587
315
1584
1400
1956
318
661
900
1346
1446
732
326
327
332
328
389
1348
1474
1579
1728
331
1351
1472
333
705
367
1500
336
1356
339
530
340
1360
1795
1675
1362
1363
1429
1476
1745
626
420
1365
347
419
819
1366
1707
835
350
1368
1369
1583
1636
1641
354
595
538
777
1373
357
1375
1700
1870
358
760
883
1487
1683
360
1378
1409
1379
1396
363
584
364
1623
366
877
768
369
536
1382
836
1383
1518
1786
371
427
437
650
1627
503
711
376
706
1386
488
702
378
644
809
380
492
1388
383
567
384
385
464
1390
1391
1685
504
387
388
390
1392
1394
1533
1606
1715
1397
1437
392
1464
1595
1643
1493
1621
1550
393
521
394
1403
1571
1749
395
396
642
813
581
608
775
1404
399
1405
401
1448
512
676
1655
405
1784
1415
1593
1416
802
407
613
409
410
1424
1594
412
1425
1438
508
1427
414
662
550
807
1431
749
421
1434
610
699
1439
486
495
1441
1466
1528
1753
1744
1444
1642
741
1506
1465
501
1849
1497
441
513
630
1454
1455
1791
690
444
640
450
1456
1513
1634
825
596
452
1486
453
455
1725
1574
1662
1520
1468
1817
471
461
743
1471
1669
463
1477
944
765
477
1485
764
546
479
790
480
518
484
487
648
1490
1509
1491
645
1510
1496
1499
1702
631
1541
497
1502
498
1624
1507
1525
1512
537
1599
1516
510
751
511
1521
515
1779
914
590
1582
520
668
1668
894
525
528
1653
797
1718
1580
1536
805
543
739
1539
1575
554
1548
560
1608
742
568
1712
1720
1566
1569
1708
575
578
1605
1581
847
632
1607
1633
1732
1635
628
724
652
664
707
