2000	0
1000	1545
1000	1681
1000	1857
1000	1910
1545	1373
1545	1832
1545	1835
1545	1839
1545	1866
1545	1909
1681	1086
1681	1149
1681	1202
1681	1499
1681	1779
1681	1851
1681	1904
1681	1978
1857	1053
1857	1283
1857	1327
1857	1405
1857	1482
1857	1606
1857	1638
1857	1673
1857	1764
1857	1816
1857	1868
1857	1949
1857	1972
1857	1990
1857	1993
1910	1127
1910	1351
1910	1379
1910	1388
1910	1535
1910	1580
1910	1585
1910	1646
1910	1706
1910	1747
1910	1754
1910	1806
1910	1814
1910	1816
1910	1833
1910	1848
1910	1855
1910	1897
1910	1946
0	44
0	264
0	855
0	892
44	345
44	496
44	803
264	432
264	469
264	746
264	956
855	53
855	162
855	323
855	357
855	516
855	586
855	618
855	814
855	913
855	954
855	956
855	964
855	965
855	982
892	243
892	424
892	517
892	590
892	665
892	708
892	742
892	750
892	762
892	868
892	895
892	1885
892	933
892	968
892	977
892	978
892	990
1	779
1	859
1	918
1	955
779	254
779	399
779	408
779	661
779	686
779	731
779	775
779	808
779	860
779	934
779	991
859	57
859	104
859	343
859	353
859	393
859	578
859	648
859	1745
859	783
859	797
859	858
859	940
859	942
859	965
859	997
918	300
918	396
918	475
918	583
918	667
918	751
918	786
918	792
918	794
918	818
918	821
918	842
918	869
918	948
918	952
918	954
918	963
918	978
918	993
955	111
955	137
955	141
955	218
955	244
955	415
955	433
955	518
955	553
955	557
955	581
955	761
955	787
955	862
955	872
955	891
955	895
955	907
955	926
955	942
955	956
955	966
955	968
955	974
955	975
2	604
2	722
2	799
2	842
604	125
604	235
604	619
604	624
604	769
604	782
604	896
722	11
722	37
722	40
722	108
722	286
722	372
722	512
722	648
722	941
799	43
799	162
799	433
799	503
799	730
799	812
799	887
799	932
799	944
799	949
799	1990
842	22
842	128
842	436
842	473
842	669
842	796
842	884
842	903
842	917
842	935
842	950
842	972
842	997
1001	1778
1001	1782
1001	1809
1001	1999
1778	1203
1778	1429
1778	1742
1778	1744
1778	1774
1778	778
1778	1804
1778	1856
1778	1929
1778	1956
1778	1991
1782	1290
1782	1449
1782	1728
1782	1797
1782	1803
1782	1881
1782	1896
1782	1928
1782	1940
1782	1954
1782	1984
1809	1026
1809	1089
1809	288
1809	1773
1809	1810
1809	1833
1809	1858
1809	1879
1809	1919
1809	1966
1809	1968
1809	1975
1999	1029
1999	1050
1999	1052
1999	1173
1999	1181
1999	1283
1999	1380
1999	1410
1999	1417
1999	1418
1999	1425
1999	1463
1999	1486
1999	1506
1999	504
1999	1522
1999	1585
1999	1605
1999	1612
1999	1618
1999	1625
1999	1638
1999	1655
1999	1675
1999	1727
1999	1751
1999	1757
1999	1772
1999	1826
1999	1828
1999	1837
1999	1860
1999	1898
1999	1927
1999	1936
1999	1955
1999	1971
1999	1991
1999	1998
1002	1154
1002	1768
1002	1770
1002	1877
1154	1122
1154	1141
1154	1980
1768	1276
1768	1410
1768	1596
1768	1869
1768	1915
1768	1933
1768	1972
1768	1976
1768	1981
1768	1994
1770	1143
1770	1495
1770	1664
1770	1682
1770	1728
1770	1821
1770	1871
1770	1941
1770	1944
1770	1980
1877	1150
1877	1278
1877	1284
1877	1601
1877	1626
1877	1693
1877	1730
1877	1757
1877	1785
1877	1798
1877	1826
1877	1863
1877	1878
1877	1926
1877	1977
1877	1979
3	458
3	738
3	893
3	968
458	24
458	611
458	1717
458	873
458	898
738	28
738	55
738	422
738	550
738	590
738	656
738	844
738	863
738	981
738	994
893	6
893	158
893	306
893	358
893	486
893	545
893	589
893	657
893	728
893	761
893	783
893	790
893	798
893	1849
893	930
893	971
893	980
968	24
968	94
968	145
968	178
968	182
968	206
968	244
968	265
968	360
968	537
968	571
968	575
968	583
968	642
968	649
968	703
968	848
968	864
968	875
968	888
968	928
968	941
968	947
968	948
968	970
968	975
968	985
4	700
4	808
4	974
4	993
700	103
700	223
700	609
700	652
700	699
700	777
700	787
700	839
700	979
808	43
808	442
808	578
808	663
808	695
808	872
808	903
808	915
808	947
808	953
808	974
974	190
974	229
974	284
974	290
974	382
974	385
974	426
974	467
974	498
974	547
974	559
974	626
974	653
974	656
974	660
974	662
974	742
974	748
974	778
974	861
974	881
974	895
974	931
974	949
974	956
974	957
974	981
974	999
993	50
993	85
993	151
993	260
993	1317
993	315
993	317
993	367
993	383
993	423
993	455
993	508
993	557
993	570
993	675
993	691
993	697
993	712
993	717
993	763
993	765
993	800
993	844
993	880
993	910
993	913
993	919
993	939
993	948
993	951
993	952
993	960
993	973
993	999
1003	1059
1003	1112
1003	1648
1003	1727
1059	1530
1059	1824
1059	1911
1112	1508
1112	1852
1112	1976
1648	1195
1648	1692
1648	1850
1648	1852
1648	1941
1648	1969
1648	1985
1727	1121
1727	1304
1727	1610
1727	1666
1727	1838
1727	1870
1727	1895
1727	1987
1004	1229
1004	1840
1004	1993
1004	1998
1229	1325
1229	1600
1229	1972
1840	1063
1840	1102
1840	1111
1840	1461
1840	1491
1840	1521
1840	1696
1840	1797
1840	1807
1840	1887
1840	1924
1840	1946
1840	1979
1840	1988
1993	1057
1993	1300
1993	1337
1993	1367
1993	1427
1993	1440
1993	1458
1993	1461
1993	1494
1993	1583
1993	1654
1993	1706
1993	1707
1993	1715
1993	1794
1993	1804
1993	1821
1993	1822
1993	834
1993	1829
1993	1837
1993	1849
1993	1861
1993	1893
1993	1904
1993	1937
1993	1952
1993	1957
1993	1959
1993	1965
1993	1968
1993	1970
1993	1978
1993	1994
1993	1996
1993	1997
1998	1117
1998	1153
1998	1298
1998	1364
1998	1458
1998	1476
1998	1527
1998	1552
1998	1556
1998	1583
1998	1587
1998	1592
1998	1597
1998	1608
1998	1633
1998	1671
1998	1674
1998	1696
1998	1733
1998	1734
1998	1741
1998	1744
1998	748
1998	1863
1998	1867
1998	1871
1998	1885
1998	1899
1998	1916
1998	1924
1998	1937
1998	1962
1998	1966
1998	1975
1998	1979
1998	1989
1998	1991
1998	1997
5	262
5	273
5	417
5	482
262	654
262	672
262	673
262	978
273	220
273	569
273	761
273	951
417	62
417	182
417	550
417	646
417	807
482	135
482	581
482	615
482	715
482	921
6	275
6	848
6	871
275	830
275	904
275	919
275	958
848	15
848	89
848	209
848	261
848	369
848	614
848	804
848	845
848	854
848	894
848	915
848	924
848	986
871	505
871	568
871	619
871	632
871	721
871	727
871	749
871	751
871	875
871	880
871	912
871	967
871	981
871	996
871	997
7	563
7	616
7	681
7	989
563	136
563	258
563	434
563	783
563	791
563	919
616	219
616	637
616	692
616	825
616	874
616	932
616	984
681	296
681	485
681	573
681	757
681	839
681	852
681	900
681	975
989	22
989	34
989	115
989	136
989	155
989	168
989	202
989	1281
989	382
989	415
989	428
989	527
989	536
989	560
989	562
989	644
989	652
989	689
989	704
989	769
989	776
989	815
989	853
989	885
989	886
989	920
989	936
989	939
989	950
989	965
989	976
989	978
989	995
8	263
8	541
8	919
8	966
263	603
263	849
263	939
263	986
541	31
541	1451
541	531
541	550
541	705
541	821
919	29
919	37
919	92
919	196
919	279
919	362
919	431
919	567
919	600
919	642
919	679
919	941
919	948
919	975
919	979
919	985
966	67
966	104
966	309
966	350
966	498
966	510
966	521
966	528
966	529
966	607
966	649
966	654
966	665
966	694
966	771
966	783
966	825
966	854
966	878
966	889
966	891
966	922
966	938
966	947
966	1941
966	962
966	996
1005	1759
1005	1856
1005	1985
1005	1991
1759	1146
1759	1707
1759	1826
1759	1859
1759	1883
1759	1909
1759	1944
1759	1970
1759	1984
1759	1995
1856	1066
1856	1150
1856	1161
1856	1216
1856	1488
1856	1496
1856	1513
1856	1566
1856	1691
1856	1697
1856	1773
1856	1807
1856	1826
1856	1942
1985	1076
1985	1135
1985	118
1985	1166
1985	1225
1985	1227
1985	1291
1985	1335
1985	1455
1985	1501
1985	1539
1985	1547
1985	1552
1985	1572
1985	1575
1985	1582
1985	1598
1985	1619
1985	1708
1985	1812
1985	1826
1985	1861
1985	1869
1985	1872
1985	1891
1985	1894
1985	1906
1985	1938
1985	1957
1985	1963
1985	1964
1985	1966
1985	1988
1991	1039
1991	1064
1991	1095
1991	1481
1991	1559
1991	1615
1991	1627
1991	1678
1991	1702
1991	1705
1991	1734
1991	1754
1991	1761
1991	1795
1991	1799
1991	1806
1991	1810
1991	1826
1991	1849
1991	1870
1991	1889
1991	1905
1991	1913
1991	1921
1991	1924
1991	1933
1991	1938
1991	1947
1991	1949
1991	1951
1991	1952
1991	1976
1991	1977
1991	1997
9	351
9	733
9	815
9	961
351	295
351	555
351	824
351	977
733	72
733	418
733	565
733	576
733	633
733	740
733	905
733	988
733	992
815	172
815	316
815	602
815	655
815	678
815	691
815	835
815	876
815	886
815	913
815	959
961	59
961	110
961	121
961	178
961	179
961	201
961	213
961	385
961	386
961	1455
961	459
961	486
961	514
961	615
961	672
961	707
961	743
961	761
961	777
961	809
961	838
961	843
961	889
961	891
961	917
961	921
961	948
10	551
10	922
10	938
10	987
551	191
551	605
551	821
551	907
551	962
551	985
922	35
922	180
922	280
922	303
922	379
922	405
922	430
922	435
922	576
922	626
922	683
922	701
922	711
922	783
922	858
922	870
922	909
922	973
938	74
938	135
938	349
938	380
938	585
938	635
938	654
938	655
938	673
938	726
938	768
938	822
938	844
938	851
938	874
938	879
938	901
938	908
938	934
938	976
938	982
987	128
987	132
987	199
987	221
987	303
987	346
987	355
987	481
987	500
987	508
987	592
987	664
987	707
987	727
987	734
987	736
987	760
987	765
987	794
987	805
987	828
987	829
987	830
987	844
987	868
987	880
987	1894
987	911
987	947
987	962
987	971
987	985
987	995
1006	1432
1006	1975
1006	1979
1006	1981
1432	1251
1432	1829
1432	1862
1432	1883
1432	1945
1975	1033
1975	1113
1975	1143
1975	1159
1975	1223
1975	1339
1975	1485
1975	1596
1975	1602
1975	1624
1975	1729
1975	1742
1975	1747
1975	1749
1975	1787
1975	1814
1975	1817
1975	1838
1975	1849
1975	1852
1975	1867
1975	904
1975	1896
1975	1911
1975	1951
1975	1952
1975	1953
1975	1970
1975	1977
1975	1994
1979	1056
1979	1099
1979	1119
1979	1141
1979	1148
1979	1271
1979	1279
1979	1390
1979	1407
1979	1472
1979	1525
1979	1551
1979	1581
1979	1602
1979	1604
1979	685
1979	1810
1979	1819
1979	1853
1979	1882
1979	1895
1979	1904
1979	1923
1979	1933
1979	1937
1979	1964
1979	1967
1979	1974
1979	1995
1981	1221
1981	1243
1981	1413
1981	1472
1981	1486
1981	1528
1981	1599
1981	1606
1981	1661
1981	1685
1981	1689
1981	1746
1981	1754
1981	1756
1981	1764
1981	1806
1981	1824
1981	1830
1981	1865
1981	1879
1981	1892
1981	1904
1981	1928
1981	1936
1981	1937
1981	1942
1981	1954
1981	1959
1981	1965
1981	1969
1981	1971
1981	1990
11	435
11	801
11	908
435	40
435	809
435	879
435	924
801	122
801	253
801	299
801	380
801	443
801	676
801	689
801	802
801	876
801	900
801	983
801	984
908	185
908	340
908	418
908	543
908	630
908	751
908	760
908	764
908	791
908	823
908	841
908	853
908	882
908	914
908	925
908	1946
908	969
12	221
12	1244
12	439
12	994
221	839
221	981
221	999
1244	1233
1244	1704
1244	1914
1244	1964
439	114
439	227
439	547
439	804
439	990
994	56
994	68
994	77
994	170
994	212
994	259
994	506
994	510
994	591
994	593
994	596
994	635
994	647
994	659
994	678
994	699
994	715
994	734
994	751
994	753
994	757
994	765
994	775
994	776
994	797
994	804
994	863
994	873
994	890
994	916
994	929
994	930
994	937
994	941
1007	1406
1007	1557
1007	1895
1007	1947
1406	1523
1406	1733
1406	1850
1406	1907
1406	1966
1557	1396
1557	1491
1557	1548
1557	1697
1557	1758
1557	1941
1895	1178
1895	1236
1895	1237
1895	1443
1895	1612
1895	1616
1895	1643
1895	1657
1895	1697
1895	1743
1895	1817
1895	1858
1895	1907
1895	1964
1895	1969
1895	1995
1947	1018
1947	1022
1947	1202
1947	1234
1947	1286
1947	1290
1947	1321
1947	1338
1947	1383
1947	1411
1947	1571
1947	1607
1947	1637
1947	1652
1947	1733
1947	1763
1947	1814
1947	1919
1947	1926
1947	1933
1947	1941
1947	1956
1947	1963
1947	1974
1947	1989
13	208
13	374
13	491
13	906
208	653
208	882
208	998
374	211
374	327
374	503
374	997
491	19
491	904
491	923
491	928
491	950
906	60
906	173
906	243
906	677
906	736
906	769
906	813
906	853
906	916
906	923
906	929
906	953
906	960
906	964
906	967
906	975
906	983
906	996
14	191
14	665
14	858
14	916
191	735
191	882
665	446
665	862
665	911
665	934
665	936
665	981
858	250
858	488
858	620
858	621
858	628
858	690
858	785
858	896
858	932
858	957
858	959
858	983
858	985
916	82
916	127
916	245
916	528
916	601
916	645
916	699
916	758
916	764
916	824
916	836
916	877
916	884
916	888
916	924
916	940
916	990
15	500
15	526
15	770
500	138
500	502
500	807
500	861
526	194
526	245
526	405
526	481
526	1730
526	869
770	117
770	404
770	540
770	548
770	588
770	626
770	901
770	969
770	972
770	980
770	988
16	361
16	368
16	391
16	547
361	176
361	523
361	717
361	863
368	193
368	768
368	795
368	917
391	230
391	431
391	814
391	964
391	981
547	168
547	469
547	828
547	924
1008	1451
1008	1578
1008	1805
1008	1940
1451	1222
1451	1695
1451	1849
1451	1994
1578	1055
1578	1307
1578	1382
1578	1565
1578	1605
1578	1739
1805	1015
1805	1444
1805	1573
1805	1675
1805	1707
1805	1750
1805	1871
1805	1883
1805	1924
1805	1929
1805	1959
1805	1963
1940	1079
1940	1281
1940	1294
1940	1321
1940	1393
1940	1403
1940	1518
1940	1520
1940	1569
1940	1606
1940	1621
1940	1665
1940	1670
1940	1693
1940	1735
1940	1750
1940	1827
1940	1917
1940	1927
1940	1973
1940	1982
1940	1983
1940	1986
1009	1282
1009	1558
1009	1866
1009	1961
1282	1561
1282	1838
1282	1875
1282	1990
1558	1269
1558	1538
1558	1559
1558	1644
1558	1826
1558	1923
1866	1325
1866	1379
1866	1390
1866	1457
1866	1507
1866	1680
1866	1699
1866	1743
1866	805
1866	1869
1866	1880
1866	1906
1866	1946
1866	1990
1961	1033
1961	1118
1961	1265
1961	1278
1961	1281
1961	1338
1961	1415
1961	1429
1961	1548
1961	1613
1961	1624
1961	1668
1961	1679
1961	1680
1961	1715
1961	1722
1961	1795
1961	1802
1961	1825
1961	1844
1961	1846
1961	1858
1961	1917
1961	1922
1961	1930
1961	1948
1961	1978
1961	1987
1010	1483
1010	1640
1010	1672
1010	1781
1483	1477
1483	1729
1483	1873
1483	1965
1483	1997
1640	1220
1640	607
1640	1623
1640	1753
1640	1886
1640	1936
1640	1955
1672	1019
1672	1052
1672	1686
1672	1834
1672	1894
1672	1912
1672	1935
1672	1951
1781	1046
1781	1130
1781	1521
1781	1537
1781	1581
1781	1626
1781	1924
1781	1945
1781	1959
1781	1965
1781	1980
17	451
17	552
17	620
17	692
451	651
451	774
451	780
451	860
451	971
552	409
552	410
552	502
552	515
552	753
552	877
620	231
620	272
620	282
620	1958
620	965
620	999
692	313
692	590
692	622
692	706
692	769
692	948
692	969
692	978
18	241
18	403
18	789
18	952
241	433
241	778
241	884
241	984
403	512
403	676
403	917
403	951
403	999
789	159
789	245
789	290
789	427
789	440
789	499
789	703
789	717
789	898
789	951
789	995
952	59
952	174
952	212
952	292
952	293
952	409
952	426
952	511
952	531
952	611
952	754
952	803
952	854
952	877
952	887
952	897
952	927
952	929
952	954
952	956
952	973
952	991
952	999
19	45
19	720
19	941
45	365
45	507
45	603
720	23
720	477
720	545
720	577
720	709
720	727
720	820
720	886
720	964
941	98
941	205
941	217
941	414
941	612
941	629
941	664
941	726
941	727
941	793
941	905
941	923
941	935
941	940
941	943
941	944
941	979
941	982
1011	1216
1011	1546
1011	1812
1011	1987
1216	1080
1216	1851
1546	1094
1546	1609
1546	1704
1546	1880
1546	1888
1546	1996
1812	1198
1812	1371
1812	1709
1812	1716
1812	1830
1812	1870
1812	1887
1812	1891
1812	1903
1812	1929
1812	1951
1987	1222
1987	1270
1987	1392
1987	1487
1987	1507
1987	1516
1987	1533
1987	1561
1987	1571
1987	1589
1987	1593
1987	1621
1987	1650
1987	1662
1987	1683
1987	1694
1987	1736
1987	1761
1987	1762
1987	1776
1987	1800
1987	1819
1987	1871
1987	1899
1987	1905
1987	1926
1987	1928
1987	1936
1987	1948
1987	1953
1987	1954
1987	1962
1987	1996
1012	1414
1012	1481
1012	1706
1012	1925
1414	1040
1414	1676
1414	1788
1414	1845
1414	1851
1481	1199
1481	1798
1481	1800
1481	1830
1706	1625
1706	1740
1706	1800
1706	1818
1706	1873
1706	1900
1706	1908
1925	1043
1925	1055
1925	1209
1925	1218
1925	1237
1925	1274
1925	1527
1925	1678
1925	1745
1925	1751
1925	1798
1925	1801
1925	1891
1925	1897
1925	1920
1925	1923
1925	1924
1925	1939
1925	1958
1925	1960
1925	1986
20	244
20	533
20	600
20	903
244	674
244	713
533	399
533	436
533	513
533	688
533	693
533	996
600	199
600	459
600	660
600	869
600	894
600	1956
903	1067
903	136
903	365
903	450
903	506
903	510
903	554
903	617
903	791
903	810
903	856
903	876
903	928
903	932
903	965
903	988
1013	1260
1013	1735
1013	1811
1013	1980
1260	1423
1260	1494
1260	1650
1260	1846
1735	1330
1735	1402
1735	1598
1735	1790
1735	1862
1735	1930
1735	1934
1735	1952
1811	1120
1811	1171
1811	1362
1811	1416
1811	1588
1811	1716
1811	1804
1811	1863
1811	1885
1811	1955
1811	1960
1811	1964
1980	1066
1980	1139
1980	1189
1980	1248
1980	1253
1980	1322
1980	1323
1980	1378
1980	1396
1980	1407
1980	1516
1980	1524
1980	1553
1980	1582
1980	1583
1980	668
1980	1717
1980	1752
1980	1806
1980	1854
1980	1902
1980	1914
1980	1946
1980	1967
1980	1968
1980	1978
1980	1984
1980	1988
1980	1992
1014	1041
1014	1881
1014	1902
1014	1963
1041	1806
1041	1842
1041	1903
1881	1079
1881	1346
1881	1510
1881	1549
1881	1589
1881	1686
1881	1823
1881	1838
1881	1872
1881	1883
1881	1898
1881	1950
1881	1962
1881	1972
1881	1986
1902	1291
1902	1433
1902	1434
1902	1574
1902	662
1902	1686
1902	1708
1902	1851
1902	1878
1902	1880
1902	1897
1902	1909
1902	1953
1902	1958
1902	1968
1902	1986
1902	1989
1963	1105
1963	1118
1963	1124
1963	1129
1963	1252
1963	1256
1963	1336
1963	1356
1963	1368
1963	1415
1963	1485
1963	1492
1963	1515
1963	1650
1963	1718
1963	1756
1963	1783
1963	900
1963	1894
1963	1900
1963	1903
1963	1930
1963	1953
1963	1966
1963	1970
1015	1532
1015	1879
1015	1898
1532	1567
1532	1653
1532	1752
1532	1765
1532	1842
1532	1938
1879	1072
1879	1409
1879	1423
1879	1436
1879	430
1879	1530
1879	1535
1879	1601
1879	1737
1879	1820
1879	1872
1879	1930
1879	1942
1879	1959
1898	1163
1898	1207
1898	1262
1898	1388
1898	1472
1898	1579
1898	1588
1898	1700
1898	1761
1898	1836
1898	1913
1898	1930
1898	1933
1898	1936
1898	1982
1898	1986
1016	1467
1016	1637
1016	1693
1016	1733
1467	1110
1467	1520
1467	1855
1467	1874
1467	1958
1637	1094
1637	1175
1637	1377
1637	1593
1637	1912
1637	1967
1693	1399
1693	1610
1693	1654
1693	1818
1693	1888
1693	1951
1733	1383
1733	1665
1733	1690
1733	1694
1733	1790
1733	1958
21	96
21	641
21	726
21	854
96	752
96	879
96	947
641	277
641	365
641	844
641	874
641	898
641	925
641	998
726	274
726	423
726	564
726	619
726	630
726	797
726	905
854	409
854	493
854	592
854	617
854	734
854	797
854	813
854	817
854	835
854	872
854	923
22	850
22	963
850	75
850	148
850	204
850	269
850	325
850	327
850	359
850	638
850	860
850	869
850	932
850	958
850	986
850	991
963	100
963	108
963	164
963	209
963	236
963	327
963	399
963	405
963	590
963	594
963	610
963	646
963	739
963	765
963	766
963	771
963	782
963	797
963	837
963	874
963	888
963	898
963	912
963	924
963	931
963	944
963	982
1017	1588
1017	1690
1017	1958
1017	1973
1588	1169
1588	1420
1588	1882
1588	1943
1588	1995
1690	1092
1690	1180
1690	1194
1690	1304
1690	1487
1690	1868
1690	1959
1958	1106
1958	1309
1958	1431
1958	1744
1958	1767
1958	1796
1958	1802
1958	1829
1958	1858
1958	1863
1958	1883
1958	1894
1958	1901
1958	1906
1958	1909
1958	1911
1958	1931
1958	1935
1958	1959
1958	1968
1958	1983
1958	1989
1958	1997
1973	1084
1973	1151
1973	1257
1973	1296
1973	1334
1973	1346
1973	1391
1973	1418
1973	1425
1973	1446
1973	1497
1973	1591
1973	1601
1973	1634
1973	1645
1973	1808
1973	1810
1973	1823
1973	1832
1973	847
1973	1850
1973	1872
1973	1882
1973	1886
1973	1900
1973	1921
1973	1934
1973	1945
1973	1969
1973	1995
1018	1340
1018	1865
1018	1972
1340	1319
1340	1775
1340	1986
1340	1996
1865	1101
1865	1460
1865	1521
1865	1579
1865	1583
1865	1749
1865	1829
1865	1831
1865	1907
1865	1909
1865	1930
1865	1967
1865	1983
1865	1996
1972	1301
1972	1408
1972	1529
1972	1556
1972	1563
1972	1571
1972	1595
1972	1600
1972	1620
1972	1655
1972	1678
1972	1701
1972	1717
1972	1721
1972	1741
1972	1762
1972	1794
1972	1817
1972	1829
1972	1889
1972	1892
1972	1917
1972	1946
1972	1952
1972	1955
1972	1962
1972	1974
23	308
23	589
23	622
308	576
308	812
308	852
308	997
589	239
589	270
589	504
589	775
589	811
589	979
622	130
622	292
622	730
622	798
622	957
622	998
1019	1664
1019	687
1019	1864
1664	1569
1664	1608
1664	1715
1664	1860
1664	878
1664	1918
1664	1929
687	182
687	301
687	457
687	617
687	658
687	828
687	977
687	992
1864	1205
1864	1262
1864	1369
1864	1388
1864	1427
1864	1497
1864	1524
1864	1650
1864	1885
1864	937
1864	1935
1864	1938
1864	1970
1864	1978
1864	1984
24	829
24	957
829	225
829	393
829	441
829	664
829	749
829	867
829	870
829	883
829	889
829	901
829	948
829	967
957	43
957	58
957	224
957	1396
957	420
957	442
957	450
957	537
957	752
957	759
957	841
957	851
957	882
957	889
957	895
957	920
957	929
957	944
957	947
957	954
957	976
957	982
957	995
1020	1261
1020	1430
1020	1445
1020	1673
1261	1771
1261	1802
1261	1945
1261	1989
1430	1420
1430	1694
1430	1825
1430	1957
1430	1982
1445	1111
1445	1506
1445	1606
1445	1932
1445	1954
1673	1057
1673	1132
1673	1573
1673	1723
1673	1734
1673	1793
1673	1819
25	225
25	814
25	868
25	983
225	77
225	909
225	975
814	200
814	202
814	285
814	388
814	501
814	593
814	742
814	939
814	997
814	999
868	294
868	313
868	630
868	646
868	721
868	845
868	852
868	912
868	929
868	956
868	980
868	982
868	984
983	179
983	195
983	215
983	289
983	328
983	347
983	389
983	392
983	427
983	452
983	463
983	479
983	543
983	573
983	625
983	652
983	711
983	784
983	822
983	832
983	845
983	849
983	851
983	896
983	905
983	930
983	954
983	958
983	992
1021	1124
1021	1618
1021	1823
1021	1891
1124	1155
1124	1967
1618	1392
1618	1510
1618	1515
1618	1721
1618	1755
1618	1997
1823	1060
1823	1140
1823	1242
1823	1386
1823	1454
1823	1818
1823	1858
1823	1901
1823	1917
1823	1967
1823	1970
1891	1066
1891	1436
1891	1605
1891	1725
1891	1742
1891	1762
1891	1764
1891	1874
1891	1878
1891	1927
1891	1928
1891	1943
1891	1960
1891	1984
1891	1995
26	571
26	588
26	912
26	965
571	152
571	474
571	606
571	663
571	964
588	56
588	579
588	660
588	777
588	958
588	986
912	138
912	181
912	207
912	239
912	520
912	539
912	590
912	631
912	651
912	660
912	679
912	834
912	898
912	971
912	973
912	990
965	37
965	56
965	163
965	251
965	288
965	363
965	365
965	686
965	739
965	740
965	752
965	767
965	772
965	780
965	781
965	786
965	811
965	883
965	889
965	905
965	969
965	988
965	992
27	202
27	373
27	506
27	523
202	972
373	277
373	819
373	833
373	950
506	517
506	656
506	833
506	926
523	269
523	593
523	597
523	740
523	830
28	827
28	875
28	876
827	29
827	79
827	314
827	538
827	643
827	825
827	830
827	856
827	891
827	946
827	947
827	976
827	980
875	323
875	387
875	539
875	558
875	611
875	634
875	749
875	826
875	856
875	943
875	978
875	982
875	991
876	122
876	367
876	522
876	525
876	653
876	666
876	668
876	754
876	1813
876	945
876	980
876	985
876	997
29	621
29	1986
621	152
621	247
621	901
621	970
621	982
621	986
1986	1036
1986	1145
1986	1353
1986	1355
1986	1372
1986	1426
1986	1441
1986	1477
1986	1512
1986	1549
1986	1554
1986	1587
1986	1615
1986	1652
1986	1763
1986	1807
1986	1825
1986	1846
1986	1850
1986	1851
1986	1853
1986	1871
1986	1873
1986	1883
1986	1924
1986	1934
1986	1939
1986	1953
1986	1964
30	442
30	559
30	879
30	985
442	256
442	630
442	1916
559	48
559	76
559	802
559	853
559	990
879	247
879	291
879	301
879	522
879	694
879	702
879	735
879	895
879	913
879	926
879	972
879	981
879	995
985	77
985	78
985	106
985	265
985	338
985	411
985	474
985	550
985	556
985	576
985	727
985	739
985	744
985	756
985	866
985	888
985	900
985	902
985	909
985	927
985	929
985	934
985	936
985	959
985	964
985	975
31	229
31	348
31	929
229	924
229	936
229	954
348	133
348	246
348	582
348	835
929	236
929	304
929	329
929	479
929	640
929	666
929	678
929	708
929	766
929	902
929	928
929	951
929	991
929	997
1022	1331
1022	1989
1022	1990
1331	1453
1331	1836
1331	1938
1331	1971
1989	1033
1989	1090
1989	1185
1989	1350
1989	1356
1989	1405
1989	1493
1989	1538
1989	1649
1989	1704
1989	1729
1989	1779
1989	1819
1989	1821
1989	1833
1989	1844
1989	1847
1989	1870
1989	1893
1989	1905
1989	1937
1989	1944
1989	1966
1989	1968
1989	1969
1989	1971
1989	1978
1989	1983
1989	991
1989	1984
1989	1990
1990	1034
1990	1065
1990	1123
1990	1178
1990	1210
1990	1271
1990	1274
1990	1317
1990	1367
1990	1386
1990	1402
1990	1438
1990	1635
1990	1767
1990	1793
1990	1803
1990	1806
1990	1810
1990	1821
1990	1825
1990	1849
1990	1855
1990	1915
1990	1919
1990	1929
1990	1939
1990	1950
1990	1968
1990	1977
1990	1996
32	69
32	445
32	646
32	960
69	279
69	792
69	899
445	640
445	1751
445	824
445	942
445	946
646	652
646	701
646	823
646	920
646	935
960	155
960	166
960	257
960	333
960	390
960	524
960	567
960	617
960	635
960	644
960	648
960	650
960	796
960	800
960	804
960	845
960	861
960	894
960	901
960	969
960	975
960	979
960	988
960	991
960	998
33	121
33	701
33	744
33	878
121	272
121	382
701	792
701	800
701	881
701	888
701	910
701	934
701	943
744	173
744	360
744	594
744	739
744	818
744	873
744	900
744	950
744	973
878	302
878	591
878	689
878	695
878	702
878	728
878	820
878	837
878	847
878	891
878	897
878	911
878	977
878	986
1023	1266
1023	1950
1023	1969
1023	1992
1266	1568
1266	1617
1266	1657
1266	1731
1950	1243
1950	1255
1950	1295
1950	1328
1950	354
1950	1479
1950	1505
1950	1559
1950	1682
1950	1718
1950	1767
1950	1769
1950	1783
1950	1794
1950	1839
1950	1843
1950	1873
1950	1915
1950	1936
1950	1942
1950	1952
1950	1968
1950	1970
1950	1984
1969	1037
1969	1046
1969	1047
1969	1160
1969	1415
1969	1434
1969	1666
1969	1724
1969	1747
1969	1753
1969	1764
1969	1777
1969	793
1969	1814
1969	1815
1969	1841
1969	1851
1969	1892
1969	1937
1969	1948
1969	1952
1969	1966
1969	1974
1969	1992
1969	1996
1992	1135
1992	1287
1992	1300
1992	1319
1992	1359
1992	1405
1992	1450
1992	1468
1992	580
1992	1596
1992	1620
1992	1622
1992	1643
1992	1649
1992	1655
1992	1659
1992	1674
1992	1704
1992	1705
1992	1711
1992	1732
1992	1748
1992	1755
1992	1757
1992	1771
1992	1832
1992	1843
1992	1875
1992	1889
1992	1929
1992	1945
1992	1948
1992	1949
1992	1967
1992	1968
34	214
34	325
34	862
214	624
214	798
214	899
325	468
325	671
325	890
862	389
862	410
862	527
862	596
862	610
862	644
862	657
862	774
862	872
862	931
862	939
862	973
862	982
1024	1699
1024	1918
1024	1934
1024	1978
1699	1641
1699	1645
1699	1745
1699	1887
1699	1890
1699	1912
1699	1965
1699	1995
1918	1120
1918	1182
1918	1183
1918	1274
1918	1318
1918	1429
1918	1444
1918	1566
1918	1585
1918	1592
1918	1619
1918	1644
1918	1748
1918	1787
1918	1797
1918	1835
1918	1901
1918	1927
1918	1952
1934	1042
1934	1306
1934	1482
1934	1490
1934	1591
1934	1600
1934	1619
1934	1691
1934	1785
1934	1848
1934	1867
1934	1888
1934	1892
1934	1893
1934	1899
1934	1957
1934	1971
1934	1977
1934	1984
1978	1089
1978	1142
1978	1299
1978	1381
1978	1404
1978	1411
1978	1417
1978	1444
1978	1452
1978	1462
1978	1466
1978	1469
1978	1533
1978	1568
1978	1595
1978	1692
1978	1720
1978	1732
1978	1751
1978	1758
1978	1827
1978	1897
1978	1913
1978	1914
1978	1922
1978	1943
1025	1290
1025	1387
1025	1831
1025	1988
1290	1453
1290	1803
1387	1215
1387	1703
1387	1844
1387	1907
1831	1291
1831	1413
1831	1509
1831	1598
1831	1639
1831	1677
1831	1859
1831	1878
1831	1888
1831	1899
1831	1914
1831	1967
1988	1058
1988	1095
1988	1299
1988	1360
1988	1443
1988	1495
1988	1520
1988	1597
1988	1644
1988	1679
1988	1689
1988	1703
1988	1713
1988	1741
1988	1745
1988	1810
1988	1828
1988	1829
1988	1846
1988	1849
1988	1850
1988	1913
1988	1922
1988	1927
1988	1941
1988	1942
1988	1943
1988	1944
1988	1954
1988	1959
1988	1967
1988	1997
35	494
35	753
35	954
494	242
494	507
494	663
494	758
494	995
753	52
753	92
753	185
753	297
753	340
753	591
753	723
753	995
954	65
954	85
954	87
954	129
954	186
954	277
954	438
954	455
954	463
954	634
954	790
954	804
954	826
954	845
954	887
954	977
954	978
954	982
954	986
1026	1329
1026	1751
1026	1844
1329	1267
1329	1565
1329	1678
1329	1944
1751	1272
1751	1363
1751	1611
1751	1657
1751	1702
1751	1942
1844	1083
1844	1238
1844	1335
1844	1356
1844	1423
1844	1523
1844	1670
1844	1671
1844	1691
1844	1829
1844	1948
36	865
36	904
36	927
36	945
865	188
865	329
865	364
865	467
865	471
865	548
865	605
865	659
865	784
865	819
865	905
865	909
865	913
865	1957
865	995
904	222
904	485
904	603
904	748
904	758
904	852
904	869
904	914
904	926
904	945
904	946
904	947
904	980
904	981
904	986
927	354
927	356
927	421
927	422
927	436
927	496
927	745
927	749
927	755
927	806
927	819
927	835
927	882
927	948
927	949
927	969
927	980
927	998
945	151
945	1416
945	490
945	497
945	503
945	575
945	594
945	596
945	636
945	647
945	664
945	695
945	723
945	792
945	806
945	813
945	844
945	860
945	870
945	890
945	984
1027	1763
1027	1917
1027	1920
1027	1944
1763	1370
1763	1462
1763	1472
1763	1556
1763	1665
1763	1769
1763	1874
1763	1944
1917	1130
1917	1273
1917	1302
1917	1318
1917	1629
1917	1653
1917	1684
1917	1701
1917	1740
1917	1803
1917	818
1917	1885
1917	1944
1917	1946
1917	1974
1917	1997
1920	1205
1920	1303
1920	1371
1920	1389
1920	1498
1920	1716
1920	1755
1920	1765
1920	1790
1920	1791
1920	1820
1920	1833
1920	1858
1920	1868
1920	1887
1920	939
1920	1967
1920	1968
1920	1997
1944	1122
1944	1338
1944	1354
1944	1521
1944	1614
1944	1622
1944	1688
1944	1718
1944	1786
1944	1792
1944	1815
1944	1817
1944	1824
1944	1841
1944	1885
1944	1896
1944	1930
1944	1938
37	63
63	408
63	456
63	774
38	695
38	752
38	824
38	920
695	211
695	670
695	719
695	741
695	917
695	982
752	278
752	1468
752	707
752	751
752	841
752	882
752	896
824	425
824	698
824	703
824	716
824	766
824	816
824	840
824	883
824	920
920	444
920	579
920	612
920	680
920	730
920	821
920	890
920	909
920	910
920	930
920	948
920	967
920	971
920	978
920	986
39	544
39	555
39	697
39	999
544	236
544	342
544	813
544	819
544	939
544	991
555	586
555	673
555	774
555	857
555	980
697	430
697	509
697	602
697	660
697	1746
697	757
697	769
697	869
999	48
999	51
999	103
999	132
999	140
999	267
999	413
999	566
999	572
999	599
999	668
999	727
999	762
999	787
999	803
999	805
999	834
999	836
999	849
999	1893
999	913
999	930
999	933
999	940
999	948
999	970
999	977
999	978
999	982
999	988
40	602
40	971
602	611
602	714
602	716
602	741
602	845
971	217
971	290
971	317
971	341
971	358
971	464
971	476
971	492
971	503
971	513
971	546
971	549
971	666
971	675
971	678
971	745
971	764
971	825
971	826
971	849
971	896
971	975
971	992
971	995
1028	1246
1028	1376
1028	1819
1028	1859
1246	1737
1246	1938
1246	1970
1246	1983
1376	1031
1376	1677
1376	1761
1376	1923
1819	1147
1819	1337
1819	1684
1819	1754
1819	1807
1819	1878
1819	1913
1819	1956
1859	1029
1859	1101
1859	1162
1859	1419
1859	1471
1859	1499
1859	1582
1859	1732
1859	1885
1859	1939
1859	1954
1859	1955
1859	1982
1029	1514
1029	1542
1514	1577
1514	1627
1514	1736
1514	1946
1514	1960
1514	1995
1542	1417
1542	1518
1542	1575
1542	1711
1542	1756
1542	1954
41	64
41	709
41	856
41	962
64	667
64	740
64	962
709	57
709	167
709	629
709	793
709	807
709	877
709	944
709	950
856	521
856	567
856	628
856	742
856	834
856	867
856	917
856	924
856	956
856	979
856	998
962	78
962	142
962	274
962	287
962	431
962	483
962	519
962	549
962	599
962	647
962	649
962	707
962	751
962	790
962	809
962	864
962	870
962	883
962	907
962	925
962	973
962	975
962	988
962	990
1030	1480
1030	1538
1030	851
1030	1931
1480	1165
1480	1294
1480	1584
1480	1936
1480	1945
1538	1283
1538	1523
1538	1956
1538	1997
851	353
851	648
851	724
851	746
851	793
851	794
851	942
851	946
851	956
851	980
851	997
1931	1106
1931	1118
1931	1132
1931	1300
1931	1385
1931	1396
1931	1424
1931	1478
1931	1505
1931	1549
1931	1698
1931	1701
1931	1704
1931	1711
1931	1752
1931	1755
1931	1852
1931	1956
1931	1994
1931	1995
1931	1997
1031	1443
1031	1547
1031	1889
1443	1728
1443	1769
1443	1784
1547	1201
1547	1275
1547	1311
1547	1786
1547	1813
1889	1140
1889	1186
1889	1241
1889	1253
1889	1308
1889	1369
1889	1718
1889	1788
1889	1815
1889	1853
1889	1903
1889	1929
1889	1932
1889	1939
42	623
42	634
42	685
42	925
623	94
623	385
623	431
623	532
623	673
623	822
623	997
634	107
634	339
634	432
634	569
634	841
685	219
685	434
685	592
685	659
685	907
685	967
685	992
925	125
925	127
925	369
925	419
925	480
925	511
925	643
925	765
925	784
925	1838
925	883
925	888
925	891
925	894
925	928
925	973
925	990
1032	1559
1032	1689
1032	1793
1032	1838
1559	1476
1559	1848
1559	1862
1689	1168
1689	1424
1689	1797
1689	1868
1689	1957
1689	1960
1793	1172
1793	1265
1793	1365
1793	1425
1793	1711
1793	1757
1793	1878
1793	1912
1793	1997
1838	1381
1838	1567
1838	1743
1838	1766
1838	1786
1838	1921
1838	1959
1838	1962
43	921
921	232
921	357
921	422
921	459
921	475
921	609
921	625
921	702
921	861
921	867
921	869
921	889
921	901
921	917
921	928
921	973
921	980
1033	1495
1495	1700
1495	1868
1495	1953
345	400
345	853
345	990
345	992
496	413
496	421
496	631
496	887
803	46
803	452
803	658
803	679
803	719
803	754
803	872
803	905
803	984
803	996
365	343
507	475
507	710
507	804
507	902
507	924
603	328
603	352
603	465
603	739
603	786
1034	1081
1034	1647
1034	1736
1081	1646
1081	1726
1081	1878
1647	1351
1647	1560
1647	1800
1647	1890
1647	1900
1647	1915
1647	1977
1736	1314
1736	1522
1736	1663
1736	1821
1736	1908
1736	1932
1736	1983
46	267
46	542
46	932
267	210
267	289
267	780
542	188
542	238
542	699
542	729
542	805
542	977
932	131
932	184
932	193
932	305
932	419
932	575
932	599
932	725
932	771
932	901
932	933
932	1937
932	956
932	980
932	984
932	992
1035	1656
1035	1714
1035	1746
1035	1897
1656	1252
1656	1537
1656	1586
1656	1631
1656	1671
1656	1724
1656	1907
1656	1996
1714	1439
1714	1641
1714	1799
1714	1846
1714	1907
1714	1927
1714	1939
1714	1941
1714	1982
1746	1076
1746	1092
1746	1422
1746	1508
1746	1719
1746	1964
1746	1994
1897	1330
1897	1410
1897	1465
1897	1498
1897	1536
1897	1537
1897	1623
1897	1704
1897	708
1897	1827
1897	1837
1897	1873
1897	1893
1897	1935
1036	1524
1036	1741
1036	1854
1524	1144
1524	585
1524	1868
1524	1953
1741	1526
1741	1592
1741	1783
1741	1860
1741	1885
1741	1907
1854	1167
1854	1341
1854	1404
1854	452
1854	1645
1854	1659
1854	1685
1854	1710
1854	1780
1854	1808
1854	1817
1854	1921
1854	1956
1854	1966
47	762
47	888
47	924
47	956
762	75
762	429
762	607
762	611
762	847
762	959
762	988
762	992
888	316
888	381
888	469
888	538
888	568
888	673
888	675
888	710
888	760
888	937
924	153
924	340
924	497
924	548
924	628
924	819
924	881
924	910
924	914
924	977
924	988
924	991
956	164
956	238
956	366
956	414
956	464
956	652
956	658
956	735
956	818
956	821
956	915
956	917
956	944
956	951
956	976
956	977
956	981
48	694
48	758
694	378
694	449
694	716
694	751
694	860
694	937
694	950
758	136
758	313
758	556
758	644
758	742
758	788
758	984
1037	1228
1037	1447
1037	1774
1228	1554
1228	1576
1228	1697
1447	1322
1447	1366
1447	1853
1447	1876
1447	1923
1774	1215
1774	1247
1774	1275
1774	1581
1774	1797
1774	1846
1774	1890
1774	1938
1774	1941
49	725
49	931
49	946
49	982
725	259
725	339
725	527
725	596
725	885
725	896
725	958
725	984
931	108
931	163
931	339
931	341
931	429
931	444
931	534
931	580
931	631
931	640
931	730
931	777
931	830
931	852
931	877
931	959
931	975
946	110
946	159
946	350
946	580
946	608
946	644
946	651
946	680
946	719
946	724
946	728
946	737
946	773
946	774
946	790
946	950
946	951
946	958
946	976
982	89
982	141
982	153
982	212
982	319
982	363
982	486
982	520
982	611
982	680
982	794
982	805
982	923
982	930
982	959
982	967
982	991
982	992
982	995
1038	1780
1038	1883
1038	1906
1038	1935
1780	1046
1780	265
1780	1297
1780	1535
1780	1580
1780	1713
1780	1758
1780	1915
1780	1937
1780	1962
1883	1291
1883	487
1883	1490
1883	1531
1883	1595
1883	1638
1883	1712
1883	1841
1883	1924
1883	1939
1883	1977
1906	1090
1906	1164
1906	1258
1906	1310
1906	1336
1906	1392
1906	1428
1906	1541
1906	1565
1906	1745
1906	1817
1906	1847
1906	1850
1906	1867
1906	1873
1906	1966
1935	1068
1935	1478
1935	1490
1935	1593
1935	1646
1935	1721
1935	1729
1935	1753
1935	1754
1935	750
1935	1827
1935	1845
1935	1850
1935	1867
1935	1886
1935	1929
1935	1933
1935	1951
1935	1984
50	428
50	735
50	937
428	192
428	224
428	296
428	990
735	332
735	416
735	576
735	655
735	675
735	992
937	73
937	82
937	114
937	151
937	289
937	452
937	471
937	497
937	560
937	658
937	705
937	747
937	754
937	839
937	869
937	958
937	977
937	981
51	485
51	505
51	812
485	58
485	882
485	884
505	171
505	322
505	483
505	661
505	772
812	359
812	468
812	473
812	651
812	656
812	792
812	832
812	969
812	973
812	990
52	66
52	77
52	194
66	400
66	686
66	977
194	447
194	591
1039	1318
1039	1564
1039	1721
1318	1349
1318	1457
1564	1696
1564	1712
1564	1720
1564	1784
1564	1847
1564	1875
1721	1197
1721	1205
1721	1275
1721	1324
1721	1890
1721	1928
53	337
53	704
53	978
337	330
337	750
337	969
337	997
704	68
704	235
704	492
704	546
704	650
704	690
704	730
704	784
978	80
978	105
978	180
978	211
978	448
978	558
978	597
978	628
978	642
978	690
978	741
978	816
978	825
978	837
978	874
978	905
978	911
978	923
978	973
978	986
978	996
978	998
54	298
54	531
54	885
54	975
298	256
298	312
298	964
298	995
531	246
531	595
531	734
531	977
885	113
885	147
885	397
885	724
885	773
885	834
885	841
885	877
885	884
885	967
885	973
885	988
885	991
885	992
975	269
975	333
975	335
975	354
975	529
975	613
975	653
975	707
975	772
975	788
975	790
975	792
975	805
975	823
975	887
975	895
975	944
975	995
975	997
1040	1676
1040	1731
1040	1851
1676	1109
1676	1493
1676	1507
1676	1623
1676	1634
1676	1790
1676	1939
1731	1061
1731	1201
1731	1348
1731	1461
1731	1667
1731	1703
1731	1955
1731	1971
1851	1273
1851	1596
1851	1705
1851	1717
1851	1723
1851	1734
1851	1996
1851	1997
55	125
55	860
55	930
125	557
860	68
860	160
860	235
860	294
860	1344
860	522
860	584
860	638
860	669
860	972
930	159
930	227
930	232
930	426
930	466
930	513
930	537
930	591
930	660
930	713
930	822
930	915
930	959
930	986
56	329
329	688
329	800
57	204
57	342
204	107
204	970
342	723
342	845
342	998
1806	1630
1806	1661
1806	1677
1806	1832
1806	1900
1806	1937
1806	1945
1842	1175
1842	1192
1842	1380
1842	1401
1842	1501
1842	1667
1842	1764
1842	1802
1842	1913
1842	1957
1842	1974
1842	1995
1842	1996
1903	1264
1903	1345
1903	1504
1903	1510
1903	1525
1903	582
1903	1597
1903	1633
1903	1789
1903	1813
1903	1816
1903	1826
1903	1923
1903	1977
1903	1983
1903	1994
58	193
58	969
193	316
969	134
969	203
969	207
969	248
969	251
969	375
969	406
969	512
969	669
969	684
969	746
969	760
969	763
969	853
969	864
969	915
969	926
969	951
969	970
969	972
969	973
1042	1337
1042	1772
1042	1824
1337	1589
1337	1628
1772	1058
1772	1296
1772	1551
1772	1563
1772	1683
1772	1707
1772	1801
1772	980
1772	1974
1824	1274
1824	1320
1824	1444
1824	1760
1824	1786
1824	1802
1824	1862
1824	1951
1824	1974
1824	1995
59	606
59	651
606	387
606	574
606	811
606	823
606	1911
606	984
651	127
651	612
651	650
651	913
60	319
60	864
60	910
319	806
319	900
319	972
864	213
864	470
864	528
864	586
864	625
864	731
864	785
864	797
864	863
864	909
864	911
864	976
910	271
910	285
910	395
910	401
910	421
910	632
910	670
910	769
910	841
910	936
910	958
910	973
910	984
910	991
1043	1442
1043	1555
1043	1832
1442	1744
1442	1756
1442	1808
1442	1948
1442	1964
1555	1193
1555	1747
1555	1764
1555	1900
1555	1911
1555	1926
1832	1100
1832	1468
1832	1497
1832	1587
1832	1599
1832	1712
1832	1797
1832	1821
1832	1907
1044	1177
1044	1284
1044	1412
1044	728
1177	1393
1177	1567
1177	1911
1284	1060
1284	1157
1284	1837
1412	1173
1412	1452
1412	1584
1412	1798
1412	1827
728	276
728	446
728	543
728	639
728	796
728	869
1045	1478
1045	1613
1045	1666
1045	1974
1478	1471
1478	1904
1478	1952
1613	1458
1613	1720
1613	1728
1613	1773
1613	1820
1613	1880
1666	1484
1666	1504
1666	1573
1666	1622
1666	1937
1666	1951
1974	1053
1974	1174
1974	1285
1974	1293
1974	1319
1974	1328
1974	1392
1974	1452
1974	1513
1974	1572
1974	1594
1974	1723
1974	1732
1974	1744
1974	1787
1974	1876
1974	1912
1974	1926
1974	1941
1974	1948
1974	1952
1974	1971
1974	1983
61	297
61	330
61	686
61	913
297	137
297	793
297	953
330	223
330	230
330	926
686	410
686	537
686	629
686	742
686	880
913	97
913	107
913	209
913	271
913	511
913	619
913	650
913	816
913	838
913	883
913	898
913	996
62	248
62	517
62	737
248	863
248	915
248	998
517	78
517	240
517	369
517	708
737	91
737	175
737	383
737	508
737	771
737	775
737	835
737	936
737	948
1046	1933
1933	1159
1933	1166
1933	1250
1933	1301
1933	1341
1933	1348
1933	1368
1933	1570
1933	1609
1933	1685
1933	1716
1933	1936
1933	1954
1933	1955
1933	1956
1933	1977
408	613
408	677
408	1913
408	953
456	353
456	453
456	499
456	583
456	900
774	119
774	158
774	394
774	839
774	867
774	939
774	977
1047	1341
1047	1631
1047	1850
1341	1093
1341	1262
1631	1548
1631	1682
1631	1873
1631	1919
1631	1927
1631	1954
1850	1364
1850	1577
1850	1584
1850	1634
1850	1800
1850	1837
1850	1946
1048	1339
1048	1469
1048	1552
1048	1893
1339	1452
1339	1695
1339	1905
1469	1219
1469	1817
1469	1830
1469	1953
1552	1245
1552	1450
1552	1725
1552	1962
1893	1049
1893	1062
1893	1203
1893	1211
1893	1233
1893	1373
1893	1662
1893	1743
1893	1762
1893	1801
1893	1830
1893	1846
1893	1960
1049	1137
1049	1503
1049	1887
1137	1565
1137	1835
1137	1945
1503	1181
1503	1509
1503	1849
1503	1968
1503	1976
1887	1069
1887	1120
1887	1308
1887	1541
1887	1589
1887	1621
1887	1719
1887	1816
1887	1911
1887	1912
1887	1956
1887	1976
1887	1996
667	344
667	355
667	809
667	825
667	843
667	895
667	902
740	515
740	580
740	780
740	933
740	939
740	990
740	997
1050	1353
1050	1527
1050	1994
1353	1139
1353	1835
1353	1954
1527	1848
1527	1899
1527	1922
1527	1957
1994	1083
1994	1107
1994	1221
1994	1237
1994	1240
1994	1254
1994	1293
1994	1368
1994	1407
1994	1413
1994	1535
1994	1539
1994	1572
1994	1575
1994	1599
1994	1607
1994	1614
1994	1671
1994	1687
1994	1713
1994	1756
1994	1773
1994	1784
1994	1789
1994	1794
1994	1813
1994	1820
1994	1822
1994	1868
1994	1976
1994	1997
1051	1660
1051	1765
1051	1848
1051	1955
1660	1286
1660	1394
1660	1707
1660	1815
1660	1871
1660	1907
1660	1930
1660	1938
1765	1098
1765	1162
1765	1601
1765	1667
1765	1784
1765	1800
1765	1871
1765	1937
1848	1312
1848	390
1848	1427
1848	1459
1848	1628
1848	1635
1848	1642
1848	1799
1848	1952
1848	1962
1955	1168
1955	1175
1955	1262
1955	1397
1955	1421
1955	1476
1955	1625
1955	1739
1955	1742
1955	1754
1955	763
1955	1777
1955	1843
1955	1871
1955	1888
1955	1899
1955	1915
1955	1949
1955	1960
1955	1995
1052	1097
1052	1270
1097	1145
1097	1152
1097	1698
1270	1585
1270	1738
1270	1930
1053	1058
1053	1869
1058	1355
1869	1235
1869	1385
1869	1421
1869	1563
1869	1830
1869	1853
1869	1873
1869	1890
1869	1941
1869	1948
1869	1959
1869	1965
65	643
65	986
65	996
643	143
643	149
643	712
643	732
643	767
643	795
986	115
986	301
986	302
986	467
986	468
986	631
986	639
986	648
986	654
986	655
986	672
986	674
986	741
986	751
986	776
986	782
986	785
986	831
986	915
986	939
986	988
986	995
996	93
996	118
996	145
996	314
996	334
996	357
996	364
996	437
996	463
996	497
996	510
996	564
996	632
996	640
996	683
996	711
996	715
996	732
996	755
996	782
996	800
996	806
996	819
996	857
996	947
996	949
996	951
996	997
996	998
400	102
400	884
400	940
400	970
977	111
977	304
977	318
977	393
977	444
977	455
977	477
977	492
977	671
977	699
977	782
977	849
977	896
977	902
977	917
977	935
977	942
977	979
67	372
67	853
67	991
372	562
372	788
372	866
853	237
853	251
853	693
853	706
853	732
853	784
853	790
853	1818
991	172
991	315
991	380
991	440
991	487
991	489
991	498
991	529
991	554
991	577
991	659
991	693
991	754
991	764
991	780
991	817
991	844
991	886
991	911
991	973
991	976
991	984
68	562
562	477
562	742
562	813
562	877
1054	1343
1054	1462
1054	1927
1054	1983
1343	1078
1343	1413
1343	1737
1343	1915
1462	1230
1462	1901
1462	1926
1927	1064
1927	1110
1927	1204
1927	1485
1927	1585
1927	1602
1927	1698
1927	1734
1927	1777
1927	1787
1927	1802
1927	1911
1927	1916
1927	1949
1983	94
1983	1114
1983	1129
1983	1250
1983	1280
1983	1286
1983	1298
1983	1346
1983	1373
1983	1587
1983	1625
1983	1628
1983	1639
1983	1710
1983	1739
1983	1748
1983	1749
1983	1841
1983	1867
1983	1909
1983	1911
1983	1914
1983	1923
1983	1926
1983	1971
1055	1151
1055	1820
1151	1236
1151	1697
1820	1102
1820	1247
1820	1448
1820	1492
1820	1569
1820	1627
1820	1814
1820	1938
1820	1976
1056	1358
1056	1610
1056	1659
1358	1309
1358	1798
1358	1968
1358	1982
1610	1178
1610	1837
1610	1894
1610	1938
1610	1982
1659	1170
1659	1518
1659	1888
1659	1904
1659	1959
1659	1966
1057	1845
1057	1896
1845	1188
1845	1206
1845	1669
1845	1821
1845	1874
1845	1880
1845	1884
1845	1926
1845	1946
1845	1957
1845	1965
1845	1971
1896	1063
1896	1095
1896	1127
1896	1273
1896	1410
1896	1533
1896	1587
1896	1624
1896	1688
1896	1711
1896	1732
1896	1888
1896	1890
1896	1962
1896	1977
279	582
279	598
279	887
792	185
792	773
792	831
792	894
792	988
792	990
899	186
899	255
899	393
899	394
899	397
899	438
899	450
899	483
899	538
899	640
899	784
899	800
899	881
899	943
899	984
899	997
70	320
70	338
70	649
70	657
320	597
320	795
320	811
320	891
338	181
338	990
338	997
649	180
649	468
649	503
649	666
649	731
657	304
657	462
657	469
657	828
657	949
657	953
1355	1586
1355	1939
1355	1954
71	324
71	438
71	897
71	950
324	129
324	721
324	863
324	900
438	392
438	501
438	818
897	168
897	310
897	462
897	495
897	569
897	689
897	711
897	718
897	778
897	813
897	826
897	831
897	898
897	933
897	935
950	87
950	90
950	321
950	322
950	406
950	499
950	560
950	590
950	614
950	786
950	818
950	873
950	880
950	979
950	984
950	995
72	639
72	756
72	810
639	197
639	314
639	716
639	724
639	760
756	178
756	242
756	460
756	528
756	609
756	847
756	901
756	953
756	992
810	150
810	161
810	321
810	336
810	629
810	742
810	746
810	894
810	911
810	947
810	979
1530	1342
1530	1671
1530	1679
1530	1802
1530	1913
1911	1087
1911	1096
1911	1544
1911	1609
1911	1635
1911	1665
1911	1766
1911	1839
1911	1905
1911	1945
1911	1967
1911	1997
1060	1922
1060	1970
1922	1099
1922	1142
1922	1455
1922	1470
1922	1490
1922	1572
1922	1599
1922	1702
1922	1724
1922	1728
1922	1737
1922	1745
1922	1846
1922	1867
1922	1924
1922	1964
1922	1976
1970	1324
1970	1384
1970	1393
1970	1404
1970	1440
1970	1486
1970	1561
1970	1595
1970	1607
1970	1653
1970	1655
1970	1677
1970	1683
1970	1692
1970	1703
1970	1836
1970	1942
1970	1945
1970	1954
1970	1965
1970	1996
1970	1997
73	1170
73	292
73	915
1170	1288
1170	1996
292	93
292	785
915	170
915	503
915	538
915	669
915	690
915	703
915	746
915	750
915	782
915	849
915	901
915	905
1061	1179
1061	1739
1061	1827
1179	1296
1179	1874
1179	1901
1739	1292
1739	1636
1739	1766
1739	1846
1739	1938
1739	1945
1827	1212
1827	1397
1827	1595
1827	1629
1827	1884
1827	1921
1827	1930
1827	1942
1062	1723
1062	1783
1062	1888
1723	1223
1723	1328
1723	1548
1723	1928
1723	1971
1723	1977
1783	1181
1783	1322
1783	1389
1783	1477
1783	1603
1783	1626
1783	1847
1783	1913
1888	1116
1888	1173
1888	1272
1888	1324
1888	1650
1888	1795
1888	1815
1888	1915
1888	1946
1888	1997
1063	1280
1063	1628
1280	1094
1280	1540
1280	1577
1628	1569
1628	1612
1628	1747
1628	1965
1064	1108
1064	1138
1108	1206
1108	1658
1108	1916
1138	1407
1138	1716
1138	1816
1065	1822
1065	1941
1065	1976
1822	1241
1822	1510
1822	1657
1822	693
1822	1737
1822	1747
1822	1785
1822	1803
1822	1943
1822	1967
1822	1995
1941	1188
1941	1252
1941	1325
1941	1434
1941	1456
1941	1517
1941	1526
1941	1541
1941	1602
1941	1722
1941	1843
1941	1849
1941	1965
1941	1997
1976	1088
1976	1209
1976	1327
1976	1418
1976	1448
1976	1466
1976	1490
1976	1496
1976	1508
1976	1550
1976	1571
1976	1576
1976	1584
1976	1703
1976	1708
1976	1717
1976	1724
1976	1744
1976	1799
1976	1855
1976	1858
1976	1932
1976	1957
1976	1960
1066	1262
74	467
74	473
74	708
467	514
467	765
473	394
473	838
473	840
708	127
708	150
708	447
708	486
708	538
75	948
75	970
948	396
948	441
948	474
948	519
948	627
948	773
948	786
948	832
948	834
948	907
948	933
948	934
948	980
970	80
970	183
970	184
970	305
970	376
970	465
970	490
970	509
970	535
970	565
970	581
970	585
970	618
970	645
970	724
970	732
970	745
970	749
970	837
970	866
970	870
970	881
970	997
1067	1204
1067	1915
1067	1995
1204	1785
1204	1843
1915	1243
1915	1356
1915	1410
1915	1600
1915	1636
1915	1662
1915	1708
1915	1726
1915	1771
1915	1885
1915	1967
1915	1995
1995	1087
1995	1214
1995	1258
1995	1365
1995	1368
1995	1574
1995	1636
1995	1644
1995	1675
1995	1683
1995	1743
1995	1753
1995	1755
1995	1826
1995	1878
1995	1885
1995	1913
1995	1914
1995	1923
1995	1924
1995	1946
1995	1960
1995	1967
1995	1996
1068	1263
1068	1413
1068	1436
1263	1323
1263	1703
1263	1789
1263	1930
1413	1776
1436	460
1436	1810
1436	1926
76	287
76	727
76	798
287	133
287	352
287	601
727	504
727	805
727	953
798	280
798	430
798	452
798	554
798	607
798	928
798	979
798	998
1069	1305
1069	1711
1069	1948
1305	1374
1305	1420
1305	1622
1305	1861
1711	1597
1711	1928
1711	1946
1711	1982
1948	1080
1948	1255
1948	1311
1948	1315
1948	1361
1948	1397
1948	1519
1948	1598
1948	1675
1948	1692
1948	1767
1948	1779
1948	1815
1948	1870
1948	1871
1948	1938
1948	1962
1948	1968
1070	1576
1070	1590
1070	1611
1070	1949
1576	1077
1576	1830
1576	1862
1576	1949
1590	1125
1590	1166
1590	1288
1590	1415
1590	1536
1590	1687
1590	1833
1611	1285
1611	1653
1611	1873
1611	1949
1611	1951
1611	1971
1949	226
1949	1382
1949	1465
1949	1575
1949	1606
1949	1616
1949	1697
1949	1732
1949	1756
1949	1785
1949	1810
1949	1853
1949	1874
1949	1875
1949	1913
1949	1965
1949	1971
1949	1977
1949	1984
78	995
995	89
995	171
995	206
995	291
995	350
995	366
995	392
995	463
995	535
995	578
995	598
995	635
995	640
995	739
995	839
995	843
995	861
995	872
995	874
995	935
995	942
1071	1078
1071	1395
1071	1762
1071	1804
1078	1734
1078	1847
1395	1237
1395	1352
1395	1715
1395	1921
1395	1942
1762	1408
1762	1598
1762	1668
1762	1725
1762	1804
1762	1916
1804	1133
1804	1315
1804	1484
1804	1755
1804	1829
1804	1867
1804	1870
1804	1919
79	312
79	586
79	840
312	258
312	763
312	939
586	534
586	670
586	693
586	886
840	457
840	525
840	594
840	645
840	706
840	773
840	787
840	1868
840	923
840	973
840	979
1072	1663
1072	1894
1072	1996
1663	1100
1663	1276
1663	1351
1663	1791
1663	1855
1663	1876
1663	1884
1894	1073
1894	1113
1894	1356
1894	1605
1894	1615
1894	1691
1894	1790
1894	1890
1894	1905
1894	1912
1894	1914
1894	1997
1996	1150
1996	1314
1996	1330
1996	1386
1996	1435
1996	1437
1996	1441
1996	1477
1996	1516
1996	1540
1996	1550
1996	1554
1996	1584
1996	1728
1996	1729
1996	1742
1996	1836
1996	1852
1996	1860
1996	1885
1996	1899
1996	1912
1996	1914
1996	1946
1073	1422
1073	1614
1073	1899
1422	1100
1422	1374
1422	1500
1422	1901
1614	1389
1614	1421
1614	1525
1614	1775
1614	1791
1899	1103
1899	1111
1899	1277
1899	1428
1899	1537
1899	1607
1899	1683
1899	1720
1899	1821
1899	1874
1899	1892
80	449
80	844
449	84
449	776
449	825
449	866
844	192
844	261
844	399
844	584
844	820
844	874
844	907
81	457
81	579
81	625
81	872
457	210
457	327
457	419
579	157
579	224
579	326
579	755
625	169
625	889
625	923
625	943
872	444
872	566
872	583
872	594
872	636
872	672
872	750
872	895
872	958
1074	1296
1074	1435
1074	1839
1074	1908
1296	1928
1435	1360
1435	1600
1435	1766
1435	1873
1839	1295
1839	1566
1839	1598
1839	1744
1839	1779
1839	1784
1839	1861
1839	1875
1839	1908
1839	1953
1908	1104
1908	1310
1908	407
1908	1486
1908	1488
1908	1516
1908	1550
1908	1615
1908	1641
1908	1686
1908	1726
1908	1779
1908	1796
1908	1945
1908	1956
1908	1982
1075	1367
1075	1755
1075	1775
1075	1777
1367	1620
1367	1959
1755	1212
1755	1455
1755	1670
1755	1967
1775	1297
1775	1326
1775	1446
1775	1487
1775	1531
1775	1702
1775	1794
1775	1907
1777	1269
1777	1346
1777	1582
1777	1671
1777	1708
1777	1802
1777	1967
1076	1146
1076	1959
1146	1096
1146	1967
1959	1256
1959	1325
1959	1474
1959	1508
1959	1554
1959	1583
1959	1679
1959	1702
1959	1771
1959	1799
1959	1849
1959	1876
1959	1880
1959	1886
1959	1905
1959	1924
1077	1344
1077	1401
1077	1788
1344	1161
1344	1584
1344	1658
1401	1446
1401	1658
1401	1853
1401	1977
1788	1464
1788	1548
1788	1586
1788	1732
1788	1734
1788	1886
1788	1943
1788	953
1788	1952
82	402
82	564
402	181
402	1351
402	577
402	781
402	811
564	369
564	741
564	813
564	902
1734	1203
1734	1872
1734	1900
1847	1251
1847	1279
1847	1566
1847	1603
1847	1627
1847	1674
1847	1740
1847	1767
1847	1943
1847	1968
1079	1609
1079	1953
1609	1233
1609	1471
1609	1853
1609	1939
1953	1173
1953	1180
1953	1198
1953	1330
1953	1420
1953	1454
1953	1494
1953	1553
1953	1704
1953	1771
1953	1794
1953	1872
1953	1878
1953	1884
1953	1913
1953	1926
1953	1943
1953	1964
83	143
83	240
83	716
83	773
143	509
143	881
240	448
240	615
240	781
716	274
716	489
716	532
716	905
716	976
773	180
773	476
773	647
773	777
773	782
773	973
84	321
84	597
84	951
321	432
321	732
597	760
597	807
597	846
597	976
951	99
951	206
951	260
951	288
951	462
951	471
951	479
951	488
951	578
951	614
951	889
951	936
951	940
951	958
951	979
85	745
85	990
745	1149
745	294
745	624
745	748
745	959
745	981
745	988
990	189
990	235
990	252
990	359
990	410
990	416
990	455
990	578
990	653
990	698
990	761
990	768
990	772
990	805
990	826
990	839
990	880
990	882
990	936
990	953
990	992
86	98
86	415
86	658
86	820
98	157
98	353
415	869
415	907
415	972
658	144
658	537
658	886
658	890
820	137
820	1529
820	558
820	784
820	882
820	891
820	894
820	907
820	917
87	917
87	949
917	148
917	286
917	584
917	637
917	712
917	772
917	817
917	1836
917	936
949	148
949	201
949	397
949	399
949	440
949	466
949	476
949	537
949	619
949	717
949	754
949	866
949	877
949	894
949	911
949	947
949	964
949	988
949	992
1080	1543
1080	1890
1543	1522
1543	1730
1543	1738
1543	1786
1543	1821
1543	1943
1890	1148
1890	1278
1890	1398
1890	1464
1890	1549
1890	1688
1890	1837
1890	1852
1890	1855
1890	1860
1890	1930
1646	1757
1646	1852
1646	1876
1646	1960
1646	1984
1726	1608
1726	1612
1726	1624
1726	1712
1726	1752
1726	1900
1726	1919
1878	1199
1878	1336
1878	1374
1878	1487
1878	1651
1878	1716
1878	1874
1878	1905
1082	1303
1082	1841
1082	1919
1082	1957
1303	1132
1303	1201
1303	1914
1841	1094
1841	1349
1841	1522
1841	1758
1841	1828
1841	1849
1841	1863
1841	1957
1841	1960
1841	1966
1919	1161
1919	1210
1919	1220
1919	1454
1919	1491
1919	1536
1919	1669
1919	1691
1919	1732
1919	1740
1919	1803
1919	1912
1919	1936
1919	1964
1957	1093
1957	1096
1957	1133
1957	1226
1957	1304
1957	1394
1957	1494
1957	1504
1957	1579
1957	1596
1957	1630
1957	1691
1957	1743
1957	1916
1957	1951
1957	1956
1083	1408
1083	1943
1408	1281
1408	1556
1408	1943
1943	1142
1943	1234
1943	1456
1943	1500
1943	1553
1943	1643
1943	1670
1943	1682
1943	1717
1943	1761
1943	796
1943	1837
1943	1882
1943	1945
1943	1984
1084	1197
1084	1473
1084	1729
1197	1705
1197	1799
1473	1148
1473	1563
1473	1652
1473	1722
1473	1954
1729	1157
1729	1208
1729	1633
1729	1936
1085	1567
1085	1821
1085	1861
1085	1982
1567	1363
1567	1534
1567	1960
1821	1183
1821	1605
1821	1892
1821	1971
1861	1147
1861	1160
1861	1655
1861	1785
1861	1789
1861	1830
1861	1853
1861	1937
1861	1938
1861	1962
1861	1971
1982	1156
1982	1312
1982	1313
1982	1417
1982	1460
1982	1539
1982	1544
1982	1584
1982	1655
1982	1668
1982	1717
1982	1724
1982	802
1982	1799
1982	1815
1982	1837
1982	1884
1982	1886
1982	1909
1982	1916
1982	1942
1982	1962
1982	1966
1982	1997
88	118
88	142
88	377
88	481
118	831
142	483
142	684
377	488
377	529
377	702
377	867
481	508
481	596
481	682
1086	1231
1086	1461
1086	1860
1231	1217
1231	1652
1231	1954
1461	1938
1461	1939
1860	1191
1860	1292
1860	1315
1860	1325
1860	1421
1860	1696
1860	1710
1860	1748
1860	1900
1860	1965
89	131
131	834
131	979
1087	1240
1087	1984
1240	1709
1240	1710
1240	1828
1984	1093
1984	1236
1984	1238
1984	1352
1984	1433
1984	1440
1984	1536
1984	1605
1984	1679
1984	1685
1984	1740
1984	1744
1984	1790
1984	1799
1984	1813
1984	1862
1984	1923
1984	1926
1984	1930
1984	1932
1984	1960
1984	1997
1088	1104
1088	1426
1088	1616
1104	1789
1104	1836
1426	1181
1426	1758
1426	1916
1426	1930
1616	1153
1616	1277
1616	1732
1616	1757
1616	1792
1089	1470
1089	1855
1470	1109
1470	1320
1470	1707
1470	767
1855	1140
1855	1308
1855	1488
1855	1574
1855	1662
1855	1718
1855	1749
1855	1938
1855	1977
1090	1756
1090	1858
1756	1129
1756	1271
1756	1496
1756	1818
1858	1131
1858	1257
1858	1311
1858	1365
1858	1390
1858	1674
1858	1799
1858	1904
90	413
90	672
90	852
413	266
413	508
413	806
672	370
672	568
672	830
672	939
852	203
852	307
852	578
852	723
852	759
852	866
852	909
852	967
852	979
91	666
91	698
91	780
666	469
666	891
666	959
666	972
698	265
698	545
698	632
698	645
698	652
698	935
698	936
780	162
780	205
780	318
780	366
780	628
780	890
92	795
92	953
795	281
795	284
795	346
795	567
795	706
795	794
795	835
795	846
953	190
953	216
953	250
953	335
953	405
953	421
953	484
953	570
953	608
953	724
953	739
953	771
953	809
953	902
953	972
953	980
93	238
93	786
238	282
238	833
786	346
786	384
786	573
786	608
786	981
786	984
94	156
156	671
156	1792
156	838
95	200
95	269
95	443
95	731
200	587
200	896
269	880
443	690
443	895
443	997
443	998
731	226
731	575
731	644
731	654
731	669
731	967
1091	1600
1091	1717
1091	1747
1091	1966
1600	1787
1600	1945
1717	1423
1717	1687
1747	1194
1747	1528
1747	1760
1747	1997
1966	1454
1966	1497
1966	1580
1966	1621
1966	1718
1966	766
1966	1796
1966	1802
1966	1830
1966	1846
1966	1875
1966	1912
1966	1932
1966	1946
1966	1951
1966	1965
1966	1977
947	299
947	471
947	584
947	591
947	711
947	739
947	802
947	819
947	874
947	891
947	902
947	935
947	959
1092	1589
1092	1873
1589	1767
1589	1880
1589	1921
1873	1223
1873	1226
1873	1389
1873	1551
1873	1593
1873	1942
97	258
97	423
97	933
258	158
258	873
423	141
423	383
423	696
933	115
933	178
933	232
933	243
933	301
933	305
933	455
933	475
933	480
933	713
933	781
933	793
933	839
933	942
933	981
1093	1428
1428	1241
1428	1882
1428	1912
157	379
157	592
353	967
99	721
99	823
99	964
721	239
721	280
721	466
721	749
721	843
721	895
823	335
823	510
823	607
823	682
823	741
823	825
823	979
823	984
964	167
964	233
964	291
964	307
964	363
964	370
964	395
964	546
964	613
964	689
964	710
964	712
964	771
964	794
964	821
964	847
964	895
964	958
964	959
964	976
1095	1617
1617	1134
1617	1289
1617	1551
1617	1796
1617	1882
1617	1909
1096	1103
1103	1274
1103	1722
1145	1347
1145	1460
1152	1619
1152	1828
1152	1874
1698	1332
1698	1440
1698	1521
1698	1688
1698	1901
1698	1968
100	252
100	398
100	599
252	766
252	771
252	817
398	182
398	336
398	608
398	638
398	775
599	245
599	1607
599	805
599	881
1098	1107
1098	1764
1098	1954
1107	1361
1107	1537
1764	1099
1764	1678
1764	1709
1764	1962
1954	1196
1954	1313
1954	1362
1954	1370
1954	1471
1954	1474
1954	1496
1954	1515
1954	1528
1954	1662
1954	1737
1954	1849
1954	1997
101	170
101	323
101	682
101	734
170	746
323	712
323	905
682	105
682	164
682	472
682	553
682	668
682	992
734	437
734	464
734	647
734	696
734	742
1099	1185
1185	1324
1185	1945
102	116
102	729
102	816
116	310
116	1549
116	696
729	260
729	360
729	584
729	678
729	841
729	923
729	976
729	980
816	126
816	147
816	420
816	475
816	702
816	757
816	832
816	907
816	967
1100	976
976	135
976	256
976	362
976	381
976	390
976	464
976	493
976	515
976	524
976	684
976	787
976	809
976	877
976	886
976	923
976	928
976	992
976	998
1101	1249
1101	237
1249	1498
1249	1501
1249	1843
1249	1921
237	434
237	712
237	979
103	228
103	478
228	572
228	754
228	791
228	818
478	288
478	360
478	546
478	618
478	778
1102	1238
1102	1813
1238	1674
1238	1960
1813	1504
1813	1516
1813	1528
1813	1579
1813	1683
1813	1750
1813	1964
1722	1115
1722	1156
1722	1321
1722	1548
1722	1649
1722	1916
1789	1594
1789	1836
1789	1849
1789	1870
1789	1924
1789	1964
1789	1968
1836	1289
1836	1419
1836	1669
1836	1754
1836	1776
1836	1800
1836	1886
1105	1654
1105	1679
1105	1687
1654	1301
1654	1327
1654	1553
1654	1608
1654	1692
1654	1750
1679	1434
1679	1730
1679	1740
1687	1388
1687	1661
1687	1728
1687	1928
1687	1968
1106	1828
1106	1967
1828	1131
1828	1136
1828	1474
1828	1642
1828	1875
1828	1901
1828	1913
1828	1932
1967	1245
1967	1258
1967	1370
1967	1448
1967	1453
1967	1476
1967	1674
1967	1675
1967	1740
1967	1874
1967	1880
1967	1884
1361	1675
1361	1882
1361	1900
1537	1362
1537	1643
104	755
104	757
755	130
755	177
755	340
755	474
755	511
755	757
755	886
757	145
757	433
757	778
757	804
757	939
1206	1113
1206	1603
1658	1234
1658	1752
1658	1872
1658	1892
1658	1928
1658	1932
1916	1128
1916	1164
1916	1379
1916	1449
1916	1624
1916	1669
1916	1713
1916	1771
1916	1817
1916	1900
1916	1962
1916	1968
105	535
105	896
535	139
535	371
535	427
535	765
896	177
896	441
896	448
896	453
896	654
896	662
896	887
896	972
896	981
1109	1449
1109	1573
1449	1297
1449	1517
1449	1909
1573	1642
1573	1680
1573	1787
1110	1122
1110	1846
1122	1737
1846	1163
1846	1259
1846	1880
1846	1956
106	659
106	882
106	997
659	809
659	914
659	923
659	959
882	436
882	636
882	806
882	870
882	1876
882	943
882	992
997	154
997	247
997	302
997	318
997	375
997	396
997	557
997	560
997	574
997	768
997	828
997	847
997	861
997	914
997	944
997	972
997	988
997	998
1111	1705
1705	1164
1705	1192
1705	1475
1705	1581
1705	1800
1508	1247
1508	1525
1852	1333
1852	1484
1852	1582
1852	1669
1852	1800
1852	1834
1852	1871
1852	1875
1113	1738
1738	1350
1738	1526
1738	1621
1738	1667
1738	1719
1738	1807
1738	1829
1114	1585
1114	1818
1114	1997
1585	1427
1585	1964
1818	1190
1818	1215
1818	1267
1818	1625
1818	1912
1818	1962
1818	1965
1997	1314
1997	1345
1997	1380
1997	1398
1997	1439
1997	1463
1997	1464
1997	1627
1997	1710
1997	1712
1997	1719
1997	1790
1997	1834
1997	1932
1997	1946
1997	979
1115	1760
1115	1868
1115	1929
1760	1239
1760	1247
1760	1415
1760	1632
1760	1767
1760	1769
1760	1785
1760	788
1868	1333
1868	1403
1868	1491
1868	1632
1868	1712
1868	1773
1868	1960
1929	1265
1929	1429
1929	1460
1929	1506
1929	1516
1929	1599
1929	1639
1929	1720
1929	1742
1929	1791
1929	1801
1929	1904
1929	1928
1929	1977
107	411
411	172
411	521
411	585
411	863
108	152
152	633
1116	1268
1116	1939
1116	1977
1268	1450
1268	1570
1268	1686
1268	1724
1939	1195
1939	1453
1939	1519
1939	1526
1939	1620
1939	1682
1939	1684
1939	1752
1939	783
1939	1830
1939	1907
1939	1909
1939	1977
1977	1160
1977	1496
1977	1541
1977	1581
1977	1582
1977	1636
1977	1639
1977	1669
1977	1680
1977	1753
1977	1880
1977	1921
1977	1932
1977	1936
1977	1946
1117	1807
1117	1863
1117	1930
1807	1245
1807	1533
1807	1575
1807	1697
1807	1853
1807	1905
1807	1956
1863	1176
1863	1338
1863	1519
1863	1633
1863	1795
1863	1870
1863	1871
1863	1937
1863	972
1863	1971
1930	1225
1930	1350
1930	1499
1930	1623
1930	1657
1930	1686
1930	1837
1930	1932
109	386
109	425
109	446
109	841
386	149
386	199
386	504
425	299
425	712
425	857
425	981
446	223
446	233
446	935
841	466
841	566
841	670
841	765
841	802
841	895
841	967
1118	1184
1184	1730
1184	1748
1184	1904
110	502
110	981
502	378
502	450
502	537
502	671
981	120
981	201
981	234
981	278
981	358
981	380
981	605
981	612
981	624
981	778
981	807
981	861
981	874
981	905
981	943
981	988
1119	1419
1119	1815
1119	1892
1419	1279
1419	1332
1419	1360
1815	1540
1815	1632
1815	1697
1815	1826
1815	1907
1892	1196
1892	1242
1892	1321
1892	1405
1892	1678
1892	1700
1892	1835
1892	884
1892	1913
1892	1946
1892	1952
1120	1964
1964	1187
1964	1196
1964	1207
1964	1346
1964	1459
1964	1479
1964	1562
1964	1715
1964	1779
1964	807
1964	1808
1964	1814
1964	1909
1964	1932
111	582
111	828
582	414
582	673
582	783
582	926
828	525
828	565
828	573
828	690
828	699
828	781
828	819
828	935
112	466
112	514
112	887
112	936
466	218
514	215
514	426
514	718
514	743
887	259
887	295
887	671
887	743
887	785
887	884
887	889
887	926
887	934
936	176
936	463
936	554
936	652
936	776
936	785
936	804
936	805
936	867
936	880
936	942
113	196
113	570
113	684
196	293
196	869
570	407
570	477
570	719
570	760
684	387
684	693
684	761
684	877
684	998
1121	1909
1121	1923
1121	1937
1909	1208
1909	1336
1909	1365
1909	1394
1909	1474
1909	1716
1909	1867
1909	1960
1923	1125
1923	1219
1923	1328
1923	1391
1923	1416
1923	1512
1923	1574
1923	1655
1923	1709
1923	1798
1923	1951
1923	1956
1937	1322
1937	1375
1937	1535
1937	1682
1937	1719
1937	1745
1937	1904
1937	1938
1937	1951
1937	1971
114	627
114	834
627	501
627	637
627	746
627	806
627	935
627	988
834	230
834	619
834	655
834	743
834	942
834	998
1737	1398
1737	1644
1737	1702
115	766
766	260
766	336
766	356
766	518
766	767
1123	1730
1123	1810
1123	1884
1730	1378
1730	1505
1730	1580
1730	1942
1810	1336
1810	1626
1810	1872
1810	1945
1884	1199
1884	1316
1884	1390
1884	1568
1884	1594
1884	1627
1884	1758
1884	1792
1884	1795
1884	1942
1884	1951
1155	1381
1155	1612
1155	1615
1125	1285
1125	1691
1285	1544
1285	1882
1691	1134
1691	1945
310	375
310	846
310	979
1549	1619
1549	1701
696	299
696	307
696	691
696	877
696	905
696	967
696	998
1126	1139
1126	1279
1126	1526
1126	1901
1139	1519
1279	1335
1526	1373
1526	1668
1901	1230
1901	1264
1901	1362
1901	1475
1901	1511
1901	1520
1901	1586
1901	1653
1901	1708
1901	1932
1127	1308
1127	1560
1308	1876
1560	1608
1560	1674
1560	1843
1560	1907
1560	1932
1128	1299
1128	1310
1128	1808
1299	1703
1299	1787
1310	1423
1310	566
1808	1201
1808	1278
1808	1292
1808	1417
1808	1683
1808	1749
1808	1829
1808	1835
1129	1960
1960	1306
1960	1464
1960	1507
1960	1534
1960	1562
1960	1581
1960	1593
1960	1703
1960	1754
1960	1792
1960	1867
1960	1882
1130	1801
1130	1907
1801	1227
1801	335
1801	1492
1801	1512
1801	1592
1801	1779
1801	1872
1801	1914
1907	1237
1907	1258
1907	1316
1907	1715
1907	787
1907	1905
1131	1235
1131	1913
1235	1239
1235	1710
1913	1271
1913	1313
1913	1724
1913	1795
1913	1826
1913	1971
1132	1752
1752	1176
1752	1404
1752	1776
1752	1945
117	426
117	787
117	984
426	334
787	357
787	760
787	889
787	890
787	984
984	124
984	165
984	255
984	276
984	281
984	350
984	401
984	515
984	566
984	626
984	629
984	674
984	811
984	837
984	940
1133	1354
1133	1686
1354	1321
1354	1500
1354	1709
1686	1556
1686	1803
1134	1650
1134	1875
1650	1512
1650	1926
1875	1211
1875	1224
1875	1254
1875	1306
1875	1635
1875	1657
1875	1661
1875	1749
1135	1171
1135	1604
1171	1794
1171	1871
1604	1193
1604	1232
1604	1488
1604	1521
1604	1753
1604	1956
831	119
831	272
831	406
831	669
831	718
831	811
831	837
831	839
831	928
831	992
119	747
119	873
747	247
747	470
747	587
747	736
747	750
747	783
747	857
747	909
747	926
873	343
873	378
873	394
873	661
873	664
873	690
873	833
873	900
873	911
873	972
120	440
120	839
120	967
440	979
440	988
839	613
839	618
839	847
839	959
967	223
967	231
967	291
967	399
967	405
967	453
967	528
967	679
967	761
967	769
967	790
967	836
967	857
967	880
967	890
967	973
272	619
272	730
382	650
382	905
1136	1242
1136	1556
1136	1625
1242	1596
1242	1924
1556	1749
1625	1753
1625	1786
1565	1225
1565	1517
1565	1951
1835	1150
1835	1326
1835	1349
1835	1540
1835	1583
1835	1695
1835	1700
1835	1742
1945	1287
1945	1431
1945	1519
1945	1548
1945	1803
1945	1817
1945	1926
1945	1936
1945	1965
1407	1448
1407	1946
1716	1265
1716	1455
1716	1489
1816	1213
1816	1298
1816	1309
1816	1510
1816	1536
1816	1612
1816	1629
1816	1786
1519	1190
1519	1574
1140	1553
1553	605
1553	1761
122	691
122	821
691	175
691	253
691	1403
691	504
691	628
691	776
821	243
821	261
821	274
821	306
821	1634
821	926
1141	1886
1141	1926
1886	1158
1886	1259
1886	1283
1886	1437
1886	1601
1886	1684
1886	1769
1886	1817
1886	1874
1886	1900
1926	1287
1926	1347
1926	1416
1926	1570
1926	1580
1926	1668
1926	1709
1926	1942
1142	1853
1853	1409
1853	1682
1853	1825
1853	1882
123	146
123	232
123	926
123	992
146	355
146	509
146	901
232	215
926	138
926	437
926	509
926	520
926	581
926	663
926	730
926	836
926	837
926	866
992	276
992	281
992	302
992	410
992	574
992	618
992	631
992	714
992	781
992	809
992	817
992	833
992	836
992	890
992	928
992	979
1143	1220
1143	1825
1220	1239
1825	1165
1825	1213
1825	1254
1825	1544
1825	1682
1825	1709
1825	1792
1825	1962
1144	1748
1144	889
1144	1942
1748	1180
1748	1359
1748	1459
1748	1636
1748	1779
889	130
889	624
889	668
889	898
889	914
889	928
889	972
1942	1189
1942	1213
1942	1460
1942	1468
1942	688
1942	1885
1942	1912
1942	1924
1942	1952
1942	1968
1347	1316
1347	1446
1347	1905
1460	1252
124	424
124	490
124	959
424	404
424	610
424	699
424	705
490	390
490	645
490	669
959	209
959	317
959	331
959	394
959	454
959	512
959	759
959	838
959	843
959	883
959	884
959	944
959	979
959	988
1147	1523
1147	867
1523	1773
1523	1952
1523	1968
867	360
867	363
867	378
867	601
867	748
867	797
867	800
867	940
867	972
1148	1644
1644	1669
1644	1692
1149	1359
1149	1515
1359	1253
1359	1504
1515	1326
1515	546
1515	1837
557	561
557	633
557	703
126	381
126	493
126	935
381	429
381	492
493	877
493	958
493	998
935	172
935	336
935	1511
935	511
935	512
935	573
935	601
935	656
935	750
935	826
1236	1598
1697	1876
1619	1509
1619	1849
1619	1965
1874	1218
1874	1255
1874	1670
1874	1688
1874	1753
1874	1971
1153	1484
1153	1710
1484	1420
1484	1493
1710	1302
1710	1360
1710	1438
1381	1814
1381	1924
1612	1317
1612	1678
1615	1497
1615	1653
1615	1791
128	355
128	833
355	283
833	188
833	375
833	406
833	453
833	461
833	521
833	713
833	980
1156	1649
1156	1921
1649	1323
1649	1550
1649	1784
1649	1971
1921	1333
1921	1391
1921	1409
1921	1431
1921	1485
1921	1621
1921	1630
1921	1779
1921	1799
1921	1802
1921	1952
129	134
129	861
134	905
134	934
861	334
861	401
861	432
861	441
861	497
861	556
861	673
861	909
1157	1696
1157	1743
1696	1158
1696	1471
1696	1638
1696	1965
1743	1374
1743	1418
1743	1602
1158	1694
1158	1799
1694	1479
1694	1502
1694	1695
1694	1932
1694	1936
1799	1234
1799	1754
130	422
422	154
422	247
1159	1350
1159	1511
1350	1928
1511	1250
1511	1464
1511	1965
1160	1703
1703	1924
979	185
979	213
979	286
979	430
979	568
979	674
979	676
979	806
979	880
979	884
979	909
1161	1814
1814	1477
1814	1630
1814	1670
1814	1678
1814	1905
1162	1871
1162	1914
1871	1596
1871	1745
1871	1870
1871	1956
1914	1172
1914	1225
1914	1372
1914	1605
1914	1651
1914	1655
1914	1675
1914	1708
1914	1745
1914	1928
1163	1174
1163	1688
1174	1317
1174	1489
1688	1591
1688	1773
1688	1802
1164	519
519	166
519	476
519	550
519	592
132	635
132	832
635	300
635	749
635	822
832	173
832	315
832	578
832	596
832	615
832	626
832	712
832	914
832	944
133	460
133	886
460	471
460	650
460	719
886	207
886	220
886	357
886	1626
886	674
886	847
886	939
886	944
1165	1326
1165	1776
1326	1936
1776	1388
1776	1459
1776	1522
1776	1594
1776	1900
1776	1962
905	598
905	642
905	652
905	777
934	165
934	222
934	236
934	305
934	328
934	395
934	611
934	626
934	693
934	769
934	843
934	907
934	943
934	973
135	540
540	370
540	516
540	676
540	857
540	874
137	282
282	577
282	693
138	680
680	409
680	806
680	811
680	866
680	870
139	418
139	675
139	857
418	249
418	676
418	822
675	472
675	577
675	901
675	911
857	276
857	366
857	605
857	703
857	707
857	784
857	894
857	973
1166	1661
1661	1210
1661	1272
1661	1293
1661	1767
1167	1183
1167	1371
1167	1928
1183	1797
1371	1218
1371	1255
1928	1312
1928	1333
1928	1366
1928	1397
1928	1404
1928	1634
1928	1761
1928	1834
1168	1190
1168	1440
1190	1257
1440	1932
140	236
140	489
140	958
489	187
489	198
489	891
958	169
958	285
958	311
958	405
958	518
958	764
958	765
958	771
958	791
958	881
958	891
958	901
958	944
958	998
1169	1281
1169	1320
1169	1568
1320	1719
1320	1796
1568	1307
1568	1595
1568	1817
141	255
255	210
255	246
1288	1488
1288	1551
1288	1670
1794	1253
1794	1382
1794	1653
1794	1700
1794	1750
483	518
483	609
509	825
509	836
881	231
881	261
881	488
881	572
881	664
881	723
881	763
881	877
881	884
1172	1205
1172	1370
1370	1965
144	233
144	587
144	863
233	397
233	406
587	270
587	313
587	775
587	907
587	943
863	177
863	350
863	388
863	642
863	705
863	900
863	907
863	943
145	845
845	174
845	296
845	333
845	395
845	465
845	809
845	980
901	448
901	617
901	703
901	843
901	869
901	884
147	609
147	677
609	772
609	788
609	870
677	283
677	419
677	511
677	614
677	706
677	835
1317	1357
1489	1446
1489	1595
1489	1880
1489	1965
148	617
617	592
617	688
1175	1418
1418	1248
149	637
149	670
637	250
637	371
637	601
637	768
670	254
670	809
670	870
670	914
150	334
150	713
334	367
713	309
713	480
713	655
713	671
713	782
151	565
565	488
565	504
565	743
633	336
633	632
633	724
633	736
633	847
153	605
153	717
605	215
605	580
717	389
717	742
717	846
717	942
717	944
1176	1312
1176	1951
1312	1319
1951	1275
1951	1298
1951	1433
1951	1465
1951	1620
1951	1633
1951	1641
1951	1796
1951	1872
1951	1946
1951	1956
154	343
154	548
343	907
548	280
548	294
548	318
155	283
155	307
283	796
283	874
307	278
1393	1577
1393	1843
1393	1956
1178	1372
1372	1276
1372	1572
671	349
671	895
671	898
1792	1286
1792	1307
1792	1425
1792	1603
1792	1670
1792	1932
838	302
838	527
838	608
838	647
838	750
838	794
838	830
838	880
838	909
379	158
379	433
379	809
592	205
592	536
1180	1692
1692	1550
1692	1904
159	618
618	205
618	775
160	430
160	655
160	869
655	410
655	553
869	501
869	843
869	940
161	688
161	782
161	940
688	412
688	538
688	739
688	874
782	218
782	299
782	532
940	384
940	407
940	1423
940	453
940	510
940	525
940	683
940	736
940	791
940	825
940	883
940	891
940	923
162	580
580	793
163	313
163	612
612	683
612	819
612	826
164	462
462	217
462	271
1182	1651
1182	1701
1182	1767
1651	1191
1651	1323
1651	1333
1651	1475
1651	1702
1701	1529
1701	1630
1701	1769
1701	1796
1701	1968
1767	1791
1767	1952
165	553
165	638
553	407
553	802
553	849
638	260
638	486
638	524
638	767
166	679
166	928
679	474
679	1581
679	767
679	943
928	187
928	404
928	595
928	748
928	818
928	894
928	900
928	914
928	998
1797	1468
1797	1500
1797	1513
1797	1566
1797	1968
1904	1286
1904	1304
1904	1385
1904	1424
1904	1466
1904	536
1904	1843
1904	1912
1904	1936
1324	1411
1186	1219
1186	1295
1186	1843
1219	1482
1295	1602
1295	1626
1843	1391
1843	1506
1843	1512
1843	1695
1843	825
167	611
167	781
781	392
781	590
781	601
781	707
781	751
168	826
826	614
826	702
826	712
826	807
826	849
826	909
169	454
169	556
454	583
454	760
454	819
454	836
556	444
556	771
556	998
1187	1505
1187	1531
1187	1620
1505	1771
1505	1833
1531	1335
1531	1405
1531	1620
1531	1790
1620	1315
1188	1639
1188	1968
1639	1195
1639	1653
1639	1938
1968	1404
1968	1405
1968	1474
1968	1509
1968	1635
1968	1662
1968	1713
1968	1956
746	179
746	534
746	743
746	880
1189	1272
1189	1421
1272	1677
1421	1256
171	474
171	806
806	220
806	326
806	628
1257	1433
1257	1965
1191	1297
1191	1385
1297	1597
1385	1627
173	656
656	630
656	777
656	813
1192	1213
1192	1632
1632	1256
1632	1803
1632	1849
1632	1962
1193	1684
1193	1790
1684	1200
1684	1202
1684	1241
1684	1569
1790	1322
1790	1539
1790	1667
174	335
174	942
942	186
942	195
942	390
942	498
942	545
942	558
942	705
942	710
942	714
942	797
942	902
942	907
1194	1402
1194	1713
1402	1378
1402	1400
1402	1550
1713	1386
1713	1622
1713	1695
1713	1769
1195	1384
1384	1551
1384	1597
1384	1786
1196	794
794	286
794	303
794	395
794	669
1198	1306
1198	1880
1306	1591
1880	1342
1880	1454
1880	1540
1880	1725
1880	1882
1199	1529
1529	1518
1529	1952
1529	1965
175	250
175	370
250	593
370	234
1200	1239
1200	1670
1200	1971
1239	1626
1971	1437
1971	1629
1971	1638
1971	1677
1971	1680
1971	1725
1971	1744
1971	1791
1971	1796
1971	1862
1971	1885
176	220
176	349
220	286
349	719
349	759
1202	1872
1872	1250
1872	1439
1872	1554
1872	1740
1872	1936
1872	1952
177	253
253	436
253	811
1203	1410
1785	1217
1785	1332
1785	1351
1785	1475
1785	1643
1603	1378
1603	1438
1603	1712
1603	1837
1207	1208
1207	1912
1208	1245
1912	1212
1912	1577
1912	1586
1912	1709
1912	1769
1912	1946
179	870
870	333
870	384
870	444
870	546
870	706
870	793
1245	1352
1209	1598
1209	1665
1665	1251
1665	1453
1665	1634
1665	1757
181	769
769	254
769	364
183	524
183	723
183	748
524	304
524	775
524	894
723	278
723	461
723	653
723	914
748	352
748	804
748	846
748	914
1210	1962
1962	1287
1962	1313
1962	1364
1962	1439
1962	1463
1962	1518
1962	1539
1962	1712
1962	1936
1962	1938
184	187
184	522
187	636
522	257
522	576
522	598
186	891
891	561
891	610
891	661
891	724
636	499
636	645
636	710
636	718
1211	1230
1211	1924
1230	1787
1924	1222
1924	1243
1924	1390
1924	1494
1924	1870
188	629
629	249
629	785
189	257
189	431
189	843
257	678
257	980
431	846
843	328
843	484
843	504
843	593
843	849
843	890
190	341
190	972
341	539
341	718
972	217
972	322
972	354
972	393
972	572
972	577
972	703
972	718
972	763
972	817
972	900
972	902
972	973
1212	1592
1592	1457
1592	1501
1592	1606
192	356
192	689
356	538
356	777
689	461
689	477
689	988
316	226
316	811
447	226
447	270
447	450
447	771
591	256
591	791
195	772
195	800
772	315
772	376
772	543
772	830
772	866
800	401
800	497
800	630
800	724
1214	1622
1214	1769
1214	1965
1622	1608
1622	1834
1769	1302
1769	1773
1965	1386
1965	1403
1965	1431
1965	1550
1965	1704
1965	1719
1965	1956
1215	1932
1932	1273
1932	1277
1932	1424
1932	1757
1932	1798
293	359
293	660
293	998
197	295
197	788
197	866
295	344
295	683
788	663
788	711
788	791
788	923
788	980
788	988
866	207
866	268
866	401
866	894
866	898
866	902
198	317
198	759
198	822
317	980
759	226
759	404
759	690
759	796
759	900
759	943
822	284
822	300
822	416
822	566
822	653
822	944
199	465
465	761
465	944
1217	1304
1217	1936
1936	1255
1936	331
1936	1534
1936	1641
1936	1704
1936	1784
1218	1830
1830	1766
1830	1837
1830	1900
1482	1485
1482	1750
1482	764
201	573
573	846
1221	1254
1221	1882
1254	1652
1882	1226
1882	1267
1882	1496
1882	1561
1882	1683
1882	1834
203	715
203	890
715	640
715	790
715	837
715	847
715	943
715	944
890	227
890	376
890	508
890	515
890	598
890	846
890	847
1222	1629
1629	1427
1629	1657
1629	1786
1223	1458
1458	1397
1458	1833
1224	1399
1224	1719
1224	1766
1399	1464
1399	1595
1399	1643
1399	1956
1719	1357
1719	1446
1766	1450
1766	1534
1766	1718
1766	1757
1766	1798
206	614
614	222
614	364
1226	1577
1577	1829
653	480
653	518
998	224
998	249
998	322
998	352
998	436
998	471
998	488
998	495
998	613
998	615
998	644
998	703
998	710
998	736
998	817
998	883
1227	1630
1227	1829
1630	1251
1630	1276
1829	1456
1829	1833
1554	1685
1554	1862
210	475
211	574
574	484
574	513
574	742
212	669
213	569
569	347
569	554
569	771
1787	1491
1787	1499
1787	1594
1787	1758
624	331
624	380
624	783
1652	1256
1652	1512
1652	1720
216	539
216	718
216	973
539	501
539	663
539	767
718	384
718	777
718	830
973	266
973	344
973	463
973	584
973	661
973	778
973	902
973	988
1232	1292
1232	1417
1232	1433
1292	1750
1433	1294
1233	1682
218	830
830	271
830	567
830	668
830	778
219	239
219	242
219	429
239	277
242	736
242	898
429	530
429	791
1674	1248
1674	1368
222	763
222	837
763	412
763	472
763	513
763	980
837	412
837	464
837	511
837	678
837	923
223	943
943	281
943	384
943	487
943	568
943	608
943	631
943	802
943	877
943	923
224	898
898	340
898	437
898	561
898	662
898	768
898	884
1626	1677
1709	1392
1709	1636
1241	1677
1677	1900
1596	1398
1243	1345
1345	1400
1345	1956
909	261
909	311
909	332
909	414
909	432
909	631
909	775
1704	1502
1352	1269
1352	1472
1938	326
1938	1400
1938	1593
1938	1638
1938	1695
1938	1795
227	306
227	558
306	432
306	693
558	331
558	596
1247	1800
1800	1583
1800	1627
1800	1779
572	1294
572	705
572	785
754	581
754	631
754	743
754	883
791	339
791	664
791	902
818	234
818	545
818	568
818	645
818	676
1248	1905
1248	1952
1905	1348
1905	1357
1905	1431
1905	1521
1905	1536
1905	1635
1905	1867
1952	1252
1952	1307
1952	1416
1952	1502
1952	1520
1952	1587
1952	1668
1952	1867
1498	1439
1498	1499
1498	1702
1501	1301
1501	1541
230	268
230	880
268	352
268	459
268	988
880	484
880	487
880	676
880	939
1250	1492
1492	1383
1492	1500
231	585
231	902
585	392
585	487
585	847
902	534
902	761
902	796
902	836
902	894
397	290
397	581
406	802
234	1645
234	703
1645	1267
1645	1315
1645	1476
1645	1862
1251	1562
1562	1377
1562	1502
1562	1539
1562	1771
235	472
472	719
472	811
1253	1357
1357	1579
434	420
434	802
434	988
712	847
1258	1364
1364	1745
277	783
1259	1534
1259	1597
1259	1754
1534	1642
1534	1718
1597	1606
1754	1499
1494	1466
448	776
448	846
615	311
615	730
615	944
1771	1779
1771	1786
1771	1946
1802	1675
1802	1876
433	741
778	455
778	724
778	736
884	543
884	554
884	911
884	939
1323	1667
736	459
736	652
1264	1389
1264	1803
1264	1834
1803	1633
1803	1718
1803	1876
1834	1349
1834	1452
1834	1471
1834	1486
1834	1668
1834	1742
1834	1946
243	278
674	568
674	699
674	750
674	784
245	594
594	771
594	797
246	767
246	895
767	610
767	678
767	807
895	385
895	807
895	835
895	883
1265	1563
1563	1328
1563	1330
1657	1271
1657	1362
1267	1671
1671	1533
1671	1594
1450	1363
1450	1740
1570	1382
1570	1784
1570	1786
1570	1870
1724	1289
1724	1396
1724	1580
1269	1586
1269	1638
1586	1580
1586	1773
1638	1900
249	561
249	710
561	549
561	1750
561	793
710	661
710	790
710	849
593	699
593	805
593	811
1273	1277
1277	1885
1275	1314
1314	1773
251	285
251	534
285	583
534	836
534	874
1276	1479
1479	1375
1479	1685
817	284
817	480
817	567
817	601
817	683
817	911
1885	1335
1885	1365
1885	1623
1885	1750
811	388
1278	1544
1544	1424
1544	1454
1540	1409
1540	1624
254	416
254	714
416	387
416	988
714	409
714	412
714	608
714	836
714	847
714	911
256	549
549	581
549	768
549	914
678	784
980	367
980	420
980	480
980	521
980	581
980	598
980	607
980	676
980	683
980	907
980	944
1561	1437
1561	1520
1561	1757
1283	1757
1837	1332
259	404
259	529
404	394
529	296
529	719
654	516
654	664
654	846
673	387
673	528
849	421
849	512
849	650
849	749
849	764
939	309
939	367
939	459
939	560
939	768
939	797
939	914
469	376
265	663
663	388
663	525
266	719
266	846
266	907
719	914
846	453
846	528
846	768
846	807
907	515
907	584
907	705
1287	1380
1380	1623
1488	1667
1551	1366
1289	1758
1289	1876
1758	1569
1758	1575
1758	1750
1876	1411
1876	1438
1876	1477
1876	1574
1876	1591
1876	1862
1453	1728
1291	1398
1398	1334
289	784
289	793
1750	1468
1293	1862
1293	1946
1862	1416
1862	1732
1862	1784
1862	790
1862	1795
1946	1342
1946	1642
1946	1680
1294	1572
1572	1431
1602	1528
1602	1795
988	1441
988	479
988	575
988	662
988	764
988	776
988	809
988	813
988	883
270	346
270	750
346	420
750	532
271	280
1298	1535
1535	1580
1300	1680
1300	1826
1680	1591
1680	1833
1826	1528
1826	1707
1301	1798
1798	1302
1798	1383
1798	1599
1798	1715
1302	1374
619	785
730	412
730	632
761	452
761	1773
1420	1643
274	499
499	764
1591	1541
1591	1566
1307	1459
1459	1486
1309	1740
1309	1761
1761	1334
1761	1463
1761	1715
566	741
276	470
470	331
470	610
470	802
1311	1334
1311	1900
1334	1377
1900	1493
1900	1870
1319	1742
783	314
783	894
1313	1678
598	300
598	301
1316	1463
1316	1867
1463	1725
1867	1439
1867	1791
1867	1956
1349	1728
1457	1513
1457	1634
1457	1641
281	476
476	407
577	421
693	702
796	303
796	543
796	630
796	739
796	743
874	477
874	760
874	819
284	776
776	326
776	550
776	706
1742	711
583	508
583	645
601	775
1796	1400
1796	521
1796	1633
1796	1662
288	322
784	364
793	702
793	923
290	532
532	661
532	825
291	344
344	626
785	388
785	825
785	900
359	516
660	512
660	944
294	516
516	437
516	914
683	495
683	741
296	1833
1833	1502
1833	1569
1833	1621
1833	1720
1667	1707
1667	1870
1411	1728
1411	1784
1327	1475
1327	1504
1475	1444
300	607
607	576
303	923
923	401
923	707
923	835
1332	1601
1601	1566
1601	1668
304	527
527	315
527	498
305	804
804	702
804	835
804	877
1377	1487
1377	1683
309	362
309	647
362	332
362	347
647	546
647	764
375	711
311	545
311	911
545	836
911	392
911	409
911	412
911	662
911	707
1338	1517
1517	1725
1517	1753
1517	1784
1452	1497
1695	1392
1695	1448
314	468
468	414
1342	1522
1342	1587
1522	1533
1587	1507
1584	1513
1400	1493
1400	1621
1956	1366
1956	1513
1956	1520
1956	1607
1956	1786
318	661
661	495
900	326
900	484
900	492
900	775
732	332
732	395
732	626
732	648
732	807
327	332
328	389
389	883
1348	1474
1348	1579
1579	1437
1472	1669
333	705
705	407
705	501
1500	1394
339	530
530	690
530	699
530	797
530	914
530	944
1360	1795
1795	1466
1795	1685
1675	1605
1363	1429
1363	1476
1429	1700
420	749
347	419
347	819
419	835
819	595
1366	1707
1707	1375
835	396
835	642
835	807
1369	1583
1369	1636
1369	1641
1636	1373
1641	1516
354	595
595	498
595	632
595	777
595	807
777	664
777	914
1375	1700
1375	1870
1700	1379
1700	1425
1700	1607
1870	1506
1870	1582
358	760
358	883
883	560
883	751
883	894
1487	1643
1378	1409
1409	1655
1379	1396
363	584
1623	1708
1623	1725
366	877
877	630
768	836
768	894
369	536
536	383
536	518
536	645
1382	836
836	668
1383	1518
1518	1456
371	427
371	437
371	650
427	486
427	495
650	743
503	613
711	461
711	628
376	706
706	525
706	944
702	662
378	644
644	764
809	525
492	640
383	567
385	464
1391	1685
1685	1434
1394	1533
1394	1606
1715	1456
1715	1635
1397	1437
1493	1510
393	521
1403	1571
1403	1749
1571	1485
1571	1708
1749	1434
1749	1491
1749	1525
396	642
396	813
642	520
813	608
813	648
813	790
775	765
1448	1465
676	668
1784	613
1415	1593
1593	1718
802	461
802	575
802	765
613	847
1424	1594
1594	1456
1425	1438
1438	1427
414	662
662	743
550	479
749	560
749	575
610	554
610	805
495	741
1441	1466
1441	1528
1441	1753
1753	1599
1744	1791
1444	1642
1642	1581
1642	1720
741	484
1506	1624
1465	1574
1465	1662
441	513
1455	1791
1791	1512
1791	1624
450	596
1513	1599
1634	1509
1725	1507
1725	1536
1662	1541
1817	1525
1817	1539
461	743
1669	1712
944	520
944	914
479	790
518	590
487	648
648	632
1490	1509
1702	1502
1702	1720
1525	1582
510	751
515	1779
914	520
914	805
520	668
1668	1708
894	707
894	797
543	739
1575	1608
1608	1633
1712	1635
1720	1607
