2000	0
0	103
0	726
0	783
0	922
103	321
103	719
103	740
726	264
726	443
726	676
726	808
726	907
726	924
726	929
726	972
726	986
783	32
783	242
783	377
783	644
783	669
783	770
783	885
783	942
783	964
783	974
783	994
922	97
922	189
922	219
922	234
922	328
922	437
922	443
922	458
922	528
922	648
922	727
922	755
922	772
922	813
922	911
922	935
922	950
922	984
922	987
922	996
922	999
1	85
1	269
1	608
1	910
85	479
85	851
85	964
269	483
269	580
269	941
269	967
608	14
608	96
608	138
608	280
608	399
608	421
608	898
910	157
910	182
910	278
910	725
910	731
910	769
910	801
910	816
910	829
910	830
910	861
910	878
910	879
910	899
910	900
910	943
910	962
910	967
910	969
910	992
2	69
2	587
2	676
2	917
69	665
69	844
69	897
587	38
587	213
587	585
587	687
587	692
587	712
587	918
676	35
676	442
676	788
676	830
676	945
676	974
676	981
917	129
917	213
917	252
917	318
917	405
917	504
917	533
917	540
917	693
917	696
917	727
917	792
917	1804
917	828
917	837
917	861
917	862
917	875
917	916
917	930
917	943
3	288
3	371
3	771
3	955
288	139
288	823
288	896
288	949
371	766
371	946
371	964
371	968
771	293
771	313
771	392
771	774
771	1786
771	847
771	877
771	886
771	951
771	981
771	987
955	88
955	90
955	125
955	333
955	392
955	402
955	431
955	471
955	535
955	684
955	768
955	822
955	832
955	856
955	859
955	888
955	890
955	895
955	900
955	909
955	918
955	957
955	958
955	968
955	978
955	987
1000	1780
1000	1793
1000	1977
1000	1998
1780	1215
1780	1469
1780	1569
1780	1610
1780	1718
1780	1748
1780	1911
1780	1924
1780	1937
1780	1959
1780	1970
1780	1995
1793	1248
1793	1258
1793	1655
1793	1661
1793	1713
1793	1773
1793	1798
1793	1858
1793	1889
1793	1914
1793	1959
1793	1978
1977	1021
1977	1083
1977	1125
1977	1192
1977	1254
1977	1354
1977	1377
1977	1504
1977	1527
1977	1568
1977	1622
1977	1715
1977	1745
1977	1768
1977	1771
1977	1774
1977	1779
1977	1787
1977	1824
1977	1863
1977	1869
1977	1876
1977	1887
1977	1913
1977	1916
1977	1923
1977	1940
1977	1966
1977	1971
1977	1982
1977	1987
1977	1988
1998	1110
1998	1237
1998	1339
1998	1412
1998	590
1998	1583
1998	1587
1998	1660
1998	1681
1998	1725
1998	1735
1998	1756
1998	1771
1998	1778
1998	1787
1998	1791
1998	1818
1998	1832
1998	1835
1998	1855
1998	1863
1998	1864
1998	1873
1998	1879
1998	1888
1998	1902
1998	1916
1998	1945
1998	1947
1998	1950
1998	1961
1998	1963
1998	1973
1998	1975
1998	1979
1998	1986
1998	1994
1998	1995
1998	1999
1001	1141
1001	1346
1001	1443
1001	1919
1141	1448
1141	1702
1141	1732
1346	1794
1346	1796
1346	1828
1346	1911
1443	1011
1443	1078
1443	1821
1443	1865
1443	1925
1919	1131
1919	1194
1919	1297
1919	1398
1919	1527
1919	1662
1919	1708
1919	1727
1919	1736
1919	1743
1919	1775
1919	1799
1919	1806
1919	1913
1919	1920
1919	1922
1919	1946
1919	1967
1919	1984
1919	1986
1919	1992
4	450
4	1687
4	754
4	982
450	667
450	775
450	903
450	969
450	997
1687	1226
1687	1231
1687	1292
1687	1325
1687	1667
1687	1861
1687	1878
1687	1937
1687	1939
754	273
754	538
754	701
754	802
754	858
754	875
754	877
754	885
754	946
754	1959
754	976
982	18
982	53
982	124
982	380
982	461
982	527
982	555
982	559
982	565
982	597
982	598
982	600
982	616
982	632
982	693
982	779
982	797
982	815
982	835
982	846
982	847
982	869
982	874
982	904
982	913
982	923
982	953
982	966
982	972
982	974
982	983
982	988
982	989
982	993
982	994
1002	1257
1002	1290
1002	1737
1002	1958
1257	1162
1257	1536
1257	1846
1257	1997
1290	1299
1290	1405
1290	1943
1290	1979
1737	1198
1737	1309
1737	1439
1737	1446
1737	1474
1737	1783
1737	1796
1737	1800
1737	1957
1737	1989
1958	1016
1958	1047
1958	1194
1958	1307
1958	1466
1958	1497
1958	1531
1958	1550
1958	1592
1958	1593
1958	1599
1958	1613
1958	1643
1958	1671
1958	1688
1958	1697
1958	1708
1958	1797
1958	1869
1958	1917
1958	1920
1958	1927
1958	1944
1958	1966
1958	1972
1958	1975
1958	1984
1958	1994
1003	1005
1003	1662
1003	1775
1003	1950
1005	1668
1005	1819
1005	1904
1662	1014
1662	1187
1662	1651
1662	1683
1662	1878
1662	1928
1662	1988
1775	1144
1775	1390
1775	1411
1775	1465
1775	1684
1775	1882
1775	1895
1775	1941
1775	1945
1775	1975
1775	1984
1950	1142
1950	1193
1950	1242
1950	1269
1950	1279
1950	1295
1950	1350
1950	1522
1950	1546
1950	1584
1950	1585
1950	1632
1950	1754
1950	1755
1950	1760
1950	1784
1950	1789
1950	1847
1950	1909
1950	1944
1950	1955
1950	1956
1950	1973
1950	1984
1950	1992
5	254
5	692
5	939
5	952
254	274
254	621
254	798
254	889
692	382
692	394
692	469
692	689
692	812
692	959
692	970
939	49
939	207
939	209
939	255
939	305
939	441
939	472
939	514
939	566
939	619
939	651
939	714
939	745
939	781
939	789
939	806
939	813
939	835
939	837
939	838
939	868
939	936
939	978
952	48
952	137
952	249
952	264
952	417
952	514
952	539
952	554
952	589
952	657
952	662
952	680
952	699
952	722
952	727
952	782
952	788
952	801
952	817
952	879
952	884
952	885
952	920
952	954
952	995
952	998
1004	1813
1004	1945
1004	1963
1004	1985
1813	1010
1813	1448
1813	1526
1813	1665
1813	1674
1813	1680
1813	1755
1813	1856
1813	1875
1813	1942
1813	1984
1813	1985
1813	1988
1945	1148
1945	1305
1945	1361
1945	1400
1945	1413
1945	1415
1945	1469
1945	1513
1945	560
1945	1554
1945	1659
1945	1670
1945	1708
1945	1757
1945	1783
1945	1853
1945	1891
1945	1931
1945	1937
1945	1960
1945	1963
1945	1978
1945	1980
1945	1997
1963	1018
1963	1051
1963	1061
1963	1165
1963	1334
1963	1399
1963	1429
1963	1450
1963	1469
1963	1571
1963	1628
1963	1633
1963	1739
1963	1741
1963	1754
1963	1849
1963	1877
1963	1897
1963	1916
1963	1932
1963	1939
1963	1940
1963	1943
1963	1973
1963	1976
1963	1990
1985	1082
1985	1249
1985	1293
1985	1384
1985	1409
1985	1428
1985	1479
1985	1502
1985	1552
1985	1583
1985	1585
1985	1608
1985	1613
1985	1635
1985	1647
1985	1707
1985	1733
1985	1782
1985	1783
1985	1789
1985	1791
1985	1797
1985	1817
1985	1819
1985	1842
1985	1846
1985	1882
1985	1883
1985	1886
1985	1910
1985	1948
1985	1968
1985	1996
1985	1997
6	15
6	745
6	923
6	994
15	414
15	417
15	942
745	559
745	701
745	742
745	814
745	821
745	897
745	945
745	971
745	995
923	92
923	229
923	256
923	495
923	619
923	705
923	807
923	860
923	1897
923	898
923	901
923	902
923	919
923	958
923	965
923	978
923	984
923	987
923	988
923	999
994	19
994	78
994	80
994	111
994	142
994	300
994	355
994	414
994	483
994	540
994	561
994	562
994	631
994	633
994	690
994	695
994	714
994	727
994	737
994	761
994	775
994	786
994	791
994	833
994	840
994	844
994	891
994	928
994	931
994	935
994	951
994	968
994	971
994	973
994	983
994	984
994	990
7	834
7	839
7	987
7	997
834	155
834	551
834	591
834	711
834	737
834	777
834	781
834	782
834	815
834	842
834	881
834	888
834	953
834	977
839	33
839	72
839	210
839	443
839	591
839	699
839	703
839	775
839	831
839	880
839	893
839	894
839	916
839	930
987	24
987	37
987	61
987	80
987	151
987	190
987	192
987	194
987	251
987	276
987	310
987	314
987	340
987	495
987	607
987	669
987	824
987	838
987	869
987	873
987	875
987	900
987	902
987	918
987	929
987	933
987	935
987	969
987	970
987	975
987	978
987	988
987	998
997	43
997	75
997	170
997	196
997	354
997	389
997	403
997	419
997	467
997	532
997	543
997	617
997	623
997	659
997	752
997	803
997	804
997	823
997	835
997	857
997	869
997	871
997	873
997	877
997	891
997	894
997	897
997	925
997	929
997	940
997	942
997	949
997	1946
997	956
997	966
997	976
997	983
997	984
1668	1139
1668	1196
1668	1400
1668	1416
1668	1418
1668	1481
1668	1604
1668	1765
1668	1982
1819	1271
1819	1308
1819	1570
1819	1583
1819	1836
1819	1839
1819	1893
1819	1914
1819	1942
1819	1947
1819	1951
1819	1972
1819	1983
1904	1018
1904	1019
1904	1028
1904	1243
1904	1251
1904	1292
1904	1437
1904	1477
1904	1621
1904	1629
1904	1779
1904	1784
1904	1808
1904	1851
1904	1887
1904	1890
1904	1897
1904	1935
1904	1937
8	650
8	833
8	868
8	970
650	304
650	318
650	389
650	544
650	583
650	750
650	932
650	958
833	27
833	221
833	357
833	364
833	568
833	599
833	652
833	666
833	767
833	790
833	856
833	1902
833	998
868	86
868	156
868	207
868	361
868	368
868	477
868	509
868	674
868	711
868	752
868	760
868	864
868	927
868	973
868	992
970	100
970	204
970	215
970	243
970	320
970	357
970	444
970	464
970	483
970	500
970	553
970	586
970	588
970	755
970	757
970	762
970	801
970	841
970	844
970	869
970	892
970	937
970	945
970	964
970	967
970	979
970	983
970	985
970	986
9	58
9	391
9	757
9	936
58	90
58	444
58	666
391	260
391	456
391	792
391	890
391	975
757	348
757	534
757	543
757	657
757	760
757	803
757	872
757	889
757	900
757	934
936	13
936	33
936	87
936	233
936	248
936	256
936	571
936	617
936	659
936	663
936	691
936	710
936	805
936	869
936	890
936	935
936	948
936	963
936	964
936	974
936	992
936	999
10	671
10	962
10	964
10	968
671	113
671	282
671	284
671	517
671	669
671	698
671	1773
671	932
962	126
962	183
962	277
962	289
962	295
962	372
962	412
962	413
962	455
962	537
962	653
962	696
962	709
962	735
962	768
962	829
962	831
962	837
962	842
962	850
962	852
962	930
962	933
962	964
962	975
962	977
962	979
964	129
964	292
964	320
964	353
964	431
964	496
964	516
964	541
964	643
964	686
964	732
964	784
964	824
964	925
964	926
964	935
964	940
964	945
964	946
964	960
964	977
964	980
964	989
968	92
968	123
968	186
968	1196
968	336
968	435
968	445
968	528
968	549
968	573
968	579
968	585
968	609
968	616
968	617
968	626
968	628
968	707
968	737
968	750
968	790
968	845
968	847
968	848
968	852
968	881
968	956
968	972
11	963
11	972
11	976
11	984
963	74
963	86
963	165
963	1317
963	338
963	400
963	438
963	467
963	490
963	697
963	778
963	805
963	811
963	823
963	867
963	877
963	880
963	920
963	927
963	944
963	957
963	974
963	983
963	984
963	986
963	995
963	999
972	75
972	160
972	217
972	367
972	392
972	476
972	548
972	556
972	581
972	591
972	678
972	701
972	705
972	739
972	765
972	788
972	792
972	817
972	867
972	879
972	912
972	918
972	927
972	929
972	958
972	961
972	971
972	989
972	999
976	77
976	172
976	203
976	305
976	363
976	419
976	453
976	455
976	499
976	511
976	575
976	578
976	599
976	624
976	646
976	673
976	708
976	755
976	792
976	796
976	857
976	885
976	893
976	908
976	1915
976	941
976	947
976	950
976	957
976	974
976	996
984	131
984	185
984	263
984	287
984	316
984	319
984	379
984	395
984	396
984	449
984	489
984	543
984	557
984	592
984	624
984	694
984	713
984	725
984	773
984	786
984	821
984	855
984	856
984	940
984	941
984	958
984	959
984	967
984	985
984	989
984	992
1006	1350
1006	470
1006	1828
1006	1960
1350	1808
1350	1815
1350	892
470	277
470	488
470	903
470	951
470	961
1828	1008
1828	1326
1828	1490
1828	1549
1828	1609
1828	1748
1828	1874
1828	1887
1828	1899
1828	1924
1828	1962
1828	1968
1828	1999
1960	1200
1960	1539
1960	1564
1960	1620
1960	1632
1960	1673
1960	1696
1960	1710
1960	728
1960	1723
1960	1748
1960	1767
1960	1782
1960	1806
1960	1832
1960	1845
1960	1848
1960	1870
1960	1875
1960	1885
1960	1915
1960	1928
1960	1957
1960	1969
1960	1987
1960	1988
1960	1997
12	141
12	884
12	974
12	979
141	755
141	816
141	942
884	82
884	94
884	181
884	252
884	534
884	649
884	715
884	790
884	811
884	820
884	847
884	858
884	925
884	971
884	985
884	988
974	135
974	156
974	214
974	303
974	312
974	335
974	406
974	478
974	481
974	551
974	569
974	655
974	729
974	743
974	782
974	825
974	865
974	871
974	892
974	897
974	904
974	916
974	924
974	931
974	948
974	978
974	996
979	114
979	173
979	188
979	206
979	331
979	386
979	387
979	397
979	409
979	424
979	448
979	476
979	528
979	559
979	656
979	658
979	704
979	786
979	824
979	847
979	850
979	852
979	871
979	892
979	896
979	903
979	914
979	946
979	980
979	988
979	993
979	998
1007	1146
1007	1586
1007	1878
1007	1905
1146	1621
1146	1705
1146	1907
1586	1119
1586	1276
1586	1411
1586	1776
1586	1827
1586	1856
1586	1930
1878	1019
1878	1220
1878	1540
1878	1566
1878	1598
1878	1658
1878	1725
1878	1748
1878	1767
1878	1774
1878	1937
1878	1944
1878	1972
1878	1982
1878	1995
1905	1161
1905	1265
1905	1418
1905	1511
1905	1547
1905	643
1905	1717
1905	1727
1905	1817
1905	1843
1905	1856
1905	1858
1905	1862
1905	1869
1905	1876
1905	1883
1905	1965
1905	1978
1905	1996
1008	1501
1008	1656
1008	1686
1501	1366
1501	1734
1501	1821
1501	1887
1501	1909
1501	1910
1656	1020
1656	1258
1656	1712
1656	1814
1656	1894
1656	1925
1656	1965
1656	1986
1686	1120
1686	1401
1686	1457
1686	1671
1686	1814
1686	1868
1686	1969
1686	1980
1686	1999
1009	1312
1009	1909
1009	1966
1009	1990
1312	1054
1312	1213
1312	1495
1312	1588
1909	339
1909	1569
1909	1602
1909	1639
1909	1715
1909	1734
1909	1773
1909	1792
1909	1815
1909	1816
1909	1866
1909	1877
1909	1894
1909	1916
1909	1926
1909	1959
1909	1992
1909	1995
1966	1024
1966	1140
1966	1368
1966	1373
1966	1439
1966	1482
1966	1520
1966	1561
1966	1596
1966	1657
1966	1704
1966	1739
1966	1770
1966	1809
1966	1833
1966	1857
1966	1890
1966	1933
1966	1955
1966	1957
1966	1959
1966	1974
1966	1976
1966	1979
1966	1984
1966	1989
1966	1992
1990	1023
1990	1080
1990	1149
1990	1194
1990	1280
1990	1355
1990	1554
1990	1555
1990	1566
1990	1579
1990	594
1990	1581
1990	1617
1990	1630
1990	1641
1990	1669
1990	1739
1990	1788
1990	1802
1990	1810
1990	1820
1990	1826
1990	1835
1990	1871
1990	1881
1990	1929
1990	1933
1990	1965
1990	1969
1990	1971
1990	1976
1990	1980
1990	1984
1990	1986
1990	1993
13	552
13	673
13	929
552	20
552	664
552	684
552	696
552	896
552	998
673	228
673	423
673	575
673	721
673	749
673	804
673	969
929	182
929	247
929	249
929	343
929	409
929	427
929	474
929	598
929	687
929	730
929	741
929	808
929	856
929	1920
929	953
929	957
929	981
929	999
1010	1314
1010	1942
1010	1982
1314	1515
1314	1579
1314	1979
1314	1981
1942	1123
1942	1293
1942	1345
1942	1385
1942	1409
1942	1423
1942	1509
1942	1562
1942	1665
1942	1672
1942	1689
1942	1703
1942	1745
1942	1771
1942	1888
1942	1896
1942	1915
1942	1925
1942	1934
1942	1947
1942	1952
1942	1995
1942	1996
1982	1066
1982	1259
1982	1294
1982	1305
1982	1401
1982	1428
1982	1431
1982	1453
1982	1498
1982	1534
1982	1556
1982	1589
1982	1620
1982	1637
1982	1679
1982	1695
1982	1705
1982	1733
1982	1838
1982	1846
1982	1867
1982	1875
1982	1880
1982	1893
1982	1935
1982	1948
1982	1957
1982	1961
1982	1983
1982	1992
1982	1999
14	560
14	842
14	960
560	190
560	715
560	900
560	957
560	961
842	184
842	452
842	524
842	526
842	601
842	686
842	775
842	781
842	840
842	850
842	861
842	954
960	62
960	84
960	228
960	314
960	1380
960	417
960	481
960	510
960	514
960	516
960	538
960	611
960	612
960	639
960	645
960	649
960	758
960	778
960	799
960	845
960	851
960	860
960	862
960	867
960	902
960	914
960	992
414	71
414	611
414	704
414	995
417	393
417	415
417	880
942	89
942	101
942	263
942	292
942	366
942	476
942	592
942	649
942	656
942	734
942	811
942	813
942	819
942	845
942	881
942	887
942	897
942	919
942	931
942	965
1011	1232
1011	1473
1011	1816
1232	1339
1232	1610
1232	1870
1473	1082
1473	1187
1473	1575
1473	1649
1473	1717
1816	1051
1816	1163
1816	1289
1816	1341
1816	1521
1816	1706
1816	1854
1816	1857
1816	1861
1816	1947
1816	1948
1816	1952
16	776
16	784
16	849
16	860
776	283
776	464
776	487
776	509
776	515
776	618
776	660
776	851
776	896
776	902
776	986
784	60
784	62
784	635
784	773
784	812
784	894
784	928
784	947
784	949
784	950
849	42
849	328
849	501
849	633
849	644
849	667
849	805
849	865
849	887
849	921
849	950
849	958
849	966
849	981
849	985
860	43
860	243
860	260
860	387
860	437
860	543
860	590
860	867
860	937
860	951
860	965
860	967
860	990
860	992
17	705
17	791
17	966
17	991
705	313
705	322
705	418
705	631
705	746
705	956
705	991
791	26
791	258
791	286
791	426
791	571
791	794
791	848
791	886
791	894
791	981
791	999
966	20
966	41
966	48
966	110
966	139
966	192
966	294
966	351
966	392
966	405
966	424
966	448
966	533
966	643
966	662
966	707
966	713
966	734
966	741
966	815
966	858
966	861
966	933
966	934
966	950
966	953
966	985
991	51
991	100
991	156
991	199
991	315
991	397
991	430
991	461
991	529
991	541
991	638
991	640
991	681
991	684
991	689
991	691
991	749
991	753
991	756
991	770
991	774
991	775
991	794
991	807
991	857
991	875
991	906
991	912
991	919
991	925
991	935
991	937
991	943
991	950
991	977
991	993
991	995
18	874
18	916
18	961
874	105
874	296
874	377
874	399
874	410
874	429
874	654
874	674
874	702
874	808
874	864
874	866
874	905
874	948
874	975
874	989
916	130
916	181
916	334
916	418
916	593
916	637
916	659
916	715
916	729
916	796
916	819
916	891
916	905
916	956
916	957
916	969
916	992
916	993
961	1021
961	60
961	260
961	266
961	322
961	468
961	500
961	526
961	541
961	562
961	605
961	675
961	710
961	734
961	886
961	895
961	911
961	925
961	934
961	937
961	954
961	956
961	957
961	959
961	990
19	247
19	824
19	897
247	321
247	352
247	928
824	45
824	133
824	279
824	661
824	720
824	737
824	762
824	819
824	838
824	873
824	958
897	142
897	222
897	521
897	701
897	717
897	738
897	762
897	773
897	1772
897	806
897	892
897	928
897	971
897	995
20	1842
20	900
1842	1261
1842	1460
1842	1468
1842	1659
1842	1672
1842	1720
1842	1805
1842	1822
1842	1853
1842	1860
1842	1861
1842	1913
1842	1969
1842	1989
900	45
900	246
900	594
900	602
900	682
900	737
900	779
900	822
900	881
900	954
900	1975
900	977
900	980
900	989
1012	1137
1012	1291
1012	1563
1012	1994
1137	1777
1137	1805
1137	1914
1291	1318
1291	1493
1291	1709
1291	1765
1563	1472
1563	1605
1563	1762
1563	830
1563	1940
1563	1983
1994	1046
1994	1158
1994	1243
1994	1302
1994	1305
1994	1383
1994	1409
1994	1491
1994	1505
1994	1508
1994	546
1994	1573
1994	1634
1994	1658
1994	1674
1994	1681
1994	1697
1994	1705
1994	1722
1994	1724
1994	1750
1994	1777
1994	1810
1994	1866
1994	1876
1994	1894
1994	1912
1994	1929
1994	1940
1994	1962
1994	1968
1994	1981
1994	1986
1994	1992
1994	1993
1013	1139
1013	1242
1013	1774
1013	1939
1139	1394
1139	1932
1242	1733
1242	1814
1242	1874
1774	1084
1774	1270
1774	1273
1774	1344
1774	1571
1774	1691
1774	1789
1774	1913
1774	1938
1774	1949
1939	1014
1939	425
1939	1450
1939	1526
1939	1584
1939	1730
1939	1732
1939	1779
1939	1798
1939	1823
1939	1829
1939	1844
1939	1881
1939	1887
1939	1890
1939	1922
1939	1951
1939	1956
1939	1978
1939	1986
1939	1991
1939	1996
21	657
21	940
21	983
21	996
657	140
657	257
657	285
657	338
657	457
657	627
940	120
940	251
940	287
940	292
940	358
940	440
940	502
940	578
940	653
940	654
940	1645
940	716
940	741
940	870
940	881
940	890
940	911
940	948
940	978
940	996
983	70
983	73
983	152
983	162
983	197
983	237
983	250
983	268
983	280
983	365
983	422
983	437
983	449
983	501
983	632
983	675
983	678
983	703
983	731
983	753
983	756
983	841
983	847
983	1883
983	921
983	941
983	950
983	965
983	995
983	996
996	163
996	239
996	282
996	291
996	301
996	340
996	361
996	394
996	398
996	407
996	507
996	553
996	585
996	598
996	633
996	648
996	663
996	718
996	735
996	738
996	774
996	775
996	795
996	807
996	826
996	830
996	861
996	924
996	938
996	941
996	948
996	949
996	990
996	998
22	436
22	447
22	724
22	986
436	615
436	758
436	760
436	944
436	998
447	87
447	679
447	747
447	781
447	980
724	380
724	546
724	557
724	588
724	629
724	637
724	698
724	905
724	909
986	33
986	46
986	211
986	252
986	256
986	302
986	332
986	340
986	349
986	351
986	357
986	482
986	492
986	493
986	545
986	546
986	580
986	622
986	623
986	638
986	723
986	744
986	778
986	818
986	825
986	880
986	904
986	965
986	985
986	988
986	990
986	992
23	102
23	173
23	941
23	995
102	441
102	856
102	977
173	430
173	911
941	395
941	492
941	557
941	606
941	642
941	644
941	704
941	761
941	821
941	854
941	876
941	885
941	886
941	915
941	925
941	926
941	965
941	1974
995	39
995	66
995	88
995	187
995	290
995	291
995	422
995	442
995	452
995	461
995	524
995	531
995	602
995	604
995	629
995	631
995	731
995	749
995	767
995	845
995	863
995	867
995	873
995	879
995	889
995	1892
995	906
995	934
995	946
995	958
995	973
995	992
24	27
24	736
24	846
27	198
27	829
736	181
736	193
736	311
736	313
736	441
736	535
736	774
736	802
736	899
736	950
846	52
846	149
846	223
846	262
846	276
846	354
846	426
846	581
846	642
846	685
846	738
846	805
846	828
846	978
25	604
25	607
25	691
25	908
604	1132
604	407
604	497
604	557
604	709
604	759
607	136
607	256
607	508
607	827
607	877
607	992
691	166
691	347
691	580
691	721
691	879
691	946
908	68
908	231
908	285
908	540
908	561
908	601
908	616
908	626
908	630
908	665
908	674
908	694
908	695
908	735
908	775
908	816
908	881
908	935
908	950
26	493
26	720
26	909
493	559
493	709
493	746
493	981
493	992
720	33
720	148
720	518
720	534
720	565
720	700
720	831
720	920
909	99
909	124
909	378
909	532
909	615
909	622
909	810
909	820
909	827
909	866
909	883
909	902
909	931
909	953
909	969
909	971
909	973
909	993
198	499
198	626
198	763
829	56
829	531
829	588
829	708
829	717
829	747
829	763
829	779
829	827
829	836
829	899
829	978
1014	1310
1014	1606
1310	1357
1310	1405
1310	1857
1310	1929
1606	1138
1606	1362
1606	1540
1606	1805
1606	1820
1606	1867
1606	1946
28	794
28	838
28	872
28	887
794	209
794	210
794	487
794	501
794	632
794	660
794	730
794	863
794	932
794	999
838	64
838	199
838	236
838	605
838	655
838	738
838	768
838	795
838	805
838	912
838	928
872	242
872	490
872	594
872	620
872	656
872	688
872	735
872	756
872	812
872	813
872	816
872	905
872	926
872	944
872	992
887	66
887	75
887	253
887	265
887	268
887	428
887	474
887	625
887	661
887	674
887	793
887	843
887	870
887	931
887	954
1015	1060
1015	1272
1015	1973
1015	1996
1060	1518
1060	1529
1060	1776
1272	1331
1272	1449
1272	1826
1272	1970
1973	1076
1973	1087
1973	1317
1973	1393
1973	1472
1973	1517
1973	1540
1973	1569
1973	1702
1973	1752
1973	1764
1973	1765
1973	1799
1973	1821
1973	1848
1973	1870
1973	1880
1973	1887
1973	1891
1973	1896
1973	1903
1973	1922
1973	1931
1973	1971
1973	1984
1973	1995
1973	1999
1996	113
1996	1159
1996	1175
1996	1176
1996	1228
1996	1254
1996	1359
1996	1386
1996	1595
1996	1622
1996	1626
1996	1643
1996	1682
1996	1700
1996	1705
1996	1714
1996	1748
1996	1762
1996	1778
1996	1817
1996	1827
1996	1837
1996	1847
1996	1854
1996	1873
1996	1891
1996	1902
1996	1965
1996	1967
1996	1970
1996	1976
1996	1978
1996	1989
1996	1997
1016	1449
1016	1694
1016	1767
1449	1632
1449	1824
1449	1938
1449	1981
1694	1126
1694	1292
1694	1327
1694	1679
1694	1799
1694	1809
1694	1837
1694	1970
1694	1975
1767	1322
1767	1423
1767	1447
1767	1464
1767	1591
1767	1814
1767	1822
1767	1869
1767	1913
29	644
29	733
29	969
29	985
644	446
644	523
644	906
644	920
644	967
733	142
733	647
733	712
733	721
733	728
733	778
733	793
733	825
733	973
733	992
969	120
969	202
969	301
969	359
969	365
969	399
969	445
969	558
969	595
969	609
969	620
969	722
969	768
969	792
969	825
969	848
969	854
969	862
969	865
969	899
969	937
969	943
969	945
969	973
969	980
985	54
985	121
985	158
985	379
985	397
985	548
985	551
985	573
985	596
985	620
985	642
985	656
985	715
985	739
985	756
985	804
985	805
985	1796
985	815
985	818
985	821
985	850
985	853
985	861
985	890
985	926
985	933
985	938
985	954
985	989
30	93
30	785
30	821
30	843
93	227
93	382
93	975
785	438
785	536
785	592
785	629
785	649
785	699
785	781
785	852
785	883
785	959
785	989
821	283
821	398
821	592
821	597
821	603
821	763
821	875
821	877
821	958
821	967
843	114
843	257
843	268
843	510
843	570
843	600
843	695
843	712
843	738
843	740
843	788
843	859
843	886
843	988
1017	1436
1017	1507
1017	1565
1017	1983
1436	1444
1436	1454
1436	1525
1436	1636
1436	1651
1507	1099
1507	1316
1507	1397
1507	1403
1507	1764
1507	1914
1565	1091
1565	1319
1565	1553
1565	1622
1565	1778
1565	1918
1983	1050
1983	1055
1983	1189
1983	1204
1983	1248
1983	1269
1983	1375
1983	1405
1983	1472
1983	1486
1983	1520
1983	1573
1983	1635
1983	1642
1983	1657
1983	1681
1983	1684
1983	1758
1983	1804
1983	1835
1983	1889
1983	1912
1983	1934
1983	1941
1983	1961
1983	1962
1983	1970
1983	1972
1983	1981
1983	1989
1983	1995
1018	1925
1018	1974
1925	1155
1925	1172
1925	1253
1925	1402
1925	1476
1925	1587
1925	1641
1925	1706
1925	1734
1925	1738
1925	1759
1925	1768
1925	1807
1925	1831
1925	1935
1925	1940
1925	1971
1925	1988
1925	1995
1974	1103
1974	1169
1974	1279
1974	1368
1974	1374
1974	1401
1974	1403
1974	1509
1974	1641
1974	1657
1974	1670
1974	1692
1974	1740
1974	1741
1974	1763
1974	1776
1974	1781
1974	1787
1974	1807
1974	1826
1974	1843
1974	1889
1974	1914
1974	1935
1974	1938
1974	1980
1974	1984
1974	1997
31	187
31	413
31	748
31	802
187	261
187	626
413	360
413	392
413	828
413	921
748	262
748	271
748	279
748	284
748	687
748	725
748	805
748	907
748	937
748	951
802	52
802	468
802	474
802	520
802	780
802	806
802	862
802	918
802	935
802	959
1019	1169
1019	1367
1169	1957
1169	1964
1367	1798
1367	1870
1367	1934
1367	1989
32	432
32	702
32	873
432	273
432	1376
432	627
432	701
432	938
702	128
702	246
702	272
702	301
702	614
702	797
702	801
702	878
873	149
873	330
873	529
873	638
873	699
873	799
873	816
873	831
873	854
873	862
873	867
873	924
873	971
1020	1486
1020	1920
1020	1976
1486	1380
1486	1544
1486	1545
1486	1956
1920	1315
1920	1478
1920	1509
1920	1514
1920	1663
1920	1717
1920	1726
1920	1758
1920	1761
1920	1770
1920	1839
1920	1857
1920	1881
1920	1899
1920	1907
1920	1924
1920	1961
1920	1972
1976	1068
1976	1077
1976	1123
1976	1154
1976	1162
1976	1337
1976	1413
1976	1564
1976	1602
1976	1630
1976	1634
1976	1678
1976	1685
1976	1691
1976	1715
1976	1724
1976	1762
1976	1782
1976	1825
1976	1850
1976	1852
1976	1870
1976	1872
1976	1944
1976	973
1976	1981
1976	1984
34	71
34	512
34	538
34	883
71	139
71	663
512	282
512	492
512	614
512	683
512	944
512	998
538	775
538	818
538	881
538	990
883	73
883	283
883	557
883	652
883	672
883	708
883	739
883	758
883	760
883	809
883	812
883	815
883	879
883	898
883	992
1021	1482
1021	1679
1482	1584
1482	1740
1482	1757
1482	1765
1679	1030
1679	1549
1679	1554
1679	1594
1679	1644
1679	1654
1679	1787
1022	1288
1022	1341
1022	1821
1022	1995
1288	1556
1288	1654
1288	1783
1288	1847
1341	1228
1341	1692
1341	1882
1821	1064
1821	1184
1821	1217
1821	1324
1821	1362
1821	1570
1821	1678
1821	1811
1821	1944
1821	1971
1821	1981
1995	1119
1995	1132
1995	1158
1995	1228
1995	1273
1995	1343
1995	1354
1995	1548
1995	1576
1995	1598
1995	1625
1995	1638
1995	1650
1995	1710
1995	1712
1995	735
1995	1762
1995	1768
1995	1785
1995	1831
1995	1846
1995	1852
1995	1872
1995	1889
1995	1899
1995	1907
1995	1913
1995	1932
1995	1956
1995	1989
1023	1722
1023	1777
1023	1864
1722	1223
1722	1392
1722	1395
1722	1801
1722	1833
1722	1850
1722	1851
1722	1869
1722	1979
1777	1048
1777	1263
1777	1283
1777	1463
1777	1627
1777	1691
1777	1883
1777	1885
1777	1951
1777	1981
1864	1061
1864	1107
1864	1112
1864	1163
1864	1208
1864	1409
1864	1664
1864	1781
1864	1801
1864	1834
1864	1887
1864	1912
1864	1924
1864	1979
1864	1999
35	157
35	588
35	944
157	766
157	813
588	203
588	272
588	712
588	760
944	295
944	333
944	453
944	515
944	553
944	636
944	652
944	744
944	798
944	815
944	875
944	886
944	901
944	921
944	927
944	938
944	943
944	945
944	951
944	958
1024	1566
1024	1770
1024	1855
1566	1183
1566	1293
1566	1851
1566	1895
1770	1057
1770	1142
1770	1235
1770	1282
1770	1320
1770	762
1770	1799
1770	1830
1770	1853
1855	1025
1855	1331
1855	1389
1855	1406
1855	1454
1855	1683
1855	1688
1855	1748
1855	1754
1855	1831
1855	1841
1855	1868
1855	1898
1855	1923
1855	1949
1025	1457
1025	1761
1025	1862
1457	1113
1457	1439
1457	1527
1457	1800
1761	1131
1761	1300
1761	1365
1761	1511
1761	1573
1761	1631
1761	1644
1761	1676
1761	1937
1761	1944
1862	1244
1862	1302
1862	1335
1862	1546
1862	1576
1862	1683
1862	1689
1862	1849
1862	1851
1862	1875
1862	1880
1862	1903
1862	1936
1862	1968
1862	1972
1026	1395
1026	1827
1026	1967
1026	1986
1395	1593
1395	1608
1395	1726
1395	1730
1827	1042
1827	1191
1827	1525
1827	1644
1827	1690
1827	1710
1827	1747
1827	1881
1827	1906
1827	1922
1827	1929
1827	1933
1967	1042
1967	1054
1967	1099
1967	1494
1967	1529
1967	1555
1967	1633
1967	1653
1967	1660
1967	1688
1967	1706
1967	1740
1967	1746
1967	1754
1967	1782
1967	1786
1967	1808
1967	825
1967	1869
1967	1892
1967	1895
1967	1913
1967	1914
1967	1921
1967	1946
1967	1947
1967	1999
1986	1154
1986	1437
1986	1441
1986	1487
1986	1521
1986	1533
1986	1538
1986	1570
1986	1585
1986	1593
1986	1651
1986	1652
1986	1731
1986	1733
1986	1741
1986	1746
1986	1759
1986	1769
1986	1840
1986	1846
1986	1880
1986	1896
1986	1911
1986	1941
1986	1946
1986	1947
1986	1959
1986	1969
1986	1989
36	547
36	848
36	930
36	938
547	399
547	667
547	817
547	836
547	844
547	854
848	168
848	181
848	290
848	309
848	336
848	423
848	516
848	614
848	806
848	1876
848	896
848	912
930	132
930	280
930	394
930	400
930	416
930	418
930	435
930	506
930	640
930	697
930	732
930	759
930	793
930	800
930	811
930	903
930	924
930	949
930	978
938	99
938	106
938	315
938	578
938	611
938	727
938	790
938	808
938	820
938	837
938	862
938	877
938	914
938	943
938	953
938	967
938	971
938	978
938	999
37	112
37	281
37	957
112	241
112	851
112	862
281	388
281	681
281	725
281	879
957	61
957	312
957	485
957	522
957	564
957	567
957	660
957	695
957	730
957	789
957	805
957	825
957	889
957	920
957	951
957	965
957	971
957	980
957	990
957	992
1027	1152
1027	1879
1027	1934
1027	1962
1152	1230
1152	1760
1152	1886
1879	1050
1879	1387
1879	1404
1879	1460
1879	1524
1879	1608
1879	1684
1879	1732
1879	1733
1879	765
1879	1785
1879	1867
1879	1926
1879	1933
1879	1954
1879	1991
1934	1275
1934	1276
1934	1500
1934	1505
1934	1514
1934	536
1934	1627
1934	1629
1934	1631
1934	1684
1934	1705
1934	1773
1934	1810
1934	1832
1934	1836
1934	1856
1934	1874
1934	1899
1934	1940
1934	1948
1934	1957
1962	1052
1962	1222
1962	1226
1962	1326
1962	1360
1962	1369
1962	1420
1962	1536
1962	1575
1962	1610
1962	1688
1962	1730
1962	1804
1962	1840
1962	1858
1962	1872
1962	1875
1962	1884
1962	1900
1962	1912
1962	1914
1962	1917
1962	1965
1962	1972
1962	1997
38	778
38	814
38	990
778	464
778	486
778	759
778	795
778	855
778	866
778	903
814	101
814	109
814	267
814	1333
814	574
814	804
814	899
814	906
814	965
814	977
814	988
814	999
990	209
990	335
990	349
990	350
990	433
990	443
990	487
990	534
990	542
990	562
990	570
990	603
990	615
990	639
990	675
990	689
990	1676
990	735
990	743
990	753
990	767
990	812
990	858
990	870
990	885
990	899
990	947
990	958
990	988
990	993
990	998
1028	1886
1028	1889
1028	1970
1886	1197
1886	1228
1886	1280
1886	1285
1886	1311
1886	1345
1886	1484
1886	1533
1886	1590
1886	1607
1886	1617
1886	1868
1886	1907
1886	1941
1886	1957
1886	1968
1889	1182
1889	1208
1889	1315
1889	1400
1889	1471
1889	1498
1889	1695
1889	1794
1889	1817
1889	1820
1889	1894
1889	1912
1889	1938
1889	1991
1970	1050
1970	1239
1970	1368
1970	1391
1970	1397
1970	1474
1970	508
1970	1682
1970	1697
1970	1753
1970	1801
1970	1833
1970	1837
1970	1844
1970	1863
1970	1896
1970	1928
1970	1930
1970	1933
1970	1936
1970	1946
1970	1952
1970	1953
1970	1957
1970	1989
1029	1085
1029	1666
1029	1877
1029	1959
1085	1812
1085	1834
1085	1932
1666	1035
1666	1337
1666	1373
1666	1857
1666	1891
1666	1943
1666	1949
1666	1979
1877	1091
1877	1495
1877	1506
1877	1560
1877	1611
1877	1742
1877	1794
1877	1822
1877	1853
1877	1866
1877	1902
1877	1911
1877	1915
1877	1954
1877	1979
1959	1251
1959	1360
1959	1370
1959	1474
1959	1490
1959	1569
1959	1617
1959	1640
1959	1664
1959	1755
1959	1773
1959	1795
1959	1853
1959	1870
1959	1898
1959	1906
1959	1923
1959	1928
1959	1936
1959	1954
1959	1987
1959	1988
1030	1716
1030	1755
1030	1890
1716	1521
1716	1545
1716	1592
1716	1771
1716	1835
1716	1854
1716	1880
1716	1954
1716	1972
1716	1988
1755	1048
1755	1467
1755	1647
1755	1748
1755	1785
1755	1892
1755	1900
1755	1924
1890	1122
1890	1279
1890	1378
1890	1618
1890	1695
1890	1795
1890	1802
1890	1849
1890	1860
1890	1887
1890	1915
1890	1924
1890	1975
1890	1979
1890	1981
39	890
39	919
39	965
890	253
890	327
890	393
890	405
890	591
890	688
890	743
890	879
890	905
890	934
890	959
890	989
890	999
919	54
919	129
919	133
919	1234
919	303
919	311
919	370
919	388
919	434
919	446
919	606
919	640
919	668
919	826
919	880
919	915
919	947
919	978
965	236
965	294
965	425
965	427
965	453
965	542
965	594
965	611
965	629
965	750
965	804
965	866
965	877
965	881
965	913
965	924
965	927
965	937
965	949
965	1989
965	992
1031	1510
1031	1778
1031	1845
1031	1936
1510	1499
1510	1543
1510	1575
1510	1577
1510	1732
1510	1979
1778	1077
1778	1413
1778	1603
1778	1612
1778	1624
1778	1822
1778	1900
1778	1927
1778	1953
1845	1183
1845	1419
1845	1723
1845	1772
1845	1779
1845	1798
1845	1876
1845	1881
1845	1929
1845	1946
1845	1954
1845	1971
1845	1972
1845	1978
1936	1075
1936	1250
1936	1263
1936	1270
1936	1469
1936	1474
1936	1607
1936	1615
1936	1616
1936	1691
1936	1707
1936	1779
1936	1789
1936	1853
1936	1902
1936	1930
1936	1944
1936	1946
1936	1971
1936	1972
1936	1978
1032	1155
1032	1386
1032	1902
1032	1971
1155	1798
1155	1873
1386	1622
1386	1808
1386	1829
1902	1188
1902	1535
1902	1564
1902	1655
1902	1677
1902	1799
1902	1817
1902	1823
1902	1834
1902	1868
1902	1891
1902	1907
1902	1926
1902	1930
1971	1108
1971	1112
1971	1175
1971	1180
1971	1328
1971	1330
1971	1410
1971	1491
1971	1518
1971	1596
1971	1602
1971	1627
1971	1733
1971	1799
1971	1811
1971	1847
1971	1856
1971	1870
1971	1913
1971	1924
1971	1926
1971	1978
1971	1997
40	194
40	612
40	652
40	1927
194	582
194	924
612	299
612	543
612	586
612	621
612	826
612	953
652	382
652	506
652	521
652	935
652	993
1927	1067
1927	1097
1927	1151
1927	1262
1927	1265
1927	1417
1927	1425
1927	1444
1927	1493
1927	1593
1927	1642
1927	1652
1927	1682
1927	1749
1927	1781
1927	1831
1927	1858
1927	1900
1927	1946
1927	1965
1033	1495
1033	1809
1033	1943
1033	1952
1495	1239
1495	1342
1495	1729
1495	1918
1809	1153
1809	1413
1809	1578
1809	1667
1809	1688
1809	1693
1809	1724
1809	750
1809	1811
1809	1851
1809	1863
1943	1222
1943	245
1943	1247
1943	1284
1943	1353
1943	1373
1943	1391
1943	1450
1943	1502
1943	1617
1943	1618
1943	1670
1943	1709
1943	1784
1943	1818
1943	1834
1943	1871
1943	1888
1943	1907
1943	1944
1943	1968
1943	1991
1952	1067
1952	1069
1952	1121
1952	1199
1952	1301
1952	1308
1952	1321
1952	1439
1952	1465
1952	1556
1952	1581
1952	1642
1952	1747
1952	1787
1952	1790
1952	1791
1952	1799
1952	1811
1952	1873
1952	1891
1952	1896
1952	1931
1952	1984
1952	1987
1034	1582
1034	1584
1034	1651
1034	1825
1582	1052
1582	1529
1582	1590
1582	1665
1582	1858
1582	1984
1582	1988
1584	1247
1584	1758
1584	1815
1584	1885
1651	1260
1651	1673
1651	1797
1651	1892
1651	1991
1825	1149
1825	1488
1825	1512
1825	1588
1825	1658
1825	1706
1825	1745
1825	1757
1825	1824
1825	1832
1825	1893
1825	1980
1825	1984
41	229
41	845
41	988
229	398
229	958
845	118
845	202
845	304
845	423
845	462
845	686
845	697
845	818
845	823
845	905
845	967
988	197
988	226
988	271
988	280
988	294
988	354
988	408
988	454
988	456
988	472
988	666
988	704
988	707
988	717
988	758
988	769
988	796
988	797
988	803
988	804
988	806
988	857
988	881
988	892
988	898
988	903
988	914
988	958
1035	1643
1035	1752
1035	1993
1643	1520
1643	1622
1643	1837
1643	1911
1643	1930
1643	1935
1752	1170
1752	1306
1752	1487
1752	1685
1752	1769
1752	1823
1752	1837
1752	1881
1752	1888
1752	1949
1993	1040
1993	1179
1993	1190
1993	1193
1993	1203
1993	1240
1993	1323
1993	1358
1993	1408
1993	1427
1993	1532
1993	1536
1993	1543
1993	1568
1993	1577
1993	1581
1993	1603
1993	1690
1993	1715
1993	1790
1993	1791
1993	1796
1993	1800
1993	1847
1993	1910
1993	1912
1993	1914
1993	1923
1993	1928
1993	1929
1993	1949
1993	1965
1993	1972
1993	1979
42	114
42	200
42	980
114	999
200	495
200	799
200	856
980	145
980	227
980	309
980	374
980	377
980	445
980	451
980	462
980	561
980	575
980	630
980	636
980	704
980	739
980	747
980	773
980	793
980	798
980	801
980	826
980	847
980	852
980	870
980	892
980	920
980	931
980	975
980	977
980	989
1036	1147
1036	1161
1036	1437
1036	1785
1147	1788
1147	1894
1147	1898
1161	1088
1161	1997
1437	1483
1437	1926
1437	1955
1785	1299
1785	1434
1785	1517
1785	1613
1785	1753
1785	1754
1785	1883
1785	1908
1785	1968
1037	1736
1037	1782
1037	1830
1037	1988
1736	1511
1736	1583
1736	1624
1736	1706
1736	1734
1736	1749
1736	1856
1736	1953
1736	1975
1782	1189
1782	1251
1782	1360
1782	1406
1782	1738
1782	1787
1782	1797
1782	1874
1830	1459
1830	1530
1830	1543
1830	1600
1830	1613
1830	1670
1830	1699
1830	1712
1830	1773
1830	1801
1830	1874
1830	1928
1830	1949
1988	1116
1988	1182
1988	1213
1988	1282
1988	1330
1988	1361
1988	1375
1988	1394
1988	1422
1988	1506
1988	1508
1988	1627
1988	1634
1988	1654
1988	1658
1988	718
1988	1735
1988	1758
1988	1773
1988	1787
1988	1806
1988	1867
1988	1913
1988	1914
1988	1923
1988	1940
1988	1955
1038	1343
1038	1603
1038	1903
1038	1989
1343	1695
1343	1859
1343	1951
1603	1417
1603	1648
1603	1658
1603	1667
1603	1961
1903	1225
1903	1308
1903	1382
1903	1410
1903	1545
1903	1646
1903	1689
1903	1751
1903	1784
1903	1790
1903	1882
1903	1883
1903	1910
1903	1954
1903	1956
1903	1989
1903	1992
1989	1154
1989	1191
1989	1466
1989	1552
1989	1602
1989	1630
1989	1690
1989	1706
1989	1729
1989	1749
1989	1756
1989	1779
1989	1801
1989	1829
1989	1840
1989	1856
1989	1869
1989	1875
1989	1876
1989	1883
1989	1953
1989	1956
1989	1965
1989	1975
1989	1984
1039	1426
1039	1464
1039	1810
1039	1908
1426	1132
1426	1211
1426	1392
1426	1847
1426	1926
1464	1641
1464	1786
1464	1808
1464	1863
1810	1265
1810	1415
1810	1416
1810	1438
1810	1509
1810	1731
1810	1734
1810	1814
1810	1848
1810	1865
1908	1101
1908	1128
1908	1256
1908	1274
1908	1313
1908	1564
1908	1567
1908	1614
1908	1695
1908	1701
1908	1728
1908	1753
1908	1765
1908	1802
1908	1831
1908	1867
1908	1871
1908	1944
1908	1955
43	123
43	790
123	561
123	934
790	108
790	356
790	532
790	586
790	619
790	711
790	764
790	869
44	661
44	871
44	912
44	989
661	352
661	695
661	718
661	796
661	803
661	945
871	324
871	367
871	1547
871	603
871	651
871	770
871	801
871	850
871	869
871	894
871	932
871	959
871	992
912	119
912	212
912	330
912	456
912	564
912	746
912	751
912	787
912	831
912	847
912	863
912	882
912	892
912	924
912	937
912	992
989	99
989	119
989	127
989	161
989	244
989	327
989	344
989	380
989	423
989	455
989	519
989	527
989	532
989	548
989	575
989	645
989	679
989	775
989	805
989	811
989	835
989	855
989	861
989	913
989	920
989	924
989	958
45	768
45	879
768	206
768	515
768	699
768	729
768	827
768	975
768	981
879	55
879	106
879	180
879	190
879	224
879	574
879	812
879	851
879	954
1040	1157
1040	1854
1040	1987
1157	1281
1157	1348
1157	1622
1854	1073
1854	1133
1854	1317
1854	1358
1854	386
1854	1494
1854	1607
1854	1627
1854	1691
1854	1711
1854	1789
1854	1807
1854	1984
1987	1057
1987	1089
1987	1106
1987	1131
1987	1197
1987	317
1987	1327
1987	1353
1987	1415
1987	1424
1987	1461
1987	1569
1987	1622
1987	1634
1987	1681
1987	1710
1987	1721
1987	1763
1987	1798
1987	1835
1987	1865
1987	1866
1987	1894
1987	1900
1987	1923
1987	1926
1987	1928
1987	1931
1987	1954
1987	1955
1987	1956
1041	1493
1041	1895
1041	1921
1041	1948
1493	1561
1493	1618
1493	902
1895	1247
1895	1279
1895	1284
1895	1458
1895	1600
1895	1638
1895	1646
1895	1709
1895	1729
1895	1790
1895	1824
1895	1899
1895	1913
1895	1921
1895	1957
1921	1129
1921	1202
1921	1342
1921	1385
1921	1392
1921	1402
1921	1428
1921	1591
1921	1663
1921	1682
1921	1746
1921	1753
1921	1773
1921	1811
1921	1850
1921	1892
1921	1915
1921	1965
1921	1979
1948	1194
1948	1220
1948	1359
1948	1394
1948	1474
1948	1519
1948	1553
1948	1562
1948	1625
1948	1631
1948	1723
1948	1728
1948	1729
1948	1758
1948	1796
1948	1837
1948	862
1948	1857
1948	1859
1948	1938
1948	1946
1948	1999
1042	1117
1042	1541
1117	1107
1117	1922
1117	1930
1541	1447
1541	1664
1541	1735
1541	1820
1541	1852
1541	1887
46	878
46	932
46	933
878	264
878	429
878	510
878	535
878	583
878	586
878	597
878	616
878	680
878	719
878	725
878	825
878	877
878	904
878	921
932	119
932	322
932	329
932	1351
932	396
932	408
932	503
932	534
932	677
932	788
932	811
932	863
932	865
932	876
932	901
932	918
932	926
932	999
933	106
933	188
933	333
933	411
933	439
933	453
933	471
933	609
933	610
933	621
933	732
933	795
933	798
933	819
933	891
933	895
933	924
933	926
1043	1322
1043	1496
1043	1922
1043	1956
1322	1514
1322	1750
1322	1849
1496	1143
1496	1488
1496	1601
1496	1935
1496	1947
1496	1975
1922	1245
1922	1268
1922	1292
1922	1435
1922	1478
1922	1562
1922	1569
1922	1693
1922	1760
1922	1799
1922	1802
1922	1837
1922	1846
1922	1892
1922	1933
1922	1955
1956	1156
1956	1163
1956	1183
1956	1221
1956	1233
1956	1237
1956	1259
1956	1398
1956	1417
1956	1477
1956	1484
1956	1578
1956	1601
1956	1645
1956	1695
1956	1702
1956	1805
1956	1812
1956	1852
1956	1946
1956	1979
47	171
47	274
47	584
47	993
171	639
171	861
171	893
274	566
274	700
274	825
584	537
584	621
584	709
584	770
584	775
584	780
584	1824
993	49
993	121
993	160
993	223
993	230
993	245
993	513
993	572
993	581
993	602
993	618
993	629
993	642
993	680
993	681
993	744
993	752
993	753
993	774
993	819
993	826
993	832
993	850
993	869
993	886
993	892
993	915
993	926
993	975
993	978
993	981
993	998
1044	1796
1044	1797
1044	1880
1044	943
1796	1136
1796	1438
1796	1468
1796	1522
1796	1690
1796	1823
1796	1861
1796	1863
1797	1123
1797	1277
1797	1373
1797	1456
1797	1467
1797	1624
1797	1673
1797	1769
1797	1980
1880	1306
1880	1364
1880	1454
1880	1489
1880	1494
1880	1727
1880	1772
1880	1787
1880	1858
1880	1859
1880	1867
1880	1938
943	63
943	401
943	505
943	514
943	567
943	568
943	622
943	694
943	698
943	827
943	861
943	895
943	899
943	928
943	950
943	975
943	999
48	430
48	956
430	393
430	574
430	967
956	66
956	77
956	197
956	494
956	523
956	544
956	624
956	641
956	699
956	717
956	721
956	731
956	760
956	769
956	779
956	820
956	823
956	905
956	906
956	1935
956	947
956	953
49	744
49	914
744	222
744	228
744	500
744	582
744	646
744	828
744	914
914	82
914	314
914	378
914	565
914	611
914	704
914	711
914	738
914	793
914	1833
914	836
914	866
914	928
914	953
914	959
1045	1788
1045	1873
1045	1930
1045	1964
1788	1233
1788	1267
1788	1338
1788	1403
1788	1419
1788	1516
1788	1640
1788	1713
1788	1852
1788	1999
1873	1071
1873	1307
1873	1404
1873	1597
1873	1604
1873	1705
1873	1849
1873	1865
1873	1884
1873	1918
1873	1929
1873	1935
1873	1940
1930	1412
1930	1617
1930	1640
1930	1711
1930	1726
1930	1844
1930	1881
1930	1882
1930	1891
1930	1899
1930	1910
1930	1911
1930	1913
1930	1932
1930	1933
1930	1955
1930	1965
1964	1053
1964	77
1964	1185
1964	1287
1964	1349
1964	1370
1964	1393
1964	1581
1964	1585
1964	1648
1964	1701
1964	1735
1964	1786
1964	1792
1964	1800
1964	1807
1964	1822
1964	1829
1964	1831
1964	1852
1964	1859
1964	1861
1964	1863
1964	1874
1964	1947
1964	1980
1964	1984
1964	1991
1046	1162
1046	1478
1046	1938
1162	1446
1478	1199
1478	1371
1478	1693
1938	1093
1938	1177
1938	1197
1938	1269
1938	1318
1938	1344
1938	1356
1938	1397
1938	1421
1938	1623
1938	1650
1938	1749
1938	1829
1938	1835
1938	1857
1938	1865
1938	1926
1938	1954
1047	419
1047	1523
1047	1781
419	249
419	585
419	731
1523	1318
1523	1372
1523	1596
1523	1766
1523	1844
1523	1860
1781	1338
1781	1553
1781	1619
1781	1676
1781	1682
1781	1691
1781	1699
1781	1811
1781	1999
50	251
50	483
50	568
50	1944
251	743
251	880
483	764
483	803
568	426
568	459
568	927
568	948
1944	1216
1944	1330
1944	1354
1944	1414
1944	1502
1944	1511
1944	1633
1944	1729
1944	1815
1944	1836
1944	1861
1944	1914
1944	1915
1944	1932
1944	1961
1944	1972
1048	1762
1048	1953
1762	1189
1762	1305
1762	1649
1762	1669
1762	1875
1762	1932
1762	1997
1953	1125
1953	1221
1953	1432
1953	1484
1953	1494
1953	1533
1953	1554
1953	1655
1953	1670
1953	1678
1953	1713
1953	1758
1953	1784
1953	1804
1953	1822
1953	1831
1953	1857
1953	1898
1953	1917
1953	1926
1953	1932
1953	1933
1953	1954
1049	1100
1049	1692
1049	1772
1049	1829
1100	1191
1100	1555
1100	1894
1692	1550
1692	1620
1692	1682
1692	1750
1692	1857
1692	1947
1692	1999
1772	1173
1772	1282
1772	1578
1772	1599
1772	1629
1772	1698
1772	1709
1772	1872
1772	1955
1829	1468
1829	1476
1829	1532
1829	1690
1829	1817
1829	1924
1829	1937
1829	1972
1829	1980
51	826
51	858
51	946
826	350
826	356
826	515
826	777
826	789
826	817
826	852
826	915
826	954
858	503
858	526
858	609
858	624
858	634
858	647
858	656
858	759
858	799
858	934
858	948
946	108
946	110
946	257
946	271
946	351
946	396
946	471
946	569
946	600
946	601
946	651
946	764
946	780
946	853
946	863
946	864
946	973
946	978
52	688
52	850
688	65
688	78
688	519
688	583
688	866
688	931
850	126
850	235
850	285
850	514
850	660
850	713
850	777
850	925
850	945
1050	1871
1871	1066
1871	1283
1871	1455
1871	1456
1871	526
1871	1697
1871	1759
1871	1906
1871	1913
1871	1914
1871	1968
1871	1992
1871	1999
1051	1689
1051	1697
1689	1345
1689	1623
1689	1739
1689	1765
1689	1818
1689	1933
1697	1275
1697	1536
1697	1548
1697	1592
1697	1911
53	444
53	819
53	981
444	143
444	438
444	499
819	416
819	448
819	545
819	788
819	793
819	818
819	867
819	937
819	992
981	96
981	219
981	1245
981	296
981	314
981	390
981	412
981	431
981	549
981	564
981	600
981	630
981	658
981	721
981	779
981	786
981	795
981	803
981	832
981	837
981	888
981	891
981	901
981	903
981	907
981	925
981	999
1052	1892
1052	1961
1892	1136
1892	1173
1892	1262
1892	1281
1892	1316
1892	1402
1892	1703
1892	1831
1892	1885
1892	1887
1892	1932
1892	1951
1961	1096
1961	1273
1961	286
1961	1371
1961	1410
1961	1416
1961	1465
1961	1524
1961	1536
1961	1589
1961	1721
1961	1742
1961	1748
1961	1751
1961	1839
1961	1858
1961	1883
1961	1885
1961	1917
1961	1928
1961	1940
1961	1968
54	674
54	737
674	341
674	825
674	901
674	921
737	80
737	259
737	561
737	590
737	925
55	270
55	427
55	613
270	593
270	742
270	841
270	895
427	227
427	679
427	998
613	166
613	284
613	426
613	1514
613	639
613	640
613	978
56	105
56	159
56	851
105	91
105	971
159	515
159	675
159	998
851	57
851	130
851	299
851	373
851	590
851	624
851	741
851	907
851	921
851	975
57	670
57	760
57	807
670	59
670	98
670	322
670	530
670	579
670	632
670	683
670	719
760	199
760	747
760	775
760	915
760	928
807	263
807	294
807	365
807	729
807	753
807	886
807	911
807	1917
807	925
807	947
1053	1114
1053	1558
1053	1812
1114	1359
1114	1818
1114	1992
1558	1304
1558	1524
1558	1693
1558	1863
1558	1937
1558	1940
1812	1320
1812	1572
1812	1834
1812	1843
1812	1853
1812	1872
1812	1891
1812	1935
1812	1941
1812	1992
1812	1999
90	486
90	703
666	767
666	777
666	810
666	853
666	918
666	978
59	769
59	801
59	818
769	67
769	88
769	272
769	404
769	615
769	621
769	648
769	959
801	570
801	695
801	710
801	750
801	811
801	978
818	590
818	659
818	719
818	796
818	812
818	895
818	918
818	937
818	1979
1054	1604
1054	1739
1604	1072
1604	1504
1604	1561
1604	1639
1604	1910
1739	1255
1739	1653
1739	1745
1739	1756
1739	1798
1739	1913
1055	1479
1055	1918
1055	1969
1479	1168
1479	1500
1479	1784
1479	1867
1918	1207
1918	1285
1918	1382
1918	1405
1918	1500
1918	1515
1918	1621
1918	1639
1918	1649
1918	1700
1918	1742
1918	1801
1918	1839
1918	1901
1918	1940
1918	1947
1918	1978
1918	1992
1969	1095
1969	1108
1969	1183
1969	263
1969	1283
1969	1286
1969	1417
1969	1438
1969	1454
1969	1480
1969	1570
1969	1596
1969	1649
1969	1675
1969	1820
1969	1863
1969	1866
1969	1881
1969	1885
1969	1894
1969	1937
1969	1946
1969	1965
1969	1975
60	758
60	852
758	78
758	169
758	772
758	880
758	891
758	895
758	949
852	81
852	168
852	176
852	273
852	457
852	551
852	610
852	947
852	959
61	586
61	881
586	451
586	601
586	865
881	415
881	569
881	857
881	886
881	902
881	913
881	918
881	937
62	383
62	920
383	1483
383	486
383	913
383	926
920	172
920	385
920	462
920	473
920	496
920	600
920	631
920	697
920	739
920	827
920	828
920	836
920	880
920	906
1056	1110
1056	1300
1056	1526
1056	1923
1110	1575
1110	1740
1300	1229
1300	1632
1300	1847
1526	1754
1526	1792
1526	1900
1526	1924
1923	211
1923	1227
1923	1404
1923	1429
1923	1492
1923	1579
1923	1611
1923	1744
1923	1817
1923	1841
1923	1849
1923	1852
1923	1866
1923	1874
1923	1915
1923	1951
63	363
63	544
63	888
363	545
363	562
363	786
544	152
544	354
544	404
544	463
888	92
888	145
888	337
888	526
888	579
888	585
888	731
888	782
888	844
888	865
888	882
888	893
888	899
888	959
888	977
1057	1336
1057	1972
1336	1097
1336	1549
1336	1832
1336	1926
1972	1066
1972	1220
1972	1274
1972	1318
1972	1374
1972	1471
1972	490
1972	1646
1972	1699
1972	1707
1972	1708
1972	1714
1972	1776
1972	1794
1972	1800
1972	1867
1972	1980
1058	1441
1058	1524
1058	1935
1058	1941
1441	1416
1441	1470
1441	1481
1441	1897
1524	1589
1524	1713
1524	1916
1935	1065
1935	1148
1935	1275
1935	1396
1935	1522
1935	1625
1935	1724
1935	1725
1935	1811
1935	1815
1935	1853
1935	1897
1935	1899
1935	1911
1935	1951
1941	1365
1941	1452
1941	1459
1941	1476
1941	1481
1941	1504
1941	1542
1941	1557
1941	1576
1941	1639
1941	1741
1941	1763
1941	1783
1941	1794
1941	1800
1941	1805
1941	1835
1941	1899
1941	1951
1941	1968
1059	1255
1059	1714
1059	1757
1059	1915
1255	1092
1255	1779
1255	1893
1714	1134
1714	1181
1714	1470
1714	1701
1714	1888
1714	1897
1714	1911
1714	1991
1757	1122
1757	1208
1757	1543
1757	1836
1757	1924
1757	1929
1757	1955
1757	1992
1915	1205
1915	1254
1915	1399
1915	1411
1915	1423
1915	1460
1915	1569
1915	1703
1915	1708
1915	1710
1915	1713
1915	1718
1518	1066
1518	1094
1518	1709
1518	1744
1518	1773
1529	1589
1529	1664
1529	1978
1529	1981
1776	1263
1776	1381
1776	1612
1776	1727
1776	1728
1776	1766
1776	1884
1776	1888
1776	1984
1061	1632
1061	1997
1632	1144
1632	1929
1632	1979
1632	1997
1997	1086
1997	1087
1997	1094
1997	97
1997	1253
1997	1363
1997	1365
1997	1445
1997	1492
1997	1516
1997	1527
1997	1607
1997	1734
1997	1751
1997	1786
1997	1790
1997	1818
1997	1852
1997	1853
1997	1869
1997	1876
1997	1884
1997	1907
1997	1928
1997	1929
1997	1957
1997	1984
64	680
64	798
64	822
680	221
680	297
680	331
680	438
680	999
798	117
798	202
798	230
798	239
798	478
798	539
798	706
798	934
822	177
822	245
822	265
822	320
822	517
822	542
822	565
822	698
822	792
822	857
822	905
822	999
1062	1377
1062	1535
1062	1652
1062	1815
1377	1134
1377	1284
1377	1400
1535	1138
1535	1462
1535	1677
1535	1749
1535	1838
1652	1239
1652	1629
1652	1659
1652	1814
1652	1937
1652	1975
1815	1369
1815	1389
1815	1419
1815	1806
1815	1820
1815	1863
1815	1888
1815	1899
65	646
65	690
65	734
646	233
646	344
646	462
646	876
646	931
646	978
690	134
690	475
690	525
690	645
690	685
690	746
690	789
734	81
734	312
734	406
734	575
734	619
734	751
734	859
1063	1320
1063	1424
1063	1674
1063	1713
1320	1979
1320	1981
1424	1175
1424	1351
1424	1578
1424	1846
1674	1234
1674	1289
1674	1420
1674	1560
1674	1619
1674	1860
1674	1954
1713	1313
1713	1707
1713	1730
1713	1764
1713	915
66	927
927	148
927	243
927	401
927	520
927	530
927	564
927	572
927	606
927	635
927	708
927	756
927	765
927	835
927	855
927	947
927	951
1064	1200
1064	1430
1064	1698
1200	1128
1200	1451
1430	1600
1430	1700
1430	1835
1430	1907
1430	1940
1698	1192
1698	1574
1698	1717
1698	1719
1698	1731
1698	1749
1698	1856
1698	1979
67	156
67	175
67	393
175	1182
175	714
175	731
393	336
393	525
68	749
68	924
68	977
749	480
749	550
749	647
749	656
749	855
749	865
749	945
924	140
924	153
924	268
924	350
924	356
924	395
924	581
924	596
924	697
924	759
924	925
977	219
977	290
977	344
977	348
977	401
977	459
977	476
977	521
977	527
977	606
977	653
977	668
977	694
977	706
977	721
977	739
977	792
977	830
977	835
977	841
977	862
977	1914
977	948
977	954
977	967
665	79
665	162
665	291
665	556
665	719
665	861
665	967
844	497
844	565
844	576
844	708
844	719
844	722
844	812
844	856
844	870
844	915
844	958
70	132
70	700
70	703
132	310
132	403
700	277
700	420
700	811
700	859
700	901
700	959
700	992
703	384
703	747
703	797
703	898
703	926
703	992
1065	1323
1065	1549
1065	1680
1323	1156
1323	1719
1323	1720
1549	1353
1549	1391
1549	1719
1680	1090
1680	1185
1680	1252
1680	1264
1680	405
1680	1841
1680	1901
1680	1955
139	347
663	100
663	158
663	177
663	809
663	865
663	889
1067	1701
1067	1978
1701	1433
1701	1453
1701	1470
1701	1609
1701	1628
1701	1683
1978	1083
1978	1098
1978	1246
1978	1328
1978	1411
1978	1418
1978	1546
1978	1645
1978	1704
1978	1710
1978	740
1978	1745
1978	1769
1978	1806
1978	1826
1978	1839
1978	1870
1978	1882
1978	1901
1978	1914
1978	1940
1978	1979
1068	1388
1068	1484
1068	1676
1388	1461
1388	1506
1388	1654
1388	1858
1484	1577
1484	1949
1676	1702
1676	1794
1676	1900
1676	1946
1676	1980
1676	1984
1069	1376
1069	1741
1069	1792
1376	1595
1376	1706
1376	1900
1741	1237
1741	1432
1741	1434
1741	1497
1741	1742
1741	1885
1741	1937
1792	1298
1792	1525
1792	1704
1792	1823
1792	1831
1792	1856
1792	1860
1792	1863
1792	1968
72	575
72	653
72	718
575	937
653	276
653	626
653	627
653	628
653	827
718	131
718	164
718	308
718	356
718	497
718	971
1070	1297
1070	1521
1070	1540
1070	1551
1297	1080
1297	1278
1297	1947
1521	1186
1521	1506
1521	1975
1540	1212
1540	1684
1540	1783
1551	1186
1551	1315
1551	1420
1551	1448
1551	1712
1551	1859
73	633
73	903
633	91
633	291
633	472
633	545
903	107
903	189
903	242
903	298
903	386
903	440
903	655
903	714
903	773
903	788
903	800
903	911
903	973
1071	1824
1071	1955
1071	1992
1824	1445
1824	1481
1824	1489
1824	1756
1824	1769
1824	1771
1824	1838
1824	1853
1824	1999
1955	1089
1955	1210
1955	1345
1955	1353
1955	1371
1955	1431
1955	1671
1955	1672
1955	1729
1955	1751
1955	1759
1955	1791
1955	1843
1955	1891
1955	1896
1955	1947
1955	1984
1992	1095
1992	1153
1992	1286
1992	1416
1992	1423
1992	1513
1992	1580
1992	1625
1992	1645
1992	1671
1992	1709
1992	1726
1992	1734
1992	1747
1992	1769
1992	1779
1992	1805
1992	1817
1992	1832
1992	1868
1992	1906
1992	1968
1992	1975
1992	1999
74	202
74	500
74	689
500	148
500	434
500	732
689	149
689	421
689	425
689	743
689	746
1072	1239
1072	1900
1072	1980
1239	1626
1900	1533
1900	1544
1900	1763
1900	1801
1900	808
1900	1804
1900	1823
1900	1898
1900	1901
1900	1906
1900	1931
1980	1185
1980	1214
1980	1342
1980	1413
1980	1476
1980	1537
1980	1547
1980	1590
1980	1655
1980	1667
1980	1682
1980	1724
1980	1735
1980	1753
1980	1795
1980	1807
1980	1832
1980	1847
1980	1861
1980	1907
1980	1979
1980	1991
1073	1709
1073	1746
1073	1849
1709	1125
1709	1280
1709	1644
1709	1802
1746	1433
1746	1438
1746	1677
1746	1734
1746	1841
1746	1882
1746	1917
1746	1999
1849	1086
1849	1318
1849	1571
1849	1602
1849	1630
1849	1749
1849	1799
1849	1940
1849	1951
75	739
739	722
739	752
739	951
739	967
1074	1287
1074	1505
1074	1511
1074	1965
1287	1786
1287	1818
1287	1823
1505	1166
1505	1715
1505	1891
1505	1999
1511	1546
1511	1728
1965	107
1965	1532
1965	1534
1965	1576
1965	1642
1965	1672
1965	1704
1965	1717
1965	1720
1965	1721
1965	1750
1965	1784
1965	1795
1965	1803
1965	1848
1965	1859
1965	1860
1965	1896
1075	1546
1075	1552
1075	1718
1546	1502
1546	1865
1552	1352
1552	1512
1552	1807
1552	1916
1718	1205
1718	1379
1718	1717
1718	1870
1718	1882
1718	1884
1718	1910
1718	1951
1076	1590
1076	1650
1076	1702
1590	1177
1590	1445
1590	1840
1590	1916
1650	1150
1650	1542
1650	1807
1650	1850
1650	1897
1650	1931
1702	1230
1702	1555
1702	1645
1702	1802
1702	971
1077	1591
1077	1906
1591	1176
1591	1201
1591	1309
1591	1867
1591	1940
1906	1221
1906	1236
1906	1414
1906	1431
1906	1598
1906	1628
1906	1664
1906	1685
1906	1760
1906	1790
1906	1832
1906	1867
1906	1897
1906	937
1906	1968
76	362
76	507
76	770
76	870
362	276
362	454
362	797
362	973
507	487
507	614
507	667
507	723
507	853
770	125
770	133
770	246
770	466
770	522
770	853
770	913
870	313
870	318
870	325
870	364
870	533
870	559
870	593
870	693
870	756
870	853
870	978
77	723
723	170
723	308
723	576
723	820
723	885
723	925
723	975
78	577
577	128
577	410
577	421
577	496
577	523
577	804
1078	1224
1078	1881
1078	1931
1224	1407
1224	1850
1224	1884
1881	1256
1881	1295
1881	1362
1881	1383
1881	1460
1881	1487
1881	1620
1881	1773
1881	1910
1931	1347
1931	1383
1931	1544
1931	1568
1931	1626
1931	1630
1931	1657
1931	1659
1931	1806
1931	1808
1931	1822
1931	1841
1931	1870
1931	1875
1931	1888
1931	1916
1931	1968
79	533
79	831
79	915
533	340
533	605
533	735
831	730
831	806
831	816
831	836
831	861
831	886
831	921
831	925
831	967
915	178
915	286
915	331
915	704
915	740
915	762
915	764
915	892
915	901
915	906
915	949
915	971
915	978
1079	1559
1079	1804
1079	1831
1079	1857
1559	1214
1559	1337
1559	1347
1559	1619
1559	1663
1559	1690
1804	1456
1804	1587
1804	1649
1804	1654
1804	1685
1804	1691
1804	1724
1804	1735
1831	1082
1831	1671
1831	1738
1831	1893
1831	1932
1857	1118
1857	1500
1857	1730
1857	1759
1857	1807
1857	1868
1857	1917
80	374
374	457
374	551
374	622
81	463
81	492
463	248
463	566
463	779
463	832
492	147
492	210
492	1620
82	506
82	687
506	441
506	717
506	735
506	759
687	684
687	772
687	857
687	948
687	973
1080	1104
1080	1560
1104	1293
1104	1852
1104	1861
1560	1179
1560	1411
1560	1673
1560	911
1081	1444
1081	1791
1081	1847
1081	1876
1444	1237
1444	1531
1444	1756
1791	1250
1791	1425
1791	1502
1791	1599
1791	1635
1791	1897
1791	1951
1847	1135
1847	598
1847	1693
1847	1764
1847	1839
1847	1846
1847	1869
1876	1168
1876	1508
1876	1598
1876	1627
1876	1708
1876	1743
1876	1840
1876	1860
1876	1928
1876	1949
83	165
83	610
83	667
83	756
165	571
165	629
610	706
610	779
610	809
610	841
610	905
667	272
667	289
667	353
667	811
756	279
756	460
756	637
756	787
756	896
1082	1835
1835	1115
1835	1126
1835	1646
1835	1684
1835	1700
1835	1949
84	669
84	708
84	875
669	126
669	178
669	348
669	621
669	886
708	258
708	308
708	902
708	949
875	208
875	302
875	338
875	503
875	505
875	634
875	717
875	813
875	859
875	925
875	947
479	407
479	892
479	945
479	949
479	999
86	161
86	719
161	240
161	504
719	540
719	594
719	789
87	410
87	812
410	304
410	727
410	947
812	300
812	384
812	664
812	782
812	817
88	1588
1588	1149
1588	1226
1588	1348
1588	1659
1588	1898
89	477
89	863
89	886
477	313
477	815
477	925
477	954
863	197
863	315
863	323
863	396
863	523
863	611
863	678
863	721
863	830
863	891
863	947
886	686
886	837
886	896
886	921
886	1937
886	951
1083	1399
1083	1744
1399	1626
1399	1811
1399	1898
1744	1207
1744	1225
1744	1491
1744	1499
1744	1661
1744	1728
1744	1738
1744	1836
1744	1981
486	511
486	918
486	973
91	759
91	949
759	195
759	199
759	249
759	498
759	589
949	151
949	167
949	265
949	437
949	466
949	628
949	664
949	698
949	777
949	780
949	825
949	835
949	840
949	902
949	911
92	992
992	130
992	307
992	333
992	370
992	400
992	464
992	614
992	742
992	786
992	803
992	813
992	830
992	885
992	891
992	899
992	925
992	973
1084	1750
1084	1884
1084	1913
1750	1088
1750	1151
1750	1628
1750	1637
1750	1794
1750	1848
1750	1917
1884	1111
1884	1127
1884	1497
1884	1513
1884	1602
1884	1623
1884	1728
1884	1768
1884	1872
1884	1912
1884	1917
1884	1928
1913	1281
1913	1335
1913	1366
1913	1600
1913	1614
1913	1799
1913	1979
1834	1160
1834	1580
1834	1658
1834	1850
1834	1852
1834	1901
1834	1912
1834	1928
1834	1979
1834	1981
1932	1250
1932	1279
1932	1324
1932	1547
1932	1596
1932	1769
1932	1798
1932	854
1932	1852
1932	1870
1932	1872
1932	1926
1932	1954
1932	1984
1086	1302
1086	1859
1302	1740
1302	1951
1859	1277
1859	1357
1859	1407
1859	1577
1859	1605
1859	1623
1859	1699
1859	1751
1859	1917
1859	1999
227	738
382	536
382	618
975	230
975	243
975	259
975	278
975	289
975	300
975	305
975	513
975	567
975	582
975	618
975	637
975	742
975	753
975	762
975	836
975	866
975	889
975	893
975	931
975	937
975	953
975	999
1087	1217
1087	1802
1217	1384
1217	1846
1802	1442
1802	571
1802	1708
1802	1803
1802	1814
1802	1894
1802	1916
1088	1434
1088	1910
1434	1327
1434	1597
1434	1872
1910	1296
1910	1405
1910	1468
1910	1498
1910	1719
1910	1738
1910	1811
1910	1866
1910	1885
1910	1898
1910	1933
1910	1984
94	185
94	815
94	876
185	104
185	934
815	279
815	388
815	498
815	567
815	820
815	998
876	330
876	334
876	389
876	438
876	513
876	527
876	563
876	578
876	643
876	709
876	766
876	840
876	953
876	998
1089	1506
1089	1538
1506	1516
1506	1732
1538	1316
1538	1683
1538	1705
1538	1706
1538	1732
1090	1282
1090	1758
1090	1875
1282	1823
1758	1230
1758	1483
1758	1589
1758	1640
1758	1789
1875	1178
1875	1307
1875	304
1875	1613
1875	1685
1875	1769
1875	1826
1875	1851
1875	1984
1091	1786
1091	1929
1786	1266
1786	1396
1786	1640
1786	1763
1786	1765
1786	1870
1929	1238
1929	1304
1929	1311
1929	1445
1929	1528
1929	1594
1929	1688
1929	1710
1929	1803
1929	1865
1929	1917
1929	1947
1929	1949
95	491
95	701
95	854
95	999
491	545
491	570
491	616
491	800
491	899
491	928
701	282
701	355
701	522
701	767
854	516
854	520
854	603
854	698
854	780
854	813
854	817
854	895
854	911
854	921
999	110
999	127
999	236
999	302
999	411
999	557
999	574
999	580
999	581
999	679
999	766
999	772
999	797
999	859
999	865
999	902
999	904
999	907
999	953
999	971
1092	1832
1092	1893
1092	1981
1832	1504
1832	1544
1832	1850
1832	1893
1832	1914
1832	1917
1893	1203
1893	1219
1893	1231
1893	1259
1893	1384
1893	1462
1893	1571
1893	1579
1893	1653
1893	1683
1893	1808
1893	1954
1981	1210
1981	1296
1981	1303
1981	1306
1981	1329
1981	1330
1981	1397
1981	1515
1981	1608
1981	1648
1981	1658
1981	1664
1981	1715
1981	1754
1981	1756
1981	1826
1981	1838
1981	1840
1981	1843
1981	1933
1981	1949
1981	1991
1093	1379
1093	1576
1093	1646
1379	1159
1379	1621
1379	1649
1576	1129
1576	1659
1576	1852
1646	1205
1646	1719
1646	1794
1646	1916
1094	1349
1094	1949
1349	1619
1349	1649
1349	1669
1949	1178
1949	1342
1949	1364
1949	1375
1949	1483
1949	1508
1949	1569
1949	1720
1949	1725
1949	1743
1949	1747
1949	1795
1949	1841
1949	1872
1949	1901
1095	1655
1095	1975
1655	1455
1655	1732
1655	1811
1655	1869
1975	1112
1975	1134
1975	1159
1975	1189
1975	1198
1975	1241
1975	1335
1975	1340
1975	1435
1975	1463
1975	1562
1975	1622
1975	1628
1975	1840
1975	1848
1975	1856
1975	1954
96	1605
96	684
1605	1151
1605	1237
1605	1609
1605	1754
1605	1928
684	133
684	204
684	809
684	882
1096	1313
1096	1517
1096	1779
1313	1492
1313	1865
1517	1256
1517	1344
1517	1363
1517	1728
1779	1447
1779	1497
1779	1868
1779	1872
97	264
97	277
264	344
277	585
98	255
98	609
98	761
255	439
255	693
255	728
609	154
609	599
609	1951
761	321
761	441
761	481
761	510
761	716
761	731
761	750
761	817
761	931
99	792
792	579
792	599
792	699
792	709
792	959
1097	1597
1097	1882
1597	1145
1597	1256
1597	1619
1597	1673
1597	1729
1882	1261
1882	1264
1882	1408
1882	1537
1882	1639
1882	1763
1882	1783
1882	855
1882	1883
1098	1182
1098	1727
1098	1814
1727	1263
1727	1410
1727	1583
1727	1898
1727	1947
1727	1957
1814	1238
1814	1425
1814	1442
1814	1548
1814	1720
1814	1805
1099	1230
1099	1901
1901	1178
1901	1209
1901	1238
1901	1356
1901	1427
1901	1467
1901	1544
1901	1575
1901	632
1901	1654
1901	1766
1901	1916
1901	1991
100	866
866	240
866	311
866	559
866	616
866	699
866	752
866	766
866	789
866	906
101	364
101	808
364	461
364	862
808	351
808	370
808	468
808	496
808	534
808	804
808	889
808	945
441	386
856	184
856	345
856	513
856	563
856	649
856	713
856	853
856	877
856	948
1191	1766
1555	1130
1555	1213
1555	1926
1894	1173
1894	1244
1894	1372
1894	1433
1894	1707
1894	1726
1894	1856
1894	1869
1894	1896
1894	1968
1101	1334
1101	1387
1101	1476
1334	1470
1334	1707
1334	1838
1387	1311
1387	1678
1387	1866
1476	1542
1102	1216
1102	1254
1102	1696
1102	1700
1216	1587
1216	1954
1254	1421
1696	1112
1696	1205
1696	1289
1696	1351
1696	1800
1696	1848
1696	1858
1696	1887
1700	1166
1700	1309
1700	1570
1700	1807
1700	1954
1103	1316
1103	1326
1103	1867
1316	1764
1326	1665
1326	1850
1867	1446
1867	1634
1867	787
1867	1826
1867	1946
1867	1957
1293	1600
1852	1219
1852	1451
1852	1607
1852	1729
1852	1887
1861	1185
1861	1294
1861	1304
1861	1675
1861	1856
1861	1897
1861	1898
1861	1924
1861	1933
1105	1109
1105	1417
1105	1858
1105	1999
1109	1528
1109	1765
1109	1822
1417	1926
1858	1256
1858	1452
1858	1500
1858	1599
1858	1738
1858	1787
1858	1841
1999	1108
1999	1211
1999	1289
1999	1333
1999	1428
1999	1429
1999	1467
1999	1508
1999	1528
1999	1572
1999	1647
1999	1653
1999	1669
1999	1738
1999	1783
1999	1800
1999	1811
1999	1838
1999	1840
1999	1912
1999	1937
321	137
321	599
740	261
740	341
740	526
740	632
740	717
740	799
740	978
104	153
104	582
104	727
153	143
153	475
582	219
582	289
582	540
582	593
727	118
727	558
727	767
727	809
1106	1557
1106	1759
1106	1769
1557	1196
1557	1509
1557	1670
1557	1688
1557	1947
1759	1108
1759	1575
1759	1612
1759	1711
1759	1822
1759	1866
1769	1260
1769	1708
1769	1730
971	158
971	206
971	237
971	372
971	384
971	392
971	496
971	557
971	590
971	747
971	752
971	763
971	810
971	869
971	895
971	896
971	913
971	951
971	973
106	675
675	117
675	406
675	412
675	751
1107	1571
1107	1760
1571	1150
1571	1703
1571	1883
1760	1422
1760	1631
1760	1724
1760	1806
1760	1841
1760	1898
1760	1907
107	394
107	840
394	261
394	840
840	335
840	435
840	501
840	594
840	623
840	647
840	709
840	894
840	921
108	460
108	668
460	301
460	356
460	928
460	951
668	439
668	634
668	774
668	789
668	825
668	898
1528	1515
1528	1567
1528	1670
1528	1726
1765	1209
1765	1593
1765	1704
1765	1836
1822	1324
1822	1491
1822	1596
1822	1719
1822	1743
1822	1768
1575	1309
1575	1725
1740	1175
1740	1181
1740	1638
1740	1799
1740	1946
1740	1968
109	244
109	402
109	947
244	336
244	550
244	683
402	482
402	573
402	595
402	751
947	155
947	162
947	193
947	316
947	365
947	434
947	458
947	627
947	765
947	817
947	837
947	1851
947	925
1111	1198
1111	1868
1111	1957
1198	1947
1868	1286
1868	1333
1868	1408
1868	1574
1868	1577
1868	1587
1868	1661
1868	773
1868	1911
1957	1160
1957	1245
1957	1420
1957	1452
1957	1485
1957	1498
1957	1573
1957	1614
1957	1625
1957	1695
1957	1801
1957	1818
1957	1865
1957	1897
1957	1912
1957	1951
110	516
516	541
516	998
1113	1494
1113	1513
1113	1743
1494	1764
1513	1158
1513	1268
1513	1592
1743	1265
1743	1445
1743	1488
1743	1556
1743	1611
1743	1748
1743	1872
1359	1514
1359	1648
1818	116
1818	1321
1818	1440
1818	1492
1818	1561
1818	1899
1818	1933
111	188
111	330
111	935
188	732
330	830
935	125
935	183
935	196
935	355
935	489
935	574
935	672
935	697
935	731
935	774
935	777
935	864
935	893
935	902
241	379
241	456
241	746
241	763
862	327
862	352
862	461
862	497
862	573
862	865
862	953
113	704
113	806
704	1337
704	880
806	474
806	625
806	697
806	710
806	721
806	780
806	931
1115	1382
1115	1585
1115	1730
1382	1262
1382	1381
1585	1620
1585	1795
1585	1885
1730	1160
1730	1267
1730	1421
1730	1612
115	273
115	397
115	618
115	857
273	813
397	208
397	681
618	121
618	242
618	911
857	324
857	494
857	537
857	811
857	817
857	820
857	880
857	948
116	168
116	832
116	855
168	905
832	135
832	136
832	357
832	398
832	596
832	636
832	651
832	685
832	706
832	793
855	347
855	415
855	561
855	591
855	627
855	764
855	830
855	958
855	998
117	540
117	732
540	265
732	208
732	804
732	816
732	877
732	880
118	471
118	595
471	326
471	639
595	246
595	622
595	717
595	764
595	951
119	170
170	828
1116	1307
1116	1480
1116	1547
1307	1556
1480	1275
1480	1432
1480	1789
1480	1863
1547	1211
1547	1848
120	628
120	948
628	531
628	573
628	677
628	697
948	150
948	189
948	475
948	518
948	682
948	696
948	751
948	779
948	841
948	906
948	907
948	913
948	950
948	967
121	899
899	563
899	579
899	617
899	643
899	679
899	693
899	779
899	904
899	931
1118	1500
1118	1620
1118	1947
1500	1615
1620	1438
1620	1991
1947	1142
1947	1215
1947	1463
1947	1580
1947	1715
1947	1723
1947	1801
1947	1844
1947	1891
1947	1899
122	136
122	401
122	570
122	934
136	865
401	164
401	389
570	837
570	898
934	245
934	258
934	395
934	437
934	488
934	528
934	564
934	642
934	696
934	861
934	911
934	921
934	937
1119	1594
1119	1820
1594	1130
1594	1135
1594	1745
1594	1751
1594	1917
1820	1532
1820	1681
1820	1699
1820	1768
1820	1808
1820	1823
1820	1885
1820	1951
1120	1419
1120	1742
1120	1764
1419	1514
1419	1715
1742	326
1742	1411
1742	1602
1742	1653
1742	1874
1742	1912
1742	1991
1764	1611
1764	1637
1764	1653
1764	1803
1764	1899
561	907
1121	1381
1121	1412
1121	1545
1381	1172
1381	1711
1412	1280
1412	1468
1412	1771
1545	1164
1545	1393
1545	1427
124	154
124	898
154	525
154	793
898	140
898	411
898	603
898	681
898	782
898	795
898	813
898	853
898	901
898	905
898	911
898	978
125	235
235	191
235	617
126	654
654	275
654	518
654	562
654	662
654	731
654	892
1122	1258
1122	1784
1258	1637
1258	1924
1784	1247
1784	1340
1784	1355
1784	1635
1784	1726
1123	1396
1396	1277
1396	1840
1396	1891
127	308
127	379
308	905
379	239
128	294
128	531
531	485
531	581
531	638
1124	1142
1124	1241
1124	1580
1124	1794
1241	1298
1241	1352
1241	1458
1580	1366
1580	1432
1580	1844
1580	1984
1794	1639
1794	1642
1794	1645
1794	1681
1794	1951
129	388
388	882
388	906
130	921
921	142
921	293
921	360
921	455
921	567
921	625
921	631
921	905
921	954
131	827
131	893
827	355
827	453
827	508
827	527
827	536
827	869
827	926
893	164
893	332
893	341
893	398
893	442
893	497
893	514
893	658
893	774
893	816
893	950
893	954
893	973
310	205
310	378
310	535
403	415
403	597
403	780
403	967
134	352
134	428
134	551
352	950
428	476
428	525
428	746
428	953
551	959
135	496
135	638
496	234
638	138
638	766
638	896
1125	1145
1145	1340
1145	1991
1126	1261
1126	1790
1261	183
1261	1853
1790	1344
1790	1398
1790	1663
1790	699
1790	1843
1790	1951
1127	1294
1127	1420
1127	1839
1294	1383
1294	1844
1420	1800
1839	1179
1839	1339
1839	1455
1839	1485
1839	1531
1839	1683
1839	1801
1839	1928
865	215
865	600
865	656
865	788
865	913
865	954
1128	1853
1128	1863
1853	1210
1853	1345
1853	1364
1853	1798
1853	1926
1863	1234
1863	1707
1863	1803
1863	1916
137	376
137	841
376	276
376	617
376	772
376	945
841	224
841	334
841	529
841	583
841	729
841	810
841	823
841	907
138	859
138	918
859	144
859	318
859	433
859	458
859	527
859	714
859	725
859	813
859	1888
859	959
918	339
918	424
918	488
918	536
918	1627
918	786
918	810
918	823
918	835
918	907
918	967
1129	1675
1129	1912
1675	1378
1675	1474
1675	1616
1675	1640
1675	1673
1675	1756
1675	1806
1912	1321
1912	1432
1912	1503
1912	1677
1912	1726
1912	1850
1912	1874
1912	1891
1912	1896
1130	1202
1130	1365
1202	1246
1202	1361
1365	1888
347	642
347	648
1131	359
359	238
359	882
359	904
140	752
752	640
752	685
752	728
752	1933
752	945
1132	1787
1787	1425
1787	1703
1787	1898
1133	1389
1133	1691
1133	1748
1389	1248
1389	1883
1691	1553
1691	1917
1748	1885
1748	1916
1134	1615
1615	1525
1615	1638
1615	1887
1615	1928
1615	1991
1135	1304
1135	1733
1304	1427
1733	1463
1733	1534
1733	1721
1733	1984
755	326
755	425
755	431
755	465
755	472
755	495
755	643
755	823
816	183
816	260
816	583
816	782
816	789
816	998
143	373
143	677
373	204
373	407
373	635
677	495
677	567
677	707
677	805
677	809
677	905
1136	1530
1136	1803
1530	1181
1530	1370
1530	1374
1530	1459
1530	1617
1803	1423
1803	1427
1803	1598
1803	1634
1803	1723
1803	1874
1803	1891
1803	1991
1805	1253
1805	1301
1805	1317
1805	1418
1805	1497
1805	1688
1805	1798
1914	1390
1914	1428
1914	1534
1914	1800
1914	1806
1914	1837
1914	1940
144	880
144	895
144	902
880	381
880	735
880	786
880	809
880	892
880	896
895	176
895	293
895	421
895	634
895	651
895	712
895	747
895	753
895	762
895	954
902	271
902	358
902	529
902	623
902	683
902	738
902	782
902	867
1138	1271
1138	1711
1271	1366
1271	1783
1271	1843
1711	1243
1711	1609
1711	1639
1711	1707
1711	1735
1711	1841
145	387
145	489
387	591
387	685
489	573
489	767
489	901
489	978
146	180
146	509
146	765
146	978
180	337
180	643
509	147
509	645
509	926
509	954
765	334
765	682
765	797
765	830
765	847
765	889
765	891
978	1360
978	398
978	497
978	554
978	664
978	693
978	741
978	773
978	867
978	931
978	954
978	967
147	343
147	707
343	266
343	306
343	454
707	267
707	323
707	711
707	788
707	967
1394	1227
1394	1414
1394	1928
1140	1458
1140	1519
1140	1543
1458	1245
1458	1671
1458	1833
1519	1446
1519	1459
1519	1622
1519	1667
1519	1677
1543	1163
1543	1926
1448	1229
1448	1577
1448	1926
1732	1244
1732	1490
1732	1896
1732	1926
148	298
298	434
298	589
298	973
149	381
381	511
381	1693
381	958
150	315
150	787
150	907
315	885
787	305
787	368
787	503
787	553
787	713
787	867
787	889
787	907
907	458
907	466
907	525
907	526
907	799
907	800
907	825
907	931
907	1954
907	998
151	624
151	967
624	576
624	998
967	418
967	548
967	571
967	578
967	634
967	694
967	713
967	742
967	781
967	896
967	928
967	931
1143	1658
1143	1699
1143	1833
1658	1911
1699	1366
1699	1724
1699	772
1699	1940
1833	1186
1833	1299
1833	1429
1833	1613
1833	1641
1833	1677
1833	1693
1833	1800
1833	1911
1144	1550
1144	1888
1550	1410
1550	1572
1550	1726
1550	1928
1888	1165
1888	1440
1888	1522
1888	1572
1888	1630
1888	1766
1888	1848
1888	1907
1340	1589
1340	1738
1991	1270
1991	1327
1991	1404
1991	1446
1991	1461
1991	1533
1991	1534
1991	601
1991	1633
1991	1648
1991	1721
1991	1789
1991	1806
1991	1808
1991	1817
1991	1840
1991	1844
1991	1869
1991	1885
1991	1907
1991	1933
1991	1946
1621	1370
1621	1456
1621	1595
1621	1885
1621	1951
1705	1212
1705	1924
1705	1968
1907	1311
1907	1354
1907	1406
1907	1481
1907	1598
1907	1663
1907	1719
1907	1801
1907	1860
1898	1164
1898	1539
1898	1649
1898	1751
1898	1840
1898	1874
1898	1924
152	455
152	809
455	297
809	228
809	346
809	472
809	662
809	793
809	810
475	191
475	751
475	904
525	640
525	973
793	529
793	549
793	660
793	959
155	390
155	772
390	498
390	636
390	693
390	710
772	384
772	550
772	616
772	693
772	742
766	424
766	451
766	747
766	796
766	889
766	925
813	620
813	712
813	896
1148	1554
1148	1872
1554	1252
1554	1595
1872	1206
1872	1270
1872	1577
1872	1610
1872	1703
1149	1917
1917	1243
1917	1536
1917	1717
1917	1724
1917	1756
1917	1823
1917	1836
1150	1623
1150	1708
1623	1235
1623	1264
1623	1440
1623	1503
1708	1296
1708	1735
158	950
950	389
950	431
950	469
950	530
950	532
950	536
950	539
950	558
950	569
950	743
950	805
950	823
1151	1568
1568	1213
1568	1499
1568	1896
515	361
515	558
998	166
998	212
998	253
998	266
998	279
998	289
998	334
998	345
998	424
998	524
998	563
998	572
998	579
998	617
998	627
998	662
998	725
998	780
998	782
998	810
998	951
160	316
160	510
316	259
316	504
510	511
510	817
1153	1338
1153	1634
1338	1440
1338	1911
1634	1721
1634	1817
1154	1467
1467	1607
240	406
240	503
240	693
504	213
504	358
504	592
504	889
162	725
725	418
725	777
1798	1269
1798	1681
1798	1715
1798	1899
1156	1415
1156	1525
1415	1452
1415	1731
1525	1422
1525	1768
1281	1592
1281	1840
1348	1492
1348	1592
1348	1926
163	196
163	711
163	743
196	411
711	521
711	573
711	579
711	889
743	333
743	423
743	454
743	715
164	767
767	267
767	278
767	350
767	730
571	651
571	894
629	172
629	926
166	201
201	253
201	606
201	959
1158	1285
1285	1601
1285	1808
167	484
167	564
167	1899
484	237
484	894
484	905
484	928
484	973
564	563
1899	1356
1899	1384
1899	1596
1899	1685
1899	1924
1899	1984
905	205
905	306
905	439
905	485
905	722
905	1728
169	323
169	698
169	926
323	172
323	695
698	309
698	682
698	685
926	207
926	320
926	345
926	443
926	578
926	694
926	730
926	828
926	864
926	913
1159	1372
1372	1537
1372	1883
828	262
828	354
828	389
828	462
828	478
828	537
828	603
828	780
1160	1600
1600	1262
1600	1487
639	208
639	317
639	951
861	346
861	404
861	433
861	522
861	837
911	218
911	271
911	384
911	482
911	523
911	647
911	681
911	889
911	894
174	307
174	603
174	817
174	901
307	234
307	592
307	681
603	722
817	621
817	763
817	864
901	250
901	266
901	283
901	365
901	366
901	548
901	647
901	649
901	714
901	836
714	482
714	697
714	847
714	959
731	605
176	231
176	810
231	342
231	789
810	314
810	505
810	565
810	779
810	891
810	894
177	440
177	892
440	225
440	630
440	730
892	189
892	530
892	781
892	864
892	928
178	299
178	945
299	672
299	786
945	238
945	1414
945	494
945	555
945	563
945	649
945	763
945	795
945	803
945	837
945	853
179	437
179	712
179	953
179	959
712	803
712	877
712	951
953	519
953	522
953	548
953	550
953	605
953	686
953	774
953	779
953	913
953	928
953	951
953	959
959	429
959	466
959	498
959	502
959	597
959	672
959	789
959	804
959	958
1446	1195
1164	1672
1164	1673
1672	1553
1672	1589
1672	1754
1672	1883
1672	889
1673	1220
1673	1235
1673	1846
1165	1211
1165	1225
1225	1667
1166	1826
1166	1843
1826	1301
1826	1392
1826	1664
1826	1754
1826	1841
1826	1897
1826	1937
1843	1317
1843	1401
1843	1408
1843	1502
1843	1564
1843	1751
1843	1838
1843	1954
1167	1187
1167	1402
1167	1614
1167	1896
1187	1660
1402	1768
1402	1823
1614	1218
1614	1483
1614	1657
1614	1766
1896	1278
1896	1303
1896	1442
1896	1578
1896	1771
1896	1795
1896	1870
1168	1260
1168	1653
1260	1409
1260	1753
1653	1180
1653	1527
1170	1624
1170	1645
1170	1891
1624	1329
1624	1712
1624	1745
1624	1747
1624	1891
1645	1665
1645	1911
1891	1450
1891	1665
1891	1731
337	635
337	1735
337	882
643	225
643	800
1171	1601
1171	1729
1171	1800
1171	1933
1601	1357
1601	1642
1601	1670
1601	1870
1729	1657
1729	1951
1800	1445
1800	1846
1933	1212
1933	1364
1933	1368
1933	1499
1933	1616
1933	1636
1933	1671
1933	1728
1933	1783
182	713
182	885
713	210
713	556
713	864
885	205
885	297
885	431
885	459
885	490
885	645
885	797
885	896
1172	1475
1172	1515
1475	1218
1475	1275
1475	1599
1475	1661
1475	1850
1515	1773
1515	1866
1173	1299
1299	1690
184	572
184	580
572	782
572	904
572	931
580	505
580	529
580	627
1174	1357
1174	1369
1174	576
1174	1883
1357	1690
1369	1361
1369	1618
576	340
576	864
576	958
1883	1253
1883	1531
1883	1731
1883	1811
1883	1841
186	449
186	825
186	882
449	443
449	660
449	823
825	495
825	685
882	243
882	250
882	295
882	303
882	1332
882	345
882	358
882	378
882	630
882	729
882	762
261	355
261	904
626	439
626	853
626	913
1176	1725
1176	1984
1725	1330
1725	1499
1725	1578
1725	1608
1725	1887
1984	357
1984	1421
1984	1450
1984	1574
1984	1628
1984	1638
1984	1838
1984	1866
1984	1946
1177	1227
1177	1951
1227	1238
1951	1186
1951	1414
1951	1490
1951	1611
1951	1630
1951	1637
1951	1638
1951	1644
1178	1841
1841	1404
1841	1435
1841	780
1841	1807
190	554
554	226
554	256
554	823
554	937
1179	1979
1979	1433
1979	1520
1979	1574
1979	1648
1979	1682
1979	1685
1979	1726
1979	1749
1979	1844
1979	1860
1979	1916
1180	1192
1180	1466
1192	1721
1466	640
1466	1661
1466	1703
1181	1527
1527	1442
191	558
191	973
558	532
558	696
973	225
973	232
973	335
973	386
973	452
973	514
973	519
973	539
973	590
973	777
973	820
973	877
973	894
973	896
1184	1408
1184	1836
1184	1865
1408	1626
1836	1247
1836	1301
1836	1573
1836	1848
1836	1850
1836	1866
1836	891
1865	1344
1865	1398
1865	1425
1865	1471
1865	1811
1865	1851
1865	1928
192	408
192	836
408	651
408	658
408	877
836	265
836	553
836	632
836	682
836	763
836	877
836	931
193	305
193	562
562	205
195	645
195	717
195	931
645	498
645	627
645	686
717	220
931	212
931	293
931	592
931	648
931	799
1660	1416
1660	1609
1660	1626
1660	1663
1660	1806
1660	1954
411	550
411	889
499	464
499	710
499	805
499	904
763	535
763	602
763	630
763	869
1188	1347
1188	1469
1188	1684
1347	1561
1347	1870
1469	1637
1684	1749
1684	1756
1684	1763
1190	1206
1190	1489
1190	1544
1206	1619
1206	1629
1489	1570
1489	1659
1489	1685
1544	1619
1766	1355
1766	1368
1766	1512
1766	1682
1766	1799
1766	1807
495	578
799	287
799	380
799	464
799	599
799	664
799	678
1721	1487
1721	1499
1721	1735
1721	1940
1193	1398
1193	1504
1398	1678
1504	1393
1504	1453
253	424
606	280
606	598
606	696
203	220
203	853
220	682
220	864
853	295
853	446
853	574
853	730
853	800
204	622
622	395
622	800
206	867
867	433
867	459
867	537
867	686
867	820
867	837
1195	1520
1195	1579
1195	1642
1520	1403
1520	1968
1579	1267
1579	1811
1579	1911
1642	1303
1642	1329
1196	1678
1678	1401
1678	1647
1678	1897
1678	1968
1197	1277
1277	1968
207	951
951	319
951	339
951	370
951	505
951	546
951	594
951	611
951	642
951	954
1199	1542
1199	1720
1542	1267
1542	1516
1542	1616
1720	1333
1720	1477
1720	1607
1720	1677
1720	1866
209	800
800	284
800	329
800	426
800	786
800	864
1451	1452
1451	1756
1451	1866
1451	1885
211	328
211	779
328	594
328	928
212	706
706	636
706	659
706	781
706	904
706	925
1201	1319
1201	1472
1201	1537
1319	1522
1319	1534
1319	1911
1472	1283
1472	1638
1537	1278
1537	1283
1537	1704
1246	1244
1246	1719
1246	1808
1361	1329
1203	1265
1203	1315
1315	1485
213	519
519	369
519	649
1204	1438
1204	1509
1204	1706
1509	1462
1706	1492
1619	1385
1619	1488
1629	1223
1629	1296
1629	1671
1629	1926
214	217
214	322
214	716
217	412
217	530
716	218
716	346
716	569
716	599
716	617
716	896
716	954
1207	1267
1207	1633
1633	1223
1633	1491
1633	1763
1633	1789
215	591
215	647
591	246
647	225
647	894
1208	1253
216	311
216	448
216	596
216	820
311	869
448	480
448	602
596	446
596	456
596	891
596	904
820	451
820	497
820	539
820	614
820	694
1209	1435
1209	1508
1435	1665
1435	1693
1508	1704
412	694
412	835
530	728
530	894
1210	1712
1712	1274
1712	1636
1712	1677
1712	1807
1712	1860
1212	1856
1856	1268
1856	1358
1856	1454
1856	1874
218	435
218	672
435	415
435	641
672	292
672	469
672	605
672	686
1214	1233
1214	1401
1233	1667
1215	1355
1215	1477
1355	1630
1477	1352
1477	1573
682	360
682	662
682	937
864	257
864	346
864	501
864	581
864	641
864	891
1587	1266
1587	1512
1587	1640
1954	1298
1954	1610
1954	1626
1954	1688
1954	1703
1954	1723
1954	1745
1954	1874
1954	1911
1954	1924
1384	1968
1846	1539
1846	1647
1846	1707
1846	1735
1846	1807
1218	331
1218	1611
331	250
1611	1250
1611	1461
221	252
221	266
252	795
1219	1234
1219	1503
1503	1276
1503	1332
1503	1572
1503	1612
222	623
222	678
623	250
623	601
623	630
678	367
678	521
678	750
678	958
1221	1866
1866	542
1866	1564
223	585
223	781
585	268
781	224
781	589
781	958
1222	1442
1222	1723
1442	1783
1723	1292
1723	1471
1723	1572
1723	1661
224	395
1223	1595
1595	1663
1595	1869
1595	1897
226	429
226	660
429	312
429	353
660	232
660	634
1407	1626
1407	1635
1407	1719
1407	1885
1850	1259
1850	1512
1850	1627
1850	1664
1850	1838
1850	1916
738	722
738	906
738	937
1667	1497
1667	1636
1667	1851
1226	1682
1238	1635
1229	1463
1229	1707
1463	1583
1707	1498
958	267
958	295
958	467
958	550
958	631
958	728
958	889
230	565
342	300
342	351
342	465
342	823
789	232
789	325
789	517
232	406
406	508
233	473
233	742
473	238
473	275
473	602
473	735
742	636
742	658
742	891
742	925
234	517
517	263
517	694
517	796
1231	1874
1231	1887
1874	1274
1874	1534
1874	1539
1874	1636
1887	1325
1887	1848
1887	1851
1887	1897
1339	1356
1339	1911
1610	1681
1610	1806
1610	1928
1870	1422
1870	1631
236	327
327	764
1235	1704
1704	1747
1704	1806
237	545
545	773
238	353
238	534
353	777
1236	1371
1236	1406
1236	1771
1236	1808
1371	1731
1406	1801
1406	1937
1771	1465
1771	1648
1771	1916
1771	1940
1808	1644
1808	1747
239	318
239	746
746	474
746	637
746	679
503	634
503	788
693	764
456	753
1635	1514
1635	1562
1635	1763
1626	1390
242	396
396	367
1240	1657
1240	1728
1240	1751
1240	1940
1657	1331
1657	659
1728	1773
1751	1618
1751	1754
1751	1789
1940	1461
1940	1539
1940	1592
1940	1616
1940	1789
1940	1838
1298	1450
1298	1968
1352	1374
1352	1754
336	339
550	655
683	358
683	458
683	555
683	721
683	894
1243	1581
1581	1677
1581	1817
1581	1848
245	366
366	285
366	648
1244	1885
1885	1252
1885	1264
1885	1273
1245	1548
1548	1602
1548	1607
1548	1753
1719	1333
1719	1928
928	278
928	296
928	409
928	528
928	601
928	777
928	796
928	835
248	465
248	602
248	906
465	380
465	753
465	913
602	696
906	494
906	521
906	625
906	655
906	730
906	741
906	747
906	796
906	797
1248	1710
1248	1731
1710	1360
1710	1695
1710	1756
1731	1838
1731	1860
1731	1897
249	804
804	422
804	937
795	257
795	469
795	620
795	788
795	904
1249	1654
1249	1693
1249	1806
1249	1848
1654	1266
1654	1485
1693	1817
1848	1327
1848	1807
1848	1837
1250	1844
1844	1308
1844	1421
1844	1471
1844	1532
1844	1717
1844	1851
621	1375
889	287
889	422
889	452
1251	1631
1251	1661
1631	1598
1631	1685
1631	1946
1661	1747
1661	1937
439	513
728	367
728	502
728	685
728	751
728	869
1252	1573
1252	1717
1573	1577
1717	1429
1717	1937
258	528
258	774
528	805
774	421
774	773
259	501
259	679
501	601
679	304
679	937
1421	1946
1536	1321
260	420
420	442
420	625
420	730
420	837
1637	1375
1637	1756
1637	1928
1924	1351
1924	1391
1924	1422
1924	1488
1924	1703
1924	747
1924	1753
1259	1481
904	290
904	453
904	467
904	715
904	735
904	786
904	847
262	494
262	502
494	482
494	925
502	348
502	695
502	762
1409	1278
1753	1498
1753	535
1753	1572
1753	1838
1262	1968
1968	1342
1968	1561
1968	1574
1968	1628
1968	1747
1968	1937
1968	1946
1263	1284
1284	1512
1264	1556
1556	1916
344	764
1266	1641
1266	1897
1641	1356
1641	1837
1641	1937
1897	1539
1897	1840
267	556
556	589
556	721
556	797
1268	1335
1268	1570
1335	1609
1570	1593
1269	1325
1325	1380
1325	1385
1270	1303
1303	1801
593	275
593	375
593	505
593	954
1783	1485
1783	1745
1331	1309
1331	1817
1273	1462
1462	1497
1462	1578
1274	1860
1860	1370
1860	1583
1860	1747
1860	1823
1860	1911
272	522
522	421
566	625
566	750
566	753
566	835
1276	1502
1276	1512
275	467
275	891
467	400
891	339
891	416
891	642
891	722
1278	1795
1795	1328
1795	1715
1795	1738
1795	1747
1795	1823
1795	1869
1280	1738
1738	1465
278	348
1592	1768
1840	1351
1840	1414
1840	1447
1823	1405
1823	1567
681	635
681	664
1286	1397
1286	1799
1397	1455
1799	1647
282	597
597	445
597	459
1289	1485
283	780
780	488
284	811
811	285
811	589
811	954
1383	1640
1295	1403
1295	1636
1295	1669
1403	1468
1636	1618
1636	1773
1636	1837
1669	1455
1669	1562
1669	637
1669	1695
1669	1911
286	297
286	709
297	445
709	306
709	823
1296	1639
1639	1659
287	291
1690	1324
1690	1572
823	446
823	478
896	360
896	614
896	664
896	750
896	847
290	457
457	415
457	762
1301	1328
1328	302
292	574
293	542
542	324
542	520
1801	1418
296	655
296	664
655	303
655	472
655	894
664	579
445	830
434	329
434	635
589	306
589	651
786	458
300	581
1427	1647
1305	1311
1306	1461
1306	1628
1628	1460
301	625
625	485
302	555
555	539
555	764
555	803
1308	1734
1734	1459
1734	1749
303	641
641	332
641	461
641	487
641	615
306	773
773	546
773	569
592	513
309	1358
309	696
1358	1648
696	715
378	416
535	361
869	332
869	404
869	659
869	847
312	753
753	368
1522	1354
1522	1937
1911	1683
317	462
317	619
317	694
619	341
619	487
619	518
1321	1567
1567	1404
1567	1644
1567	1695
319	369
319	451
319	1459
369	368
369	598
369	656
451	404
320	637
637	937
599	877
1324	1683
1683	1488
695	532
695	598
1380	1453
1380	1644
1385	1373
324	329
324	710
329	549
710	399
710	536
710	782
325	372
325	686
325	847
372	524
372	549
847	518
847	658
326	485
326	715
485	913
715	426
715	796
764	400
764	729
1665	1916
1665	1926
549	751
549	803
830	537
830	741
830	835
830	877
332	480
480	482
480	750
480	937
1329	1332
1332	1745
1332	1789
1817	1685
1745	1453
1745	1649
1789	1465
1470	1616
1470	1763
1838	1583
1838	1625
1838	1659
1609	1613
1609	1768
335	777
777	468
635	375
635	478
338	543
338	563
543	468
1926	1390
1926	1413
1926	1616
1337	1613
341	553
553	894
1440	1593
1440	1625
1589	1598
454	425
454	648
345	452
452	567
346	518
518	598
642	350
648	466
648	837
349	524
349	631
349	729
524	438
524	662
631	513
729	409
729	511
729	788
1561	1531
1374	1946
360	511
511	476
361	418
1353	1747
1630	1681
797	422
797	614
797	636
1648	1428
368	954
954	385
954	446
954	459
954	520
954	796
954	803
1362	1553
1362	1946
1553	1851
1946	1429
1946	1490
1946	1638
1946	1663
1946	1688
1363	1433
1363	1726
1363	1851
1433	1616
1851	1425
1851	1608
1851	1627
1851	1647
1364	1574
1574	1599
1574	1612
656	529
370	877
1618	1498
1618	1916
1400	1724
1400	1763
407	546
407	611
1378	1453
1378	1647
1378	1869
1869	1390
1869	1447
375	481
375	569
375	615
481	409
481	433
615	620
615	894
377	385
377	835
385	474
385	894
835	541
835	722
1644	1768
416	523
416	546
1640	1439
1483	1431
913	400
913	433
913	442
913	488
913	498
913	537
913	659
894	651
894	775
685	751
1391	1599
1599	1533
1392	1749
1749	1928
1393	1703
1928	1937
1593	1456
1608	1454
1608	1460
1455	1617
498	937
636	658
1724	1937
1763	1532
1768	1664
1937	1456
1937	1516
1937	1837
1410	1837
1837	1452
1837	1516
399	541
541	409
751	425
751	837
1418	1533
1715	1491
404	697
405	583
405	803
583	469
583	1625
508	521
508	548
508	616
658	662
658	722
1422	1916
1916	1487
1916	1638
1423	1564
1578	1681
523	762
442	782
730	466
837	741
422	741
741	620
741	699
1431	1447
1431	1671
1671	630
1432	1532
423	527
1439	1531
1531	1562
1625	1471
747	490
1617	1596
762	925
640	559
468	659
469	649
488	520
925	600
478	662
750	937
520	490
1490	1612
1612	1516
490	539
1499	1670
1670	1539
634	590
505	796
796	605
1677	1663
605	600
620	632
