0	0
1	1
2	0
3	1
4	1
5	0
6	0
7	0
8	0
9	1
10	0
11	0
12	0
13	1
14	1
15	1
16	1
17	0
18	0
19	0
20	1
21	0
22	1
23	1
24	0
25	1
26	0
27	0
28	1
29	0
30	0
31	1
32	1
33	0
34	0
35	0
36	1
37	0
38	1
39	0
40	0
41	0
42	0
43	1
44	0
45	0
46	1
47	0
48	1
49	1
50	1
51	0
52	1
53	1
54	1
55	0
56	1
57	1
58	1
59	1
60	0
61	1
62	1
63	1
64	0
65	1
66	1
67	0
68	0
69	0
70	1
71	1
72	0
73	0
74	1
75	0
76	0
77	0
78	0
79	1
80	0
81	1
82	1
83	1
84	0
85	1
86	1
87	1
88	1
89	0
90	0
91	1
92	1
93	0
94	0
95	1
96	0
97	1
98	0
99	1
100	0
101	0
102	0
103	0
104	1
105	0
106	0
107	1
108	0
109	0
110	0
111	1
112	0
113	0
114	1
115	0
116	1
117	0
118	1
119	0
120	0
121	0
122	1
123	1
124	0
125	0
126	1
127	0
128	0
129	0
130	1
131	1
132	0
133	0
134	0
135	1
136	1
137	1
138	0
139	0
140	1
141	1
142	0
143	0
144	1
145	1
146	1
147	0
148	0
149	0
150	1
151	1
152	1
153	1
154	0
155	0
156	1
157	0
158	1
159	1
160	1
161	0
162	0
163	1
164	0
165	0
166	1
167	0
168	1
169	0
170	1
171	0
172	0
173	0
174	0
175	0
176	1
177	0
178	0
179	1
180	0
181	0
182	1
183	1
184	0
185	0
186	1
187	0
188	0
189	1
190	0
191	1
192	1
193	1
194	0
195	1
196	1
197	1
198	1
199	1
200	1
201	1
202	0
203	0
204	0
205	1
206	0
207	0
208	1
209	0
210	0
211	1
212	0
213	0
214	1
215	1
216	1
217	1
218	0
219	1
220	1
221	1
222	0
223	0
224	1
225	0
226	1
227	1
228	1
229	0
230	1
231	1
232	1
233	1
234	1
235	0
236	0
237	1
238	0
239	1
240	0
241	1
242	1
243	0
244	1
245	1
246	0
247	0
248	0
249	0
250	0
251	0
252	0
253	1
254	0
255	1
256	0
257	0
258	1
259	0
260	0
261	0
262	1
263	1
264	0
265	0
266	0
267	1
268	0
269	0
270	0
271	1
272	1
273	1
274	1
275	1
276	0
277	1
278	1
279	0
280	1
281	0
282	0
283	1
284	0
285	0
286	0
287	0
288	1
289	1
290	1
291	1
292	1
293	0
294	1
295	0
296	0
297	1
298	0
299	0
300	0
301	0
302	1
303	1
304	1
305	0
306	0
307	0
308	0
309	0
310	0
311	1
312	1
313	1
314	0
315	0
316	1
317	1
318	1
319	1
320	1
321	0
322	0
323	1
324	0
325	0
326	1
327	1
328	0
329	0
330	1
331	0
332	0
333	0
334	0
335	0
336	1
337	0
338	1
339	0
340	1
341	1
342	0
343	1
344	0
345	0
346	0
347	0
348	1
349	1
350	0
351	1
352	0
353	0
354	1
355	1
356	0
357	1
358	0
359	1
360	1
361	0
362	1
363	0
364	1
365	0
366	1
367	1
368	1
369	1
370	0
371	1
372	1
373	1
374	0
375	1
376	0
377	1
378	0
379	1
380	1
381	1
382	0
383	0
384	1
385	1
386	0
387	0
388	0
389	1
390	0
391	0
392	1
393	1
394	1
395	0
396	0
397	1
398	0
399	1
400	0
401	1
402	1
403	0
404	1
405	1
406	0
407	1
408	1
409	0
410	1
411	1
412	1
413	1
414	1
415	0
416	0
417	0
418	0
419	1
420	1
421	1
422	0
423	1
424	1
425	0
426	0
427	0
428	1
429	1
430	0
431	0
432	1
433	0
434	1
435	1
436	1
437	1
438	1
439	0
440	1
441	1
442	0
443	0
444	0
445	0
446	1
447	0
448	1
449	1
450	0
451	0
452	1
453	1
454	1
455	1
456	1
457	1
458	1
459	1
460	0
461	1
462	1
463	0
464	1
465	1
466	1
467	0
468	0
469	0
470	0
471	0
472	1
473	0
474	0
475	1
476	0
477	1
478	1
479	1
480	0
481	0
482	1
483	1
484	0
485	0
486	1
487	0
488	0
489	0
490	1
491	0
492	1
493	0
494	0
495	1
496	1
497	1
498	0
499	0
500	0
501	1
502	1
503	1
504	1
505	0
506	0
507	1
508	0
509	0
510	0
511	1
512	1
513	0
514	0
515	0
516	0
517	0
518	0
519	0
520	1
521	1
522	0
523	1
524	0
525	1
526	1
527	1
528	0
529	0
530	1
531	1
532	1
533	1
534	0
535	1
536	0
537	1
538	1
539	1
540	1
541	0
542	1
543	1
544	1
545	0
546	1
547	1
548	1
549	0
550	0
551	0
552	1
553	0
554	1
555	1
556	1
557	0
558	1
559	1
560	1
561	1
562	1
563	0
564	1
565	1
566	0
567	1
568	1
569	1
570	1
571	1
572	1
573	0
574	1
575	0
576	1
577	1
578	0
579	1
580	0
581	1
582	0
583	0
584	0
585	0
586	0
587	1
588	1
589	1
590	0
591	1
592	0
593	1
594	1
595	1
596	1
597	1
598	0
599	0
600	0
601	0
602	0
603	1
604	1
605	1
606	1
607	0
608	0
609	1
610	0
611	0
612	1
613	0
614	0
615	0
616	0
617	1
618	1
619	1
620	0
621	1
622	1
623	1
624	1
625	0
626	0
627	0
628	0
629	1
630	1
631	0
632	0
633	1
634	0
635	0
636	1
637	0
638	1
639	1
640	1
641	1
642	1
643	0
644	1
645	1
646	1
647	0
648	0
649	1
650	1
651	1
652	0
653	1
654	0
655	1
656	0
657	0
658	1
659	1
660	1
661	1
662	0
663	0
664	1
665	0
666	0
667	0
668	1
669	1
670	0
671	1
672	0
673	1
674	1
675	0
676	1
677	0
678	1
679	1
680	1
681	1
682	0
683	1
684	0
685	0
686	1
687	1
688	0
689	1
690	0
691	0
692	1
693	0
694	0
695	0
696	1
697	1
698	1
699	0
700	1
701	1
702	1
703	0
704	0
705	1
706	1
707	1
708	1
709	0
710	0
711	0
712	1
713	1
714	0
715	0
716	0
717	0
718	1
719	0
720	1
721	0
722	0
723	0
724	0
725	1
726	0
727	0
728	0
729	0
730	0
731	0
732	0
733	0
734	0
735	0
736	0
737	1
738	1
739	1
740	1
741	1
742	0
743	0
744	1
745	0
746	0
747	0
748	1
749	1
750	0
751	1
752	0
753	1
754	0
755	0
756	0
757	1
758	1
759	1
760	1
761	1
762	1
763	0
764	1
765	0
766	0
767	1
768	0
769	1
770	1
771	0
772	0
773	0
774	0
775	0
776	0
777	1
778	1
779	1
780	0
781	1
782	1
783	0
784	1
785	1
786	1
787	0
788	1
789	1
790	1
791	0
792	0
793	0
794	1
795	0
796	1
797	0
798	0
799	0
800	1
801	1
802	1
803	1
804	0
805	0
806	1
807	1
808	0
809	0
810	0
811	1
812	0
813	0
814	1
815	0
816	1
817	0
818	0
819	1
820	1
821	1
822	1
823	1
824	0
825	0
826	0
827	1
828	1
829	1
830	1
831	0
832	1
833	0
834	0
835	0
836	1
837	0
838	1
839	0
840	1
841	0
842	0
843	0
844	0
845	1
846	1
847	0
848	0
849	1
850	0
851	0
852	0
853	1
854	0
855	1
856	1
857	0
858	1
859	1
860	1
861	1
862	1
863	1
864	1
865	1
866	1
867	0
868	1
869	1
870	1
871	0
872	1
873	0
874	0
875	1
876	0
877	1
878	0
879	1
880	0
881	0
882	0
883	0
884	0
885	0
886	0
887	1
888	1
889	1
890	0
891	0
892	1
893	0
894	1
895	0
896	1
897	0
898	0
899	0
900	0
901	0
902	0
903	1
904	1
905	1
906	1
907	0
908	0
909	0
910	1
911	0
912	1
913	0
914	1
915	0
916	0
917	0
918	0
919	1
920	1
921	0
922	0
923	1
924	1
925	1
926	1
927	1
928	1
929	0
930	1
931	1
932	0
933	1
934	0
935	1
936	0
937	0
938	0
939	1
940	1
941	1
942	1
943	0
944	0
945	0
946	0
947	1
948	1
949	0
950	0
951	0
952	0
953	0
954	1
955	0
956	1
957	1
958	1
959	1
960	1
961	0
962	1
963	0
964	1
965	1
966	0
967	1
968	0
969	1
970	0
971	1
972	0
973	1
974	1
975	0
976	1
977	1
978	0
979	1
980	1
981	0
982	0
983	1
984	1
985	1
986	0
987	0
988	0
989	1
990	1
991	1
992	1
993	1
994	0
995	0
996	0
997	0
998	0
999	1
1002	0
1003	1
1004	0
1005	0
1006	0
1007	0
1008	1
1009	0
1010	0
1011	1
1012	0
1013	0
1014	1
1015	0
1016	0
1017	1
1018	1
1019	0
1020	0
1021	0
1022	0
1023	1
1024	0
1025	1
1026	1
1027	1
1028	0
1029	0
1030	1
1031	1
1032	0
1033	0
1034	0
1035	0
1036	1
1037	0
1038	1
1039	1
1040	1
1041	0
1042	0
1043	1
1044	1
1045	0
1046	0
1047	0
1048	1
1049	0
1050	1
1051	1
1052	0
1053	0
1054	1
1055	0
1056	0
1057	0
1058	0
1059	0
1060	1
1061	0
1062	0
1063	1
1064	1
1065	0
1066	1
1067	1
1068	1
1069	0
1070	1
1071	0
1072	1
1073	0
1074	0
1075	0
1076	1
1077	1
1078	0
1079	0
1080	0
1081	1
1082	0
1083	1
1084	0
1085	1
1086	0
1087	1
1088	1
1089	1
1090	1
1091	1
1092	0
1093	1
1094	0
1095	0
1096	1
1097	1
1098	0
1099	0
1100	1
1101	0
1102	1
1103	1
1104	1
1105	0
1106	1
1107	1
1108	0
1109	1
1110	0
1111	0
1112	0
1113	0
1114	1
1115	0
1116	1
1117	1
1118	1
1119	0
1120	0
1121	0
1122	1
1123	1
1124	1
1125	1
1126	1
1127	0
1128	1
1129	1
1130	0
1131	1
1132	0
1133	1
1134	1
1135	1
1136	0
1137	0
1138	1
1139	0
1140	0
1141	0
1142	1
1143	0
1144	1
1145	0
1146	0
1147	1
1148	0
1149	0
1150	1
1151	0
1152	0
1153	0
1154	1
1155	1
1156	0
1157	1
1158	0
1159	0
1160	0
1161	0
1162	0
1163	0
1164	0
1165	1
1166	0
1167	1
1168	1
1169	1
1170	1
1171	0
1172	0
1173	1
1174	0
1175	0
1176	1
1177	1
1178	1
1179	0
1180	1
1181	0
1182	1
1183	0
1184	1
1185	0
1186	1
1187	0
1188	0
1189	1
1190	1
1191	1
1192	0
1193	0
1194	1
1195	1
1196	0
1197	0
1198	0
1199	0
1200	0
1201	0
1202	1
1203	1
1204	0
1205	1
1206	0
1207	1
1208	0
1209	0
1210	1
1211	0
1212	1
1213	0
1214	0
1215	0
1216	0
1217	0
1218	0
1219	1
1220	0
1221	1
1222	0
1223	0
1224	0
1225	0
1226	1
1227	1
1228	1
1229	0
1230	0
1231	0
1232	0
1233	0
1234	1
1235	0
1236	1
1237	1
1238	0
1239	0
1240	0
1241	0
1242	0
1243	0
1244	1
1245	0
1246	0
1247	1
1248	0
1249	0
1250	0
1251	1
1252	0
1253	0
1254	1
1255	0
1256	0
1257	0
1258	1
1259	1
1260	0
1261	0
1262	0
1263	0
1264	1
1265	1
1266	0
1267	1
1268	0
1269	1
1270	0
1271	1
1272	1
1273	0
1274	0
1275	0
1276	0
1277	1
1278	0
1279	1
1280	0
1281	0
1282	0
1283	0
1284	0
1285	1
1286	1
1287	0
1288	1
1289	1
1290	0
1291	1
1292	1
1293	0
1294	1
1295	1
1296	0
1297	0
1298	1
1299	1
1300	1
1301	0
1302	1
1303	1
1304	0
1305	0
1306	1
1307	1
1308	0
1309	0
1310	1
1311	1
1312	0
1313	0
1314	1
1315	0
1316	1
1317	1
1318	1
1319	0
1320	0
1321	1
1322	1
1323	0
1324	0
1325	0
1326	0
1327	0
1328	0
1329	1
1330	0
1331	1
1332	0
1333	0
1334	0
1335	0
1336	0
1337	1
1338	1
1339	1
1340	0
1341	0
1342	0
1343	0
1344	1
1345	1
1346	0
1347	1
1348	1
1349	0
1350	1
1351	0
1352	0
1353	1
1354	1
1355	1
1356	0
1357	1
1358	1
1359	1
1360	0
1361	1
1362	0
1363	1
1364	0
1365	0
1366	0
1367	0
1368	1
1369	0
1370	0
1371	1
1372	0
1373	0
1374	0
1375	1
1376	1
1377	1
1378	1
1379	0
1380	1
1381	0
1382	1
1383	1
1384	0
1385	1
1386	0
1387	1
1388	0
1389	0
1390	0
1391	1
1392	1
1393	0
1394	1
1395	0
1396	1
1397	1
1398	0
1399	1
1400	0
1401	0
1402	1
1403	0
1404	0
1405	1
1406	1
1407	0
1408	0
1409	1
1410	1
1411	1
1412	0
1413	1
1414	1
1415	1
1416	1
1417	0
1418	0
1419	1
1420	1
1421	1
1422	0
1423	0
1424	1
1425	0
1426	0
1427	0
1428	1
1429	0
1430	0
1431	1
1432	1
1433	0
1434	1
1435	1
1436	1
1437	0
1438	0
1439	0
1440	0
1441	0
1442	1
1443	1
1444	0
1445	0
1446	1
1447	0
1448	1
1449	0
1450	0
1451	0
1452	1
1453	1
1454	1
1455	0
1456	1
1457	0
1458	1
1459	1
1460	0
1461	0
1462	1
1463	1
1464	1
1465	0
1466	0
1467	1
1468	1
1469	0
1470	1
1471	0
1472	0
1473	1
1474	1
1475	1
1476	0
1477	1
1478	0
1479	0
1480	1
1481	1
1482	1
1483	0
1484	1
1485	1
1486	0
1487	1
1488	0
1489	0
1490	0
1491	1
1492	0
1493	0
1494	0
1495	1
1496	1
1497	0
1498	0
1499	0
1500	0
1501	1
1502	0
1503	1
1504	1
1505	1
1506	0
1507	0
1508	0
1509	1
1510	0
1511	0
1512	0
1513	1
1514	0
1515	1
1516	0
1517	1
1518	0
1519	0
1520	0
1521	1
1522	1
1523	0
1524	0
1525	0
1526	1
1527	0
1528	0
1529	1
1530	0
1531	1
1532	1
1533	0
1534	0
1535	1
1536	0
1537	1
1538	1
1539	0
1540	1
1541	1
1542	1
1543	1
1544	0
1545	0
1546	1
1547	1
1548	0
1549	0
1550	1
1551	1
1552	1
1553	0
1554	1
1555	1
1556	1
1557	0
1558	1
1559	0
1560	1
1561	1
1562	1
1563	1
1564	1
1565	0
1566	1
1567	0
1568	0
1569	1
1570	0
1571	0
1572	1
1573	0
1574	1
1575	1
1576	1
1577	0
1578	1
1579	0
1580	0
1581	1
1582	1
1583	1
1584	1
1585	1
1586	1
1587	1
1588	0
1589	0
1590	1
1591	1
1592	1
1593	1
1594	0
1595	1
1596	0
1597	1
1598	0
1599	0
1600	0
1601	0
1602	0
1603	1
1604	1
1605	0
1606	0
1607	1
1608	1
1609	1
1610	0
1611	0
1612	1
1613	0
1614	0
1615	0
1616	1
1617	1
1618	1
1619	0
1620	1
1621	0
1622	0
1623	0
1624	0
1625	1
1626	1
1627	0
1628	1
1629	0
1630	0
1631	0
1632	0
1633	1
1634	1
1635	0
1636	0
1637	1
1638	0
1639	1
1640	0
1641	0
1642	0
1643	0
1644	1
1645	1
1646	0
1647	1
1648	1
1649	0
1650	1
1651	0
1652	1
1653	0
1654	1
1655	1
1656	1
1657	0
1658	0
1659	0
1660	0
1661	1
1662	0
1663	0
1664	1
1665	1
1666	1
1667	1
1668	0
1669	1
1670	0
1671	0
1672	1
1673	0
1674	1
1675	0
1676	1
1677	0
1678	0
1679	1
1680	1
1681	0
1682	1
1683	1
1684	0
1685	0
1686	0
1687	1
1688	0
1689	1
1690	1
1691	1
1692	0
1693	0
1694	0
1695	0
1696	0
1697	0
1698	0
1699	0
1700	1
1701	0
1702	1
1703	0
1704	1
1705	0
1706	0
1707	1
1708	0
1709	1
1710	0
1711	1
1712	0
1713	0
1714	0
1715	1
1716	0
1717	1
1718	1
1719	1
1720	1
1721	1
1722	1
1723	1
1724	1
1725	0
1726	1
1727	0
1728	1
1729	1
1730	0
1731	1
1732	0
1733	1
1734	1
1735	0
1736	1
1737	0
1738	0
1739	0
1740	1
1741	1
1742	1
1743	0
1744	0
1745	1
1746	1
1747	0
1748	1
1749	0
1750	1
1751	1
1752	0
1753	1
1754	1
1755	0
1756	1
1757	1
1758	0
1759	1
1760	1
1761	0
1762	0
1763	1
1764	0
1765	0
1766	0
1767	1
1768	0
1769	1
1770	0
1771	0
1772	1
1773	0
1774	0
1775	0
1776	1
1777	0
1778	1
1779	1
1780	0
1781	0
1782	1
1783	0
1784	1
1785	1
1786	0
1787	1
1788	1
1789	1
1790	1
1791	0
1792	0
1793	0
1794	1
1795	1
1796	1
1797	0
1798	1
1799	1
1800	0
1801	0
1802	0
1803	1
1804	1
1805	0
1806	0
1807	1
1808	1
1809	1
1810	0
1811	1
1812	1
1813	0
1814	1
1815	0
1816	1
1817	0
1818	0
1819	0
1820	0
1821	1
1822	0
1823	1
1824	0
1825	1
1826	1
1827	0
1828	1
1829	1
1830	0
1831	0
1832	1
1833	1
1834	1
1835	0
1836	0
1837	1
1838	1
1839	0
1840	1
1841	1
1842	1
1843	0
1844	0
1845	0
1846	1
1847	0
1848	0
1849	0
1850	1
1851	1
1852	1
1853	1
1854	0
1855	0
1856	0
1857	0
1858	1
1859	1
1860	0
1861	0
1862	0
1863	0
1864	0
1865	0
1866	0
1867	0
1868	1
1869	0
1870	0
1871	1
1872	0
1873	1
1874	1
1875	0
1876	1
1877	0
1878	1
1879	0
1880	0
1881	1
1882	0
1883	0
1884	0
1885	0
1886	1
1887	1
1888	1
1889	1
1890	1
1891	1
1892	1
1893	0
1894	1
1895	0
1896	0
1897	1
1898	1
1899	1
1900	1
1901	0
1902	1
1903	1
1904	0
1905	0
1906	1
1907	1
1908	1
1909	0
1910	1
1911	1
1912	1
1913	0
1914	1
1915	1
1916	1
1917	1
1918	0
1919	0
1920	1
1921	1
1922	0
1923	0
1924	1
1925	0
1926	1
1927	0
1928	1
1929	0
1930	1
1931	1
1932	0
1933	0
1934	0
1935	1
1936	0
1937	1
1938	0
1939	0
1940	0
1941	1
1942	1
1943	1
1944	0
1945	1
1946	0
1947	1
1948	0
1949	1
1950	1
1951	0
1952	0
1953	1
1954	1
1955	1
1956	0
1957	1
1958	0
1959	1
1960	0
1961	1
1962	0
1963	1
1964	0
1965	1
1966	1
1967	1
1968	0
1969	0
1970	1
1971	0
1972	0
1973	1
1974	1
1975	1
1976	0
1977	1
1978	0
1979	0
1980	1
1981	1
1982	0
1983	1
1984	0
1985	0
1986	1
1987	0
1988	0
1989	1
1990	1
1991	0
1992	0
1993	1
1994	1
1995	0
1996	1
1997	0
1998	0
1999	0
2000	0
2001	0
1000	None
