0	0
1	1
2	0
3	0
4	1
5	1
6	0
7	1
8	0
9	0
10	1
11	0
12	0
13	1
14	1
15	1
16	1
17	0
18	0
19	1
20	0
21	1
22	0
23	1
24	1
25	1
26	1
27	1
28	0
29	0
30	0
31	0
32	0
33	1
34	1
35	1
36	1
37	0
38	1
39	0
40	0
41	1
42	0
43	1
44	0
45	0
46	0
47	0
48	1
49	1
50	1
51	1
52	1
53	0
54	0
55	1
56	0
57	0
58	1
59	0
60	0
61	0
62	1
63	1
64	0
65	0
66	1
67	0
68	1
69	1
70	0
71	1
72	1
73	1
74	0
75	0
76	1
77	0
78	1
79	1
80	1
81	0
82	1
83	0
84	1
85	1
86	0
87	0
88	1
89	0
90	0
91	1
92	1
93	0
94	1
95	1
96	1
97	1
98	1
99	1
100	0
101	0
102	1
103	0
104	0
105	0
106	1
107	1
108	0
109	0
110	1
111	0
112	0
113	1
114	0
115	0
116	0
117	1
118	1
119	0
120	0
121	0
122	1
123	0
124	1
125	0
126	0
127	0
128	1
129	1
130	1
131	1
132	1
133	1
134	1
135	1
136	0
137	1
138	1
139	0
140	0
141	1
142	0
143	0
144	1
145	0
146	1
147	0
148	0
149	1
150	0
151	0
152	0
153	0
154	1
155	0
156	0
157	1
158	1
159	1
160	0
161	0
162	0
163	1
164	0
165	1
166	1
167	0
168	0
169	1
170	0
171	1
172	1
173	1
174	0
175	0
176	1
177	1
178	1
179	0
180	0
181	1
182	1
183	1
184	1
185	0
186	0
187	0
188	0
189	0
190	1
191	1
192	1
193	1
194	1
195	0
196	0
197	1
198	1
199	0
200	1
201	1
202	0
203	0
204	1
205	0
206	0
207	1
208	1
209	0
210	0
211	0
212	1
213	0
214	1
215	1
216	0
217	0
218	1
219	1
220	0
221	0
222	0
223	0
224	0
225	1
226	1
227	0
228	0
229	1
230	1
231	1
232	0
233	1
234	1
235	0
236	0
237	0
238	1
239	1
240	1
241	1
242	0
243	0
244	0
245	0
246	1
247	1
248	1
249	0
250	0
251	1
252	0
253	1
254	0
255	0
256	1
257	0
258	1
259	0
260	0
261	1
262	1
263	1
264	1
265	1
266	0
267	1
268	1
269	1
270	0
271	1
272	1
273	0
274	0
275	0
276	1
277	1
278	0
279	0
280	0
281	1
282	1
283	0
284	0
285	0
286	0
287	1
288	1
289	1
290	1
291	1
292	1
293	0
294	1
295	1
296	1
297	0
298	0
299	0
300	0
301	1
302	0
303	1
304	1
305	1
306	1
307	0
308	0
309	0
310	1
311	1
312	0
313	0
314	0
315	0
316	1
317	1
318	1
319	0
320	0
321	0
322	1
323	1
324	1
325	1
326	0
327	0
328	0
329	0
330	1
331	0
332	1
333	0
334	0
335	0
336	1
337	1
338	1
339	1
340	0
341	0
342	0
343	1
344	1
345	0
346	0
347	0
348	1
349	0
350	1
351	1
352	0
353	1
354	0
355	1
356	1
357	1
358	1
359	1
360	1
361	0
362	1
363	1
364	1
365	0
366	0
367	0
368	0
369	0
370	1
371	0
372	0
373	0
374	1
375	0
376	0
377	1
378	0
379	0
380	0
381	1
382	0
383	0
384	1
385	1
386	0
387	0
388	0
389	1
390	1
391	0
392	0
393	1
394	0
395	0
396	1
397	1
398	1
399	1
400	0
401	0
402	0
403	0
404	0
405	0
406	0
407	0
408	0
409	1
410	0
411	0
412	0
413	0
414	1
415	0
416	0
417	0
418	0
419	1
420	0
421	1
422	0
423	1
424	1
425	1
426	1
427	0
428	0
429	0
430	1
431	1
432	1
433	0
434	1
435	0
436	1
437	1
438	1
439	0
440	1
441	1
442	1
443	1
444	1
445	1
446	1
447	1
448	0
449	1
450	1
451	0
452	0
453	0
454	1
455	1
456	0
457	0
458	1
459	0
460	1
461	1
462	0
463	1
464	0
465	1
466	0
467	0
468	0
469	1
470	0
471	0
472	0
473	0
474	1
475	1
476	1
477	1
478	0
479	1
480	1
481	0
482	1
483	0
484	1
485	0
486	0
487	0
488	1
489	0
490	1
491	0
492	1
493	1
494	0
495	0
496	1
497	1
498	1
499	1
500	0
501	0
502	0
503	0
504	0
505	0
506	1
507	1
508	0
509	0
510	0
511	0
512	0
513	0
514	0
515	1
516	1
517	0
518	1
519	1
520	0
521	0
522	1
523	1
524	1
525	0
526	1
527	0
528	1
529	1
530	1
531	1
532	0
533	1
534	0
535	1
536	0
537	1
538	1
539	0
540	0
541	1
542	1
543	1
544	1
545	0
546	0
547	0
548	0
549	1
550	1
551	0
552	1
553	0
554	1
555	1
556	1
557	0
558	0
559	1
560	1
561	1
562	0
563	1
564	0
565	0
566	0
567	0
568	0
569	1
570	1
571	0
572	0
573	0
574	0
575	0
576	1
577	0
578	0
579	1
580	1
581	0
582	1
583	1
584	1
585	0
586	0
587	0
588	1
589	0
590	0
591	0
592	0
593	1
594	0
595	0
596	1
597	0
598	0
599	0
600	1
601	0
602	1
603	1
604	0
605	1
606	1
607	1
608	0
609	0
610	1
611	1
612	0
613	1
614	1
615	0
616	0
617	1
618	1
619	0
620	1
621	1
622	0
623	0
624	0
625	1
626	0
627	0
628	0
629	1
630	0
631	1
632	1
633	1
634	1
635	0
636	0
637	0
638	0
639	0
640	1
641	1
642	1
643	0
644	1
645	0
646	1
647	1
648	0
649	0
650	0
651	0
652	0
653	0
654	1
655	0
656	1
657	1
658	1
659	1
660	0
661	0
662	0
663	0
664	1
665	1
666	1
667	1
668	0
669	1
670	0
671	0
672	1
673	0
674	0
675	0
676	0
677	0
678	0
679	1
680	1
681	1
682	0
683	0
684	1
685	0
686	0
687	1
688	0
689	1
690	0
691	0
692	1
693	1
694	0
695	0
696	0
697	0
698	0
699	1
700	1
701	0
702	0
703	1
704	0
705	0
706	1
707	0
708	1
709	1
710	0
711	0
712	0
713	0
714	1
715	0
716	0
717	1
718	1
719	1
720	1
721	0
722	1
723	1
724	0
725	0
726	0
727	1
728	0
729	1
730	0
731	1
732	0
733	0
734	1
735	0
736	0
737	1
738	0
739	0
740	1
741	1
742	0
743	0
744	0
745	1
746	0
747	0
748	0
749	0
750	1
751	0
752	0
753	1
754	0
755	0
756	0
757	1
758	1
759	1
760	1
761	0
762	1
763	1
764	1
765	1
766	0
767	0
768	0
769	1
770	1
771	0
772	1
773	0
774	0
775	0
776	0
777	0
778	0
779	0
780	0
781	1
782	1
783	1
784	1
785	0
786	1
787	1
788	0
789	1
790	1
791	1
792	0
793	1
794	0
795	0
796	1
797	0
798	1
799	0
800	0
801	1
802	1
803	1
804	1
805	0
806	0
807	1
808	1
809	0
810	0
811	1
812	1
813	1
814	1
815	0
816	0
817	1
818	1
819	0
820	1
821	1
822	0
823	0
824	1
825	0
826	0
827	1
828	0
829	0
830	0
831	1
832	1
833	0
834	1
835	1
836	0
837	1
838	0
839	1
840	0
841	0
842	0
843	1
844	0
845	1
846	1
847	0
848	1
849	0
850	1
851	1
852	0
853	0
854	0
855	0
856	0
857	1
858	1
859	0
860	1
861	1
862	0
863	0
864	0
865	0
866	0
867	1
868	0
869	1
870	1
871	1
872	1
873	1
874	1
875	1
876	0
877	1
878	0
879	1
880	1
881	1
882	1
883	0
884	0
885	0
886	0
887	0
888	1
889	0
890	0
891	0
892	0
893	1
894	1
895	1
896	0
897	0
898	0
899	0
900	0
901	1
902	1
903	1
904	1
905	1
906	1
907	0
908	1
909	1
910	0
911	1
912	1
913	1
914	0
915	0
916	0
917	1
918	1
919	0
920	1
921	0
922	0
923	0
924	1
925	1
926	1
927	1
928	1
929	0
930	1
931	1
932	1
933	1
934	1
935	1
936	1
937	1
938	1
939	0
940	1
941	0
942	0
943	0
944	0
945	1
946	0
947	0
948	0
949	0
950	0
951	1
952	1
953	1
954	1
955	0
956	0
957	0
958	1
959	1
960	0
961	0
962	0
963	1
964	0
965	0
966	1
967	0
968	1
969	0
970	0
971	0
972	0
973	0
974	0
975	0
976	0
977	1
978	1
979	0
980	0
981	0
982	0
983	1
984	0
985	0
986	0
987	1
988	1
989	0
990	0
991	1
992	0
993	1
994	1
995	1
996	0
997	0
998	1
999	0
1002	0
1003	1
1004	0
1005	1
1006	1
1007	1
1008	1
1009	0
1010	0
1011	0
1012	1
1013	0
1014	1
1015	0
1016	0
1017	0
1018	1
1019	1
1020	0
1021	1
1022	1
1023	0
1024	0
1025	0
1026	1
1027	0
1028	0
1029	0
1030	1
1031	0
1032	1
1033	1
1034	0
1035	1
1036	0
1037	1
1038	1
1039	1
1040	1
1041	1
1042	0
1043	0
1044	1
1045	1
1046	0
1047	1
1048	0
1049	0
1050	1
1051	1
1052	0
1053	1
1054	1
1055	1
1056	0
1057	1
1058	1
1059	0
1060	1
1061	1
1062	0
1063	1
1064	1
1065	1
1066	0
1067	1
1068	1
1069	0
1070	0
1071	0
1072	1
1073	0
1074	0
1075	0
1076	0
1077	0
1078	1
1079	0
1080	1
1081	0
1082	1
1083	0
1084	0
1085	0
1086	0
1087	1
1088	1
1089	0
1090	0
1091	0
1092	1
1093	1
1094	0
1095	1
1096	0
1097	1
1098	1
1099	0
1100	0
1101	1
1102	1
1103	1
1104	1
1105	0
1106	0
1107	0
1108	0
1109	1
1110	0
1111	0
1112	0
1113	1
1114	0
1115	0
1116	0
1117	0
1118	0
1119	0
1120	0
1121	0
1122	1
1123	0
1124	0
1125	1
1126	0
1127	0
1128	1
1129	1
1130	1
1131	1
1132	0
1133	1
1134	0
1135	1
1136	0
1137	0
1138	1
1139	0
1140	1
1141	1
1142	1
1143	0
1144	1
1145	1
1146	0
1147	0
1148	1
1149	0
1150	0
1151	1
1152	1
1153	1
1154	1
1155	0
1156	0
1157	0
1158	1
1159	1
1160	1
1161	0
1162	1
1163	0
1164	0
1165	1
1166	1
1167	1
1168	1
1169	0
1170	1
1171	0
1172	0
1173	0
1174	1
1175	1
1176	1
1177	0
1178	0
1179	0
1180	1
1181	0
1182	0
1183	1
1184	0
1185	0
1186	1
1187	1
1188	0
1189	1
1190	0
1191	1
1192	1
1193	1
1194	0
1195	1
1196	1
1197	1
1198	1
1199	1
1200	1
1201	0
1202	0
1203	1
1204	1
1205	1
1206	1
1207	0
1208	1
1209	0
1210	1
1211	1
1212	0
1213	1
1214	0
1215	1
1216	0
1217	1
1218	1
1219	1
1220	1
1221	0
1222	1
1223	1
1224	0
1225	0
1226	0
1227	1
1228	1
1229	1
1230	1
1231	0
1232	0
1233	0
1234	0
1235	1
1236	1
1237	0
1238	1
1239	1
1240	0
1241	1
1242	0
1243	0
1244	0
1245	1
1246	0
1247	1
1248	1
1249	1
1250	1
1251	0
1252	0
1253	1
1254	0
1255	1
1256	0
1257	0
1258	1
1259	1
1260	0
1261	1
1262	1
1263	0
1264	0
1265	1
1266	1
1267	0
1268	1
1269	0
1270	1
1271	1
1272	1
1273	0
1274	1
1275	0
1276	0
1277	1
1278	0
1279	1
1280	0
1281	1
1282	0
1283	1
1284	0
1285	0
1286	1
1287	1
1288	0
1289	0
1290	1
1291	1
1292	1
1293	0
1294	1
1295	0
1296	0
1297	1
1298	1
1299	0
1300	1
1301	1
1302	0
1303	1
1304	1
1305	1
1306	1
1307	0
1308	0
1309	1
1310	0
1311	0
1312	0
1313	0
1314	0
1315	0
1316	1
1317	1
1318	1
1319	1
1320	1
1321	0
1322	1
1323	1
1324	0
1325	0
1326	0
1327	0
1328	1
1329	0
1330	0
1331	1
1332	0
1333	1
1334	0
1335	0
1336	1
1337	0
1338	0
1339	0
1340	0
1341	0
1342	1
1343	0
1344	0
1345	1
1346	1
1347	0
1348	0
1349	0
1350	1
1351	0
1352	0
1353	1
1354	0
1355	0
1356	1
1357	1
1358	1
1359	1
1360	1
1361	0
1362	1
1363	1
1364	0
1365	1
1366	1
1367	1
1368	1
1369	1
1370	1
1371	0
1372	0
1373	1
1374	0
1375	0
1376	0
1377	1
1378	1
1379	1
1380	0
1381	0
1382	1
1383	1
1384	0
1385	0
1386	0
1387	0
1388	1
1389	1
1390	1
1391	1
1392	1
1393	0
1394	1
1395	1
1396	0
1397	0
1398	0
1399	1
1400	0
1401	0
1402	0
1403	0
1404	0
1405	0
1406	0
1407	0
1408	0
1409	1
1410	1
1411	1
1412	1
1413	0
1414	1
1415	0
1416	1
1417	0
1418	1
1419	0
1420	1
1421	0
1422	0
1423	0
1424	0
1425	0
1426	1
1427	1
1428	0
1429	0
1430	0
1431	1
1432	1
1433	0
1434	0
1435	0
1436	0
1437	1
1438	1
1439	0
1440	1
1441	0
1442	0
1443	0
1444	1
1445	0
1446	1
1447	0
1448	0
1449	1
1450	0
1451	1
1452	0
1453	1
1454	1
1455	0
1456	1
1457	0
1458	0
1459	0
1460	0
1461	1
1462	0
1463	1
1464	0
1465	0
1466	1
1467	0
1468	1
1469	0
1470	0
1471	0
1472	1
1473	1
1474	0
1475	1
1476	1
1477	0
1478	1
1479	0
1480	1
1481	0
1482	0
1483	1
1484	1
1485	1
1486	0
1487	1
1488	1
1489	1
1490	0
1491	0
1492	0
1493	1
1494	0
1495	1
1496	0
1497	1
1498	0
1499	0
1500	1
1501	1
1502	1
1503	1
1504	0
1505	1
1506	0
1507	0
1508	1
1509	0
1510	0
1511	0
1512	1
1513	1
1514	0
1515	0
1516	1
1517	0
1518	1
1519	1
1520	1
1521	1
1522	0
1523	0
1524	1
1525	1
1526	1
1527	1
1528	1
1529	0
1530	1
1531	1
1532	1
1533	0
1534	0
1535	1
1536	1
1537	0
1538	1
1539	1
1540	0
1541	1
1542	1
1543	1
1544	0
1545	1
1546	0
1547	0
1548	0
1549	0
1550	1
1551	0
1552	1
1553	1
1554	1
1555	0
1556	0
1557	1
1558	1
1559	0
1560	1
1561	0
1562	0
1563	0
1564	1
1565	0
1566	1
1567	1
1568	1
1569	0
1570	1
1571	0
1572	1
1573	0
1574	0
1575	1
1576	0
1577	0
1578	1
1579	1
1580	0
1581	0
1582	1
1583	1
1584	1
1585	1
1586	1
1587	1
1588	1
1589	1
1590	1
1591	1
1592	1
1593	1
1594	1
1595	0
1596	1
1597	0
1598	0
1599	0
1600	1
1601	0
1602	1
1603	1
1604	0
1605	0
1606	0
1607	0
1608	0
1609	0
1610	0
1611	1
1612	1
1613	0
1614	1
1615	1
1616	0
1617	0
1618	1
1619	0
1620	1
1621	1
1622	1
1623	0
1624	0
1625	0
1626	1
1627	0
1628	0
1629	0
1630	0
1631	0
1632	1
1633	0
1634	0
1635	0
1636	0
1637	0
1638	1
1639	0
1640	0
1641	1
1642	0
1643	0
1644	0
1645	0
1646	0
1647	1
1648	1
1649	1
1650	1
1651	0
1652	1
1653	0
1654	0
1655	0
1656	1
1657	1
1658	1
1659	0
1660	1
1661	1
1662	1
1663	1
1664	1
1665	1
1666	0
1667	1
1668	1
1669	1
1670	0
1671	0
1672	1
1673	0
1674	0
1675	1
1676	1
1677	1
1678	1
1679	1
1680	1
1681	1
1682	1
1683	1
1684	1
1685	0
1686	1
1687	0
1688	0
1689	0
1690	0
1691	0
1692	1
1693	0
1694	0
1695	0
1696	0
1697	1
1698	1
1699	1
1700	1
1701	1
1702	1
1703	1
1704	1
1705	1
1706	0
1707	0
1708	1
1709	0
1710	0
1711	1
1712	1
1713	0
1714	1
1715	1
1716	1
1717	1
1718	1
1719	0
1720	1
1721	1
1722	1
1723	0
1724	1
1725	1
1726	1
1727	0
1728	1
1729	0
1730	1
1731	0
1732	1
1733	1
1734	0
1735	1
1736	1
1737	1
1738	1
1739	0
1740	0
1741	0
1742	0
1743	0
1744	0
1745	0
1746	1
1747	0
1748	0
1749	1
1750	0
1751	1
1752	0
1753	0
1754	1
1755	0
1756	1
1757	0
1758	1
1759	0
1760	1
1761	1
1762	0
1763	1
1764	0
1765	1
1766	0
1767	0
1768	1
1769	0
1770	0
1771	1
1772	0
1773	1
1774	0
1775	1
1776	0
1777	0
1778	1
1779	0
1780	1
1781	1
1782	0
1783	1
1784	1
1785	0
1786	0
1787	0
1788	0
1789	1
1790	1
1791	1
1792	0
1793	0
1794	1
1795	1
1796	0
1797	0
1798	0
1799	0
1800	1
1801	0
1802	0
1803	1
1804	1
1805	0
1806	1
1807	0
1808	0
1809	1
1810	1
1811	0
1812	1
1813	0
1814	0
1815	0
1816	1
1817	1
1818	1
1819	0
1820	0
1821	0
1822	0
1823	0
1824	0
1825	1
1826	1
1827	0
1828	0
1829	0
1830	0
1831	0
1832	1
1833	0
1834	1
1835	0
1836	0
1837	1
1838	1
1839	0
1840	0
1841	1
1842	0
1843	0
1844	1
1845	0
1846	1
1847	0
1848	1
1849	0
1850	1
1851	0
1852	1
1853	0
1854	1
1855	0
1856	1
1857	0
1858	1
1859	0
1860	1
1861	0
1862	0
1863	1
1864	1
1865	1
1866	1
1867	1
1868	0
1869	0
1870	1
1871	1
1872	1
1873	0
1874	1
1875	1
1876	1
1877	1
1878	0
1879	0
1880	0
1881	0
1882	0
1883	1
1884	0
1885	1
1886	1
1887	1
1888	1
1889	1
1890	0
1891	1
1892	0
1893	1
1894	0
1895	0
1896	0
1897	0
1898	1
1899	0
1900	0
1901	1
1902	1
1903	1
1904	0
1905	1
1906	1
1907	0
1908	0
1909	1
1910	1
1911	0
1912	0
1913	1
1914	0
1915	0
1916	1
1917	1
1918	0
1919	0
1920	1
1921	1
1922	0
1923	1
1924	0
1925	1
1926	1
1927	0
1928	0
1929	0
1930	1
1931	1
1932	0
1933	1
1934	0
1935	0
1936	1
1937	0
1938	0
1939	1
1940	1
1941	1
1942	1
1943	0
1944	1
1945	1
1946	1
1947	0
1948	0
1949	1
1950	1
1951	1
1952	0
1953	1
1954	0
1955	1
1956	1
1957	1
1958	1
1959	1
1960	0
1961	1
1962	0
1963	0
1964	1
1965	1
1966	0
1967	1
1968	1
1969	1
1970	1
1971	1
1972	1
1973	0
1974	1
1975	0
1976	1
1977	1
1978	1
1979	1
1980	1
1981	0
1982	1
1983	1
1984	1
1985	1
1986	1
1987	1
1988	1
1989	0
1990	1
1991	0
1992	1
1993	1
1994	0
1995	0
1996	0
1997	1
1998	1
1999	0
2000	0
2001	1
1001	None
