0	0
1	1
2	0
3	0
4	1
5	0
6	1
7	0
8	0
9	0
10	0
11	0
12	0
13	0
14	0
15	0
16	0
17	0
18	1
19	0
20	1
21	1
22	1
23	1
24	0
25	0
26	0
27	0
28	1
29	1
30	0
31	1
32	0
33	1
34	0
35	1
36	1
37	1
38	0
39	1
40	1
41	0
42	0
43	1
44	1
45	1
46	0
47	0
48	0
49	1
50	0
51	1
52	1
53	1
54	0
55	0
56	1
57	1
58	0
59	0
60	0
61	0
62	1
63	0
64	0
65	0
66	1
67	0
68	1
69	1
70	1
71	1
72	1
73	1
74	1
75	0
76	1
77	0
78	1
79	0
80	1
81	0
82	1
83	0
84	0
85	0
86	0
87	1
88	0
89	1
90	0
91	0
92	1
93	0
94	1
95	1
96	1
97	1
98	0
99	0
100	0
101	0
102	0
103	0
104	0
105	1
106	0
107	0
108	1
109	1
110	0
111	0
112	0
113	0
114	0
115	1
116	0
117	1
118	1
119	1
120	0
121	1
122	1
123	0
124	0
125	0
126	1
127	0
128	1
129	0
130	1
131	0
132	0
133	0
134	1
135	0
136	0
137	1
138	1
139	0
140	0
141	1
142	1
143	0
144	1
145	1
146	0
147	0
148	1
149	0
150	0
151	0
152	0
153	0
154	0
155	1
156	1
157	0
158	1
159	0
160	0
161	0
162	1
163	0
164	1
165	1
166	0
167	0
168	0
169	0
170	0
171	1
172	1
173	1
174	0
175	0
176	0
177	0
178	1
179	1
180	1
181	1
182	1
183	1
184	1
185	1
186	1
187	1
188	0
189	1
190	1
191	1
192	1
193	1
194	1
195	1
196	1
197	1
198	0
199	1
200	0
201	0
202	0
203	1
204	0
205	1
206	1
207	1
208	1
209	1
210	0
211	1
212	0
213	1
214	0
215	0
216	0
217	0
218	0
219	1
220	1
221	1
222	1
223	1
224	0
225	0
226	0
227	1
228	1
229	1
230	1
231	1
232	0
233	1
234	0
235	0
236	1
237	1
238	1
239	0
240	0
241	0
242	1
243	1
244	1
245	1
246	0
247	0
248	0
249	1
250	0
251	1
252	1
253	0
254	0
255	1
256	1
257	0
258	1
259	0
260	0
261	0
262	1
263	1
264	0
265	0
266	1
267	1
268	1
269	0
270	0
271	1
272	1
273	0
274	0
275	0
276	1
277	0
278	0
279	1
280	1
281	1
282	0
283	0
284	1
285	1
286	0
287	1
288	0
289	0
290	1
291	0
292	1
293	0
294	0
295	0
296	0
297	0
298	0
299	0
300	1
301	1
302	1
303	1
304	0
305	0
306	0
307	0
308	1
309	0
310	1
311	1
312	0
313	1
314	0
315	1
316	0
317	1
318	1
319	0
320	0
321	1
322	0
323	0
324	0
325	1
326	1
327	1
328	0
329	0
330	1
331	0
332	1
333	1
334	0
335	0
336	1
337	1
338	1
339	1
340	0
341	0
342	1
343	0
344	1
345	1
346	0
347	1
348	0
349	1
350	1
351	0
352	0
353	1
354	1
355	0
356	1
357	1
358	1
359	1
360	0
361	0
362	0
363	1
364	0
365	0
366	0
367	0
368	0
369	1
370	0
371	0
372	0
373	0
374	0
375	0
376	1
377	0
378	0
379	1
380	1
381	0
382	1
383	0
384	0
385	1
386	1
387	1
388	1
389	0
390	0
391	0
392	0
393	0
394	1
395	0
396	0
397	0
398	1
399	1
400	1
401	1
402	0
403	1
404	0
405	1
406	1
407	0
408	1
409	1
410	0
411	0
412	1
413	0
414	1
415	0
416	0
417	1
418	0
419	0
420	0
421	0
422	0
423	1
424	1
425	1
426	1
427	0
428	0
429	1
430	0
431	0
432	1
433	1
434	0
435	1
436	0
437	0
438	0
439	0
440	0
441	0
442	0
443	1
444	0
445	0
446	1
447	0
448	1
449	0
450	0
451	0
452	1
453	0
454	0
455	0
456	1
457	0
458	0
459	0
460	0
461	0
462	1
463	1
464	0
465	1
466	0
467	0
468	0
469	1
470	1
471	1
472	0
473	1
474	0
475	1
476	0
477	1
478	0
479	1
480	1
481	0
482	1
483	0
484	1
485	0
486	0
487	0
488	0
489	1
490	0
491	1
492	0
493	0
494	0
495	0
496	0
497	1
498	1
499	0
500	0
501	0
502	1
503	1
504	1
505	0
506	1
507	1
508	1
509	1
510	0
511	1
512	1
513	1
514	1
515	0
516	0
517	1
518	1
519	0
520	1
521	0
522	1
523	1
524	1
525	1
526	1
527	1
528	0
529	0
530	1
531	1
532	0
533	0
534	1
535	0
536	0
537	1
538	1
539	1
540	1
541	0
542	0
543	1
544	0
545	1
546	1
547	1
548	0
549	1
550	0
551	0
552	1
553	1
554	0
555	1
556	1
557	1
558	0
559	0
560	0
561	0
562	1
563	0
564	0
565	0
566	0
567	0
568	1
569	0
570	0
571	0
572	0
573	1
574	0
575	0
576	1
577	1
578	1
579	1
580	0
581	0
582	0
583	0
584	0
585	1
586	1
587	1
588	1
589	0
590	1
591	0
592	1
593	0
594	1
595	1
596	0
597	0
598	1
599	1
600	1
601	1
602	0
603	1
604	0
605	1
606	1
607	0
608	1
609	0
610	0
611	0
612	1
613	1
614	0
615	1
616	1
617	1
618	1
619	0
620	0
621	0
622	1
623	1
624	1
625	0
626	0
627	1
628	1
629	0
630	1
631	1
632	1
633	0
634	1
635	0
636	1
637	1
638	1
639	0
640	1
641	1
642	0
643	1
644	0
645	0
646	1
647	0
648	1
649	0
650	1
651	1
652	0
653	1
654	0
655	1
656	1
657	1
658	0
659	1
660	0
661	0
662	1
663	1
664	0
665	1
666	1
667	0
668	0
669	0
670	1
671	0
672	1
673	1
674	1
675	0
676	0
677	1
678	0
679	1
680	1
681	0
682	1
683	1
684	1
685	0
686	0
687	1
688	1
689	1
690	0
691	0
692	0
693	0
694	0
695	0
696	1
697	0
698	0
699	1
700	1
701	0
702	1
703	0
704	1
705	1
706	0
707	0
708	0
709	0
710	0
711	1
712	0
713	1
714	0
715	0
716	1
717	1
718	1
719	0
720	1
721	1
722	0
723	0
724	1
725	1
726	0
727	1
728	1
729	1
730	1
731	1
732	0
733	1
734	1
735	0
736	1
737	1
738	0
739	1
740	1
741	1
742	1
743	0
744	1
745	0
746	1
747	0
748	0
749	0
750	1
751	0
752	1
753	0
754	1
755	0
756	1
757	0
758	1
759	1
760	1
761	1
762	0
763	0
764	1
765	1
766	1
767	1
768	0
769	0
770	0
771	1
772	0
773	1
774	0
775	1
776	0
777	0
778	0
779	1
780	1
781	1
782	1
783	1
784	1
785	1
786	0
787	0
788	1
789	1
790	1
791	1
792	0
793	1
794	1
795	1
796	0
797	1
798	0
799	1
800	1
801	0
802	1
803	0
804	0
805	1
806	1
807	1
808	1
809	0
810	1
811	0
812	0
813	1
814	1
815	0
816	1
817	0
818	0
819	1
820	1
821	0
822	0
823	1
824	0
825	1
826	0
827	0
828	1
829	1
830	1
831	0
832	0
833	1
834	1
835	0
836	1
837	1
838	0
839	1
840	1
841	1
842	1
843	1
844	1
845	1
846	1
847	0
848	1
849	0
850	0
851	0
852	1
853	1
854	0
855	0
856	0
857	0
858	1
859	1
860	0
861	1
862	1
863	1
864	0
865	0
866	1
867	1
868	1
869	0
870	0
871	1
872	0
873	1
874	0
875	1
876	0
877	0
878	0
879	1
880	0
881	0
882	0
883	0
884	1
885	0
886	1
887	1
888	0
889	0
890	1
891	1
892	0
893	0
894	0
895	1
896	0
897	0
898	1
899	1
900	1
901	1
902	0
903	0
904	0
905	1
906	0
907	0
908	1
909	1
910	0
911	1
912	1
913	1
914	0
915	0
916	0
917	0
918	1
919	0
920	1
921	1
922	1
923	0
924	1
925	1
926	1
927	0
928	1
929	0
930	1
931	1
932	1
933	1
934	1
935	1
936	0
937	0
938	0
939	0
940	1
941	0
942	0
943	0
944	0
945	0
946	0
947	1
948	1
949	1
950	0
951	1
952	0
953	0
954	0
955	0
956	1
957	0
958	0
959	1
960	1
961	1
962	1
963	0
964	0
965	0
966	0
967	0
968	0
969	0
970	0
971	1
972	1
973	0
974	0
975	1
976	0
977	1
978	0
979	0
980	0
981	0
982	1
983	0
984	0
985	1
986	1
987	0
988	0
989	1
990	1
991	1
992	0
993	1
994	1
995	1
996	1
997	0
998	1
999	1
1002	0
1003	1
1004	0
1005	1
1006	1
1007	1
1008	0
1009	0
1010	1
1011	1
1012	0
1013	1
1014	0
1015	0
1016	1
1017	0
1018	1
1019	1
1020	1
1021	0
1022	1
1023	0
1024	0
1025	0
1026	0
1027	1
1028	0
1029	0
1030	0
1031	1
1032	0
1033	1
1034	0
1035	0
1036	0
1037	0
1038	1
1039	1
1040	1
1041	1
1042	1
1043	0
1044	1
1045	0
1046	0
1047	0
1048	1
1049	1
1050	0
1051	0
1052	1
1053	1
1054	0
1055	0
1056	0
1057	1
1058	1
1059	1
1060	0
1061	0
1062	0
1063	1
1064	1
1065	0
1066	1
1067	1
1068	0
1069	1
1070	0
1071	1
1072	1
1073	0
1074	0
1075	1
1076	0
1077	0
1078	1
1079	0
1080	1
1081	1
1082	1
1083	0
1084	1
1085	1
1086	1
1087	1
1088	0
1089	0
1090	0
1091	0
1092	1
1093	1
1094	0
1095	1
1096	1
1097	1
1098	0
1099	1
1100	0
1101	1
1102	0
1103	1
1104	0
1105	1
1106	0
1107	1
1108	0
1109	0
1110	0
1111	1
1112	1
1113	1
1114	0
1115	0
1116	1
1117	1
1118	1
1119	1
1120	1
1121	0
1122	1
1123	1
1124	0
1125	0
1126	1
1127	1
1128	0
1129	0
1130	0
1131	0
1132	0
1133	1
1134	0
1135	0
1136	1
1137	1
1138	1
1139	1
1140	1
1141	1
1142	0
1143	0
1144	0
1145	1
1146	1
1147	0
1148	1
1149	1
1150	0
1151	0
1152	0
1153	0
1154	0
1155	0
1156	0
1157	0
1158	1
1159	1
1160	1
1161	0
1162	1
1163	1
1164	1
1165	0
1166	1
1167	1
1168	0
1169	1
1170	0
1171	0
1172	1
1173	1
1174	0
1175	1
1176	1
1177	0
1178	1
1179	0
1180	1
1181	1
1182	1
1183	0
1184	0
1185	0
1186	0
1187	1
1188	1
1189	0
1190	0
1191	0
1192	1
1193	1
1194	1
1195	1
1196	1
1197	0
1198	0
1199	0
1200	0
1201	0
1202	1
1203	1
1204	1
1205	0
1206	0
1207	0
1208	1
1209	0
1210	1
1211	0
1212	1
1213	1
1214	0
1215	0
1216	1
1217	0
1218	0
1219	0
1220	1
1221	1
1222	0
1223	1
1224	1
1225	1
1226	0
1227	0
1228	0
1229	0
1230	1
1231	0
1232	0
1233	1
1234	1
1235	1
1236	0
1237	1
1238	0
1239	0
1240	1
1241	0
1242	1
1243	1
1244	1
1245	0
1246	0
1247	1
1248	1
1249	1
1250	0
1251	0
1252	0
1253	0
1254	1
1255	0
1256	1
1257	0
1258	1
1259	1
1260	1
1261	1
1262	0
1263	1
1264	0
1265	1
1266	1
1267	1
1268	1
1269	0
1270	0
1271	0
1272	0
1273	0
1274	0
1275	1
1276	1
1277	0
1278	1
1279	1
1280	1
1281	1
1282	0
1283	1
1284	0
1285	1
1286	0
1287	0
1288	0
1289	1
1290	1
1291	1
1292	0
1293	1
1294	0
1295	1
1296	0
1297	1
1298	1
1299	1
1300	0
1301	0
1302	1
1303	1
1304	0
1305	0
1306	1
1307	0
1308	1
1309	1
1310	0
1311	1
1312	1
1313	1
1314	1
1315	1
1316	1
1317	0
1318	0
1319	0
1320	1
1321	1
1322	0
1323	0
1324	1
1325	0
1326	0
1327	1
1328	0
1329	0
1330	0
1331	0
1332	0
1333	0
1334	0
1335	0
1336	1
1337	1
1338	1
1339	0
1340	0
1341	0
1342	1
1343	1
1344	0
1345	1
1346	0
1347	1
1348	0
1349	0
1350	1
1351	0
1352	1
1353	1
1354	0
1355	0
1356	0
1357	0
1358	0
1359	0
1360	0
1361	1
1362	0
1363	0
1364	1
1365	0
1366	1
1367	0
1368	0
1369	0
1370	1
1371	0
1372	1
1373	1
1374	1
1375	0
1376	1
1377	0
1378	1
1379	1
1380	1
1381	0
1382	1
1383	0
1384	1
1385	1
1386	0
1387	1
1388	0
1389	0
1390	1
1391	0
1392	1
1393	0
1394	1
1395	0
1396	0
1397	0
1398	1
1399	1
1400	1
1401	0
1402	1
1403	1
1404	0
1405	1
1406	1
1407	0
1408	0
1409	1
1410	1
1411	0
1412	0
1413	1
1414	0
1415	0
1416	0
1417	1
1418	0
1419	0
1420	1
1421	1
1422	1
1423	1
1424	0
1425	1
1426	0
1427	1
1428	1
1429	0
1430	0
1431	1
1432	0
1433	1
1434	0
1435	1
1436	1
1437	0
1438	0
1439	0
1440	1
1441	0
1442	0
1443	0
1444	1
1445	1
1446	1
1447	0
1448	1
1449	1
1450	1
1451	1
1452	0
1453	1
1454	1
1455	0
1456	1
1457	1
1458	1
1459	0
1460	1
1461	1
1462	1
1463	0
1464	1
1465	1
1466	0
1467	1
1468	0
1469	0
1470	0
1471	1
1472	0
1473	1
1474	0
1475	0
1476	0
1477	0
1478	1
1479	0
1480	1
1481	0
1482	0
1483	0
1484	0
1485	0
1486	1
1487	1
1488	0
1489	1
1490	1
1491	1
1492	0
1493	0
1494	1
1495	0
1496	1
1497	0
1498	1
1499	0
1500	0
1501	0
1502	0
1503	1
1504	1
1505	1
1506	0
1507	0
1508	0
1509	1
1510	0
1511	0
1512	1
1513	1
1514	0
1515	0
1516	1
1517	0
1518	0
1519	1
1520	0
1521	0
1522	0
1523	1
1524	0
1525	0
1526	0
1527	0
1528	0
1529	1
1530	0
1531	0
1532	1
1533	1
1534	0
1535	0
1536	1
1537	0
1538	0
1539	0
1540	0
1541	1
1542	0
1543	0
1544	1
1545	0
1546	1
1547	1
1548	1
1549	0
1550	0
1551	0
1552	0
1553	1
1554	0
1555	0
1556	0
1557	1
1558	0
1559	0
1560	0
1561	0
1562	0
1563	1
1564	1
1565	0
1566	1
1567	0
1568	1
1569	0
1570	0
1571	1
1572	1
1573	0
1574	1
1575	0
1576	0
1577	0
1578	1
1579	1
1580	1
1581	1
1582	1
1583	0
1584	0
1585	1
1586	1
1587	1
1588	1
1589	0
1590	1
1591	0
1592	0
1593	0
1594	0
1595	0
1596	1
1597	0
1598	1
1599	0
1600	0
1601	1
1602	1
1603	0
1604	0
1605	1
1606	1
1607	1
1608	0
1609	1
1610	0
1611	1
1612	1
1613	0
1614	0
1615	0
1616	1
1617	0
1618	0
1619	0
1620	0
1621	1
1622	1
1623	0
1624	1
1625	0
1626	0
1627	1
1628	0
1629	0
1630	0
1631	1
1632	0
1633	1
1634	1
1635	0
1636	1
1637	1
1638	0
1639	0
1640	0
1641	0
1642	1
1643	0
1644	1
1645	0
1646	0
1647	1
1648	0
1649	0
1650	0
1651	0
1652	1
1653	1
1654	1
1655	0
1656	0
1657	1
1658	1
1659	0
1660	0
1661	1
1662	0
1663	0
1664	1
1665	1
1666	1
1667	1
1668	1
1669	1
1670	1
1671	0
1672	0
1673	0
1674	1
1675	1
1676	1
1677	0
1678	0
1679	0
1680	1
1681	0
1682	1
1683	1
1684	1
1685	0
1686	1
1687	0
1688	0
1689	1
1690	1
1691	1
1692	1
1693	1
1694	1
1695	0
1696	1
1697	0
1698	1
1699	0
1700	1
1701	0
1702	0
1703	1
1704	0
1705	0
1706	1
1707	1
1708	0
1709	0
1710	0
1711	0
1712	1
1713	1
1714	0
1715	0
1716	0
1717	1
1718	1
1719	1
1720	0
1721	1
1722	0
1723	1
1724	0
1725	1
1726	1
1727	0
1728	0
1729	1
1730	0
1731	1
1732	0
1733	0
1734	0
1735	0
1736	0
1737	1
1738	1
1739	1
1740	0
1741	1
1742	1
1743	0
1744	0
1745	0
1746	1
1747	0
1748	1
1749	0
1750	1
1751	0
1752	0
1753	0
1754	1
1755	1
1756	0
1757	0
1758	0
1759	0
1760	1
1761	0
1762	1
1763	1
1764	1
1765	0
1766	0
1767	0
1768	1
1769	1
1770	1
1771	1
1772	1
1773	0
1774	1
1775	0
1776	0
1777	0
1778	0
1779	1
1780	0
1781	0
1782	1
1783	1
1784	0
1785	1
1786	0
1787	0
1788	0
1789	0
1790	1
1791	1
1792	1
1793	1
1794	1
1795	0
1796	0
1797	0
1798	1
1799	0
1800	0
1801	1
1802	0
1803	1
1804	0
1805	0
1806	0
1807	1
1808	1
1809	1
1810	1
1811	0
1812	1
1813	1
1814	0
1815	0
1816	0
1817	1
1818	0
1819	0
1820	1
1821	1
1822	1
1823	1
1824	1
1825	1
1826	0
1827	1
1828	1
1829	0
1830	1
1831	0
1832	1
1833	1
1834	0
1835	0
1836	1
1837	1
1838	0
1839	0
1840	1
1841	1
1842	0
1843	0
1844	1
1845	1
1846	1
1847	0
1848	0
1849	0
1850	1
1851	1
1852	1
1853	0
1854	0
1855	1
1856	0
1857	1
1858	1
1859	0
1860	1
1861	0
1862	1
1863	1
1864	1
1865	0
1866	1
1867	0
1868	0
1869	0
1870	0
1871	0
1872	1
1873	1
1874	1
1875	0
1876	0
1877	1
1878	1
1879	1
1880	0
1881	0
1882	1
1883	1
1884	1
1885	0
1886	0
1887	0
1888	0
1889	0
1890	0
1891	1
1892	1
1893	1
1894	0
1895	0
1896	0
1897	0
1898	1
1899	1
1900	1
1901	1
1902	0
1903	1
1904	1
1905	0
1906	1
1907	0
1908	0
1909	0
1910	1
1911	0
1912	0
1913	0
1914	0
1915	0
1916	1
1917	1
1918	1
1919	0
1920	0
1921	1
1922	0
1923	1
1924	0
1925	0
1926	1
1927	0
1928	0
1929	1
1930	1
1931	0
1932	1
1933	0
1934	0
1935	0
1936	1
1937	0
1938	1
1939	0
1940	0
1941	0
1942	0
1943	0
1944	0
1945	0
1946	1
1947	0
1948	1
1949	0
1950	0
1951	0
1952	1
1953	0
1954	1
1955	0
1956	1
1957	0
1958	1
1959	1
1960	0
1961	0
1962	0
1963	1
1964	1
1965	0
1966	0
1967	1
1968	0
1969	1
1970	0
1971	0
1972	1
1973	1
1974	0
1975	1
1976	0
1977	0
1978	0
1979	1
1980	1
1981	1
1982	1
1983	0
1984	0
1985	0
1986	0
1987	0
1988	0
1989	0
1990	1
1991	1
1992	0
1993	1
1994	0
1995	1
1996	1
1997	0
1998	0
1999	0
2000	1
2001	0
1001	None
1000	None
