2001	0
0	1
0	4
0	5
0	6
0	7
0	8
0	20
0	26
0	65
0	72
0	91
0	158
0	240
0	390
0	420
1	2
1	3
1	4
1	15
1	16
1	18
1	36
1	50
1	56
1	60
1	63
1	66
1	215
1	395
1	417
1	489
1	657
1	742
1	773
2	12
2	19
2	32
2	97
2	140
2	327
2	373
2	485
3	5
3	6
3	8
3	9
3	32
3	34
3	54
3	68
3	90
3	227
3	898
4	10
4	11
4	15
4	20
4	44
4	55
4	204
4	240
4	401
4	412
4	995
4	1750
4	1768
5	14
5	27
5	42
5	46
5	134
5	206
5	392
5	635
5	695
6	7
6	12
6	18
6	35
6	71
6	88
6	98
6	119
6	127
6	161
6	208
6	217
6	265
6	279
6	745
6	1771
7	9
7	10
7	21
7	29
7	53
7	82
7	89
7	116
7	136
7	519
7	592
8	13
8	17
8	22
8	26
8	53
8	529
8	537
8	546
9	19
9	29
9	40
9	72
9	73
9	133
10	11
10	13
10	51
10	109
10	130
10	133
10	213
10	258
10	886
11	23
11	24
11	33
11	78
11	100
11	266
11	480
11	522
11	1012
12	31
12	38
12	65
12	130
12	161
12	356
12	541
12	710
13	14
13	24
13	41
13	49
13	79
13	160
13	211
13	476
13	502
13	817
13	873
14	50
14	62
14	95
14	106
14	249
14	325
14	600
14	1141
15	55
15	515
15	809
15	955
16	17
16	37
16	172
16	308
16	341
16	403
16	944
16	1585
17	21
17	25
17	45
17	79
17	81
17	90
17	101
17	104
17	216
17	225
17	233
17	262
17	332
17	389
17	712
17	860
17	1096
18	39
18	105
18	156
18	201
18	204
18	243
18	757
18	1003
19	34
19	36
19	56
20	22
20	25
20	28
20	30
20	31
20	47
20	84
20	176
21	27
21	28
21	45
21	54
21	57
21	173
21	295
21	429
21	748
21	873
22	23
22	30
22	67
22	78
22	118
22	147
23	189
23	207
23	300
23	303
23	487
24	77
24	86
24	103
24	465
24	597
24	930
25	58
25	83
25	117
25	1083
25	1237
25	1245
25	1969
26	39
26	92
26	126
26	132
26	405
27	33
27	42
27	75
27	92
27	232
27	701
28	49
28	76
28	82
28	102
28	129
28	131
28	564
28	1139
29	37
29	43
29	93
29	107
29	808
30	149
30	366
30	393
30	942
30	1322
31	38
31	75
31	96
31	126
31	281
31	306
31	324
31	620
31	730
32	35
32	46
32	150
32	156
32	186
32	222
32	243
32	451
32	531
32	608
32	672
33	40
33	465
33	575
33	802
33	829
34	87
34	88
34	132
34	144
35	70
35	173
35	433
35	504
35	685
35	830
36	41
36	44
36	52
36	62
36	94
36	171
36	357
37	52
37	59
37	70
37	119
37	164
37	301
37	668
38	154
38	155
38	327
38	479
38	935
38	970
38	983
38	1612
39	57
39	60
39	428
39	523
39	1872
40	51
40	117
40	149
40	157
40	208
40	587
40	694
40	698
40	807
40	1199
40	1826
41	184
41	394
41	493
41	700
41	1790
41	1856
41	1939
42	43
42	67
42	73
42	166
42	226
42	966
42	1866
43	48
43	74
43	80
43	219
43	241
43	315
43	379
43	623
44	110
44	195
44	296
44	297
45	47
45	206
45	263
45	269
45	861
45	1821
46	48
46	287
46	460
46	670
46	679
47	102
47	135
47	194
47	197
48	356
48	752
48	1409
49	81
49	182
49	187
49	288
49	472
49	482
49	819
49	1647
50	69
50	85
50	121
50	159
50	317
50	1673
51	99
51	123
51	154
51	216
51	293
51	467
51	565
52	256
52	388
52	514
52	669
52	983
53	61
53	91
53	114
53	347
53	441
53	461
53	916
53	1387
54	69
54	94
54	103
54	186
54	198
54	378
54	622
54	1450
54	1490
54	1598
55	59
55	116
55	194
55	258
55	272
55	282
55	401
55	689
55	1669
56	58
56	76
56	200
56	348
57	63
57	89
57	245
57	260
57	348
57	549
57	620
58	64
58	68
58	71
58	360
58	438
58	468
58	591
58	629
58	1098
59	66
59	138
59	184
59	215
59	236
59	335
59	453
59	493
59	553
60	61
60	101
60	123
60	213
60	551
60	1006
61	84
61	169
61	178
61	271
61	470
62	64
62	323
62	523
63	260
63	361
63	726
63	917
63	1072
64	74
64	112
64	903
64	989
64	1152
65	175
65	179
65	180
66	87
66	108
66	124
66	143
66	462
66	842
67	142
67	333
67	357
67	414
67	690
67	948
67	1659
68	80
68	113
68	163
68	207
68	646
69	111
69	128
69	146
69	809
70	309
70	753
70	867
71	77
71	85
71	390
71	1857
72	98
72	111
72	141
72	144
72	148
72	159
72	250
72	438
72	594
72	676
73	128
74	975
74	1431
74	1834
75	107
75	113
75	183
75	246
75	263
75	274
75	934
75	1991
76	83
76	118
76	275
76	387
76	796
77	99
77	152
77	205
77	253
77	286
77	369
77	403
77	739
78	93
78	120
78	141
78	153
78	214
78	231
78	234
78	328
78	355
78	492
78	560
78	865
79	104
79	586
79	1188
80	114
80	165
80	273
80	276
80	294
80	448
80	455
80	458
80	946
81	191
81	297
81	332
81	890
81	1003
82	86
82	100
82	129
82	136
82	362
82	542
82	866
83	158
83	448
83	748
83	864
84	172
84	283
84	304
84	1946
85	163
85	222
85	429
85	613
86	171
86	196
86	271
86	373
86	558
86	623
86	655
87	139
87	326
87	398
87	449
87	670
87	1363
88	185
88	187
88	203
88	287
88	315
88	352
88	655
88	1153
89	140
89	193
89	407
89	491
89	636
89	859
89	998
90	110
90	122
90	139
90	192
90	254
90	314
90	396
90	519
90	808
90	1361
90	1475
91	307
91	445
91	524
91	904
92	95
92	105
92	167
92	529
92	540
92	1746
93	109
93	124
93	180
93	211
93	226
93	458
94	305
94	349
94	487
94	537
94	698
95	96
95	106
95	242
95	291
95	398
95	1780
96	97
96	153
96	168
96	273
96	681
97	125
97	196
97	413
97	1724
98	205
98	313
98	604
98	1862
99	374
99	759
99	774
99	1566
100	112
100	125
100	147
100	239
100	309
100	721
101	115
101	221
101	276
101	744
101	907
101	915
102	108
102	198
102	221
102	247
102	509
102	559
102	593
102	1608
103	134
103	137
103	182
103	241
103	306
103	437
103	475
105	143
105	152
105	633
106	181
106	220
106	344
107	197
107	264
107	270
107	329
107	376
107	1428
108	168
108	266
108	328
108	443
108	513
108	627
109	494
109	740
110	400
111	319
111	651
111	836
111	1116
111	1206
111	1867
112	169
112	203
112	210
112	255
112	372
112	382
112	978
113	384
113	755
114	219
114	304
114	459
114	793
115	127
115	217
115	324
116	167
116	212
116	667
116	874
117	162
117	177
117	235
117	292
117	427
117	585
117	696
117	770
117	1775
118	120
118	121
118	160
118	254
118	296
118	343
118	572
118	738
119	138
119	151
119	202
119	386
119	997
119	1831
120	148
120	189
120	578
120	749
121	150
121	193
121	641
121	929
122	1341
122	1988
123	170
123	174
123	181
123	453
123	488
124	200
124	201
124	227
124	370
124	371
124	418
124	566
124	775
124	1004
124	1253
125	535
125	865
125	1415
126	190
126	540
127	175
127	320
127	626
128	183
128	220
128	286
128	570
128	602
128	795
129	238
129	244
129	500
129	569
129	647
129	709
129	1960
130	131
130	145
130	469
130	484
131	188
131	743
131	818
132	135
132	137
132	145
132	162
132	209
132	270
133	142
133	146
133	498
133	888
133	966
134	164
134	177
134	345
134	427
134	750
134	763
134	784
135	245
135	681
135	1445
136	170
136	256
136	1520
136	1568
137	277
138	151
138	265
138	554
138	847
138	1120
139	190
139	218
139	434
139	692
139	882
140	165
140	249
140	633
140	929
140	1167
141	176
141	612
141	720
141	964
142	232
142	244
142	338
143	311
143	804
143	958
143	1532
144	314
144	541
145	155
145	157
145	230
145	257
145	940
146	368
146	509
146	517
146	762
146	977
147	202
147	439
147	1412
148	195
148	364
148	389
148	638
149	894
149	921
149	1316
149	1847
150	545
151	459
151	746
152	289
152	308
152	533
152	573
152	617
153	218
153	233
153	404
153	424
153	447
153	582
153	624
153	654
153	836
153	1526
154	188
154	371
154	402
154	511
154	820
155	166
155	289
156	210
156	363
156	417
156	827
157	279
157	637
157	1338
158	302
158	365
158	661
158	733
159	1186
160	209
160	338
160	735
161	261
162	224
162	259
162	280
162	411
162	456
163	192
163	199
163	299
163	1973
164	331
164	941
164	997
165	174
165	248
165	310
165	468
165	601
166	322
167	350
167	353
167	626
168	1291
169	238
169	418
169	590
169	887
169	1956
170	228
170	347
170	377
170	1341
171	790
171	839
172	442
173	251
173	277
173	743
173	774
173	914
174	178
174	223
174	686
174	697
174	777
174	796
175	805
175	1551
176	303
176	330
176	342
176	737
176	1688
177	185
177	234
177	516
177	615
178	656
178	1937
179	329
179	495
179	606
179	833
180	224
180	261
180	340
180	925
181	326
181	664
181	680
181	1340
182	295
182	377
182	730
183	280
183	323
183	384
183	515
183	526
184	191
184	709
185	246
185	370
185	717
186	247
186	248
186	506
187	267
187	298
187	535
187	922
188	259
188	299
188	518
188	1192
189	285
189	457
189	621
190	228
190	237
190	824
190	1346
190	1405
190	1966
191	419
192	199
194	275
194	426
195	214
195	268
195	503
195	803
195	1303
196	443
196	455
196	473
196	1164
196	1634
197	302
197	728
197	1054
197	1389
197	1604
198	229
198	239
198	415
198	710
198	1663
198	1931
199	351
199	426
199	520
200	321
200	381
200	571
200	622
201	262
201	343
201	359
201	678
201	978
202	502
202	669
202	837
202	924
203	649
203	979
203	1739
204	225
204	290
204	316
204	340
204	349
204	474
204	513
204	667
204	686
204	820
205	212
205	322
205	346
205	402
205	715
205	747
206	476
206	479
206	546
206	557
206	893
207	293
207	337
207	388
207	471
207	512
208	230
208	916
208	1690
209	223
209	336
209	926
210	336
210	375
210	1549
211	274
211	439
211	470
211	609
211	627
211	1187
212	235
212	267
212	318
212	325
212	469
212	572
212	614
212	1303
212	1576
213	237
213	354
214	229
214	861
215	231
215	454
216	252
216	845
216	998
216	1192
217	927
218	335
219	1800
220	544
220	977
221	584
221	754
222	253
222	400
222	1055
223	363
223	512
223	789
223	870
223	907
223	956
223	992
223	1858
224	285
224	445
224	1966
225	648
225	810
225	1591
226	283
226	494
226	678
226	805
227	385
227	391
227	986
228	312
228	631
229	339
229	369
229	580
229	726
230	278
230	508
230	770
231	236
231	352
231	505
231	869
232	507
233	242
233	251
233	278
233	312
233	351
233	406
234	488
234	547
234	766
234	1010
234	1450
235	269
235	291
235	473
235	607
236	567
236	696
237	374
237	1531
238	257
238	637
238	798
238	1842
239	640
239	840
239	1480
240	775
241	264
241	310
241	355
241	641
241	776
241	786
241	950
242	358
242	425
242	994
242	1616
243	428
243	594
243	765
243	1909
244	486
244	851
244	881
244	896
244	918
244	1493
245	305
245	475
246	446
246	1878
246	1910
247	290
247	321
247	517
247	974
248	250
248	346
248	603
248	1432
249	255
249	301
249	366
249	466
249	581
249	720
249	1185
250	252
250	272
250	380
250	410
250	673
251	319
252	316
252	422
252	663
253	268
254	284
254	575
254	647
254	1324
256	711
256	772
256	1225
257	478
257	679
257	680
257	767
257	994
257	1279
258	307
258	339
258	507
258	662
259	284
259	433
259	974
260	483
260	598
260	771
261	333
261	358
261	722
261	797
262	645
263	450
263	510
263	750
264	281
264	345
264	832
264	905
264	909
264	999
264	1416
266	350
266	385
266	396
266	876
266	927
267	536
267	846
268	817
268	1055
269	342
270	288
271	383
271	1015
272	666
272	1545
273	372
273	799
273	814
273	850
274	435
274	477
274	534
274	617
274	646
274	1274
275	292
275	525
275	630
277	395
277	425
277	446
277	780
277	949
278	563
278	580
278	1050
279	568
279	733
279	1170
280	645
280	697
280	788
280	1098
281	360
281	497
281	791
281	1947
282	599
282	601
282	659
283	490
283	532
284	331
284	344
284	362
284	714
284	1951
285	298
285	605
285	1747
285	1976
286	442
286	962
287	294
287	337
287	386
287	555
288	555
288	1689
289	486
289	539
289	542
290	727
290	960
291	359
291	688
291	773
291	878
291	885
292	499
293	300
293	1019
293	1820
295	317
295	792
295	795
295	908
296	318
296	334
296	414
296	560
296	823
296	856
296	1555
297	752
297	794
298	423
298	424
298	553
298	760
298	1125
298	1531
299	457
300	421
300	466
300	521
300	721
300	736
300	912
300	1941
301	508
301	779
301	1503
302	543
302	611
302	884
304	380
304	1687
305	947
305	1080
306	383
306	399
306	1077
306	1252
306	1565
307	420
307	587
307	863
307	911
308	441
308	671
308	689
308	965
308	1284
309	311
309	574
309	712
310	610
311	354
311	376
311	501
311	1690
312	313
312	320
312	399
312	518
312	757
313	330
313	659
314	419
314	577
314	596
314	829
314	837
315	437
315	821
316	404
317	498
317	940
318	464
318	871
318	1144
319	467
320	533
320	661
320	707
320	993
321	341
321	367
321	397
321	933
322	334
322	367
322	735
322	1627
323	716
323	1069
324	684
324	815
324	875
324	1075
324	1176
325	411
325	565
326	365
326	423
326	452
327	451
327	582
327	642
327	844
327	943
328	406
328	471
329	658
330	353
330	462
330	630
330	811
330	982
330	991
331	364
331	483
332	756
333	435
334	434
334	500
334	869
335	491
335	536
335	831
336	654
336	1954
337	375
337	516
337	660
339	576
339	1791
340	361
340	662
340	932
342	872
342	976
342	1264
342	1927
343	440
343	1903
344	378
344	876
344	1979
345	497
345	801
346	397
346	477
346	504
346	577
346	920
347	436
347	802
347	812
347	1164
347	1580
347	1944
348	368
348	521
348	522
348	724
350	440
350	496
350	693
351	392
351	588
351	826
351	1387
351	1764
351	1933
352	1182
352	1818
353	394
353	413
353	496
353	900
354	695
355	538
355	683
355	787
356	510
356	911
356	1867
357	387
357	639
357	815
358	604
358	792
360	608
360	718
361	799
362	492
362	506
362	753
363	393
363	527
363	548
363	739
364	579
364	677
365	556
365	950
366	379
366	408
366	485
367	1779
368	463
368	676
369	391
369	589
369	675
369	968
369	1111
370	381
370	405
370	649
371	409
371	412
371	478
372	868
372	1436
372	1789
373	416
373	449
373	463
373	583
373	614
373	778
373	858
373	871
373	1208
374	382
374	422
374	925
375	663
375	724
375	845
375	980
376	410
377	409
377	810
377	945
378	421
378	665
379	432
379	484
379	603
380	408
380	528
380	1322
381	430
381	708
381	1325
383	682
383	853
383	912
384	407
385	595
385	783
386	416
386	706
386	713
387	642
387	706
387	988
387	1802
388	547
389	452
390	562
390	590
390	1194
390	1991
391	495
391	549
391	1186
392	503
393	489
393	717
394	430
394	525
394	616
394	1590
394	1909
395	1920
397	432
397	1854
398	415
399	728
399	923
400	480
400	1267
401	520
401	557
401	737
401	772
402	713
403	534
403	844
403	972
404	660
404	908
404	1555
405	436
405	530
405	674
406	431
406	532
406	1439
407	450
407	482
407	552
407	1661
408	745
409	592
409	634
409	769
410	1708
411	554
411	569
413	906
414	731
415	640
415	1429
415	1843
416	511
416	892
416	1885
417	690
417	848
418	538
418	1531
419	481
420	526
420	543
420	758
420	825
420	1008
421	568
421	648
421	888
422	444
422	460
422	531
422	1340
423	431
423	599
423	782
423	1024
423	1554
426	1810
427	472
427	1481
428	454
428	632
428	741
428	804
428	1018
428	1323
428	1621
429	776
430	1879
431	524
431	544
431	550
432	838
432	913
433	657
433	896
433	980
433	1435
434	650
434	968
435	456
435	624
435	828
435	872
435	880
435	990
435	1044
436	444
436	1789
437	464
437	891
438	447
438	559
438	619
438	866
438	1752
439	579
439	704
439	761
440	501
440	539
440	556
440	632
442	666
442	957
443	1237
443	1942
444	1020
446	499
446	573
446	1813
447	595
447	719
448	545
449	729
449	830
449	1116
450	619
450	685
450	1299
451	474
451	822
451	889
453	461
453	607
454	481
454	625
454	905
454	1539
455	639
455	915
457	643
458	778
458	803
459	754
459	764
459	1407
459	1811
459	1906
460	694
461	787
461	981
462	718
464	672
464	687
464	934
465	527
465	762
465	785
465	959
465	1544
466	798
466	823
467	548
467	638
467	723
467	918
468	593
470	576
471	618
471	665
471	688
471	856
472	797
472	1288
474	528
474	628
474	1243
475	610
475	1793
475	1955
476	563
476	793
477	578
477	602
478	920
479	1323
480	490
481	788
481	904
482	1986
483	570
484	768
485	571
485	781
485	953
486	964
487	910
488	777
489	976
489	1648
490	1502
491	850
491	1647
492	598
492	755
492	883
493	1305
494	505
494	703
494	1784
495	530
495	716
495	725
495	992
495	1115
496	658
496	909
496	984
497	558
499	967
499	1145
499	1822
500	561
500	901
503	514
503	736
503	1533
504	982
505	749
505	1146
506	600
506	644
506	715
506	1462
506	1695
507	1575
507	1978
508	699
508	949
509	1591
510	1718
512	910
514	691
515	818
516	714
517	644
518	653
519	552
519	612
519	625
519	825
519	899
519	1043
520	551
520	636
520	760
522	761
522	1737
523	652
523	806
524	574
524	1940
525	813
526	562
526	889
527	635
527	650
527	926
527	1629
529	1139
530	1581
531	707
532	828
533	566
533	586
533	708
534	971
535	584
535	683
537	605
537	858
537	939
537	1945
538	550
538	877
538	996
539	953
539	1528
539	1691
540	932
541	1115
541	1334
542	567
542	1214
545	591
546	939
546	1196
547	583
547	621
548	886
549	581
549	751
550	643
551	741
551	764
551	1038
552	702
552	806
552	885
552	938
552	1851
553	611
553	986
555	564
555	589
555	700
556	588
556	677
556	846
556	1639
557	561
559	653
559	692
559	1089
560	747
560	782
562	812
563	629
563	985
563	1666
564	596
564	651
564	975
564	1657
565	784
566	800
567	1030
569	1671
570	613
570	725
570	833
570	1632
572	711
573	1320
573	1514
574	732
574	855
574	1000
575	867
576	1720
578	585
578	616
578	766
578	995
579	740
579	923
580	609
580	863
580	906
581	628
583	615
583	1054
584	705
584	1707
585	606
585	652
585	1616
585	1653
586	807
587	1510
587	1829
588	631
588	675
588	928
590	597
590	1060
592	947
592	979
593	790
593	840
593	970
594	1767
595	701
596	668
596	1797
596	1995
597	954
598	789
598	1351
599	671
600	674
600	758
600	834
603	734
603	841
604	843
604	1228
605	901
606	705
606	729
606	1212
607	1432
608	786
609	890
610	811
610	859
610	1036
610	1083
611	618
611	687
613	719
613	1129
613	1326
614	734
614	1288
616	656
616	931
616	1688
617	684
617	704
617	952
617	981
617	1609
619	1168
619	1305
619	1437
620	702
620	744
620	952
620	1187
621	1184
621	1922
622	769
622	1603
623	827
623	1149
624	944
624	961
624	1547
625	664
625	1031
625	1421
625	1468
626	634
626	842
627	847
629	1425
632	919
633	1801
634	868
637	693
638	851
638	945
638	954
639	819
639	1334
639	1785
640	843
641	831
642	878
642	894
642	1058
642	1174
642	1488
644	691
644	727
644	731
644	742
644	835
645	853
645	1747
646	682
646	751
646	780
646	921
647	768
647	814
647	1838
648	1325
648	1845
649	902
652	1579
653	852
654	738
655	1346
655	1355
656	722
659	839
660	703
660	732
660	1529
661	1299
663	816
663	1963
666	887
666	903
667	914
668	767
668	972
670	765
670	1942
671	893
671	1970
672	673
672	899
672	924
674	771
674	1343
675	813
675	862
676	854
677	902
677	1067
677	1306
678	849
678	1948
679	1105
679	1312
680	1673
681	756
681	1185
682	967
683	1910
684	763
685	860
685	1975
689	816
689	956
690	801
690	824
691	936
692	1774
693	1874
694	1503
697	922
697	928
697	1813
698	1863
700	1310
702	985
702	1789
704	1501
704	1864
705	990
705	1396
705	1954
707	832
707	1849
708	1747
711	785
711	996
712	1644
715	1205
716	723
717	1960
718	794
718	1103
719	937
725	1671
726	759
728	838
728	862
728	937
728	1678
730	993
733	746
733	855
733	1550
735	821
735	1012
736	779
736	883
736	1603
737	1198
737	1414
738	1684
739	1691
741	989
741	1352
742	880
742	987
742	1092
743	857
744	1715
745	1600
746	781
746	895
751	848
751	884
752	1900
753	961
756	857
756	960
756	1290
757	881
757	1715
760	919
760	942
764	822
766	897
767	1278
769	936
769	1118
769	1893
770	849
771	800
771	841
771	895
771	991
771	1907
772	959
773	852
774	1475
777	783
777	891
777	963
782	874
785	917
785	948
785	1248
785	1913
786	1652
786	1834
788	1254
789	791
789	1036
789	1619
790	834
791	1778
792	1289
792	1885
794	984
796	1141
799	879
799	1334
801	1232
801	1337
801	1525
801	1613
801	1704
806	931
806	935
806	957
808	965
809	1010
811	1460
812	969
812	1808
813	1000
814	1059
816	900
816	1151
816	1876
816	1922
817	938
817	1777
818	826
822	1068
823	835
823	943
826	864
826	946
827	892
827	1212
828	854
829	897
829	958
829	1102
832	898
834	1810
835	969
838	1457
839	1684
839	2000
840	1184
842	973
842	1632
842	1641
843	913
844	951
847	877
847	1878
849	988
849	1894
850	941
850	1407
853	870
854	875
854	1126
854	1568
855	1892
861	1343
865	879
866	1944
868	1693
869	1242
870	882
870	1362
871	1020
875	1461
876	1309
878	1342
881	1751
882	933
882	987
882	1465
882	1856
883	1896
884	1326
885	1155
886	930
887	1626
887	1791
888	1233
888	1649
889	1221
889	1227
901	1416
902	973
905	1832
906	1656
907	955
908	1982
910	1500
911	1620
912	1091
914	962
917	1782
919	951
919	1734
920	1386
925	1317
928	1703
928	1823
937	1366
938	1591
939	1431
942	1393
942	1802
943	1467
945	1165
950	1529
951	1253
951	1257
951	1883
952	971
952	1225
952	1307
954	1264
955	963
955	1584
959	1615
960	1913
962	1142
962	1748
963	1630
964	1018
968	1317
971	1852
977	1648
977	1798
978	1650
982	1096
985	999
988	1707
991	1929
994	1214
995	1945
996	1006
998	1756
999	1387
1002	1003
1002	1005
1002	1010
1002	1034
1002	1037
1002	1066
1002	1086
1002	1123
1002	1151
1002	1283
1002	1715
1002	1800
1003	1004
1003	1006
1003	1007
1003	1008
1003	1010
1003	1013
1003	1016
1003	1233
1003	1247
1003	1348
1003	1387
1003	1505
1003	1566
1003	1686
1003	1942
1004	1005
1004	1006
1004	1008
1004	1033
1004	1036
1004	1043
1004	1064
1004	1077
1004	1104
1004	1110
1004	1159
1004	1284
1005	1007
1005	1009
1005	1029
1005	1066
1005	1092
1005	1172
1005	1221
1005	1233
1005	1259
1005	1310
1005	1311
1005	1636
1006	1012
1006	1013
1006	1029
1006	1053
1006	1883
1007	1011
1007	1014
1007	1019
1007	1023
1007	1088
1007	1094
1007	1106
1007	1244
1007	1295
1007	1551
1007	1571
1008	1009
1008	1016
1008	1049
1008	1069
1008	1171
1008	1186
1008	1202
1008	1236
1008	1523
1009	1025
1009	1105
1009	1120
1009	1165
1009	1168
1009	1204
1009	1250
1009	1931
1010	1011
1010	1017
1010	1018
1010	1019
1010	1021
1010	1024
1010	1060
1010	1102
1010	1289
1010	1331
1010	1670
1011	1015
1011	1017
1011	1026
1011	1054
1011	1105
1011	1125
1011	1177
1011	1198
1011	1305
1011	1371
1011	1438
1011	1477
1011	1776
1011	1934
1012	1015
1012	1018
1012	1020
1012	1039
1012	1077
1012	1090
1012	1128
1012	1175
1012	1216
1012	1280
1012	1350
1012	1639
1012	1995
1013	1034
1013	1056
1013	1059
1013	1073
1013	1091
1013	1095
1013	1130
1013	1146
1013	1530
1013	1781
1013	1848
1013	1897
1014	1022
1014	1023
1014	1028
1014	1045
1014	1087
1014	1089
1014	1309
1014	1454
1014	1619
1014	1621
1015	1092
1015	1093
1015	1119
1015	1251
1015	1379
1015	1572
1015	1655
1016	1020
1016	1021
1016	1027
1016	1028
1016	1031
1016	1039
1016	1116
1016	1135
1016	1189
1016	1452
1016	1818
1016	1842
1017	1043
1017	1068
1017	1070
1017	1090
1017	1145
1017	1179
1017	1240
1017	1258
1017	1587
1018	1024
1018	1030
1018	1032
1018	1038
1018	1044
1018	1046
1018	1047
1018	1048
1018	1057
1018	1596
1018	1700
1019	1027
1019	1035
1019	1036
1019	1124
1019	1235
1019	1270
1019	1684
1019	1685
1019	1725
1020	1026
1020	1062
1020	1063
1020	1282
1020	1522
1021	1032
1021	1033
1021	1083
1021	1352
1021	1482
1021	1512
1021	1560
1022	1071
1022	1108
1022	1161
1022	1343
1022	1455
1022	1521
1022	1791
1023	1040
1023	1082
1023	1129
1023	1195
1023	1211
1023	1368
1023	1482
1023	1697
1024	1047
1024	1101
1024	1125
1024	1266
1024	1284
1024	1738
1025	1030
1025	1046
1025	1052
1025	1058
1025	1136
1025	1167
1025	1207
1025	1278
1025	1698
1025	1709
1025	1873
1026	1041
1026	1057
1026	1149
1026	1176
1026	1194
1026	1653
1026	1906
1027	1038
1027	1041
1027	1042
1027	1050
1027	1103
1027	1122
1027	1193
1027	1241
1027	1273
1027	1733
1028	1118
1028	1178
1028	1441
1028	1483
1028	1493
1028	1526
1028	1894
1029	1042
1029	1051
1029	1081
1029	1127
1029	1181
1029	1204
1029	1533
1029	1771
1030	1049
1030	1269
1030	1979
1031	1037
1031	1065
1031	1072
1031	1137
1031	1150
1031	1192
1031	1226
1031	1506
1031	1639
1031	1716
1031	1855
1032	1080
1032	1927
1033	1035
1033	1044
1033	1052
1033	1065
1033	1214
1033	1446
1033	1447
1033	1487
1033	1521
1033	1677
1034	1215
1034	1252
1034	1650
1034	1654
1034	1695
1034	1698
1035	1050
1035	1137
1035	1382
1035	1445
1036	1085
1036	1097
1036	1114
1036	1188
1036	1196
1036	1526
1036	1556
1036	1588
1036	1648
1037	1071
1037	1099
1037	1162
1037	1229
1037	1318
1037	1466
1037	1659
1038	1061
1038	1068
1038	1112
1038	1306
1038	1321
1039	1040
1039	1067
1039	1075
1039	1082
1039	1107
1039	1140
1039	1551
1039	1576
1039	1852
1040	1045
1040	1063
1040	1069
1040	1075
1040	1076
1040	1080
1040	1085
1040	1803
1040	1823
1041	1056
1041	1059
1041	1106
1041	1262
1041	1421
1041	1575
1042	1061
1042	1070
1042	1158
1042	1439
1042	1491
1042	1501
1042	1807
1042	1937
1043	1121
1043	1158
1043	1258
1044	1048
1044	1055
1044	1111
1044	1119
1044	1141
1044	1424
1045	1054
1045	1088
1045	1200
1045	1206
1045	1246
1045	1327
1045	1383
1045	1442
1045	1637
1046	1151
1046	1166
1046	1372
1046	1687
1046	1701
1046	1727
1047	1051
1047	1058
1047	1174
1047	1280
1048	1073
1048	1078
1048	1127
1048	1229
1048	1358
1048	1394
1048	1535
1048	1647
1049	1055
1049	1117
1049	1145
1049	1373
1049	1707
1050	1067
1050	1101
1051	1084
1052	1053
1052	1079
1052	1112
1052	1146
1052	1154
1052	1335
1052	1679
1052	1702
1052	1706
1053	1060
1053	1062
1053	1076
1053	1078
1053	1091
1053	1096
1053	1126
1053	1147
1053	1265
1054	1098
1054	1121
1054	1136
1054	1138
1054	1183
1054	1278
1055	1084
1055	1185
1055	1501
1055	1541
1055	1938
1056	1087
1056	1115
1056	1177
1056	1667
1057	1110
1057	1141
1057	1171
1057	1264
1057	1277
1057	1362
1057	1389
1057	1595
1057	1604
1058	1064
1058	1072
1058	1098
1058	1114
1058	1128
1058	1134
1058	1150
1058	1155
1058	1186
1058	1243
1058	1256
1058	1276
1058	1428
1058	1485
1058	1628
1058	1658
1059	1089
1059	1347
1059	1630
1059	1967
1060	1154
1060	1165
1060	1224
1060	1232
1060	1764
1061	1213
1061	1219
1061	1323
1061	1550
1061	1602
1061	1728
1062	1307
1062	1674
1063	1161
1063	1277
1063	1339
1063	1392
1063	1798
1064	1364
1064	1857
1065	1074
1065	1097
1065	1109
1065	1117
1065	1619
1066	1074
1066	1108
1066	1120
1066	1416
1066	1480
1067	1153
1067	1333
1067	1404
1067	1552
1067	1955
1068	1109
1068	1115
1068	1174
1068	1252
1068	1372
1068	1502
1068	1585
1068	1847
1069	1157
1069	1167
1069	1392
1069	1450
1069	1515
1069	1527
1070	1116
1070	1131
1070	1133
1070	1156
1070	1263
1070	1398
1070	1745
1070	1998
1071	1081
1071	1559
1071	1662
1071	1751
1072	1086
1072	1179
1072	1378
1072	1537
1072	1762
1072	1877
1073	1183
1073	1227
1073	1340
1073	1641
1073	1835
1074	1126
1074	1138
1074	1155
1074	1334
1074	1338
1074	1427
1074	1616
1074	1627
1075	1083
1075	1305
1075	1444
1075	1879
1076	1079
1076	1100
1076	1104
1076	1182
1076	1238
1076	1365
1076	1559
1076	1563
1077	1113
1077	1329
1077	1489
1077	1517
1077	1786
1078	1335
1078	1603
1079	1170
1079	1430
1079	1457
1080	1107
1080	1311
1080	1478
1081	1139
1081	1208
1081	1232
1081	1324
1081	1345
1081	1414
1081	1649
1082	1196
1082	1222
1082	1614
1083	1096
1083	1131
1083	1598
1083	1920
1084	1093
1084	1094
1084	1211
1084	1260
1084	1532
1085	1182
1085	1199
1086	1129
1086	1152
1086	1528
1086	1880
1087	1952
1088	1123
1088	1170
1088	1231
1088	1267
1088	1324
1088	1391
1088	1753
1089	1538
1089	1577
1089	1631
1089	1990
1090	1124
1090	1256
1090	1763
1091	1164
1091	1178
1091	1250
1091	1342
1091	1599
1092	1095
1092	1142
1092	1248
1092	1459
1092	1608
1092	1899
1093	1102
1093	1412
1094	1099
1094	1103
1094	1142
1095	1205
1095	1351
1095	1623
1095	1630
1095	1801
1095	1958
1096	1100
1096	1197
1096	1245
1096	1281
1096	1447
1096	1479
1096	1540
1097	1199
1097	1220
1097	1334
1097	1358
1097	1429
1098	1140
1098	1202
1098	1208
1098	1300
1098	1359
1098	1517
1099	1111
1099	1148
1099	1209
1099	1230
1100	1148
1100	1152
1100	1194
1100	1572
1100	1683
1100	1960
1101	1130
1101	1132
1101	1168
1101	1216
1101	1254
1101	1719
1101	1784
1102	1113
1102	1534
1103	1163
1103	1490
1103	1519
1104	1804
1104	1832
1104	1904
1105	1166
1105	1218
1105	1316
1105	1438
1105	1516
1105	1970
1106	1159
1106	1237
1106	1404
1107	1253
1107	1268
1107	1328
1107	1663
1107	1704
1109	1162
1109	1316
1109	1318
1109	1505
1109	1783
1109	1797
1109	1994
1110	1164
1110	1230
1110	1554
1111	1331
1111	1332
1111	1388
1111	1731
1112	1118
1112	1122
1112	1163
1112	1310
1112	1574
1113	1149
1113	1207
1113	1246
1113	1319
1114	1357
1114	1402
1114	1757
1115	1157
1115	1201
1115	1314
1115	1463
1115	1920
1116	1290
1116	1356
1116	1363
1116	1376
1116	1388
1116	1425
1116	1720
1117	1139
1117	1143
1117	1156
1117	1189
1117	1270
1117	1336
1117	1424
1117	1693
1117	1813
1118	1296
1118	1374
1119	1212
1119	1289
1119	1493
1119	1718
1119	1746
1120	1134
1120	1173
1120	1234
1120	1945
1121	1197
1121	1353
1121	1409
1122	1144
1122	1209
1122	1397
1122	1597
1122	1648
1122	1748
1123	1132
1123	1160
1123	1228
1124	1176
1124	1281
1124	1577
1124	1717
1124	1921
1125	1135
1125	1298
1125	1374
1125	1377
1126	1133
1126	1192
1126	1290
1126	1413
1127	1568
1127	1708
1128	1144
1128	1386
1128	1548
1128	1672
1129	1185
1129	1217
1129	1221
1129	1225
1129	1565
1129	1618
1130	1350
1130	1439
1130	1941
1131	1160
1131	1187
1131	1198
1131	1262
1131	1534
1131	1836
1132	1215
1132	1257
1132	1953
1133	1205
1133	1241
1133	1432
1133	1562
1134	1435
1134	1670
1135	1172
1135	1285
1135	1294
1135	1463
1135	1511
1135	1778
1136	1143
1136	1201
1137	1228
1137	1254
1137	1325
1137	1781
1137	1936
1139	1200
1139	1568
1140	1147
1140	1180
1140	1218
1140	1380
1141	1190
1141	1363
1141	1593
1142	1153
1142	1432
1142	1675
1142	1773
1143	1341
1143	1469
1143	1726
1143	1893
1144	1253
1144	1720
1144	1752
1144	1799
1144	1941
1145	1312
1145	1500
1146	1193
1146	1223
1146	1792
1147	1873
1148	1203
1148	1385
1148	1390
1148	1529
1148	1531
1148	1611
1149	1373
1149	1834
1150	1885
1151	1169
1151	1184
1151	1321
1151	1383
1151	1761
1151	1842
1151	1883
1151	1988
1152	1405
1152	1770
1152	1867
1153	1282
1153	1495
1154	1195
1154	1274
1154	1296
1154	1337
1154	1430
1154	1433
1154	1473
1154	1486
1155	1239
1155	1272
1155	1302
1155	1520
1155	1740
1156	1327
1156	1356
1157	1184
1157	1678
1158	1206
1158	1237
1158	1260
1158	1662
1159	1547
1159	1777
1160	1259
1160	1351
1160	1381
1160	1456
1161	1187
1161	1188
1161	1287
1161	1365
1162	1169
1162	1507
1162	1548
1162	1578
1163	1353
1163	1488
1163	1595
1163	1624
1163	1664
1164	1243
1164	1286
1164	1333
1164	1341
1164	1806
1165	1274
1165	1451
1166	1555
1166	1611
1167	1263
1167	1275
1167	1315
1167	1380
1167	1476
1167	1562
1168	1297
1168	1449
1168	1841
1169	1173
1169	1255
1169	1344
1169	1806
1169	1843
1170	1224
1170	1283
1170	1472
1170	1585
1171	1210
1171	1217
1171	1236
1171	1699
1171	1789
1171	1870
1172	1190
1172	1222
1172	1468
1172	1570
1173	1175
1173	1180
1173	1203
1173	1329
1173	1394
1173	1458
1173	1477
1173	1542
1173	1682
1173	1980
1174	1264
1174	1300
1174	1700
1174	1907
1175	1322
1175	1647
1176	1265
1176	1279
1176	1304
1176	1498
1177	1276
1177	1308
1177	1423
1177	1747
1178	1181
1178	1191
1178	1421
1179	1269
1179	1308
1179	1342
1179	1403
1179	1780
1180	1240
1180	1408
1180	1420
1180	1453
1181	1520
1181	1524
1182	1226
1182	1330
1182	1557
1182	1609
1183	1299
1183	1319
1183	1427
1183	1600
1183	1679
1184	1279
1184	1317
1184	1386
1184	1401
1184	1528
1184	1575
1184	1697
1185	1261
1185	1347
1185	1495
1185	1668
1186	1378
1186	1787
1187	1454
1188	1695
1188	1752
1188	1882
1189	1474
1190	1191
1190	1286
1190	1485
1190	1892
1191	1213
1191	1632
1192	1411
1192	1500
1193	1268
1193	1272
1193	1295
1193	1312
1193	1607
1194	1210
1194	1297
1194	1492
1194	1606
1194	1830
1195	1245
1195	1247
1196	1214
1196	1338
1196	1465
1196	1828
1197	1352
1197	1601
1198	1235
1198	1361
1198	1564
1199	1249
1199	1261
1199	1330
1199	1337
1199	1393
1199	1862
1199	1886
1200	1231
1200	1375
1200	1464
1200	1810
1200	1974
1201	1583
1201	1796
1202	1219
1202	1242
1202	1419
1202	1726
1202	1740
1203	1225
1203	1590
1203	1863
1205	1425
1205	1441
1205	1582
1205	1950
1206	1248
1206	1322
1206	1436
1206	1768
1206	1947
1207	1212
1207	1239
1207	1242
1207	1326
1207	1782
1207	1829
1207	1846
1207	1914
1208	1503
1208	1518
1208	1617
1208	1750
1209	1266
1209	1275
1209	1299
1209	1370
1209	1668
1209	1848
1210	1293
1210	1504
1210	1592
1210	1724
1210	1969
1211	1220
1211	1476
1212	1561
1212	1656
1212	1815
1212	1966
1213	1227
1213	1294
1213	1355
1213	1510
1213	1919
1214	1238
1214	1304
1214	1481
1214	1707
1214	1963
1214	1984
1215	1223
1215	1291
1215	1583
1215	1689
1215	1819
1216	1303
1216	1491
1216	1538
1217	1244
1217	1320
1217	1348
1218	1360
1219	1496
1219	1507
1220	1362
1220	1719
1220	1810
1220	1908
1221	1508
1221	1832
1222	1292
1222	1471
1222	1504
1223	1804
1223	1946
1224	1369
1225	1395
1225	1522
1225	1684
1226	1326
1226	1459
1226	1579
1226	1649
1226	1755
1227	1401
1227	1751
1227	1843
1228	1234
1228	1332
1228	1443
1228	1794
1229	1291
1230	1366
1230	1588
1231	1255
1231	1422
1232	1257
1232	1288
1232	1633
1232	1774
1232	1803
1233	1573
1233	1881
1234	1267
1236	1569
1236	1831
1237	1301
1237	1399
1238	1418
1238	1610
1238	1725
1239	1303
1239	1307
1239	1385
1240	1417
1240	1456
1240	1757
1240	1970
1241	1251
1241	1354
1242	1412
1242	1484
1242	1761
1242	1911
1243	1249
1243	1354
1243	1407
1243	1683
1244	1710
1245	1359
1245	1641
1246	1306
1246	1357
1246	1769
1246	1909
1248	1371
1248	1381
1248	1426
1248	1458
1249	1271
1249	1346
1249	1461
1249	1554
1249	1844
1250	1618
1251	1355
1251	1364
1251	1515
1251	1591
1252	1288
1252	1571
1252	1642
1252	1760
1253	1292
1253	1384
1253	1402
1253	1428
1254	1512
1254	1828
1255	1387
1255	1451
1255	1467
1255	1650
1256	1287
1256	1400
1256	1539
1257	1285
1257	1464
1257	1508
1257	1565
1257	1596
1257	1753
1258	1313
1258	1643
1258	1929
1259	1315
1259	1723
1259	1869
1260	1339
1260	1514
1260	1732
1261	1336
1261	1536
1261	1605
1261	1779
1262	1293
1262	1344
1262	1419
1262	1541
1262	1573
1263	1420
1263	1674
1264	1271
1264	1340
1265	1367
1265	1399
1265	1736
1266	1317
1266	1923
1268	1395
1268	1872
1269	1437
1269	1545
1269	1760
1270	1552
1271	1346
1271	1872
1272	1808
1273	1403
1273	1547
1273	1560
1274	1298
1274	1688
1274	1722
1275	1328
1275	1469
1276	1398
1277	1474
1277	1689
1279	1460
1279	1867
1280	1509
1280	1827
1281	1313
1281	1681
1282	1410
1282	1461
1282	1846
1283	1309
1283	1320
1284	1644
1284	1745
1285	1615
1285	1871
1286	1479
1286	1626
1287	1376
1287	1818
1288	1434
1288	1836
1288	1958
1288	1978
1289	1325
1289	1416
1289	1542
1289	1973
1292	1343
1292	1553
1293	1302
1293	1686
1295	1460
1295	1933
1296	1301
1296	1462
1296	1475
1296	1558
1296	1660
1297	1533
1298	1440
1298	1530
1298	1626
1298	1645
1298	1687
1298	1705
1298	1845
1299	1676
1301	1696
1301	1699
1302	1856
1304	1397
1304	1494
1305	1471
1305	1513
1305	1635
1306	1384
1306	1525
1307	1391
1307	1417
1307	1518
1307	1536
1307	1599
1307	1642
1307	1871
1307	1904
1307	1916
1308	1478
1308	1837
1309	1314
1309	1468
1309	1543
1310	1349
1310	1410
1310	1633
1310	1721
1310	1972
1311	1604
1311	1808
1312	1407
1313	1481
1313	1975
1314	1323
1315	1431
1315	1448
1315	1833
1315	1999
1316	1977
1317	1396
1317	1527
1318	1429
1320	1360
1320	1587
1320	1708
1320	1817
1321	1422
1321	1712
1321	1771
1321	1857
1322	1742
1322	1962
1323	1603
1324	1452
1324	1727
1326	1375
1326	1678
1326	1793
1327	1788
1327	1822
1327	1981
1328	1345
1328	1549
1329	1472
1329	1569
1329	1652
1330	1968
1332	1393
1332	1426
1332	1488
1332	1736
1333	1370
1333	1822
1334	1510
1335	1455
1335	1886
1336	1462
1337	1625
1338	1449
1339	1443
1339	1490
1339	1756
1340	1349
1340	1434
1341	1409
1341	1612
1342	1600
1343	1499
1344	1543
1344	1556
1344	1610
1346	1598
1347	1540
1347	1629
1347	1837
1347	1953
1348	1369
1348	1566
1349	1361
1349	1748
1349	1951
1349	1965
1349	1996
1350	1405
1350	1592
1350	1710
1351	1475
1351	1661
1352	1368
1352	1470
1352	1498
1353	1366
1353	1785
1353	1991
1354	1390
1354	1435
1354	1758
1355	1367
1355	1413
1355	1415
1356	1437
1356	1499
1356	1546
1357	1711
1357	1884
1358	1408
1358	1653
1360	1466
1360	1969
1361	1557
1361	1691
1361	1716
1361	1939
1362	1442
1362	1629
1363	1377
1363	1379
1363	1473
1364	1605
1364	1853
1364	1911
1365	1532
1365	1831
1366	1657
1366	1978
1369	1739
1370	1400
1370	1506
1371	1496
1371	1724
1372	1389
1372	1591
1372	1869
1373	1561
1373	1994
1374	1593
1374	1889
1375	1448
1375	1480
1375	1581
1375	1597
1375	1602
1376	1497
1376	1777
1376	1993
1377	1959
1378	1608
1379	1415
1379	1656
1380	1382
1380	1414
1381	1433
1381	1525
1381	1932
1382	1406
1383	1924
1383	1940
1385	1411
1385	1453
1385	1465
1385	1723
1385	1876
1386	1396
1386	1406
1386	1489
1386	1645
1386	1835
1387	1450
1387	1524
1387	1535
1387	1660
1387	1966
1388	1657
1389	1635
1390	1737
1391	1484
1391	1545
1393	1849
1393	1885
1398	1755
1399	1807
1400	1423
1400	1980
1401	1711
1401	1915
1403	1497
1403	1609
1403	1655
1403	1847
1403	1861
1404	1690
1404	1788
1405	1446
1405	1555
1407	1440
1407	1467
1407	1613
1407	1672
1407	2000
1409	1589
1410	1881
1411	1878
1412	1513
1412	1580
1412	1913
1413	1558
1414	1709
1414	1734
1416	1418
1416	1539
1417	1445
1417	1586
1419	1529
1419	1819
1420	1772
1421	1770
1422	1502
1422	1694
1422	1844
1422	1852
1423	1747
1423	1839
1424	1811
1425	1436
1425	1624
1426	1457
1426	1516
1427	1606
1427	1638
1428	1431
1428	1987
1430	1444
1430	1486
1432	1712
1433	1675
1433	1780
1434	1523
1434	1784
1435	1643
1436	1906
1437	1895
1438	1742
1439	1584
1439	1637
1439	1887
1441	1634
1443	1483
1444	1866
1445	1553
1445	1766
1445	1957
1446	1790
1447	1594
1448	1487
1448	1576
1449	1589
1450	1986
1451	1581
1451	1926
1451	1939
1452	1805
1453	1858
1454	1782
1455	1570
1455	1762
1455	1985
1455	1993
1456	1514
1456	1669
1457	1640
1458	1826
1460	1706
1461	1550
1462	1470
1463	1586
1465	1563
1465	1813
1465	1827
1466	1665
1466	1838
1466	1924
1468	1492
1468	1876
1468	1878
1468	1985
1469	1824
1470	1509
1471	1549
1473	1667
1475	1494
1475	1582
1475	1694
1476	1580
1478	1713
1478	1769
1479	1584
1479	1733
1481	1741
1482	1948
1483	1796
1484	1511
1484	1877
1485	1503
1485	1922
1486	1785
1487	1631
1487	1680
1489	1652
1489	1750
1490	1567
1490	1640
1491	1704
1491	1764
1492	1537
1492	1638
1493	1544
1493	1574
1493	1613
1495	1519
1496	1620
1497	1594
1497	1671
1497	1899
1498	1676
1498	1758
1499	1765
1501	1763
1508	1607
1509	1531
1509	1774
1509	1816
1509	1927
1509	1971
1510	1809
1510	1841
1510	1965
1511	1665
1511	1799
1513	1902
1515	1792
1517	1833
1518	1658
1518	1703
1521	1636
1521	1739
1521	1812
1522	1759
1524	1702
1525	1567
1525	1973
1526	1546
1526	1617
1527	1987
1528	1627
1529	1612
1530	1915
1531	1578
1531	1644
1532	1601
1532	1775
1533	1590
1533	1999
1534	1913
1535	1997
1537	1622
1538	1778
1538	1858
1539	1767
1539	1907
1540	1544
1543	1621
1543	1681
1543	1943
1544	1680
1546	1967
1549	1696
1549	1756
1550	1896
1550	1910
1550	1922
1553	2001
1555	1896
1557	1632
1557	1775
1557	1912
1558	1856
1559	1579
1559	1692
1559	1840
1559	1870
1561	1814
1561	1946
1563	1623
1563	1930
1565	1614
1565	1628
1565	1646
1566	1620
1566	1888
1567	1677
1567	1997
1568	1925
1569	1654
1569	1737
1571	1730
1572	1625
1572	1738
1573	1749
1575	1735
1576	1838
1579	1666
1579	1944
1580	1767
1581	1789
1584	1732
1584	1992
1585	1663
1585	1981
1587	1749
1587	1890
1588	1692
1590	1776
1590	1820
1590	1903
1591	1853
1593	1805
1593	1829
1594	1982
1595	1651
1595	1714
1595	1718
1595	1744
1595	1898
1595	1905
1596	1615
1596	1860
1596	1956
1597	1840
1600	1651
1601	1743
1603	1685
1605	1646
1605	1754
1608	1622
1609	1735
1611	1816
1612	1669
1612	1714
1613	1661
1614	1616
1618	1859
1621	1729
1621	1809
1623	1815
1625	1691
1626	1826
1627	1823
1628	1731
1628	1863
1628	1864
1628	1866
1629	1664
1629	1717
1630	1690
1630	1968
1632	1634
1632	1959
1634	1666
1634	1794
1634	1851
1635	1887
1636	1701
1639	1787
1639	1902
1640	1688
1642	1673
1644	1703
1644	1705
1644	1834
1646	1986
1647	1861
1648	1795
1649	1854
1651	1798
1653	1944
1655	1765
1655	1773
1655	1839
1655	1998
1656	1659
1658	1729
1659	1682
1659	1730
1660	1830
1661	1795
1663	1884
1665	1850
1665	1954
1666	1671
1666	1693
1668	1791
1668	1821
1670	1673
1670	1875
1672	1722
1672	1768
1673	1766
1674	1728
1675	1793
1676	1916
1677	1779
1680	1817
1680	1943
1681	1851
1681	1918
1682	1868
1683	1914
1684	1874
1685	1961
1687	1715
1690	1850
1691	1734
1691	1918
1695	1759
1695	1925
1696	1814
1697	1743
1697	1754
1700	1898
1701	1996
1702	1995
1703	1713
1704	1988
1707	1895
1708	1744
1709	1721
1709	1746
1710	1901
1711	1860
1712	1975
1713	1797
1713	1942
1716	1741
1716	1900
1716	1940
1717	1912
1723	1800
1726	1976
1729	1821
1729	1951
1731	1891
1732	1937
1735	1790
1739	1786
1741	1802
1746	1801
1748	1783
1748	1820
1750	1917
1751	1855
1751	1874
1752	1811
1752	1908
1753	1802
1753	1868
1753	1926
1753	1964
1753	1989
1754	1849
1754	2000
1756	1825
1756	1923
1764	1772
1765	1888
1767	1859
1767	1930
1768	1893
1769	1931
1770	1990
1771	1864
1773	1932
1776	1825
1778	1865
1780	1865
1780	1949
1781	1972
1782	1812
1786	1961
1786	1979
1787	1962
1787	1989
1788	1880
1799	1919
1810	1824
1811	1991
1813	1983
1815	1917
1820	1935
1820	1964
1822	1897
1822	1910
1822	1933
1824	1952
1825	1845
1829	1875
1829	1957
1833	1982
1836	1854
1836	1879
1837	1890
1838	1894
1840	1936
1841	1882
1844	1862
1845	1963
1848	1900
1854	1938
1855	1928
1856	1889
1857	1905
1859	1945
1861	1909
1863	1977
1863	2001
1870	1984
1872	1983
1874	1892
1874	1947
1874	1992
1875	1891
1882	1903
1887	1934
1887	1949
1889	1929
1895	1901
1897	1928
1903	1921
1907	1935
1909	1955
1915	1974
1922	1950
1929	1948
1932	1971
1939	1956
1940	1954
1946	1976
1954	1960
