0	0
1	1
2	0
3	1
4	0
5	0
6	1
7	1
8	1
9	0
10	0
11	0
12	0
13	0
14	1
15	0
16	0
17	0
18	1
19	0
20	1
21	0
22	1
23	0
24	1
25	0
26	1
27	0
28	0
29	0
30	0
31	1
32	1
33	1
34	0
35	0
36	1
37	0
38	0
39	1
40	1
41	0
42	1
43	1
44	0
45	1
46	0
47	1
48	1
49	1
50	0
51	1
52	1
53	0
54	0
55	0
56	0
57	0
58	1
59	0
60	0
61	0
62	1
63	1
64	1
65	0
66	0
67	0
68	0
69	1
70	0
71	0
72	1
73	0
74	0
75	1
76	1
77	0
78	0
79	0
80	1
81	0
82	1
83	1
84	0
85	1
86	0
87	0
88	1
89	1
90	1
91	1
92	0
93	1
94	1
95	1
96	0
97	1
98	1
99	0
100	1
101	0
102	0
103	0
104	0
105	0
106	0
107	1
108	0
109	1
110	0
111	1
112	0
113	0
114	0
115	0
116	0
117	0
118	0
119	0
120	0
121	1
122	1
123	0
124	1
125	0
126	0
127	0
128	1
129	0
130	1
131	1
132	1
133	1
134	0
135	1
136	1
137	0
138	0
139	1
140	0
141	1
142	0
143	0
144	1
145	0
146	0
147	0
148	0
149	1
150	1
151	0
152	0
153	1
154	1
155	1
156	1
157	1
158	1
159	0
160	0
161	1
162	0
163	0
164	0
165	1
166	1
167	1
168	1
169	1
170	1
171	1
172	1
173	1
174	0
175	1
176	1
177	0
178	1
179	0
180	0
181	0
182	1
183	1
184	0
185	1
186	1
187	1
188	0
189	0
190	1
191	1
192	0
193	0
194	1
195	1
196	0
197	1
198	1
199	0
200	1
201	0
202	1
203	0
204	1
205	0
206	1
207	0
208	0
209	0
210	1
211	1
212	0
213	0
214	1
215	0
216	1
217	0
218	1
219	0
220	0
221	0
222	0
223	0
224	1
225	1
226	0
227	0
228	0
229	0
230	0
231	0
232	1
233	0
234	1
235	1
236	0
237	1
238	1
239	0
240	1
241	0
242	0
243	1
244	1
245	0
246	1
247	0
248	1
249	0
250	0
251	0
252	0
253	1
254	1
255	0
256	0
257	0
258	0
259	0
260	0
261	1
262	1
263	0
264	1
265	0
266	1
267	1
268	1
269	0
270	1
271	0
272	0
273	1
274	0
275	0
276	1
277	1
278	1
279	0
280	0
281	1
282	1
283	1
284	0
285	0
286	1
287	1
288	0
289	0
290	0
291	1
292	1
293	1
294	0
295	1
296	1
297	0
298	1
299	1
300	0
301	1
302	1
303	0
304	0
305	0
306	0
307	1
308	1
309	0
310	0
311	0
312	0
313	1
314	0
315	1
316	0
317	0
318	0
319	0
320	0
321	1
322	1
323	0
324	0
325	0
326	0
327	1
328	1
329	0
330	1
331	0
332	0
333	1
334	0
335	0
336	1
337	1
338	1
339	1
340	1
341	1
342	0
343	0
344	1
345	1
346	0
347	1
348	1
349	1
350	1
351	1
352	1
353	0
354	1
355	1
356	1
357	0
358	1
359	1
360	1
361	0
362	1
363	1
364	0
365	0
366	1
367	1
368	0
369	1
370	0
371	0
372	1
373	1
374	1
375	0
376	1
377	1
378	0
379	0
380	1
381	1
382	1
383	0
384	0
385	0
386	1
387	0
388	0
389	0
390	1
391	0
392	0
393	1
394	1
395	1
396	0
397	0
398	1
399	0
400	1
401	1
402	0
403	1
404	0
405	0
406	1
407	0
408	1
409	1
410	1
411	0
412	0
413	1
414	1
415	0
416	1
417	0
418	1
419	1
420	0
421	1
422	0
423	0
424	1
425	0
426	1
427	1
428	1
429	0
430	0
431	1
432	1
433	0
434	0
435	1
436	0
437	1
438	0
439	0
440	1
441	0
442	0
443	1
444	0
445	1
446	1
447	0
448	1
449	1
450	0
451	1
452	1
453	0
454	1
455	0
456	0
457	1
458	0
459	1
460	1
461	0
462	1
463	1
464	1
465	0
466	1
467	1
468	0
469	0
470	0
471	0
472	0
473	1
474	1
475	0
476	0
477	0
478	1
479	1
480	0
481	1
482	0
483	1
484	1
485	0
486	1
487	1
488	1
489	1
490	1
491	0
492	1
493	0
494	1
495	1
496	0
497	1
498	1
499	0
500	1
501	0
502	0
503	1
504	1
505	0
506	1
507	1
508	0
509	1
510	1
511	0
512	1
513	0
514	1
515	1
516	1
517	0
518	0
519	1
520	0
521	0
522	1
523	1
524	0
525	1
526	0
527	1
528	0
529	0
530	0
531	0
532	1
533	1
534	1
535	0
536	1
537	0
538	0
539	0
540	1
541	1
542	0
543	0
544	1
545	0
546	1
547	0
548	1
549	0
550	1
551	0
552	1
553	0
554	1
555	0
556	0
557	0
558	1
559	0
560	0
561	1
562	0
563	1
564	0
565	0
566	0
567	0
568	1
569	1
570	1
571	1
572	1
573	0
574	0
575	0
576	0
577	1
578	1
579	0
580	0
581	0
582	0
583	1
584	1
585	1
586	0
587	1
588	0
589	1
590	0
591	0
592	0
593	0
594	0
595	0
596	0
597	1
598	0
599	0
600	0
601	0
602	0
603	0
604	1
605	1
606	1
607	0
608	1
609	0
610	0
611	0
612	0
613	0
614	0
615	1
616	0
617	1
618	0
619	0
620	0
621	0
622	1
623	0
624	0
625	0
626	0
627	0
628	1
629	1
630	1
631	0
632	0
633	0
634	0
635	0
636	0
637	1
638	1
639	0
640	0
641	0
642	1
643	0
644	0
645	1
646	1
647	1
648	1
649	0
650	0
651	0
652	1
653	1
654	0
655	0
656	0
657	1
658	0
659	1
660	0
661	1
662	0
663	1
664	1
665	1
666	0
667	1
668	1
669	0
670	0
671	1
672	0
673	0
674	0
675	0
676	0
677	1
678	1
679	1
680	0
681	1
682	0
683	0
684	0
685	0
686	0
687	0
688	0
689	1
690	1
691	1
692	0
693	0
694	1
695	0
696	1
697	1
698	0
699	0
700	0
701	1
702	1
703	0
704	1
705	1
706	1
707	1
708	0
709	0
710	1
711	0
712	1
713	0
714	0
715	1
716	1
717	1
718	0
719	0
720	1
721	0
722	0
723	0
724	0
725	1
726	0
727	0
728	0
729	1
730	0
731	1
732	1
733	1
734	0
735	0
736	0
737	1
738	1
739	0
740	0
741	1
742	1
743	0
744	1
745	1
746	0
747	0
748	0
749	0
750	1
751	1
752	0
753	0
754	0
755	0
756	1
757	1
758	0
759	1
760	1
761	1
762	0
763	0
764	1
765	1
766	1
767	0
768	0
769	0
770	1
771	1
772	1
773	1
774	1
775	1
776	0
777	0
778	1
779	0
780	0
781	0
782	0
783	0
784	0
785	0
786	1
787	1
788	0
789	1
790	0
791	0
792	1
793	1
794	0
795	1
796	0
797	1
798	0
799	1
800	1
801	1
802	0
803	0
804	1
805	0
806	1
807	0
808	0
809	1
810	1
811	0
812	1
813	1
814	1
815	1
816	1
817	1
818	0
819	1
820	1
821	1
822	0
823	1
824	1
825	1
826	0
827	0
828	1
829	0
830	1
831	1
832	1
833	1
834	1
835	1
836	1
837	0
838	1
839	1
840	1
841	1
842	1
843	0
844	1
845	0
846	0
847	0
848	0
849	1
850	1
851	1
852	0
853	1
854	1
855	1
856	1
857	1
858	0
859	1
860	1
861	0
862	0
863	0
864	0
865	1
866	0
867	0
868	0
869	1
870	1
871	1
872	0
873	1
874	1
875	1
876	1
877	1
878	1
879	0
880	0
881	0
882	0
883	1
884	1
885	1
886	1
887	1
888	0
889	0
890	0
891	1
892	0
893	0
894	0
895	1
896	1
897	1
898	1
899	1
900	0
901	0
902	1
903	0
904	0
905	0
906	0
907	0
908	0
909	1
910	0
911	1
912	0
913	1
914	1
915	1
916	1
917	1
918	0
919	0
920	1
921	1
922	1
923	0
924	1
925	0
926	0
927	0
928	0
929	0
930	1
931	0
932	1
933	1
934	0
935	0
936	0
937	1
938	1
939	1
940	1
941	1
942	0
943	1
944	0
945	1
946	1
947	0
948	1
949	1
950	0
951	0
952	0
953	1
954	0
955	0
956	1
957	1
958	1
959	0
960	1
961	1
962	1
963	1
964	1
965	0
966	1
967	0
968	1
969	0
970	0
971	0
972	1
973	0
974	0
975	1
976	1
977	0
978	1
979	0
980	1
981	0
982	1
983	1
984	0
985	0
986	0
987	0
988	1
989	1
990	1
991	1
992	0
993	0
994	1
995	0
996	1
997	0
998	1
999	0
1002	0
1003	1
1004	1
1005	0
1006	0
1007	1
1008	0
1009	0
1010	1
1011	0
1012	1
1013	0
1014	0
1015	1
1016	0
1017	0
1018	0
1019	0
1020	1
1021	1
1022	0
1023	0
1024	1
1025	1
1026	1
1027	1
1028	1
1029	0
1030	0
1031	1
1032	0
1033	0
1034	1
1035	1
1036	1
1037	0
1038	1
1039	0
1040	0
1041	0
1042	0
1043	1
1044	0
1045	1
1046	1
1047	0
1048	0
1049	0
1050	0
1051	1
1052	0
1053	1
1054	0
1055	1
1056	0
1057	0
1058	0
1059	0
1060	0
1061	1
1062	0
1063	1
1064	0
1065	1
1066	0
1067	0
1068	0
1069	1
1070	1
1071	0
1072	0
1073	1
1074	0
1075	0
1076	0
1077	0
1078	1
1079	0
1080	1
1081	0
1082	0
1083	1
1084	0
1085	0
1086	0
1087	1
1088	0
1089	0
1090	1
1091	0
1092	0
1093	0
1094	0
1095	0
1096	1
1097	0
1098	0
1099	0
1100	0
1101	1
1102	1
1103	1
1104	1
1105	0
1106	0
1107	1
1108	0
1109	0
1110	1
1111	1
1112	1
1113	1
1114	1
1115	0
1116	1
1117	0
1118	1
1119	0
1120	0
1121	0
1122	0
1123	0
1124	0
1125	0
1126	1
1127	0
1128	1
1129	0
1130	1
1131	0
1132	1
1133	0
1134	0
1135	0
1136	1
1137	1
1138	0
1139	0
1140	1
1141	0
1142	1
1143	1
1144	0
1145	0
1146	0
1147	1
1148	0
1149	0
1150	1
1151	1
1152	0
1153	1
1154	1
1155	1
1156	1
1157	1
1158	0
1159	0
1160	0
1161	0
1162	1
1163	1
1164	0
1165	0
1166	1
1167	0
1168	1
1169	0
1170	1
1171	1
1172	0
1173	1
1174	1
1175	1
1176	1
1177	1
1178	1
1179	1
1180	1
1181	0
1182	0
1183	1
1184	1
1185	1
1186	1
1187	1
1188	1
1189	0
1190	1
1191	1
1192	1
1193	0
1194	1
1195	1
1196	0
1197	0
1198	0
1199	0
1200	1
1201	0
1202	0
1203	0
1204	1
1205	1
1206	0
1207	1
1208	0
1209	0
1210	1
1211	1
1212	0
1213	0
1214	1
1215	1
1216	1
1217	0
1218	0
1219	0
1220	0
1221	0
1222	0
1223	0
1224	0
1225	1
1226	1
1227	0
1228	1
1229	1
1230	0
1231	1
1232	0
1233	0
1234	1
1235	0
1236	1
1237	1
1238	1
1239	1
1240	0
1241	1
1242	1
1243	0
1244	1
1245	1
1246	0
1247	0
1248	0
1249	1
1250	1
1251	0
1252	1
1253	0
1254	0
1255	0
1256	0
1257	0
1258	1
1259	1
1260	0
1261	1
1262	1
1263	1
1264	1
1265	1
1266	0
1267	0
1268	0
1269	1
1270	0
1271	0
1272	1
1273	0
1274	1
1275	0
1276	1
1277	1
1278	1
1279	0
1280	0
1281	0
1282	0
1283	0
1284	0
1285	0
1286	1
1287	1
1288	1
1289	0
1290	0
1291	0
1292	1
1293	0
1294	0
1295	1
1296	1
1297	1
1298	0
1299	1
1300	0
1301	0
1302	1
1303	1
1304	0
1305	1
1306	0
1307	1
1308	0
1309	0
1310	0
1311	0
1312	0
1313	0
1314	0
1315	1
1316	1
1317	0
1318	0
1319	0
1320	1
1321	1
1322	1
1323	1
1324	1
1325	1
1326	1
1327	0
1328	1
1329	1
1330	0
1331	1
1332	1
1333	1
1334	0
1335	0
1336	1
1337	0
1338	0
1339	1
1340	1
1341	1
1342	0
1343	1
1344	1
1345	1
1346	0
1347	0
1348	0
1349	1
1350	1
1351	1
1352	0
1353	0
1354	0
1355	0
1356	0
1357	0
1358	0
1359	0
1360	0
1361	1
1362	1
1363	1
1364	1
1365	1
1366	1
1367	1
1368	1
1369	0
1370	0
1371	0
1372	1
1373	0
1374	0
1375	0
1376	0
1377	0
1378	0
1379	1
1380	0
1381	1
1382	1
1383	1
1384	0
1385	1
1386	1
1387	1
1388	1
1389	0
1390	1
1391	0
1392	1
1393	1
1394	1
1395	1
1396	0
1397	1
1398	0
1399	0
1400	0
1401	1
1402	0
1403	0
1404	1
1405	1
1406	1
1407	1
1408	0
1409	0
1410	0
1411	0
1412	0
1413	1
1414	0
1415	1
1416	1
1417	1
1418	1
1419	0
1420	1
1421	1
1422	1
1423	1
1424	1
1425	0
1426	1
1427	1
1428	1
1429	1
1430	1
1431	1
1432	1
1433	1
1434	1
1435	0
1436	0
1437	1
1438	0
1439	1
1440	0
1441	0
1442	1
1443	1
1444	1
1445	0
1446	0
1447	1
1448	1
1449	0
1450	1
1451	1
1452	0
1453	0
1454	1
1455	0
1456	1
1457	1
1458	1
1459	0
1460	0
1461	0
1462	1
1463	1
1464	0
1465	1
1466	1
1467	0
1468	0
1469	0
1470	0
1471	1
1472	1
1473	0
1474	0
1475	1
1476	0
1477	1
1478	1
1479	0
1480	0
1481	0
1482	0
1483	0
1484	0
1485	1
1486	0
1487	1
1488	0
1489	1
1490	0
1491	1
1492	0
1493	0
1494	0
1495	1
1496	1
1497	1
1498	0
1499	0
1500	0
1501	1
1502	0
1503	0
1504	0
1505	1
1506	1
1507	0
1508	0
1509	0
1510	1
1511	1
1512	0
1513	0
1514	1
1515	0
1516	1
1517	0
1518	0
1519	0
1520	0
1521	0
1522	1
1523	0
1524	1
1525	0
1526	1
1527	1
1528	1
1529	1
1530	1
1531	1
1532	0
1533	0
1534	0
1535	0
1536	1
1537	0
1538	1
1539	1
1540	1
1541	0
1542	0
1543	0
1544	0
1545	1
1546	0
1547	1
1548	0
1549	1
1550	1
1551	1
1552	1
1553	0
1554	1
1555	1
1556	0
1557	0
1558	1
1559	0
1560	0
1561	0
1562	1
1563	0
1564	1
1565	0
1566	1
1567	1
1568	1
1569	1
1570	1
1571	1
1572	1
1573	1
1574	0
1575	0
1576	1
1577	1
1578	1
1579	0
1580	0
1581	0
1582	1
1583	1
1584	0
1585	1
1586	1
1587	0
1588	1
1589	1
1590	1
1591	0
1592	0
1593	0
1594	1
1595	0
1596	0
1597	0
1598	1
1599	0
1600	1
1601	1
1602	1
1603	0
1604	1
1605	1
1606	1
1607	0
1608	1
1609	0
1610	0
1611	0
1612	1
1613	0
1614	0
1615	1
1616	1
1617	1
1618	1
1619	0
1620	0
1621	1
1622	1
1623	1
1624	1
1625	0
1626	1
1627	0
1628	0
1629	0
1630	1
1631	0
1632	0
1633	1
1634	1
1635	1
1636	0
1637	1
1638	0
1639	0
1640	0
1641	1
1642	1
1643	1
1644	0
1645	0
1646	0
1647	1
1648	1
1649	0
1650	1
1651	0
1652	1
1653	1
1654	0
1655	0
1656	0
1657	0
1658	1
1659	1
1660	0
1661	1
1662	0
1663	0
1664	0
1665	1
1666	0
1667	1
1668	0
1669	1
1670	1
1671	0
1672	0
1673	1
1674	0
1675	0
1676	0
1677	1
1678	0
1679	0
1680	1
1681	0
1682	0
1683	1
1684	0
1685	1
1686	0
1687	0
1688	1
1689	1
1690	1
1691	1
1692	0
1693	0
1694	1
1695	0
1696	1
1697	0
1698	0
1699	0
1700	1
1701	0
1702	0
1703	0
1704	1
1705	1
1706	0
1707	1
1708	1
1709	0
1710	1
1711	1
1712	0
1713	0
1714	0
1715	0
1716	1
1717	1
1718	1
1719	0
1720	1
1721	0
1722	0
1723	1
1724	0
1725	1
1726	1
1727	0
1728	1
1729	0
1730	1
1731	0
1732	1
1733	1
1734	1
1735	1
1736	0
1737	1
1738	0
1739	1
1740	1
1741	1
1742	1
1743	0
1744	0
1745	1
1746	0
1747	1
1748	1
1749	0
1750	1
1751	0
1752	1
1753	0
1754	1
1755	0
1756	0
1757	0
1758	0
1759	1
1760	1
1761	1
1762	0
1763	0
1764	1
1765	1
1766	0
1767	0
1768	0
1769	1
1770	1
1771	0
1772	0
1773	0
1774	1
1775	0
1776	0
1777	1
1778	0
1779	1
1780	1
1781	1
1782	1
1783	1
1784	1
1785	1
1786	0
1787	0
1788	0
1789	0
1790	1
1791	1
1792	1
1793	1
1794	0
1795	1
1796	0
1797	0
1798	1
1799	0
1800	1
1801	1
1802	1
1803	0
1804	0
1805	0
1806	1
1807	0
1808	1
1809	0
1810	0
1811	0
1812	0
1813	0
1814	0
1815	1
1816	1
1817	0
1818	1
1819	0
1820	1
1821	0
1822	1
1823	1
1824	0
1825	0
1826	1
1827	1
1828	1
1829	1
1830	1
1831	0
1832	0
1833	1
1834	1
1835	1
1836	0
1837	0
1838	1
1839	1
1840	0
1841	1
1842	1
1843	0
1844	1
1845	0
1846	0
1847	0
1848	0
1849	0
1850	1
1851	0
1852	1
1853	1
1854	0
1855	1
1856	0
1857	1
1858	0
1859	0
1860	0
1861	0
1862	1
1863	0
1864	1
1865	0
1866	0
1867	0
1868	0
1869	0
1870	1
1871	0
1872	0
1873	0
1874	1
1875	1
1876	0
1877	1
1878	0
1879	1
1880	1
1881	0
1882	1
1883	0
1884	1
1885	1
1886	0
1887	1
1888	0
1889	1
1890	0
1891	1
1892	0
1893	1
1894	1
1895	0
1896	0
1897	1
1898	0
1899	1
1900	0
1901	0
1902	0
1903	0
1904	1
1905	1
1906	0
1907	0
1908	0
1909	1
1910	1
1911	1
1912	1
1913	1
1914	0
1915	1
1916	1
1917	1
1918	1
1919	1
1920	1
1921	0
1922	0
1923	1
1924	1
1925	0
1926	1
1927	0
1928	1
1929	1
1930	1
1931	1
1932	1
1933	1
1934	1
1935	1
1936	1
1937	1
1938	0
1939	0
1940	1
1941	1
1942	0
1943	0
1944	1
1945	1
1946	0
1947	1
1948	0
1949	0
1950	0
1951	1
1952	1
1953	0
1954	1
1955	0
1956	1
1957	1
1958	0
1959	0
1960	0
1961	0
1962	1
1963	1
1964	1
1965	1
1966	0
1967	1
1968	0
1969	1
1970	0
1971	0
1972	0
1973	0
1974	0
1975	1
1976	0
1977	1
1978	1
1979	0
1980	0
1981	0
1982	1
1983	1
1984	0
1985	0
1986	1
1987	0
1988	0
1989	1
1990	0
1991	0
1992	1
1993	0
1994	1
1995	1
1996	1
1997	0
1998	0
1999	0
2000	1
2001	1
1000	None
1001	None
