2001	0
0	1
0	2
0	3
0	6
0	11
0	16
0	23
0	74
0	130
0	132
0	182
0	192
0	237
0	277
0	286
0	705
0	729
0	1002
0	1604
1	4
1	5
1	7
1	21
1	24
1	30
1	50
1	61
1	88
1	89
1	138
1	149
1	195
1	200
1	354
1	458
1	1180
2	3
2	12
2	17
2	26
2	82
2	83
2	306
2	381
2	530
3	9
3	246
3	287
3	312
3	322
3	712
3	1796
4	5
4	7
4	15
4	41
4	54
4	55
4	71
4	84
4	131
4	387
4	399
4	433
4	889
4	1481
5	6
5	8
5	10
5	12
5	14
5	45
5	47
5	165
5	328
5	544
5	582
5	933
5	1561
6	8
6	9
6	10
6	11
6	18
6	19
6	25
6	39
6	44
6	53
6	144
6	411
6	1790
7	34
7	36
7	59
7	380
7	505
7	552
7	1475
7	1623
8	22
8	32
8	44
8	69
8	180
8	263
8	277
8	332
9	16
9	57
9	59
9	67
9	147
9	184
9	213
9	214
9	333
10	13
10	14
10	17
10	29
10	38
10	56
10	68
10	78
10	81
10	101
10	130
10	145
10	190
10	320
10	400
10	414
10	444
10	716
10	771
10	838
11	13
11	25
11	53
11	66
11	106
11	238
11	266
11	323
11	483
11	571
11	858
12	18
12	21
12	65
12	75
12	164
12	371
12	535
12	719
12	740
12	957
12	1515
13	15
13	19
13	27
13	41
13	79
13	105
13	131
13	152
13	159
13	225
13	311
13	438
13	532
13	760
13	792
14	26
14	37
14	40
14	50
14	51
14	90
14	108
14	182
14	228
14	561
14	889
14	902
14	958
15	20
15	24
15	362
15	496
15	733
15	751
15	813
15	861
16	27
16	36
16	52
16	84
16	95
16	126
16	141
16	226
16	391
16	422
16	1960
17	39
17	48
17	136
17	236
17	637
17	922
17	1957
18	28
18	54
18	86
18	321
18	713
19	92
19	280
19	303
19	570
20	29
20	940
20	1632
21	22
21	28
21	33
21	60
21	70
21	802
22	35
22	42
22	49
22	154
22	166
22	382
22	568
22	605
23	30
23	64
23	1933
24	31
24	57
24	86
24	112
24	219
24	426
24	515
24	757
24	947
24	1562
24	1934
25	45
25	47
25	87
25	93
25	97
25	113
25	118
25	120
25	132
25	174
25	255
25	463
25	1171
26	60
26	231
26	345
26	864
26	1436
27	37
27	88
27	153
27	290
27	291
27	610
27	1466
28	38
28	49
28	56
28	58
28	67
28	110
28	121
28	284
28	925
29	32
29	35
29	135
29	160
29	783
29	844
29	1660
30	31
30	46
30	52
30	83
30	402
30	1836
31	33
31	73
31	152
31	235
31	239
31	384
31	459
31	545
31	1250
32	34
32	42
32	77
32	97
32	99
32	124
32	146
32	155
32	187
32	195
32	495
32	572
32	1416
33	43
33	46
33	103
33	202
33	248
33	289
33	300
33	546
34	75
34	95
34	451
34	1014
35	40
35	121
35	150
35	235
35	372
35	601
35	822
35	1513
35	1642
36	58
36	65
36	79
36	104
36	394
36	606
36	904
36	960
37	111
37	138
37	191
37	221
37	281
37	800
38	87
38	349
38	591
38	1871
39	72
39	268
39	379
39	402
39	515
39	615
39	689
40	48
40	101
40	105
40	1652
41	43
41	78
41	125
41	210
41	244
41	323
41	324
41	397
41	679
41	725
42	416
42	1848
43	62
43	227
43	681
43	1744
44	51
44	111
44	224
44	239
44	257
44	368
44	493
44	744
44	773
44	1003
45	63
45	80
45	118
45	186
45	353
46	85
46	129
46	1581
47	66
47	117
47	830
47	871
47	1775
48	100
48	113
48	254
48	338
48	378
48	529
48	639
49	76
49	91
49	139
49	199
49	744
49	1005
50	76
50	85
50	89
50	137
50	175
50	243
50	293
50	413
50	490
50	574
50	683
50	1269
51	185
51	340
51	588
51	1884
52	68
52	80
52	469
52	721
52	859
53	55
53	62
53	159
53	361
53	422
53	456
53	523
53	596
53	868
53	995
54	69
54	109
54	116
54	247
54	418
54	517
55	61
55	64
55	72
55	94
55	122
55	376
55	554
55	704
55	722
55	1744
56	168
56	181
56	231
56	270
56	411
56	557
56	675
56	1158
56	1608
57	115
57	1129
58	598
58	909
58	966
58	1096
59	63
59	259
59	272
60	73
60	300
60	578
60	752
60	911
60	1301
61	177
61	548
62	81
62	117
62	120
62	313
62	392
62	565
62	604
62	968
63	148
63	165
63	322
63	385
63	423
63	477
64	143
64	167
64	189
64	361
64	994
64	1427
65	92
65	204
65	272
65	330
65	381
65	488
65	536
65	703
65	1660
66	99
66	102
66	170
66	200
66	273
66	309
66	585
67	119
67	139
67	311
67	659
67	687
67	702
67	813
67	970
67	1424
68	70
68	74
68	142
69	71
69	642
70	94
70	151
70	266
70	348
70	382
70	403
70	404
70	655
70	827
70	886
71	102
71	150
72	98
72	184
72	193
72	215
72	227
72	274
72	296
72	641
73	77
73	129
73	145
73	163
73	327
73	778
73	796
74	146
74	167
74	194
74	286
74	499
74	995
75	252
75	335
75	524
75	1629
75	1773
76	82
76	93
76	123
76	179
76	197
76	208
76	242
76	271
76	316
76	577
76	1936
77	103
77	246
77	591
77	910
77	1565
78	134
78	357
78	576
78	621
79	98
79	127
79	799
79	818
79	1295
80	96
80	840
80	1316
81	100
81	157
81	225
81	301
81	350
81	521
82	108
82	259
82	359
82	1066
83	309
83	351
83	461
83	487
83	598
83	847
84	115
84	222
84	436
84	776
85	281
85	1331
86	91
86	116
86	153
86	168
86	314
87	112
87	114
87	124
88	107
88	416
88	538
89	90
89	123
89	143
89	285
89	334
89	464
90	96
90	107
90	1274
90	1366
90	1757
91	110
91	142
91	151
91	198
91	295
91	383
91	1381
91	1527
92	352
93	128
93	179
93	187
93	218
93	285
93	419
93	445
93	449
93	819
94	315
94	319
94	584
94	748
94	760
94	766
94	914
94	934
95	194
95	269
95	791
96	137
96	460
96	465
96	801
96	933
97	148
97	160
97	390
97	398
97	654
98	104
98	122
98	158
98	256
98	436
98	666
98	774
98	820
98	1171
99	128
99	171
99	701
99	758
99	914
99	1747
100	109
100	199
100	245
100	502
100	697
100	738
101	126
101	133
101	218
101	412
101	536
101	731
101	954
102	106
102	158
102	1205
103	485
103	864
103	1008
103	1033
104	183
104	191
104	471
104	719
104	1767
105	461
105	628
105	1823
105	1851
106	294
106	428
106	478
106	695
106	934
107	220
107	240
107	533
108	207
108	216
108	288
108	773
109	114
109	136
109	149
109	685
110	492
110	1520
111	119
111	192
111	399
111	615
111	839
111	882
111	944
111	1047
112	331
112	510
113	174
113	215
113	230
113	962
114	172
114	173
114	455
114	513
114	620
115	344
115	653
115	1695
116	223
116	268
116	955
117	169
117	223
117	243
117	252
117	261
117	374
117	485
117	648
118	140
118	141
118	155
118	161
118	373
118	766
118	866
118	1622
119	205
119	370
119	489
119	573
119	618
119	756
119	1605
120	127
120	292
120	514
120	893
120	1325
121	125
121	177
121	696
121	854
121	869
121	1399
121	1490
121	1543
121	1986
122	175
122	251
122	288
122	707
123	134
123	388
124	201
124	208
124	306
124	525
124	867
125	212
125	224
125	394
125	865
125	900
125	1545
125	1890
126	133
126	274
126	279
126	939
127	140
127	241
127	312
127	347
127	435
127	545
127	723
128	257
128	337
128	365
128	437
128	441
128	448
128	568
128	841
129	178
129	334
129	779
129	821
129	967
129	1745
130	135
130	144
130	147
130	307
130	396
130	454
130	575
130	1898
131	185
131	327
131	476
131	665
131	696
131	769
132	198
132	202
132	337
132	651
132	830
132	1178
133	154
133	163
133	206
133	217
133	275
133	341
133	456
133	1422
134	162
134	188
134	240
134	1384
135	170
135	193
135	299
136	238
136	253
136	318
136	706
136	852
136	991
136	1489
137	196
137	301
138	156
138	181
138	363
138	450
138	874
138	1234
138	1430
139	162
139	355
139	592
139	771
139	1809
140	209
140	367
140	375
140	474
140	555
140	797
140	927
140	1726
141	347
141	700
141	730
141	763
141	1654
142	161
142	210
142	331
142	354
142	393
142	430
142	928
143	157
143	189
143	222
143	836
143	1210
144	460
144	491
144	618
145	298
145	321
145	372
146	205
146	214
146	358
146	540
146	590
147	248
147	505
148	176
148	446
148	552
148	660
148	699
148	749
148	1521
149	244
149	271
149	648
150	346
150	407
150	528
150	557
150	745
150	971
150	1674
151	156
151	220
151	636
152	393
153	270
153	296
153	439
153	554
153	1712
154	164
154	207
154	232
154	368
154	549
154	635
154	649
154	770
155	251
155	305
155	558
155	652
155	1793
156	647
156	787
156	985
157	169
157	190
157	304
157	619
157	734
158	232
158	265
158	631
158	1072
159	387
159	702
159	890
159	1803
160	211
160	219
160	727
161	176
161	201
161	242
161	284
161	326
162	483
162	1555
163	924
164	166
164	211
164	359
164	500
164	593
164	789
165	172
165	203
165	423
165	1801
165	1805
166	171
166	178
166	213
166	267
166	427
166	451
166	496
166	695
166	808
166	938
167	253
167	401
167	1656
168	386
168	1654
169	196
169	303
169	467
170	247
170	431
170	780
170	893
171	197
171	209
171	256
171	273
171	490
171	1043
172	173
172	212
172	262
172	341
172	410
172	440
172	1279
173	188
173	315
173	405
173	616
173	849
174	230
174	984
174	1392
175	501
176	180
176	563
176	767
176	998
176	1331
176	1636
177	216
177	265
177	614
177	875
177	1873
178	305
178	492
178	504
179	339
179	391
180	283
180	333
180	992
181	183
181	186
181	469
181	625
182	366
182	398
182	1053
182	1531
183	233
183	282
183	320
183	440
183	453
183	550
183	588
183	891
183	1895
184	975
184	1801
185	204
185	234
185	362
185	1541
186	338
186	703
187	226
187	307
187	526
187	538
187	565
187	614
187	878
187	1407
188	229
188	241
188	289
188	375
188	404
188	750
188	1241
189	365
189	522
189	768
189	1253
190	263
190	269
190	558
190	882
191	292
191	419
191	755
191	784
192	283
192	418
192	518
192	548
192	812
192	844
192	884
193	415
193	551
193	658
194	229
194	233
194	250
194	290
194	397
194	522
194	657
195	258
195	262
195	612
195	656
196	356
196	686
196	733
196	948
197	622
197	639
197	651
197	769
197	935
197	946
197	1242
198	203
198	260
198	512
199	250
199	264
199	448
199	650
199	805
199	868
200	892
200	905
201	317
201	329
202	279
202	360
202	494
202	642
203	206
203	221
203	318
203	415
203	622
203	956
204	282
204	319
204	432
204	1056
205	929
206	278
206	993
206	1610
207	343
207	564
207	901
208	964
208	1923
209	293
209	586
209	601
209	776
209	887
209	954
209	1110
210	355
210	425
210	600
211	342
211	412
211	630
211	854
212	302
212	525
212	1712
213	299
213	435
213	1273
214	407
214	879
214	1859
215	245
216	217
216	329
216	944
216	953
217	228
217	463
217	717
217	856
218	276
218	332
218	747
218	1361
218	1447
219	249
219	477
219	493
220	386
220	951
221	254
221	1613
221	1659
222	595
222	1181
223	310
223	676
224	276
224	390
224	430
224	570
225	385
225	576
225	1982
226	325
226	369
226	750
226	816
226	1872
227	234
227	432
227	772
227	1224
228	258
228	267
228	295
228	897
229	236
229	264
229	275
229	764
230	260
230	373
230	395
230	437
230	633
230	932
230	1402
231	482
231	716
231	1916
232	468
232	531
232	755
233	504
233	781
233	915
234	237
234	298
234	857
235	291
235	836
235	887
237	537
237	608
237	1580
237	1921
238	302
238	425
238	484
238	880
239	363
239	406
239	434
240	249
240	316
240	409
240	424
240	481
240	948
241	1196
242	421
242	1955
243	310
243	724
243	1100
243	1796
244	255
244	663
245	542
245	604
245	728
246	328
246	449
246	1988
247	356
247	736
247	1683
248	304
248	352
248	835
248	957
249	379
249	508
249	909
249	1463
249	1612
250	428
250	514
250	533
250	795
251	348
251	617
251	660
251	770
252	330
252	876
254	261
254	278
254	297
254	308
255	812
255	848
255	899
256	429
256	777
257	708
257	1212
258	367
258	376
258	815
258	817
258	980
259	553
259	608
260	403
260	562
260	1294
261	377
261	524
261	1927
262	841
263	350
263	586
263	1508
264	313
264	1998
265	488
265	579
265	798
265	973
266	581
267	280
267	342
268	530
268	834
268	1186
269	294
269	336
269	351
269	358
269	494
269	856
270	820
270	1782
270	1810
271	388
271	644
271	777
271	865
271	929
272	775
273	462
273	509
274	353
274	369
274	441
274	873
274	1586
275	324
275	409
275	472
275	700
276	326
276	728
276	1216
277	287
277	396
278	1547
279	458
279	481
280	632
280	684
280	907
281	473
281	843
282	314
282	466
282	542
282	986
283	366
283	426
283	981
283	1913
284	453
286	470
286	498
287	349
287	487
287	526
287	613
287	998
288	521
288	609
288	624
289	317
289	866
290	308
290	759
290	791
290	1101
291	1853
291	1965
292	343
292	377
292	613
293	457
293	534
294	384
294	610
294	678
294	817
294	1195
294	1470
295	297
295	541
295	628
295	831
296	476
296	590
297	701
297	1961
298	344
298	357
298	529
298	694
299	374
299	729
299	997
300	420
300	431
300	434
300	638
301	427
301	511
301	794
302	1597
303	420
303	1191
304	520
304	662
304	983
304	1791
305	405
305	667
305	672
305	969
305	1494
305	1889
307	999
308	336
308	389
308	445
308	691
309	339
309	364
309	378
309	655
309	826
309	986
310	335
310	556
310	646
311	325
311	371
311	380
311	880
311	1298
312	819
313	360
313	424
313	484
313	699
313	1386
314	345
314	414
314	452
314	943
314	987
314	1328
315	401
315	523
316	340
316	491
316	658
316	958
317	417
318	408
318	479
318	510
318	563
319	656
319	687
319	1826
320	417
320	442
320	455
320	1982
321	602
321	682
322	674
322	757
322	809
323	584
323	641
323	936
323	1633
324	370
325	474
325	595
325	976
326	383
328	519
328	550
328	1356
328	1769
329	657
330	480
330	835
330	918
334	520
335	480
335	689
336	735
336	853
336	873
336	913
337	664
337	879
338	346
339	746
339	829
339	906
340	457
340	511
340	673
341	501
341	874
341	911
341	1246
341	1260
342	508
342	629
342	778
343	475
344	364
344	473
344	803
345	669
345	801
346	629
346	1998
347	1727
348	468
348	690
349	1723
350	537
350	1610
351	443
351	534
351	551
351	1646
352	631
353	471
353	581
353	1862
354	389
354	527
354	698
355	544
355	616
355	630
355	967
355	980
356	486
356	1256
357	585
357	793
357	1093
358	392
358	638
358	730
358	804
358	1094
359	395
359	567
359	627
361	433
361	467
361	507
362	1210
362	1468
363	788
363	1575
364	931
365	452
365	617
366	969
366	1741
367	596
367	637
367	965
367	978
367	1881
369	410
369	652
369	878
370	446
370	674
370	1136
371	503
371	512
371	677
371	850
371	955
371	972
372	846
373	814
373	885
373	1758
374	408
374	539
375	633
375	709
375	1353
375	1709
376	429
376	569
376	807
377	564
377	884
378	400
378	513
378	1596
380	535
381	710
383	838
383	905
383	1062
384	413
384	497
384	1263
386	442
386	532
386	1806
386	1878
387	489
387	1266
387	1765
388	470
388	602
388	1209
389	406
389	725
390	462
390	809
391	472
391	497
391	516
391	1130
391	1208
392	1505
392	1893
392	1916
393	723
393	1185
394	475
394	806
394	1314
395	444
395	765
395	1014
396	899
396	913
397	500
397	692
397	926
397	1619
398	829
399	547
399	1819
400	698
400	787
400	799
401	546
401	786
401	863
402	561
402	718
403	560
404	582
405	438
405	606
405	751
407	528
407	1752
408	623
409	421
409	443
409	478
410	1708
410	1752
410	1810
411	908
412	1073
414	644
414	706
415	917
417	559
417	1373
418	621
418	712
419	450
420	543
420	562
420	949
420	1402
421	735
421	736
421	964
422	454
422	753
422	1523
423	479
424	686
424	834
425	502
425	636
425	713
425	714
426	447
426	640
426	870
426	1099
426	1801
427	439
427	740
427	1199
427	1676
428	1832
429	798
429	824
429	861
431	649
432	559
432	1347
432	1655
433	459
433	540
433	578
433	667
433	754
433	910
434	465
434	1942
435	600
436	527
436	661
436	715
436	963
437	599
437	626
437	1660
438	1030
438	1227
438	1702
439	1250
439	1388
440	833
440	902
440	974
441	498
441	556
441	1817
442	571
442	903
442	959
442	1740
443	594
443	761
443	942
443	1270
443	1727
444	447
444	466
444	918
446	737
446	748
446	828
447	1852
449	764
450	499
450	509
450	808
450	1722
452	587
452	589
452	677
452	965
452	1340
453	739
453	912
454	732
455	589
455	837
455	1164
456	603
456	1163
457	625
457	726
457	849
457	859
457	1671
458	877
459	464
459	531
459	1464
460	507
460	597
460	670
462	693
462	741
462	742
462	782
463	741
463	1649
463	1873
464	547
464	619
464	645
466	482
466	984
467	503
467	892
469	517
469	924
470	665
470	921
470	1179
471	886
471	939
473	815
474	804
475	495
475	620
475	634
476	516
476	566
476	583
476	690
476	1891
478	486
478	519
479	994
480	1195
480	1627
481	743
481	883
483	555
484	506
484	574
485	745
485	828
486	566
487	506
487	518
487	1046
487	1225
488	672
489	1782
490	727
491	794
491	953
491	1509
492	811
492	1749
493	883
493	935
494	916
494	1034
494	1853
495	679
495	869
496	833
496	1180
497	680
498	767
498	852
501	575
501	872
501	1658
502	848
502	1766
503	645
503	694
503	941
504	587
504	945
505	627
505	870
505	890
506	753
507	822
507	991
508	693
509	1086
509	1930
510	543
510	761
510	973
512	567
512	1213
512	1503
513	572
513	573
514	634
514	1855
516	579
517	560
517	603
518	577
519	539
520	592
521	732
521	1379
522	611
522	661
522	1696
523	632
523	1898
524	711
524	722
525	635
525	756
525	1093
525	1129
526	987
527	871
528	553
528	668
528	999
529	611
529	612
529	898
529	1422
531	921
531	1257
531	1378
532	697
532	926
532	976
533	731
533	906
533	1024
534	950
534	1644
535	685
535	837
535	903
535	977
535	1316
536	941
537	720
538	927
538	1714
539	541
539	1691
540	790
540	823
542	846
542	1363
543	989
544	949
545	569
545	1281
545	1583
546	659
546	802
546	1695
547	988
548	682
550	1851
550	1867
552	580
552	626
552	881
552	896
552	975
554	664
554	668
555	1115
556	717
556	858
557	705
558	824
558	996
559	583
559	684
562	607
563	1279
565	775
566	609
567	607
567	1017
568	593
568	788
568	1757
569	1034
570	597
570	810
570	931
570	1236
572	1327
573	774
574	1306
575	580
575	680
575	752
575	845
575	1179
575	1302
576	599
576	1531
577	805
578	605
578	663
578	1456
582	759
584	942
587	594
588	1572
590	1114
592	966
592	1990
593	640
593	737
594	683
594	937
595	718
595	1133
595	1995
597	669
597	691
597	936
598	810
598	826
598	1594
600	952
600	1316
601	707
601	920
601	1219
602	790
602	1327
604	714
604	1095
604	1294
605	643
605	653
605	816
605	1908
606	666
606	853
609	624
609	765
609	925
610	1887
612	650
612	780
614	960
615	671
615	1893
616	877
617	1382
617	1874
618	823
619	807
619	1434
620	738
620	1258
621	971
623	688
623	1214
624	654
624	977
625	915
629	662
629	715
629	797
630	1368
631	670
633	643
633	1741
635	646
636	904
638	647
638	692
638	724
639	1874
642	673
642	688
642	1905
644	678
646	1704
647	676
647	758
648	784
648	785
648	1378
649	747
649	978
649	1949
651	951
652	1725
653	762
654	671
654	855
654	1944
655	901
655	1307
656	1801
657	832
660	681
660	768
660	772
660	1154
661	721
661	814
662	857
662	937
663	1957
664	746
664	1812
665	990
665	1967
666	1485
667	710
667	1309
668	1386
668	1545
668	1594
669	862
670	742
670	881
670	1639
670	1874
672	825
672	897
673	675
673	800
673	1991
677	789
677	947
677	1082
678	1608
679	1660
681	749
682	872
683	704
683	1475
685	803
685	1910
686	860
686	982
686	990
687	708
689	1386
691	709
691	754
691	827
691	938
691	1677
692	840
694	862
695	891
696	900
696	1146
697	945
698	783
701	720
703	1859
703	1982
704	981
707	711
708	743
708	1073
710	785
710	845
710	920
710	1896
711	795
714	726
714	734
714	1499
715	781
718	1487
719	895
720	1883
721	876
721	982
721	1554
724	1180
724	1322
724	1989
728	1477
729	842
730	912
731	821
731	1459
731	1480
732	779
732	818
732	1453
733	962
733	1472
734	839
735	762
735	961
736	739
736	1584
738	1100
738	1631
739	796
739	1249
739	1616
740	1694
744	1167
744	1749
745	1170
748	792
748	1177
748	1197
749	1434
750	793
750	1288
754	1573
756	1969
759	928
760	763
760	1811
762	831
762	916
762	988
763	786
763	1096
764	1961
765	782
765	842
765	919
766	806
767	825
767	1775
768	1369
768	1910
770	843
771	832
774	894
778	1272
779	894
780	811
780	1595
780	1625
781	1679
782	1882
783	989
788	1900
788	1933
791	1491
792	860
794	875
794	1233
795	885
795	963
795	968
798	996
799	1278
799	1691
799	1779
800	888
801	850
801	898
803	1123
804	1134
804	1267
806	1411
808	895
808	1159
809	1102
812	907
813	847
813	1826
819	1166
819	1893
822	867
822	1116
827	950
828	1495
831	1968
832	1697
833	888
833	1819
834	851
834	855
834	917
834	1264
834	1815
835	851
835	1934
835	1971
836	1815
837	1054
837	1725
838	919
841	974
845	1996
846	1449
847	1932
848	1328
849	922
851	863
851	930
851	1364
851	1565
853	972
854	979
856	940
861	1625
863	1041
863	1566
865	930
865	1377
866	992
867	1286
867	1475
869	1695
870	1295
873	1238
874	896
874	970
874	1659
875	997
875	1238
876	985
877	1125
880	1888
883	946
884	959
885	1859
888	1366
888	1836
888	1863
889	1676
891	1236
891	1901
893	1514
895	923
895	956
895	1268
896	943
896	979
897	952
897	1012
901	1178
903	908
904	932
905	1873
906	1480
907	1786
908	1356
908	1864
909	1005
910	1896
913	1692
914	1692
916	923
916	1903
928	1777
930	1564
933	1555
934	1032
935	1154
937	1620
938	961
938	983
938	1319
942	1114
949	1856
953	1283
962	1369
965	1178
965	1577
966	1273
967	1751
971	1291
972	1012
974	1292
975	1704
976	1588
977	993
980	1705
981	1144
981	1633
981	1793
982	1065
982	1216
982	1750
982	1793
983	1185
984	1733
984	1990
988	1098
990	1633
991	1348
993	1791
996	1404
999	1475
1002	1003
1002	1004
1002	1005
1002	1011
1002	1060
1002	1184
1002	1231
1002	1240
1003	1006
1003	1007
1003	1012
1003	1048
1003	1051
1003	1088
1003	1112
1003	1118
1003	1280
1003	1380
1003	1407
1003	1426
1003	1509
1003	1569
1003	1695
1003	1747
1003	1947
1004	1006
1004	1013
1004	1015
1004	1022
1004	1103
1004	1124
1004	1251
1004	1417
1005	1007
1005	1009
1005	1038
1005	1041
1005	1046
1005	1090
1005	1160
1005	1229
1005	1406
1005	1673
1005	1807
1005	1839
1005	1923
1006	1008
1006	1010
1006	1015
1006	1016
1006	1022
1006	1024
1006	1030
1006	1036
1006	1057
1006	1060
1006	1109
1006	1213
1006	1485
1006	1591
1006	1653
1006	1799
1007	1008
1007	1009
1007	1014
1007	1020
1007	1023
1007	1031
1007	1039
1007	1070
1007	1118
1007	1148
1007	1306
1007	1719
1007	1730
1008	1010
1008	1011
1008	1013
1008	1018
1008	1037
1008	1044
1008	1286
1008	1621
1008	1841
1008	1909
1009	1019
1009	1057
1009	1074
1009	1099
1009	1173
1010	1014
1010	1017
1010	1063
1010	1068
1010	1320
1010	1949
1011	1012
1011	1034
1011	1035
1011	1036
1011	1059
1011	1065
1011	1068
1011	1284
1011	1317
1011	1415
1011	1726
1012	1016
1012	1018
1012	1026
1012	1033
1012	1148
1012	1161
1012	1208
1012	1306
1012	1434
1012	1687
1012	1731
1013	1019
1013	1021
1013	1027
1013	1032
1013	1040
1013	1050
1013	1054
1013	1094
1013	1213
1013	1266
1013	1476
1014	1020
1014	1026
1014	1045
1014	1055
1014	1069
1014	1082
1014	1180
1014	1282
1014	1324
1014	1434
1014	1601
1015	1017
1015	1021
1015	1040
1015	1064
1015	1069
1015	1074
1015	1129
1015	1404
1015	1463
1015	1865
1016	1023
1016	1201
1016	1305
1016	1446
1016	1524
1017	1024
1017	1046
1017	1051
1017	1072
1017	1087
1017	1092
1017	1448
1017	1557
1017	1561
1018	1048
1018	1086
1018	1090
1018	1105
1018	1128
1018	1234
1018	1296
1018	1409
1018	1932
1019	1042
1019	1073
1019	1093
1019	1134
1019	1293
1019	1294
1019	1335
1019	1336
1019	1389
1019	1398
1019	1504
1019	1631
1019	1664
1020	1030
1020	1104
1020	1108
1020	1123
1020	1175
1020	1253
1020	1611
1020	1814
1021	1070
1021	1145
1021	1179
1021	1535
1021	1581
1022	1027
1022	1034
1022	1035
1022	1119
1022	1121
1022	1855
1022	1933
1023	1076
1023	1078
1023	1138
1023	1145
1023	1225
1023	1226
1023	1372
1023	1596
1023	1624
1023	1664
1024	1025
1024	1132
1024	1204
1024	1238
1024	1373
1024	1550
1024	1942
1024	1970
1025	1029
1025	1706
1026	1028
1026	1056
1026	1079
1026	1114
1026	1132
1026	1177
1026	1182
1026	1366
1026	1723
1027	1028
1027	1033
1027	1116
1027	1133
1027	1322
1027	1371
1027	1394
1027	1420
1027	1602
1028	1031
1028	1032
1028	1058
1028	1091
1028	1093
1028	1129
1028	1207
1028	1361
1028	1998
1029	1039
1029	1049
1029	1150
1029	1544
1030	1037
1030	1071
1030	1121
1030	1216
1030	1220
1030	1285
1030	1315
1030	1397
1030	1465
1030	1973
1031	1047
1031	1049
1031	1062
1031	1080
1031	1169
1031	1293
1031	1353
1031	1445
1031	1604
1032	1041
1032	1043
1032	1224
1032	1283
1032	1724
1033	1038
1033	1042
1033	1107
1033	1277
1033	1296
1033	1750
1034	1066
1034	1151
1034	1245
1034	1268
1034	1583
1035	1053
1035	1064
1035	1119
1035	1128
1035	1190
1035	1249
1035	1375
1036	1065
1036	1183
1036	1184
1036	1835
1037	1044
1037	1096
1037	1141
1037	1158
1037	1193
1037	1689
1037	1722
1037	1808
1038	1047
1038	1061
1038	1071
1038	1089
1038	1100
1038	1394
1038	1558
1038	1843
1039	1263
1039	1321
1039	1462
1039	1526
1040	1043
1040	1052
1040	1076
1040	1094
1040	1102
1040	1232
1040	1381
1040	1412
1041	1045
1041	1067
1041	1097
1041	1164
1041	1227
1041	1365
1041	1577
1041	1786
1042	1061
1042	1671
1043	1187
1043	1305
1043	1309
1043	1575
1043	1636
1044	1116
1045	1052
1045	1077
1045	1083
1045	1311
1045	1867
1046	1054
1046	1055
1046	1085
1046	1099
1046	1115
1046	1130
1046	1153
1046	1186
1046	1218
1046	1290
1046	1432
1046	1555
1047	1053
1047	1288
1047	1831
1047	1833
1048	1143
1048	1330
1048	1387
1048	1773
1049	1050
1049	1056
1049	1062
1049	1139
1049	1153
1049	1178
1049	1239
1049	1392
1049	1507
1049	1510
1050	1066
1050	1095
1050	1110
1050	1182
1050	1464
1051	1135
1051	1199
1051	1333
1051	1721
1052	1198
1052	1443
1052	1650
1052	1811
1052	1902
1052	1954
1053	1075
1053	1085
1053	1640
1053	1692
1053	1830
1053	1880
1054	1150
1054	1250
1054	1275
1054	1283
1054	1314
1054	1423
1054	1686
1055	1058
1055	1146
1055	1176
1055	1200
1055	1706
1055	1741
1055	1886
1055	1941
1056	1059
1056	1166
1056	1167
1056	1354
1056	1511
1056	1597
1056	1729
1057	1072
1057	1139
1057	1387
1057	1397
1057	1490
1057	1647
1057	1683
1057	1722
1058	1117
1058	1149
1058	1235
1058	1294
1059	1063
1059	1081
1059	1100
1059	1376
1060	1075
1060	1117
1060	1237
1060	1453
1061	1084
1061	1096
1061	1161
1061	1194
1061	1251
1061	1291
1061	1584
1061	1645
1061	1693
1062	1067
1062	1078
1062	1124
1062	1225
1062	1329
1062	1586
1062	1592
1063	1210
1063	1279
1063	1399
1063	1467
1063	1607
1064	1084
1064	1098
1064	1108
1064	1155
1064	1247
1064	1318
1064	1327
1064	1362
1064	1382
1064	1497
1064	1502
1065	1091
1065	1111
1065	1156
1065	1236
1065	1254
1065	1551
1065	1716
1065	1954
1066	1073
1066	1087
1066	1155
1066	1185
1066	1419
1067	1081
1067	1083
1067	1120
1067	1284
1067	1287
1067	1714
1068	1080
1068	1510
1068	1512
1068	1684
1069	1079
1069	1183
1069	1290
1069	1308
1069	1354
1069	1369
1069	1424
1069	1743
1070	1082
1070	1126
1070	1396
1070	1480
1071	1528
1071	1674
1071	1754
1072	1077
1072	1109
1072	1149
1072	1265
1072	1272
1072	1959
1073	1086
1073	1140
1073	1164
1073	1188
1073	1336
1074	1138
1074	1180
1074	1223
1074	1267
1074	1468
1075	1131
1075	1152
1075	1224
1075	1255
1075	1340
1075	1756
1075	1880
1076	1458
1076	1562
1076	1660
1077	1098
1077	1101
1077	1113
1077	1120
1077	1126
1077	1328
1077	1391
1077	1624
1077	1751
1078	1089
1078	1181
1078	1232
1078	1363
1079	1092
1079	1168
1079	1359
1079	1863
1080	1123
1080	1127
1080	1142
1080	1550
1080	1643
1080	1826
1080	1847
1081	1196
1081	1430
1081	1482
1082	1088
1082	1104
1083	1095
1083	1157
1083	1189
1083	1230
1083	1820
1084	1169
1084	1212
1084	1215
1084	1228
1084	1437
1084	1495
1084	1848
1085	1379
1085	1964
1086	1357
1086	1393
1086	1596
1086	1720
1087	1097
1087	1281
1087	1649
1087	1711
1088	1115
1088	1307
1088	1428
1088	1578
1088	1682
1089	1302
1089	1314
1089	1456
1089	1515
1089	1549
1089	1699
1089	1859
1090	1102
1090	1105
1090	1875
1091	1106
1091	1125
1091	1130
1091	1246
1091	1344
1091	1732
1092	1101
1092	1137
1092	1207
1092	1243
1092	1349
1092	1395
1092	1441
1092	1602
1092	1623
1092	1703
1093	1110
1093	1134
1093	1136
1093	1176
1093	1307
1093	1737
1093	1770
1094	1217
1094	1491
1094	1809
1094	1998
1095	1103
1095	1125
1095	1658
1095	1718
1096	1235
1096	1244
1096	1248
1096	1254
1096	1379
1096	1417
1096	1794
1096	1854
1097	1112
1097	1214
1097	1219
1097	1278
1097	1280
1097	1638
1097	1677
1098	1122
1098	1170
1099	1211
1100	1143
1100	1375
1100	1746
1100	1833
1100	1900
1101	1107
1101	1620
1102	1114
1102	1171
1102	1303
1102	1518
1102	1829
1103	1202
1103	1335
1103	1699
1104	1122
1104	1194
1104	1223
1104	1271
1104	1292
1104	1402
1105	1106
1105	1111
1105	1113
1105	1159
1105	1383
1106	1206
1106	1302
1106	1425
1106	1493
1106	1534
1107	1151
1107	1229
1107	1351
1107	1374
1107	1705
1107	1942
1107	1981
1108	1177
1108	1199
1108	1331
1108	1500
1108	1541
1108	1980
1109	1218
1109	1238
1109	1264
1109	1269
1109	1277
1109	1316
1109	1739
1109	1785
1110	1247
1110	1713
1111	1208
1111	1461
1112	1242
1112	1413
1112	1451
1112	1859
1112	1885
1112	1997
1113	1147
1113	1339
1113	1477
1114	1142
1114	1144
1114	1147
1114	1171
1114	1325
1114	1484
1114	1564
1114	1869
1115	1127
1115	1173
1115	1189
1115	1338
1115	1347
1115	1563
1115	1609
1115	1634
1115	1855
1116	1135
1116	1137
1116	1158
1116	1205
1116	1228
1116	1744
1116	1864
1117	1154
1117	1181
1118	1477
1118	1557
1118	1858
1118	1913
1118	1927
1118	1994
1119	1233
1119	1253
1119	1995
1120	1260
1120	1489
1120	1615
1120	1666
1120	1889
1121	1136
1121	1144
1121	1265
1121	1318
1121	1342
1121	1447
1121	1926
1122	1210
1122	1327
1122	1605
1122	1657
1123	1255
1123	1260
1123	1344
1124	1410
1124	1559
1124	1869
1124	1991
1125	1188
1125	1275
1125	1381
1125	1527
1125	1710
1126	1131
1127	1270
1127	1276
1127	1544
1128	1319
1128	1419
1128	1590
1128	1881
1129	1168
1129	1195
1129	1222
1129	1273
1129	1298
1129	1352
1129	1400
1129	1649
1130	1133
1130	1190
1130	1256
1131	1154
1131	1191
1131	1594
1132	1324
1133	1204
1133	1322
1133	1351
1133	1537
1133	1873
1134	1152
1134	1201
1134	1378
1134	1403
1134	1466
1134	1617
1135	1140
1135	1198
1135	1209
1135	1311
1135	1391
1135	1542
1135	1708
1136	1174
1136	1776
1137	1141
1137	1192
1137	1220
1137	1241
1138	1156
1138	1246
1138	1368
1138	1494
1139	1179
1139	1200
1139	1498
1139	1751
1140	1146
1140	1185
1140	1279
1140	1325
1140	1326
1140	1507
1140	1610
1140	1612
1140	1700
1141	1162
1141	1403
1141	1444
1141	1517
1141	1530
1141	1610
1142	1193
1142	1281
1143	1157
1143	1192
1145	1167
1145	1303
1145	1591
1145	1603
1146	1159
1146	1582
1146	1984
1147	1170
1147	1316
1147	1359
1147	1457
1147	1896
1148	1163
1148	1175
1148	1209
1148	1418
1148	1645
1148	1759
1149	1165
1149	1195
1149	1319
1149	1356
1149	1424
1149	1450
1149	1644
1150	1160
1150	1165
1150	1252
1150	1269
1150	1433
1150	1499
1150	1508
1150	1701
1151	1178
1151	1345
1151	1479
1151	1938
1152	1326
1152	1329
1152	1367
1152	1501
1152	1834
1153	1163
1153	1243
1153	1724
1154	1197
1154	1219
1154	1297
1154	1361
1155	1295
1156	1317
1156	1683
1156	1735
1156	1891
1156	1964
1156	1974
1157	1205
1157	1221
1157	1239
1157	1661
1157	1940
1158	1342
1158	1963
1159	1162
1159	1643
1160	1409
1160	1619
1161	1166
1161	1236
1162	1248
1163	1234
1163	1249
1163	1250
1164	1206
1164	1339
1164	1514
1164	1611
1165	1172
1165	1282
1165	1398
1165	1475
1166	1172
1166	1191
1166	1196
1166	1197
1166	1274
1166	1676
1167	1443
1168	1370
1168	1486
1169	1944
1170	1203
1170	1258
1170	1360
1170	1396
1170	1425
1170	1439
1171	1231
1171	1312
1171	1439
1171	1677
1172	1233
1172	1390
1173	1437
1173	1440
1174	1186
1174	1337
1174	1675
1174	1856
1175	1257
1175	1301
1175	1570
1175	1614
1176	1240
1176	1579
1176	1614
1176	1790
1177	1211
1177	1300
1178	1215
1179	1642
1179	1730
1180	1187
1180	1766
1181	1203
1181	1264
1181	1372
1181	1879
1181	1925
1182	1241
1182	1660
1183	1274
1183	1300
1183	1436
1183	1484
1184	1352
1184	1432
1184	1469
1184	1766
1184	1999
1185	1715
1185	1728
1186	1214
1186	1285
1186	1470
1187	1226
1187	1364
1187	1518
1188	1261
1188	1358
1188	1565
1188	1579
1189	1299
1189	1332
1189	1634
1190	1438
1191	1216
1191	1356
1191	1369
1191	1600
1192	1491
1192	1497
1194	1259
1195	1452
1195	1545
1195	1922
1196	1556
1197	1774
1198	1521
1198	1852
1198	1861
1198	1946
1199	1291
1199	1953
1200	1202
1200	1348
1200	1449
1200	1481
1200	1547
1200	1580
1200	1599
1200	1653
1201	1212
1201	1647
1201	1736
1201	1959
1202	1348
1202	1525
1202	1768
1203	1230
1203	1237
1203	1334
1203	1984
1204	1221
1204	1227
1204	1270
1204	1559
1204	1813
1204	1836
1205	1258
1205	1304
1205	1392
1205	1426
1205	1487
1205	1514
1205	1629
1206	1758
1206	1763
1206	1767
1207	1288
1207	1457
1209	1421
1209	1453
1209	1515
1209	1521
1210	1345
1210	1888
1211	1309
1211	1847
1212	1414
1212	1658
1212	1955
1213	1390
1213	1405
1213	1416
1213	1475
1213	1533
1214	1222
1214	1333
1214	1346
1215	1382
1216	1217
1216	1405
1216	1416
1216	1486
1216	1621
1216	1732
1217	1488
1217	1506
1217	1535
1217	1552
1217	1996
1218	1244
1218	1301
1218	1470
1218	1529
1219	1262
1219	1429
1219	1539
1219	1545
1219	1589
1219	1679
1219	1747
1220	1358
1220	1503
1220	1707
1221	1262
1221	1430
1221	1583
1221	1697
1222	1373
1222	1817
1223	1350
1223	1789
1224	1798
1224	1973
1225	1256
1225	1268
1225	1355
1226	1410
1226	1411
1226	1802
1226	1958
1226	1977
1227	1694
1228	1332
1228	1363
1229	1798
1229	1862
1230	1308
1230	1487
1230	1493
1230	1966
1231	1261
1231	1454
1231	1531
1233	1646
1234	1371
1234	1388
1235	1346
1235	1427
1235	1849
1236	1532
1236	1588
1236	1764
1237	1289
1237	1295
1237	1606
1237	1776
1238	1242
1238	1292
1238	1401
1238	1549
1238	1673
1239	1563
1239	1817
1240	1257
1240	1267
1240	1355
1240	1440
1240	1479
1241	1384
1241	1516
1242	1553
1243	1245
1243	1384
1243	1561
1243	1738
1244	1495
1244	1843
1245	1278
1245	1304
1245	1455
1245	1636
1246	1252
1246	1259
1246	1494
1246	1588
1246	1762
1246	1896
1247	1272
1247	1287
1247	1377
1247	1492
1247	1499
1247	1805
1248	1635
1249	1509
1250	1271
1250	1459
1250	1536
1251	1266
1251	1337
1251	1662
1252	1289
1252	1378
1252	1718
1253	1263
1253	1407
1253	1422
1253	1446
1254	1461
1254	1524
1254	1587
1254	1631
1254	1806
1255	1613
1255	1827
1256	1340
1256	1454
1256	1750
1257	1482
1257	1995
1258	1273
1258	1488
1259	1451
1259	1523
1259	1554
1260	1310
1260	1320
1260	1435
1261	1436
1261	1466
1261	1525
1261	1546
1261	1788
1262	1386
1264	1837
1265	1686
1265	1893
1266	1400
1266	1654
1268	1286
1268	1313
1269	1323
1269	1442
1269	1564
1269	1951
1270	1276
1270	1600
1270	1652
1270	1743
1271	1489
1271	1530
1272	1347
1272	1659
1273	1341
1273	1423
1273	1520
1275	1733
1276	1331
1276	1343
1276	1711
1276	1803
1277	1353
1278	1313
1278	1408
1278	1503
1278	1504
1278	1741
1279	1364
1279	1572
1279	1873
1279	1941
1280	1376
1280	1784
1281	1555
1282	1298
1282	1431
1282	1860
1284	1481
1284	1679
1284	1691
1285	1367
1285	1641
1285	1818
1286	1717
1287	1825
1287	1915
1288	1297
1288	1310
1289	1729
1289	1894
1289	1897
1289	1957
1290	1922
1291	1385
1292	1334
1292	1366
1293	1312
1293	1365
1293	1618
1293	1646
1293	1672
1294	1663
1294	1781
1295	1299
1295	1338
1295	1341
1295	1452
1295	1543
1296	1323
1296	1543
1296	1685
1297	1930
1298	1641
1298	1671
1299	1733
1300	1633
1300	1774
1300	1988
1301	1427
1301	1500
1301	1541
1301	1569
1302	1368
1303	1476
1303	1796
1304	1315
1304	1598
1304	1854
1305	1350
1305	1619
1306	1321
1306	1868
1306	1906
1307	1411
1307	1472
1308	1471
1308	1884
1309	1328
1309	1652
1309	1670
1309	1720
1309	1895
1310	1685
1311	1362
1311	1414
1312	1330
1312	1519
1312	1826
1313	1401
1314	1505
1314	1707
1314	1883
1316	1592
1316	1754
1318	1445
1318	1467
1318	1483
1318	1852
1320	1773
1320	1782
1321	1349
1321	1383
1321	1490
1321	1572
1321	1816
1322	1598
1323	1678
1324	1343
1324	1628
1324	1929
1325	1853
1326	1947
1327	1540
1328	1756
1328	1883
1329	1422
1329	1465
1329	1796
1330	1357
1330	1450
1330	1473
1330	1536
1330	1800
1331	1455
1332	1386
1334	1813
1335	1513
1335	1800
1336	1574
1336	1663
1336	1985
1337	1566
1337	1678
1338	1360
1338	1520
1338	1791
1338	1840
1339	1531
1339	1849
1340	1682
1340	1828
1342	1963
1343	1698
1343	1835
1344	1399
1344	1617
1345	1584
1345	1585
1346	1377
1347	1435
1347	1666
1348	1464
1348	1657
1348	1676
1349	1761
1349	1877
1350	1431
1350	1585
1350	1779
1350	1952
1351	1418
1351	1478
1351	1769
1351	1809
1352	1771
1353	1492
1353	1593
1353	1674
1353	1703
1354	1395
1354	1605
1355	1380
1355	1421
1355	1547
1355	1590
1355	1651
1356	1688
1356	1832
1357	1370
1357	1731
1357	1980
1358	1472
1359	1460
1359	1474
1360	1734
1360	1814
1362	1374
1362	1824
1363	1782
1364	1576
1364	1781
1365	1441
1365	1539
1366	1496
1366	1638
1368	1449
1368	1633
1368	1863
1368	1866
1369	1406
1369	1627
1370	1393
1370	1881
1371	1474
1371	1698
1372	1402
1372	1783
1373	1522
1373	1797
1374	1568
1374	1616
1374	1639
1375	1389
1375	1413
1375	1473
1375	1527
1375	1939
1376	1695
1377	1404
1378	1385
1378	1442
1378	1775
1378	1919
1379	1483
1379	1812
1381	1420
1381	1498
1382	1429
1383	1459
1383	1554
1384	1412
1385	1388
1385	1606
1385	1608
1385	1884
1386	1502
1386	1594
1386	1672
1387	1615
1387	1962
1388	1458
1388	1469
1389	1433
1389	1838
1389	1965
1391	1856
1391	1866
1392	1667
1393	1668
1393	1858
1395	1978
1396	1460
1396	1745
1397	1501
1397	1681
1397	1839
1397	1887
1399	1669
1400	1546
1400	1562
1400	1580
1400	1831
1400	1969
1400	1972
1402	1444
1402	1463
1403	1408
1403	1784
1403	1920
1403	1948
1404	1428
1405	1560
1407	1438
1407	1573
1407	1828
1408	1639
1408	1972
1409	1468
1409	1764
1410	1415
1410	1627
1412	1000
1413	1761
1414	1496
1414	1553
1414	1656
1414	1714
1415	1516
1415	1519
1415	1823
1416	1447
1417	1850
1417	1968
1418	1574
1418	1593
1419	1612
1419	1935
1420	1456
1420	1576
1421	1704
1421	1857
1422	1542
1422	1958
1423	1737
1423	1850
1424	1512
1424	1648
1425	1551
1426	1757
1427	1513
1427	1753
1428	1568
1429	1528
1430	1462
1430	1628
1430	1885
1433	1625
1434	1694
1434	1815
1434	1837
1435	1819
1437	1690
1437	1827
1437	1952
1438	1691
1438	1778
1439	1640
1441	1675
1442	1968
1443	1478
1445	1511
1445	1566
1446	1448
1446	1471
1446	1538
1446	1989
1447	1661
1447	1816
1447	1935
1448	1921
1449	1763
1450	1529
1450	1573
1450	1712
1451	1709
1453	1508
1453	1565
1453	1748
1453	1769
1453	1777
1456	1604
1457	1567
1457	1637
1458	1778
1459	1788
1459	1793
1461	1599
1461	1760
1461	1962
1462	1770
1462	1900
1463	1789
1464	1832
1465	1795
1467	1613
1469	1749
1473	1485
1473	1526
1473	1644
1474	1480
1475	1876
1476	1540
1476	1558
1477	1697
1478	1607
1478	1701
1478	1725
1478	1755
1481	1517
1481	1522
1481	1622
1483	1505
1484	1953
1485	1623
1486	1548
1486	1622
1486	1742
1487	1552
1487	1902
1488	1548
1488	1689
1489	1532
1489	1570
1489	1655
1489	1791
1490	1786
1492	1538
1492	1702
1493	1665
1493	1878
1494	1616
1494	1792
1494	2000
1495	1506
1495	1838
1496	1533
1496	1608
1497	1571
1497	1804
1497	1846
1498	1844
1498	1890
1499	1629
1499	1808
1500	1575
1501	1667
1502	1642
1502	1746
1502	1898
1503	1735
1503	1757
1504	1779
1504	1939
1505	1578
1505	1996
1506	1597
1506	1767
1506	1848
1506	1906
1508	1845
1509	1603
1509	1752
1510	1537
1510	1821
1510	1992
1511	1876
1513	1787
1514	1931
1515	1916
1516	1523
1516	1581
1516	1822
1519	1810
1519	1907
1520	1560
1520	1650
1520	1918
1522	1903
1524	1626
1524	1829
1525	1696
1526	1820
1526	1934
1527	1834
1527	1864
1528	1601
1529	1582
1529	1999
1530	1865
1531	1595
1531	1635
1532	1534
1532	1630
1532	1790
1533	1630
1535	1877
1536	1690
1537	1868
1537	1923
1538	1620
1538	1715
1538	1987
1539	1795
1540	1567
1541	1772
1542	1975
1544	1587
1544	1818
1545	1823
1548	1928
1549	1556
1549	1589
1549	1736
1549	1753
1550	1760
1550	1870
1550	1891
1551	1668
1553	1586
1553	1966
1554	1577
1554	1648
1554	1969
1555	1739
1555	1802
1557	1765
1557	1981
1557	1993
1558	1595
1558	1625
1558	1745
1558	1772
1558	1897
1559	1815
1560	1704
1562	1571
1563	1670
1563	1910
1564	1618
1564	1669
1567	1626
1567	1632
1567	1742
1567	1921
1568	1918
1569	1713
1569	1988
1570	1860
1571	1680
1572	1908
1572	1925
1574	1806
1575	1957
1578	1700
1578	1725
1578	1997
1580	1681
1580	1821
1580	1989
1581	1709
1587	1749
1587	1892
1588	1632
1589	1945
1590	1692
1590	1748
1591	1609
1591	1710
1592	1917
1592	1930
1593	1979
1595	1793
1595	1825
1598	1721
1598	1755
1599	1805
1601	1656
1601	1797
1601	1915
1602	1693
1602	1927
1604	1651
1605	1801
1606	1830
1607	1723
1609	1719
1609	1983
1613	1662
1613	1684
1614	1961
1615	1899
1617	1680
1618	1940
1621	1857
1622	1712
1622	1775
1623	1889
1623	1920
1624	1654
1624	1946
1626	1982
1626	1994
1627	1655
1629	1688
1630	1853
1630	1937
1632	1762
1635	1637
1635	1702
1636	1979
1637	1758
1640	1916
1641	1807
1641	1934
1642	1851
1645	1659
1645	1845
1647	1901
1649	1986
1654	1867
1656	1740
1656	1759
1657	1665
1657	1728
1657	1824
1657	1844
1657	2001
1658	1708
1658	1777
1658	1812
1659	1987
1661	1938
1662	1871
1662	1872
1663	1765
1666	1929
1667	1696
1667	1771
1668	1752
1670	1801
1670	1912
1670	1933
1675	1919
1679	1716
1679	1893
1680	1738
1680	1936
1680	1937
1682	1727
1686	1687
1686	1914
1687	1886
1690	1705
1690	1870
1690	1926
1691	1726
1691	1924
1692	1727
1692	1842
1692	1890
1695	1840
1695	1932
1697	1744
1699	1903
1700	1911
1702	1768
1702	1904
1703	1904
1704	1967
1705	1967
1705	1970
1706	1924
1707	1909
1708	1734
1710	1956
1711	1905
1712	1851
1716	1874
1717	1783
1717	1911
1718	1740
1719	1780
1726	1780
1726	1811
1729	1836
1733	1908
1733	1978
1738	1912
1740	1971
1741	1950
1742	1936
1743	1803
1743	1960
1746	1871
1747	1951
1748	1888
1749	1794
1751	1792
1751	1971
1752	1878
1755	1787
1755	1983
1756	1861
1758	1785
1758	1976
1759	1842
1760	1892
1762	1874
1762	2000
1764	1819
1765	1810
1765	1895
1767	1917
1768	1872
1768	1948
1770	1913
1773	1905
1774	1961
1775	1879
1775	1945
1777	1882
1778	1799
1782	1846
1784	1991
1789	1956
1791	1960
1796	1975
1803	1804
1804	1949
1806	1882
1808	1928
1812	1990
1819	1862
1819	1965
1819	1993
1823	1887
1827	1841
1838	1910
1842	1990
1846	1907
1849	1986
1858	1894
1858	1931
1861	1901
1869	1875
1871	1985
1873	1977
1881	1943
1882	1943
1885	1898
1886	1899
1888	1914
1899	1944
1921	1955
1926	1974
1936	1950
1951	1982
1954	1992
1970	1976
1970	1000
1972	2001
