2001	0
0	1
0	3
0	18
0	28
0	79
0	201
0	343
0	419
0	465
0	546
0	549
0	955
1	2
1	4
1	23
1	25
1	30
1	31
1	32
1	47
1	54
1	67
1	92
1	430
1	458
1	835
1	949
2	22
2	62
2	125
2	867
3	4
3	5
3	8
3	15
3	89
3	112
3	210
3	367
3	451
3	597
3	1431
3	1686
4	5
4	6
4	7
4	15
4	16
4	19
4	24
4	40
4	45
4	110
4	120
4	172
4	175
4	315
4	396
4	553
4	745
4	947
4	1345
4	1902
5	6
5	8
5	10
5	13
5	26
5	28
5	29
5	35
5	63
5	179
5	237
5	340
5	397
5	424
5	462
5	515
5	582
5	693
6	7
6	13
6	16
6	26
6	34
6	35
6	60
6	71
6	121
6	224
6	500
6	1259
6	1314
7	9
7	10
7	12
7	22
7	24
7	65
7	70
7	153
7	272
7	285
7	527
7	810
8	9
8	12
8	14
8	31
8	187
8	377
8	440
8	954
9	11
9	21
9	27
9	66
9	93
9	147
9	439
9	514
10	14
10	19
10	29
10	59
10	124
10	160
10	347
10	422
10	544
11	17
11	42
11	43
11	48
11	59
11	67
11	344
11	392
11	418
11	429
12	25
12	42
12	80
12	167
12	168
12	171
12	233
12	989
13	33
13	38
13	123
13	359
13	406
14	49
14	73
14	75
14	130
14	150
14	261
14	309
14	473
14	499
14	524
14	877
14	1167
15	17
15	56
15	125
15	148
15	574
15	608
15	1441
15	1904
16	66
16	85
16	86
16	156
16	210
16	218
16	361
16	658
16	731
17	27
17	36
17	37
17	50
17	80
17	141
17	158
17	255
17	801
18	20
18	21
18	30
18	71
18	94
18	149
18	204
18	468
19	20
19	41
19	44
19	159
19	683
19	961
19	1194
20	23
20	109
20	310
20	340
20	442
21	52
21	95
21	99
21	106
21	113
21	495
21	1506
21	1707
22	36
22	43
22	70
22	74
22	109
22	213
22	223
22	225
22	1699
22	1754
23	41
23	127
23	236
23	585
23	588
23	985
23	1219
24	40
24	50
24	72
24	118
24	306
25	32
25	33
25	105
25	108
25	195
25	268
25	360
25	927
25	974
26	45
26	57
26	69
26	87
26	144
26	308
26	312
26	350
26	695
27	61
27	95
27	134
27	383
27	569
27	708
27	898
27	1272
27	1536
28	51
28	55
28	132
29	38
29	62
29	63
29	64
29	81
29	164
29	178
29	525
29	758
29	938
29	1132
29	1733
30	453
30	482
31	44
31	84
31	165
31	175
31	241
31	640
31	1485
32	37
32	39
32	103
32	218
32	1950
33	34
33	58
33	65
33	68
33	106
33	115
33	122
33	143
33	159
33	161
33	206
33	240
33	355
34	102
34	112
34	154
34	446
34	484
35	51
35	58
35	189
35	294
35	420
35	759
35	789
36	48
36	53
36	75
36	117
36	184
36	605
36	698
37	39
37	46
37	100
37	111
37	169
37	227
37	421
37	603
37	624
37	1478
38	57
38	69
38	74
38	78
38	212
38	319
38	557
38	560
38	893
39	46
39	55
39	116
39	136
39	157
39	165
39	278
39	528
39	538
39	847
40	53
40	99
40	114
40	163
40	233
40	510
41	122
41	130
41	224
41	256
41	297
41	755
41	848
41	887
41	1516
42	52
42	84
42	866
43	107
43	170
43	173
43	174
43	254
43	446
43	653
44	88
44	234
44	365
44	692
44	719
44	1874
44	1949
45	47
45	68
45	227
45	231
45	241
45	560
45	960
46	56
46	60
46	90
46	97
46	102
46	128
46	192
46	257
46	615
46	1038
46	1156
46	1450
47	49
47	144
47	173
47	191
47	366
47	453
47	698
47	791
48	134
48	139
48	185
48	279
48	660
48	820
49	105
49	116
49	1294
49	1367
49	1841
50	93
50	840
50	977
51	269
51	297
51	463
51	931
51	1712
52	94
52	180
52	520
52	681
53	76
53	119
53	151
53	183
53	232
53	277
53	427
53	611
53	652
53	829
53	1586
54	76
54	98
54	120
54	129
54	237
54	356
55	73
55	110
55	276
55	371
55	1533
56	96
56	155
56	580
56	625
56	727
56	966
56	1019
56	1552
57	61
57	101
57	216
57	289
57	753
57	860
58	104
58	117
58	242
58	263
58	283
58	726
58	1971
59	77
59	231
59	574
60	146
60	258
60	664
60	813
61	64
61	96
61	131
61	135
61	502
61	673
62	83
62	226
63	176
63	179
64	83
64	86
64	136
64	145
64	240
64	262
64	274
64	327
65	82
65	294
65	322
65	684
65	1532
66	133
66	178
66	256
66	350
66	378
66	457
67	77
67	128
67	239
67	406
67	1032
68	78
68	91
68	107
68	119
68	123
68	124
68	201
68	293
68	480
68	1539
69	72
69	79
69	98
69	228
69	324
69	749
70	129
70	163
70	226
70	230
70	285
70	358
70	378
70	408
70	616
70	815
71	87
71	431
71	780
71	809
71	1848
72	121
72	264
72	343
72	573
72	884
72	1232
73	82
73	331
73	336
73	348
73	648
74	88
74	97
74	115
74	152
74	760
75	81
75	126
75	194
75	417
75	981
75	1535
76	85
76	113
76	804
77	90
77	154
77	177
77	184
77	187
77	302
77	395
77	548
77	968
78	161
78	196
78	327
78	435
78	651
79	103
79	137
79	1442
80	205
80	461
80	658
81	150
81	207
81	239
81	320
81	502
81	779
81	987
81	994
82	91
82	138
83	197
83	203
83	341
83	571
84	238
84	261
84	475
84	507
84	519
84	521
84	613
85	89
85	151
85	160
85	182
85	246
85	267
85	296
85	356
85	387
85	699
86	101
86	111
86	236
86	304
86	481
86	553
87	155
87	284
87	375
87	1382
88	351
88	391
88	393
88	404
88	521
88	732
88	1114
89	92
89	104
89	214
89	282
89	530
90	131
90	170
90	332
90	1449
90	1999
91	108
91	291
91	332
91	353
91	394
91	589
91	774
92	209
92	296
92	354
92	357
92	674
92	897
93	559
93	700
93	976
94	140
94	162
94	859
94	1772
95	200
95	293
95	590
95	620
95	721
95	1602
96	366
96	1700
96	1955
97	100
97	137
97	220
97	244
97	345
97	492
97	568
97	733
97	1054
98	199
98	278
98	438
98	467
99	132
99	263
99	298
99	355
99	390
99	527
99	662
99	1591
100	186
101	140
101	268
101	612
101	636
101	725
101	776
101	945
101	1257
101	1278
102	166
102	609
102	619
102	655
103	225
103	370
103	772
104	408
104	555
104	1052
106	192
106	271
106	510
106	542
107	162
107	382
108	602
108	1138
109	303
109	825
110	152
110	176
110	266
110	579
110	671
111	118
111	230
111	335
111	347
111	361
111	688
111	795
111	1616
112	329
112	371
112	492
113	114
113	127
113	195
113	556
113	625
114	169
115	133
115	300
115	1091
116	183
116	185
116	221
116	247
116	554
116	641
116	695
117	126
117	304
118	326
118	328
118	470
119	135
119	206
119	243
119	295
119	558
119	1560
119	1869
120	249
120	303
120	316
120	449
120	609
120	611
121	242
121	466
121	696
122	550
122	803
123	213
123	266
123	975
124	141
124	196
124	247
124	250
124	424
124	598
124	747
125	289
125	827
125	862
126	265
126	274
126	286
126	365
126	426
126	436
126	839
127	145
127	166
127	171
127	215
127	301
127	311
127	368
127	1320
128	153
128	208
128	546
128	664
129	190
129	509
129	1784
130	138
130	142
130	147
130	369
130	512
130	916
131	142
131	517
131	812
132	167
132	253
132	326
132	443
132	766
132	770
133	193
134	139
134	148
134	156
134	181
134	235
134	380
134	937
134	1297
135	157
135	217
135	414
135	965
136	181
136	182
136	197
136	288
136	452
136	540
136	591
136	806
136	880
137	143
137	149
137	188
137	768
137	799
137	1904
138	642
139	288
139	316
139	610
139	682
139	882
139	1580
140	216
140	575
140	794
141	813
142	476
142	494
142	562
142	893
143	146
143	407
143	425
143	432
143	587
143	792
144	186
144	202
144	270
144	299
144	341
144	346
144	376
144	398
144	506
145	349
145	505
145	628
145	648
145	676
146	174
146	217
146	235
146	238
146	245
146	253
146	322
146	836
146	1147
146	1581
147	429
147	455
148	189
149	198
149	209
149	324
149	638
149	916
150	445
150	663
150	1945
151	287
151	314
151	720
151	943
151	946
151	1265
152	302
152	413
153	606
153	746
154	481
154	601
154	741
154	784
154	937
155	243
155	575
156	948
157	330
157	367
157	630
157	1054
157	1209
158	168
158	512
158	646
158	775
158	1152
158	1498
159	246
159	299
159	334
159	392
159	438
159	569
159	853
159	993
160	164
160	190
160	432
161	219
161	271
161	317
161	415
161	506
161	541
161	558
161	778
161	1890
162	252
162	319
162	426
162	782
162	989
163	203
163	323
163	469
164	211
164	250
164	260
164	352
164	377
164	1262
165	180
165	212
165	275
165	291
165	447
165	884
166	177
166	193
166	200
166	277
166	413
166	551
166	677
166	1111
167	208
167	750
167	903
168	223
168	516
168	627
168	665
169	172
169	199
169	222
170	273
170	851
171	232
171	458
171	643
171	690
172	305
172	1275
172	1607
173	398
173	640
173	642
173	1911
173	1915
174	552
174	566
174	600
174	788
174	1897
175	198
175	234
175	670
176	251
176	281
176	534
176	536
176	679
177	205
177	219
177	228
177	349
177	391
177	526
177	997
177	1647
178	488
178	693
178	732
179	321
179	490
179	518
179	1691
180	491
180	522
180	971
181	214
181	262
181	281
181	364
181	667
181	800
182	292
182	519
182	920
183	191
183	194
183	272
183	635
183	826
183	869
183	1318
183	1580
184	572
185	188
185	245
185	533
185	1117
185	1448
186	207
186	229
186	267
186	290
186	643
186	1029
187	202
187	258
187	321
187	372
187	938
187	1337
188	450
188	592
188	754
188	873
188	1715
189	282
189	342
189	603
189	787
189	857
190	410
190	644
190	879
190	1084
191	204
191	287
191	362
191	418
191	604
192	545
192	827
192	1327
193	501
193	1154
193	1551
194	487
194	942
196	338
196	822
196	1685
197	345
198	279
198	880
199	211
199	306
199	724
200	215
200	222
200	260
200	395
201	220
201	382
201	478
201	555
202	255
202	337
202	363
202	674
202	734
202	803
203	229
203	257
203	333
203	389
203	684
203	702
203	729
203	841
203	874
204	402
204	449
204	586
204	652
204	708
205	339
205	465
206	244
206	249
206	612
206	807
206	1126
207	375
207	1452
208	711
208	981
209	318
209	867
210	276
210	857
210	961
210	1954
211	280
211	870
211	887
212	328
212	618
213	221
213	595
214	459
214	496
214	696
215	254
215	259
215	412
215	440
215	604
215	655
216	313
216	354
216	485
216	953
216	1170
217	484
217	486
217	805
217	929
217	1408
218	248
218	252
218	283
218	496
218	1692
219	702
220	536
220	825
220	842
221	270
221	298
221	490
221	551
222	508
222	623
222	1278
223	454
223	668
223	799
224	577
224	714
225	390
226	387
226	467
226	1693
228	852
229	385
230	317
230	428
230	1849
231	535
231	763
232	493
232	706
233	307
233	462
234	908
234	1404
235	305
235	425
235	469
235	500
235	718
235	802
235	1622
236	312
236	570
236	1192
237	511
237	991
238	248
238	323
238	513
238	539
238	1191
239	550
240	265
240	331
241	351
241	415
241	464
241	852
242	286
242	498
242	792
242	974
243	608
244	295
244	397
244	427
244	549
244	924
244	935
245	251
245	273
245	542
245	1036
246	275
246	301
246	359
246	470
246	518
246	583
246	986
246	1875
247	269
247	309
247	522
247	682
247	833
248	264
248	559
248	587
248	856
249	412
249	414
249	530
249	721
250	416
250	595
250	685
250	1093
251	1474
252	259
252	290
252	315
253	435
253	1304
253	1967
254	292
254	338
254	384
254	421
254	552
254	1199
255	384
255	672
256	380
257	329
257	614
258	592
259	544
260	307
260	719
260	926
261	310
261	441
261	475
261	637
263	318
264	360
265	547
265	548
266	590
266	980
267	325
267	463
267	483
268	284
268	474
268	596
269	374
269	383
269	564
269	1297
269	1881
270	308
270	330
270	448
270	963
271	757
271	1291
272	740
273	344
273	386
273	757
273	1718
274	538
274	647
274	767
274	1905
275	503
275	746
275	1104
276	280
276	471
276	644
276	739
276	745
276	930
276	1524
276	1870
277	346
277	830
277	874
278	337
278	385
278	1597
278	1685
279	394
279	497
279	545
279	717
280	320
280	401
280	687
280	786
280	905
280	995
281	300
281	954
281	1079
282	333
282	407
282	710
282	1152
282	1957
283	607
283	1210
284	314
284	828
284	1007
285	437
285	626
285	997
285	1858
286	436
286	620
286	646
286	647
286	922
286	1249
287	311
287	334
287	777
287	873
287	878
288	621
288	922
288	993
290	441
290	690
290	976
291	339
291	523
291	994
293	363
293	480
293	578
293	673
293	925
293	1741
294	313
294	336
294	520
294	573
294	596
294	602
294	899
295	579
295	855
296	335
296	400
296	531
297	494
297	1113
297	1165
298	839
298	956
299	662
299	998
301	381
302	400
302	1738
303	798
303	883
304	348
304	983
305	577
305	621
305	639
305	735
305	776
306	423
306	686
307	457
307	495
307	877
308	370
308	373
310	627
310	703
310	747
310	1178
313	416
313	588
314	482
314	554
314	744
315	513
315	593
315	726
315	926
316	428
316	912
317	488
317	795
318	399
318	528
318	572
318	912
319	433
319	969
320	368
320	396
320	431
320	589
320	669
320	895
321	379
321	434
321	505
321	525
321	699
321	823
321	982
321	1119
321	1965
322	586
322	728
323	325
323	442
324	379
324	403
324	478
324	497
324	1813
325	584
326	411
326	1490
327	504
327	556
327	585
327	1288
327	1315
327	1545
327	1676
327	1704
328	399
328	865
329	342
329	372
329	402
330	357
330	883
331	405
331	410
331	717
332	515
332	599
332	838
333	411
333	565
333	581
334	362
334	680
334	894
334	1547
335	704
335	1230
335	1800
336	369
336	388
336	562
336	571
336	634
336	1099
337	409
337	430
337	675
337	676
338	393
338	514
338	564
338	1579
339	531
339	678
340	353
340	641
340	725
340	793
341	439
341	450
341	459
342	1048
343	358
343	364
343	808
344	733
344	819
344	933
346	479
346	817
346	1836
347	352
347	836
347	1044
348	476
348	943
349	437
349	448
350	487
350	599
350	1412
351	373
351	1726
351	1917
352	388
352	417
352	576
352	578
352	1746
353	376
353	447
353	582
353	977
355	535
355	1127
355	1365
356	878
356	1670
356	1812
357	1241
357	1619
358	381
358	403
358	454
358	460
358	466
358	818
358	952
358	1227
360	445
360	601
360	950
361	1632
362	464
363	419
363	472
363	728
364	405
364	423
364	864
365	451
365	1452
366	374
367	669
367	832
367	1363
368	524
368	529
368	1625
369	543
369	666
369	923
369	1151
370	610
370	862
371	456
371	821
371	907
372	787
372	1273
372	1660
373	735
373	766
373	1473
374	389
374	755
374	861
374	1001
375	557
375	759
375	1464
375	1743
375	1907
376	672
377	983
378	709
378	1597
378	1930
379	386
379	714
379	831
379	1790
380	763
380	868
380	1114
381	444
381	581
381	697
381	849
382	742
383	473
383	539
383	738
383	958
384	919
385	1643
386	637
386	660
386	834
386	854
386	991
387	743
387	811
388	543
388	779
390	491
390	504
390	532
390	906
390	1071
390	1780
391	739
391	829
392	498
392	615
392	701
392	951
392	971
392	1380
393	401
393	605
394	529
394	962
394	1099
394	1301
395	434
395	975
396	452
397	1061
397	1214
397	1730
398	483
398	489
398	720
399	685
399	738
399	1149
401	761
403	404
403	635
403	895
405	871
406	409
406	898
407	526
408	433
408	444
409	995
411	718
411	875
411	1735
411	1814
413	420
413	523
413	1941
414	649
414	1407
415	709
415	979
416	486
416	636
417	835
417	1265
417	1679
418	661
419	471
419	472
419	511
419	797
419	1062
420	537
421	422
421	894
422	456
422	1312
423	509
423	567
423	790
424	632
424	737
424	1889
425	1204
425	1331
426	477
426	626
428	941
429	1901
430	722
432	493
432	944
432	966
433	960
433	1492
434	782
435	485
435	1763
436	443
436	653
436	752
436	780
437	701
438	639
438	715
438	861
438	952
439	468
439	965
440	503
440	584
440	600
440	870
441	501
441	736
441	773
441	940
442	606
442	744
442	1934
443	1048
443	1521
443	1630
443	1876
444	541
444	633
445	1789
445	1981
446	479
446	769
446	1541
446	1669
447	455
447	931
447	1498
449	547
449	616
449	651
449	914
449	1666
450	910
451	631
451	783
451	822
451	1293
452	687
453	460
453	1265
453	1797
454	534
454	688
455	532
455	623
455	656
455	679
456	785
456	807
456	892
457	570
457	670
457	900
457	1168
458	760
458	1979
459	461
459	753
459	842
459	892
459	1798
460	667
460	1377
461	657
461	930
461	1280
462	628
462	710
462	1774
463	694
463	765
464	889
465	654
466	649
468	477
468	1109
468	1232
469	1303
470	748
470	817
470	1136
471	474
472	591
472	692
473	563
473	1456
474	517
474	761
474	1862
475	614
475	1651
476	489
476	507
476	850
478	580
479	594
479	677
479	785
479	902
480	1118
481	727
481	984
482	561
482	629
482	750
483	508
484	751
485	925
485	1086
486	568
486	630
486	659
487	563
487	903
487	1154
488	723
488	888
488	1412
489	705
489	774
490	537
490	851
490	863
491	689
492	499
494	951
495	844
496	724
498	516
501	751
501	1985
502	942
503	902
505	743
506	598
506	633
506	885
507	583
507	1790
508	741
509	1089
510	624
510	920
510	1654
511	566
511	716
512	816
512	854
514	749
514	781
514	967
515	565
517	740
517	1357
519	533
519	853
520	810
520	1607
520	1667
521	617
521	1705
523	567
523	594
523	796
524	656
524	765
524	1342
524	1762
525	576
526	638
526	666
526	691
526	729
526	758
527	921
528	607
528	754
529	707
529	1450
530	650
531	661
532	1441
533	540
534	1917
536	659
536	694
537	911
538	1887
540	561
540	711
541	1750
543	790
543	1394
543	1888
544	706
545	1381
546	1594
546	1990
547	1539
548	869
548	987
548	1621
549	597
551	617
551	618
551	752
551	824
551	840
551	1598
552	663
552	1355
552	1363
553	770
553	1796
554	771
555	756
555	775
555	858
557	678
558	1673
560	1504
561	681
561	1111
562	737
563	917
564	843
565	634
565	949
565	1064
566	631
568	1630
569	797
569	806
569	1442
570	665
570	1430
573	722
574	801
574	1297
575	629
575	913
575	1679
575	1796
578	654
578	730
578	906
579	723
580	1100
581	593
581	700
581	955
581	964
581	1023
582	632
582	804
583	686
584	871
584	969
584	1398
586	713
586	996
587	1432
588	671
588	793
589	798
590	707
590	1340
590	1462
591	973
592	1529
593	828
593	1993
594	1477
597	645
598	899
599	868
599	1940
601	650
601	859
602	619
602	731
603	668
603	713
603	773
603	834
603	1248
605	846
605	847
605	1054
609	613
609	929
610	1504
611	622
612	1104
613	680
613	932
614	736
614	814
615	657
615	1304
617	683
618	622
618	945
619	675
620	689
621	764
622	946
624	988
624	1471
626	850
626	864
626	985
627	896
627	1500
627	1723
628	820
630	788
631	831
633	1165
633	1759
634	748
635	1747
636	841
636	889
636	901
637	1937
638	1363
638	1668
639	645
639	837
639	1209
641	818
641	1282
644	1412
644	1746
645	917
645	1949
646	814
646	1560
647	762
648	863
648	1106
649	715
649	999
650	772
651	830
651	890
651	935
651	967
653	1562
653	1968
654	1344
655	789
656	846
657	697
657	712
657	756
659	802
662	809
662	837
663	704
664	896
665	890
666	1237
667	833
668	1087
670	769
670	784
670	909
671	823
671	1181
674	691
674	811
674	913
675	934
675	1074
676	703
676	716
680	705
680	908
681	904
681	999
681	1485
682	973
682	1295
685	849
685	876
685	1527
685	1730
685	1897
687	730
687	1108
688	957
691	771
691	796
691	1176
691	1324
692	1158
693	768
694	767
694	778
694	783
696	881
697	1627
697	1657
698	1908
699	742
701	1921
702	900
703	712
703	928
703	1359
703	1496
704	941
704	1218
705	800
705	1357
707	805
710	901
710	1903
711	918
711	944
711	1203
711	1415
714	1793
714	1877
716	962
716	1909
717	915
717	1322
719	762
719	891
720	996
721	923
721	927
722	734
725	826
725	1866
726	1366
727	1709
728	865
728	1550
728	1938
729	1263
731	764
731	858
733	777
733	815
733	936
734	1069
734	1914
734	1941
735	1437
736	879
738	786
738	845
739	791
739	1507
741	988
741	998
742	1988
743	915
745	897
746	914
746	1058
747	1393
748	1615
749	1500
749	1944
750	934
752	1034
752	1250
753	959
754	1172
755	1501
756	1226
757	808
758	1021
758	1372
760	781
760	1751
762	816
762	1622
763	1310
763	1724
764	1974
765	821
765	848
766	838
768	794
768	872
768	1499
769	824
769	860
770	1869
771	953
772	992
772	1528
773	986
775	886
775	1028
776	972
776	1422
777	1153
777	1461
780	843
780	1604
784	819
785	812
785	832
785	910
789	844
791	940
791	990
792	982
792	1444
793	1274
793	1840
798	1255
798	1388
800	1659
804	956
805	1514
806	886
808	876
813	1616
813	1719
815	1117
815	1288
817	963
818	1176
818	1868
821	907
823	957
827	855
827	856
827	972
830	1205
830	1705
831	905
832	888
833	1065
834	1304
834	1503
838	845
838	936
838	947
839	885
839	1705
841	919
841	1806
842	1685
844	909
844	1445
844	1931
845	881
845	904
845	1655
846	924
846	1620
847	970
850	932
852	1269
852	1374
854	979
854	1548
855	1213
856	959
858	1903
859	866
859	921
860	882
862	872
862	1917
865	875
866	958
866	1889
869	1792
870	1137
872	948
872	1100
872	1268
873	1503
874	990
874	1547
876	978
878	1203
880	911
881	1025
882	1349
882	1699
883	891
885	918
885	1960
887	964
888	2001
889	978
889	1933
890	980
893	1072
893	1199
894	1117
895	1443
895	1953
898	1031
898	1570
898	1741
899	1515
903	1055
904	1780
908	992
909	1429
910	939
910	1288
910	1742
911	968
913	1248
922	1809
924	933
924	1284
925	928
928	1431
930	1603
931	1540
933	1742
936	1889
937	939
938	1400
938	1585
939	1871
940	1236
942	1290
943	1353
944	1307
945	1787
946	1104
946	1869
947	950
947	1724
949	1668
950	1581
951	1600
952	1589
957	1253
958	1491
960	1222
960	1932
962	970
963	1201
963	1956
964	1809
965	1999
967	1038
969	984
977	1226
977	1515
981	1738
984	1555
986	1368
986	1496
987	1373
988	1233
988	1968
989	1083
991	1461
996	1848
996	1985
999	1595
1002	1003
1002	1004
1002	1009
1002	1010
1002	1096
1002	1142
1002	1259
1003	1004
1003	1005
1003	1006
1003	1012
1003	1022
1003	1031
1003	1040
1003	1052
1003	1106
1003	1156
1003	1330
1003	1347
1003	1463
1003	1504
1003	1599
1003	1699
1003	1829
1004	1005
1004	1006
1004	1014
1004	1024
1004	1049
1004	1136
1004	1841
1005	1007
1005	1008
1005	1013
1005	1016
1005	1021
1005	1023
1005	1036
1005	1109
1005	1207
1005	1313
1005	1351
1005	1429
1005	1571
1005	1677
1006	1007
1006	1010
1006	1018
1006	1048
1006	1339
1006	1415
1006	1588
1007	1013
1007	1015
1007	1020
1007	1026
1007	1030
1007	1033
1007	1064
1007	1392
1007	1958
1008	1011
1008	1014
1008	1017
1008	1029
1008	1082
1008	1572
1008	1675
1009	1024
1009	1027
1009	1032
1009	1034
1009	1041
1009	1099
1009	1164
1009	1199
1009	1471
1009	1690
1010	1011
1010	1018
1010	1020
1010	1038
1010	1042
1010	1119
1010	1134
1010	1228
1010	1231
1010	1529
1010	1735
1010	1767
1011	1012
1011	1051
1011	1095
1011	1136
1011	1175
1011	1233
1011	1394
1012	1017
1012	1039
1012	1065
1012	1179
1012	1227
1012	1393
1013	1025
1013	1027
1013	1028
1013	1063
1013	1069
1013	1131
1013	1187
1013	1556
1013	1808
1014	1041
1014	1065
1014	1072
1014	1079
1014	1133
1014	1206
1014	1303
1014	1575
1014	1842
1015	1016
1015	1019
1015	1069
1015	1123
1015	1167
1015	1174
1015	1355
1015	1592
1015	1862
1015	1945
1016	1067
1016	1078
1016	1161
1016	1220
1016	1232
1016	1320
1016	1350
1016	1882
1017	1021
1017	1025
1017	1043
1017	1084
1017	1085
1017	1105
1017	1131
1017	1455
1017	1936
1018	1019
1018	1022
1018	1058
1018	1082
1018	1094
1018	1102
1018	1208
1018	1251
1018	1745
1019	1023
1019	1325
1019	1356
1020	1026
1020	1033
1020	1037
1020	1047
1020	1049
1020	1055
1020	1060
1020	1077
1020	1108
1020	1175
1020	1192
1020	1201
1020	1437
1021	1038
1021	1057
1021	1120
1021	1203
1021	1280
1021	1900
1022	1051
1022	1094
1022	1124
1022	1172
1022	1189
1022	1462
1022	1543
1022	1718
1023	1028
1023	1030
1023	1031
1023	1046
1023	1056
1023	1076
1023	1144
1023	1236
1023	1363
1023	1564
1023	1610
1024	1047
1024	1054
1024	1064
1024	1100
1024	1165
1025	1036
1025	1048
1025	1052
1025	1067
1025	1083
1025	1101
1025	1116
1025	1231
1025	1511
1025	1586
1026	1043
1026	1044
1026	1046
1026	1091
1026	1198
1026	1251
1026	1664
1026	1721
1026	1792
1027	1029
1027	1079
1027	1093
1027	1217
1027	1314
1027	1850
1028	1045
1028	1050
1028	1066
1028	1112
1028	1154
1028	1186
1028	1308
1028	1313
1028	1693
1029	1164
1029	1203
1029	1215
1029	1370
1029	1512
1029	1730
1029	1771
1030	1032
1030	1034
1030	1152
1030	1304
1031	1035
1031	1054
1031	1058
1031	1235
1031	1266
1031	1454
1031	1706
1031	1811
1032	1037
1032	1040
1032	1145
1032	1222
1032	1263
1032	1680
1032	1908
1033	1035
1033	1039
1033	1053
1033	1177
1033	1262
1033	1282
1033	1316
1033	1487
1033	1544
1033	1657
1034	1045
1034	1066
1034	1091
1034	1092
1034	1103
1034	1112
1034	1156
1034	1311
1034	1724
1035	1042
1035	1095
1035	1121
1035	1242
1035	1365
1035	1630
1035	1723
1035	1991
1036	1053
1036	1062
1036	1208
1036	1241
1036	1283
1036	1318
1036	1510
1036	1726
1037	1068
1037	1071
1037	1088
1037	1135
1037	1243
1037	1699
1038	1044
1038	1059
1038	1070
1038	1273
1038	1480
1038	1593
1038	1672
1039	1089
1039	1155
1039	1191
1039	1752
1039	1823
1039	1893
1040	1056
1040	1059
1040	1275
1041	1074
1041	1097
1041	1122
1041	1210
1041	1315
1041	1690
1042	1656
1043	1077
1043	1080
1043	1291
1043	1367
1043	1794
1043	1853
1044	1062
1044	1063
1044	1170
1044	1186
1044	1237
1044	1381
1044	1444
1044	1498
1044	1857
1045	1060
1045	1103
1045	1119
1045	1147
1045	1685
1045	1782
1046	1138
1046	1225
1046	1340
1046	1494
1046	1587
1046	1619
1047	1050
1047	1061
1047	1385
1047	1442
1047	1713
1047	1896
1048	1057
1048	1075
1048	1088
1048	1107
1048	1368
1049	1055
1049	1071
1049	1127
1049	1132
1049	1301
1049	1707
1049	1733
1050	1072
1050	1083
1050	1190
1050	1258
1050	1873
1051	1061
1051	1068
1051	1090
1051	1092
1051	1113
1051	1120
1051	1127
1051	1140
1051	1210
1051	1238
1051	1333
1051	1501
1052	1070
1052	1076
1052	1108
1052	1207
1052	1443
1052	1773
1052	1787
1052	1873
1052	1883
1053	1073
1053	1128
1053	1484
1053	1577
1054	1081
1054	1118
1054	1126
1054	1193
1054	1217
1055	1097
1055	1110
1055	1139
1055	1243
1055	1689
1055	1746
1056	1087
1056	1153
1057	1081
1057	1219
1057	1276
1057	1336
1057	1607
1058	1162
1059	1165
1059	1169
1059	1279
1059	1281
1059	1604
1059	1814
1059	1923
1059	1971
1060	1073
1060	1185
1060	1715
1061	1105
1061	1148
1061	1670
1061	1994
1062	1085
1062	1086
1062	1106
1062	1212
1062	1578
1062	1692
1062	1840
1063	1153
1063	1171
1063	1223
1064	1087
1064	1093
1064	1107
1064	1296
1064	1335
1064	1863
1065	1109
1065	1146
1065	1224
1065	1343
1065	1383
1066	1190
1066	1456
1066	1857
1067	1100
1067	1328
1067	1510
1067	1839
1068	1074
1068	1121
1068	1129
1068	1160
1068	1167
1068	1226
1069	1075
1069	1111
1069	1176
1069	1183
1069	1254
1069	1538
1070	1151
1070	1267
1070	1312
1070	1432
1070	1461
1070	1926
1071	1086
1071	1137
1071	1214
1071	1298
1071	1504
1071	1973
1072	1261
1073	1080
1073	1273
1073	1603
1073	1756
1073	1984
1074	1180
1074	1278
1074	1299
1074	1307
1074	1376
1074	1405
1074	1456
1075	1089
1075	1294
1075	1321
1075	1417
1075	1529
1076	1182
1076	1197
1076	1229
1076	1293
1076	1530
1076	1719
1077	1078
1077	1111
1077	1116
1077	1143
1077	1173
1077	1224
1077	1474
1078	1239
1078	1248
1078	1382
1078	1446
1078	1568
1078	1663
1078	1668
1078	1838
1079	1117
1079	1125
1079	1274
1079	1968
1080	1099
1080	1118
1080	1170
1080	1196
1080	1216
1080	1429
1080	1836
1080	1952
1081	1084
1081	1159
1081	1211
1081	1649
1081	1875
1081	1922
1082	1098
1082	1101
1082	1148
1082	1196
1082	1249
1082	1435
1082	1539
1083	1187
1083	1200
1083	1380
1084	1143
1084	1172
1084	1327
1084	1601
1084	1728
1084	1849
1085	1090
1085	1115
1085	1117
1085	1135
1085	1163
1085	1459
1086	1234
1086	1236
1086	1391
1086	1397
1086	1783
1087	1104
1087	1114
1087	1155
1087	1229
1087	1244
1087	1324
1088	1098
1088	1102
1088	1147
1088	1278
1088	1353
1088	1359
1088	1742
1088	1770
1089	1551
1090	1180
1090	1184
1090	1387
1090	1472
1091	1150
1091	1168
1091	1205
1091	1578
1091	1722
1092	1096
1092	1126
1092	1140
1092	1252
1092	1282
1093	1115
1093	1122
1093	1132
1093	1144
1093	1331
1093	1414
1093	1450
1093	1597
1094	1202
1095	1151
1095	1274
1095	1425
1095	1464
1095	1491
1096	1137
1096	1325
1096	1771
1097	1104
1097	1171
1097	1192
1097	1235
1097	1303
1097	1337
1097	1454
1097	1534
1097	1566
1097	1640
1097	1797
1097	1801
1098	1157
1098	1184
1098	1256
1098	1289
1098	1375
1098	1714
1099	1114
1099	1212
1099	1221
1099	1257
1099	1309
1099	1614
1099	1729
1100	1124
1100	1168
1100	1183
1100	1191
1100	1204
1100	1264
1100	1345
1100	1635
1100	1758
1101	1199
1101	1253
1101	1256
1101	1292
1101	1384
1101	1534
1102	1110
1102	1129
1102	1238
1102	1323
1102	1517
1102	1655
1102	1845
1102	1893
1103	1113
1103	1150
1103	1209
1103	1223
1103	1878
1104	1123
1104	1149
1104	1158
1104	1178
1104	1247
1104	1269
1104	1330
1104	1674
1105	1125
1105	1384
1105	1989
1106	1531
1106	1599
1107	1141
1107	1249
1107	1260
1107	1983
1108	1162
1108	1198
1108	1215
1108	1316
1108	1326
1108	1337
1108	1596
1108	1627
1109	1166
1109	1306
1109	1389
1110	1169
1110	1233
1110	1364
1110	1399
1111	1152
1111	1855
1111	1920
1112	1869
1113	1158
1113	1305
1113	1408
1113	1486
1113	1885
1114	1499
1114	1533
1114	1561
1114	1617
1115	1260
1115	1573
1116	1133
1116	1142
1116	1265
1116	1710
1116	1877
1117	1146
1117	1154
1117	1166
1117	1176
1117	1360
1117	1394
1117	1512
1117	1542
1118	1130
1118	1237
1118	1881
1119	1134
1119	1145
1119	1253
1119	1629
1120	1262
1120	1295
1120	1469
1120	1818
1121	1157
1121	1254
1121	1334
1121	1950
1122	1138
1122	1887
1123	1128
1123	1194
1123	1288
1123	1400
1123	1505
1123	1949
1124	1160
1124	1174
1124	1181
1125	1318
1125	1329
1125	1340
1125	1422
1125	1895
1125	1942
1126	1130
1126	1684
1126	1863
1127	1322
1127	1407
1128	1159
1128	1299
1128	1342
1128	1515
1129	1240
1129	1388
1129	1720
1129	1780
1130	1219
1130	1261
1130	1528
1130	1723
1130	1895
1131	1161
1131	1204
1131	1305
1131	1393
1131	1412
1131	1567
1132	1738
1133	1213
1133	1473
1133	1540
1133	1638
1134	1139
1134	1141
1134	1449
1134	1568
1134	1637
1134	1864
1135	1369
1135	1509
1135	1736
1135	1905
1136	1362
1136	1413
1136	1471
1136	1636
1136	1809
1137	1263
1137	1382
1137	1433
1137	1539
1137	1913
1138	1868
1139	1188
1139	1283
1139	1876
1140	1270
1140	1422
1140	1500
1140	1931
1141	1292
1141	1373
1142	1279
1142	1327
1142	1378
1142	1523
1143	1683
1143	1691
1144	1193
1144	1221
1144	1941
1145	1202
1145	1720
1145	1805
1145	1980
1146	1173
1146	1388
1146	1502
1146	1548
1146	1687
1147	1218
1147	1272
1147	1338
1147	1395
1147	1411
1147	1419
1147	1472
1147	1583
1147	1662
1147	1710
1147	1865
1148	1368
1149	1214
1150	1304
1150	1438
1150	1526
1152	1185
1152	1343
1152	1344
1152	1530
1152	1536
1152	1716
1152	1761
1152	1953
1154	1445
1154	1451
1154	1497
1155	1639
1155	1795
1156	1163
1156	1182
1156	1306
1156	1346
1156	1466
1156	1519
1157	1396
1157	1781
1158	1188
1158	1232
1158	1286
1158	1348
1158	1576
1158	1577
1159	1189
1159	1222
1159	1345
1160	1269
1160	1271
1160	1831
1161	1178
1161	1216
1161	1581
1161	1735
1161	1917
1162	1201
1162	1681
1162	1870
1163	1179
1163	1200
1163	1290
1163	1786
1164	1479
1165	1689
1166	1371
1166	1400
1166	1427
1166	1520
1166	1597
1166	1899
1167	1177
1167	1255
1167	1926
1168	1818
1168	1839
1168	1843
1169	1181
1169	1288
1169	1441
1169	1750
1170	1559
1170	1613
1170	1914
1171	1258
1171	1275
1171	1521
1172	1308
1172	1591
1172	1681
1172	1861
1172	1953
1174	1241
1174	1383
1174	1479
1174	1483
1174	1666
1175	1252
1175	1628
1175	1646
1175	1684
1176	1336
1176	1693
1176	1808
1177	1197
1177	1250
1177	1403
1177	1604
1177	1988
1178	1206
1178	1271
1178	1411
1178	1496
1179	1230
1179	1377
1179	1682
1179	1697
1179	1822
1179	1899
1180	1272
1180	1391
1180	1602
1180	1987
1181	1227
1182	1230
1182	1333
1182	1542
1182	1973
1183	1205
1183	1487
1184	1307
1185	1211
1185	1225
1187	1195
1188	1339
1188	1442
1188	1678
1189	1929
1190	1234
1190	1328
1191	1300
1191	1370
1191	1448
1191	1481
1191	1777
1192	1194
1192	1226
1192	1257
1192	1284
1192	1426
1192	1475
1192	1601
1192	1965
1193	1589
1193	1695
1194	1195
1194	1298
1195	1410
1195	1791
1196	1427
1196	1764
1196	1978
1197	1218
1197	1239
1197	1363
1198	1209
1198	1312
1198	1423
1198	1717
1199	1374
1199	1490
1199	1507
1199	1525
1199	1701
1199	1712
1199	1982
1199	1989
1200	1220
1200	1401
1200	1415
1200	1444
1200	1518
1201	1412
1201	1754
1201	1969
1202	1460
1203	1213
1203	1362
1203	1602
1203	1669
1203	1755
1203	1803
1203	1993
1204	1246
1204	1300
1204	1367
1204	1526
1205	1453
1205	1782
1206	1378
1206	1395
1206	1436
1206	1445
1207	1433
1207	1434
1207	1468
1207	1727
1208	1379
1208	1397
1209	1240
1209	1290
1209	1506
1210	1832
1210	1954
1211	1311
1211	1392
1211	1447
1211	1983
1212	1250
1212	1458
1212	1817
1213	1259
1213	1276
1213	1277
1213	1381
1213	1385
1213	1475
1214	1624
1214	1992
1215	1245
1215	1921
1216	1228
1216	1297
1216	1372
1216	1389
1216	1809
1217	1493
1217	1521
1217	1653
1217	1722
1218	1277
1218	1734
1218	1753
1219	1447
1219	1742
1220	1317
1220	1440
1220	1629
1221	1297
1221	1449
1223	1867
1224	1562
1224	1608
1224	1633
1224	1830
1225	1246
1225	1255
1225	1266
1225	1404
1225	1470
1225	1502
1225	1814
1227	1457
1228	1287
1228	1289
1228	1315
1228	1516
1229	1326
1229	1670
1229	1790
1230	1331
1230	1737
1232	1430
1232	1520
1232	1825
1233	1268
1234	1248
1234	1413
1236	1245
1236	1302
1236	1524
1236	1778
1237	1496
1237	1879
1238	1244
1238	1267
1238	1346
1238	1626
1238	1813
1238	1822
1239	1242
1240	1247
1240	1347
1240	1847
1241	1285
1241	1469
1241	1695
1241	1725
1242	1310
1242	1558
1242	1585
1242	1609
1243	1661
1244	1352
1244	1494
1244	1744
1245	1264
1245	1268
1245	1908
1246	1295
1246	1366
1246	1585
1246	1772
1247	1357
1247	1527
1247	1928
1248	1372
1248	1408
1249	1320
1249	1351
1249	1623
1250	1481
1250	1541
1251	1286
1251	1319
1251	1334
1251	1379
1251	1486
1251	1641
1252	1265
1252	1493
1253	1270
1253	1294
1253	1344
1253	1374
1254	1898
1255	1398
1255	1465
1255	1514
1255	1593
1255	1643
1256	1285
1256	1309
1256	1416
1256	1675
1256	1747
1256	1843
1256	1951
1257	1401
1257	1465
1257	1652
1258	1491
1258	1522
1260	1296
1260	1359
1261	1665
1261	1891
1262	1352
1262	1515
1262	1745
1262	1752
1262	1986
1263	1284
1263	1348
1263	1434
1263	1517
1263	1605
1263	1620
1263	1933
1264	1293
1264	1365
1264	1448
1264	1495
1264	1766
1264	1902
1265	1302
1265	1399
1265	1680
1265	1827
1266	1291
1266	1321
1266	1355
1266	1358
1266	1439
1266	1535
1266	1651
1267	1386
1267	1553
1267	1950
1268	1563
1268	1884
1269	1717
1269	1763
1269	1964
1270	1420
1270	1424
1270	1598
1270	1869
1271	1310
1271	1409
1271	1467
1271	1630
1271	1641
1271	1704
1271	1856
1272	1280
1272	1437
1273	1281
1273	1404
1273	1430
1273	1441
1274	1301
1275	1406
1275	1837
1276	1428
1276	1545
1276	1581
1276	1737
1277	1713
1277	1767
1278	1287
1278	1329
1278	1556
1278	1676
1279	1338
1279	1341
1279	1418
1280	1614
1281	1317
1281	1319
1282	1462
1282	1861
1284	1377
1284	1644
1285	1458
1285	1476
1285	1900
1286	1386
1286	1527
1286	1674
1287	1657
1287	1823
1287	1915
1289	1421
1289	1482
1290	1622
1290	1760
1291	1341
1291	1694
1291	1768
1291	1940
1292	1749
1292	1880
1293	1511
1293	1925
1294	1474
1294	1508
1294	1642
1295	1701
1295	1931
1297	1322
1297	1353
1298	1349
1298	1483
1298	1747
1299	1324
1300	1584
1302	1477
1302	1498
1302	1980
1303	1332
1303	1409
1304	1519
1304	1748
1305	1431
1305	1678
1306	1579
1306	1724
1307	1350
1307	1354
1307	1431
1307	1561
1308	1696
1309	1332
1309	1361
1309	1485
1309	1885
1310	1424
1310	1466
1310	1478
1310	1852
1311	1440
1312	1537
1312	1834
1313	1314
1313	1360
1313	1624
1313	1776
1314	1460
1314	1553
1314	1654
1315	1780
1316	1373
1316	1741
1316	1838
1318	1358
1318	1639
1318	1653
1318	1789
1318	1796
1318	1907
1318	1977
1319	1390
1320	1660
1320	1793
1321	1464
1322	1323
1323	1356
1323	1679
1324	1649
1324	1709
1325	1335
1325	1369
1325	1988
1326	1595
1326	1760
1326	1888
1327	1679
1327	1776
1327	1948
1328	1342
1328	1784
1329	1419
1330	1559
1330	1583
1330	1608
1330	1768
1330	1790
1331	1477
1331	1688
1331	1696
1331	1732
1332	1349
1332	1682
1332	1740
1332	1905
1333	1405
1333	1746
1334	1507
1334	1514
1334	1954
1337	1361
1337	1564
1337	1612
1337	1889
1337	1890
1338	1513
1338	1600
1339	1387
1339	1402
1339	1589
1339	1656
1339	1948
1340	1410
1340	1508
1340	1683
1340	1943
1341	1457
1341	1492
1342	1425
1343	1887
1344	1366
1344	1569
1344	1712
1344	1859
1344	1990
1345	1354
1345	1406
1345	1774
1345	1974
1346	1435
1346	1836
1346	1955
1347	1426
1347	1582
1347	1647
1347	1820
1348	1403
1348	1499
1349	1501
1350	1357
1350	1416
1350	1551
1350	1617
1350	1991
1351	1423
1351	1574
1352	1421
1352	1463
1352	1716
1352	1906
1353	1402
1353	1580
1353	1595
1353	1611
1353	1736
1353	1957
1354	1451
1355	1634
1355	1753
1356	1842
1357	1390
1357	1555
1357	1749
1357	1852
1358	1848
1358	1947
1359	1380
1359	1835
1360	1554
1360	1610
1361	1371
1362	1375
1362	1705
1363	1364
1363	1582
1364	1698
1365	1376
1365	1550
1366	1450
1366	1459
1366	1715
1367	1432
1367	1658
1367	1874
1367	1904
1368	1398
1368	1452
1368	1810
1368	1892
1369	1418
1369	1543
1370	1835
1371	1438
1372	1428
1372	1528
1373	1443
1373	1453
1373	1911
1373	1916
1374	1439
1374	1663
1376	1417
1376	1615
1378	1407
1378	1436
1378	1618
1379	1396
1380	1594
1380	1811
1380	1927
1381	1757
1382	1645
1382	1944
1383	1488
1383	1536
1383	1969
1384	1548
1385	1612
1387	1452
1387	1495
1387	1533
1387	1549
1387	1584
1387	1618
1388	1509
1388	1557
1391	1606
1392	1414
1392	1769
1393	1557
1393	1765
1395	1541
1398	1482
1398	1708
1399	1591
1399	1755
1401	1999
1402	1831
1403	1598
1403	1777
1403	1778
1404	1915
1405	1470
1405	1673
1406	1524
1406	1587
1407	1802
1408	1497
1408	1648
1408	2000
1410	1549
1410	1775
1410	1932
1411	1473
1411	1802
1411	1944
1412	1455
1412	1798
1413	1573
1414	1516
1414	1522
1414	1982
1415	1476
1415	1596
1415	1669
1416	1492
1416	1574
1416	1623
1416	1711
1417	1770
1418	1420
1418	1833
1419	1547
1419	1664
1420	1467
1420	1518
1424	1829
1425	1446
1425	1478
1425	1590
1425	1897
1427	1616
1428	1461
1428	1523
1431	1580
1433	1480
1433	1555
1434	1999
1435	1468
1436	1643
1436	1934
1438	1990
1439	1635
1439	1704
1439	1941
1440	1506
1440	1886
1440	1917
1441	1828
1442	1904
1443	1544
1443	1779
1444	1490
1444	1606
1444	1935
1446	1806
1447	1500
1447	1525
1447	1565
1447	1569
1447	1731
1448	1554
1449	1594
1451	1658
1451	1726
1452	1882
1453	1772
1453	1795
1454	1759
1455	1485
1455	1605
1455	1837
1457	1489
1458	1489
1458	1622
1458	1642
1458	1685
1459	1538
1459	1687
1460	1851
1461	1709
1461	1867
1462	1503
1463	1503
1464	1567
1466	1793
1467	1894
1468	1505
1468	1640
1471	1621
1471	1791
1471	1845
1473	1764
1473	1994
1474	1951
1475	1537
1475	1552
1475	1607
1477	1484
1477	1488
1477	1943
1477	2001
1478	1600
1478	1651
1478	1727
1478	1789
1478	1866
1480	1703
1482	1532
1482	1586
1483	1909
1484	1531
1485	1901
1485	1956
1486	1872
1487	1576
1488	1738
1489	1560
1489	1644
1492	1660
1492	1792
1492	1841
1493	1546
1494	1725
1495	1590
1495	1884
1496	1560
1497	1547
1497	1942
1497	1978
1498	1711
1498	1819
1498	1911
1500	1540
1500	1744
1501	1616
1502	1619
1502	1816
1502	1840
1504	1532
1506	1513
1506	1545
1506	1906
1508	1571
1508	1661
1508	1995
1509	1750
1511	1686
1512	1535
1512	1672
1513	1570
1514	1698
1514	1730
1515	1563
1516	1769
1518	1558
1518	1694
1518	1800
1518	1879
1519	1631
1519	1732
1520	1565
1522	1566
1522	1800
1523	1627
1525	1575
1525	1987
1526	1638
1526	2000
1527	1645
1528	1859
1529	1762
1531	1648
1532	1677
1532	1728
1533	1621
1534	1824
1535	1572
1536	1550
1536	1666
1536	1798
1536	1810
1537	1552
1537	1650
1538	1740
1542	1659
1544	1603
1544	1702
1544	1734
1545	1546
1545	1833
1545	1846
1546	1631
1546	1702
1546	1773
1547	1562
1549	1637
1549	1692
1550	1588
1550	1620
1550	1673
1550	1848
1552	1757
1554	1570
1555	1826
1556	1609
1556	1652
1556	1946
1559	1615
1561	1676
1565	1632
1566	1611
1567	1592
1567	1762
1569	1646
1569	1697
1570	1966
1570	1977
1571	1751
1573	1632
1573	1812
1574	1971
1575	1579
1575	1868
1576	1703
1577	1634
1577	1851
1577	1855
1578	1870
1580	1844
1580	1979
1582	1847
1585	1647
1585	1659
1585	1817
1585	1892
1586	1636
1586	1801
1588	1828
1589	1939
1590	1970
1591	1919
1592	1613
1592	1706
1593	1775
1593	1912
1593	1924
1594	1858
1595	1665
1595	1872
1596	1821
1597	1821
1599	1668
1599	1707
1600	1628
1601	1626
1601	1788
1601	1902
1602	1731
1602	1856
1603	1625
1603	1871
1604	1650
1606	1940
1607	1654
1607	1729
1611	1922
1612	1667
1612	1688
1613	1896
1615	1633
1615	1671
1615	1786
1620	1655
1620	1719
1621	1686
1621	1907
1622	1625
1622	1751
1622	1813
1622	1846
1623	1714
1623	1937
1625	1880
1625	1998
1626	1787
1626	1993
1627	1984
1629	1754
1629	1844
1631	1667
1631	1874
1633	1700
1633	1935
1634	1671
1635	1718
1635	1739
1636	1850
1641	1788
1641	1804
1642	1937
1643	1785
1643	1860
1645	1700
1645	1933
1647	1956
1654	1881
1657	1815
1658	1662
1658	1781
1659	1934
1660	1748
1661	1705
1661	1832
1662	1783
1663	1691
1663	1721
1663	1819
1663	1960
1664	1910
1665	1756
1667	1766
1667	1853
1668	1739
1668	1979
1669	1903
1670	1759
1671	1743
1671	1919
1673	1824
1673	1960
1676	1763
1676	1812
1677	1805
1679	1927
1683	1785
1683	1903
1684	1918
1686	1929
1686	1936
1686	1964
1688	1799
1691	1806
1691	1967
1695	1815
1696	1854
1697	1733
1697	1972
1699	1830
1700	1708
1701	1946
1702	1925
1703	1807
1708	1761
1708	1854
1710	1784
1710	1986
1712	1920
1714	1959
1722	1743
1722	1758
1722	1765
1722	1796
1722	1894
1723	1804
1725	1864
1727	1996
1729	1923
1729	1958
1732	1799
1732	1878
1732	1976
1735	1928
1736	1741
1737	1826
1737	1860
1740	1871
1746	1866
1748	1779
1748	1797
1749	1957
1754	1963
1755	1862
1759	1877
1760	1820
1761	1774
1761	1965
1762	1913
1766	1975
1767	1996
1768	1972
1769	1834
1771	1849
1772	1945
1777	1807
1778	1794
1779	1930
1780	1912
1782	1930
1783	1924
1784	1803
1785	1939
1785	1961
1792	1962
1793	1816
1796	1827
1798	1886
1799	1825
1801	1916
1801	1997
1803	1875
1810	1898
1814	1858
1824	1963
1825	1968
1827	1888
1837	1901
1838	1876
1842	1914
1848	1865
1849	1909
1849	1955
1853	1976
1854	1966
1860	1891
1861	1967
1863	1921
1863	1981
1864	1949
1867	1897
1874	1890
1876	1889
1879	1883
1882	1910
1887	1918
1898	1938
1910	1932
1910	1959
1914	1952
1916	1998
1918	1961
1923	1970
1926	1938
1937	1947
1937	1962
1937	1992
1961	1974
1963	1975
1963	2001
1966	1985
1968	1981
1982	1985
1982	1995
1987	1997
