2001	0
0	1
0	2
0	3
0	6
0	14
0	19
0	22
0	38
0	113
0	445
0	710
0	1464
0	1694
1	2
1	8
1	9
1	11
1	16
1	31
1	44
1	56
1	83
1	110
1	771
1	873
2	5
2	7
2	8
2	27
2	33
2	38
2	42
2	71
2	200
2	217
2	287
2	295
3	4
3	5
3	9
3	13
3	29
3	32
3	36
3	84
3	141
3	179
3	334
3	833
4	7
4	12
4	33
4	36
4	102
4	117
4	197
4	221
4	321
4	558
4	781
4	914
5	6
5	15
5	20
5	28
5	107
5	112
5	169
5	186
5	898
5	956
5	1758
6	10
6	13
6	14
6	18
6	35
6	40
6	53
6	64
6	95
6	915
7	29
7	30
7	40
7	51
7	58
7	85
7	142
7	146
7	328
7	390
7	410
7	707
8	11
8	23
8	148
8	172
8	371
8	384
8	444
8	651
9	10
9	15
9	17
9	35
9	89
9	148
9	202
9	293
9	828
9	919
9	993
10	12
10	21
10	22
10	43
10	48
10	105
10	193
10	269
10	523
10	533
11	16
11	18
11	54
11	63
11	107
11	171
11	254
11	303
11	608
12	25
12	34
12	46
12	65
12	66
12	81
12	106
12	170
12	203
12	972
12	1611
12	1614
12	1670
13	19
13	24
13	31
13	109
13	151
13	195
13	257
13	331
13	452
13	1823
14	17
14	20
14	32
14	76
14	113
14	120
14	288
14	322
14	344
14	537
14	748
14	992
15	27
15	28
15	61
15	111
15	126
15	131
15	337
15	344
15	368
15	385
15	488
16	21
16	26
16	45
16	176
16	194
16	489
16	500
16	610
16	821
16	1689
17	25
17	41
17	44
17	55
17	143
17	166
17	255
17	332
17	519
17	671
17	1973
18	23
18	26
18	43
18	59
18	66
18	72
18	82
18	520
19	37
19	39
19	78
19	101
19	208
19	214
19	242
19	246
19	262
19	351
19	631
19	1453
19	1581
20	24
20	39
20	55
20	62
20	93
20	184
20	314
20	603
20	801
20	915
20	965
20	1131
21	47
21	112
21	228
21	313
21	417
21	584
21	1308
22	50
22	63
22	90
22	128
22	134
22	160
22	327
22	453
22	494
22	865
23	52
23	56
23	57
23	116
23	169
23	324
24	99
24	185
24	207
24	220
24	280
24	408
24	717
25	90
25	144
25	229
25	255
25	286
25	301
25	652
26	30
26	87
26	97
26	121
26	159
26	475
26	480
27	48
27	50
27	99
27	506
28	34
28	54
28	70
28	173
28	245
28	410
28	667
28	746
28	1264
28	1271
29	80
29	281
29	430
29	723
29	805
30	42
30	91
30	136
30	144
30	147
30	393
31	62
31	75
31	97
31	103
31	116
31	339
31	698
31	804
32	60
32	92
32	114
32	252
33	59
33	74
33	101
33	273
33	379
33	925
33	1486
34	37
34	45
34	80
34	86
34	265
34	867
34	1096
35	49
35	52
35	93
35	631
35	912
35	939
36	41
36	70
36	77
36	160
36	762
37	91
37	118
37	150
37	180
37	208
37	236
37	243
37	298
37	428
37	477
37	512
37	1346
38	51
38	115
38	130
38	156
38	466
39	75
39	109
39	155
39	844
40	96
40	188
40	285
40	733
41	135
41	166
41	837
42	49
42	79
42	783
42	1185
42	1238
42	1914
43	46
43	158
43	215
43	499
44	53
44	61
44	76
44	82
44	731
44	1377
45	57
45	68
45	130
45	183
45	222
45	224
45	554
45	1913
46	88
46	118
46	143
46	253
46	366
46	387
46	1936
47	106
47	153
47	162
47	196
47	258
47	271
47	294
47	484
47	896
48	60
48	72
48	147
48	347
49	78
49	94
49	96
49	177
49	212
49	734
50	73
50	100
50	180
50	238
50	332
50	748
50	785
50	947
51	71
51	291
51	510
51	1991
52	387
52	521
52	879
52	916
53	58
53	95
53	120
53	125
53	167
53	388
53	781
53	821
53	1141
54	124
54	153
54	204
54	433
55	65
55	83
55	88
55	105
55	194
55	210
55	715
55	1718
56	68
56	709
57	119
57	134
57	212
57	666
57	792
58	87
58	104
58	292
58	430
58	501
59	73
59	196
59	361
59	523
59	806
59	924
59	1317
60	145
60	178
60	190
60	417
60	425
60	848
60	1400
60	1543
61	128
61	152
61	235
61	244
61	475
61	592
61	751
61	819
62	69
62	77
62	182
62	541
62	745
62	829
62	964
62	1034
62	1076
63	67
63	79
63	117
63	236
63	311
63	557
63	688
64	92
64	98
64	173
64	233
64	462
64	472
64	774
64	1910
65	84
65	157
65	232
65	707
65	1514
66	614
67	103
67	138
67	274
67	455
67	526
67	613
67	638
67	1572
68	69
68	74
68	139
68	183
68	234
68	442
68	551
68	632
68	855
69	187
69	192
69	199
69	300
69	903
69	977
70	86
70	136
70	262
70	289
70	786
70	935
71	198
71	318
71	346
71	413
71	624
72	115
72	211
72	313
73	81
73	129
73	209
73	1419
74	213
74	238
74	369
75	94
75	102
75	104
75	193
76	505
76	691
76	749
77	260
77	324
77	347
77	476
78	151
78	184
78	206
78	874
79	121
79	149
79	209
79	442
79	445
79	491
79	779
80	122
80	133
80	163
80	211
81	200
81	290
81	338
81	360
81	870
81	1886
82	140
82	299
82	444
82	479
82	552
83	175
83	695
83	1340
84	85
84	126
84	233
84	319
84	775
84	1332
85	188
85	325
85	402
85	436
86	89
86	131
86	220
86	541
87	132
87	165
87	275
87	419
87	474
88	111
88	273
88	1672
89	380
89	465
89	581
89	734
89	858
89	1318
90	189
90	457
90	528
90	1109
91	135
91	1518
91	1547
92	98
92	114
92	175
92	207
92	282
92	367
92	488
92	497
92	644
92	1198
93	108
93	261
93	317
93	406
93	780
93	800
93	990
93	1072
94	138
94	216
94	320
94	363
94	766
95	100
95	242
95	555
95	584
95	693
95	1518
96	152
96	214
97	110
97	693
98	122
98	168
98	178
98	195
98	239
98	245
98	478
99	137
99	259
99	310
99	490
100	354
100	357
100	558
100	714
100	764
100	989
101	170
101	263
101	399
101	493
101	751
101	767
102	227
102	306
102	369
102	432
102	507
102	646
103	261
103	349
103	384
103	969
103	1169
104	282
104	538
104	636
104	922
104	1487
104	1751
105	125
105	133
105	429
105	944
105	967
106	108
106	174
106	179
106	412
106	426
106	871
106	1363
107	132
107	356
107	612
107	888
108	154
108	177
108	219
108	278
108	310
108	776
108	798
109	124
109	129
109	241
109	950
109	1325
110	127
110	206
110	267
110	392
110	647
110	843
111	123
111	471
111	554
111	583
111	912
111	1793
112	244
112	835
112	997
112	1698
113	167
113	315
113	729
114	229
114	258
114	335
114	591
114	1917
115	127
115	157
115	165
115	171
115	257
115	404
115	449
115	1826
116	123
116	182
116	246
116	285
116	1985
117	348
117	409
117	437
117	653
117	921
117	1596
118	513
118	599
119	239
119	473
119	718
120	137
120	159
120	176
120	304
120	346
120	396
120	893
120	966
120	1170
120	1327
121	140
121	150
121	277
121	303
121	448
121	542
121	750
121	891
122	191
122	218
122	227
122	304
122	398
122	1465
123	158
123	219
123	222
123	578
123	596
123	630
124	413
124	599
124	648
124	795
124	799
125	564
125	627
126	226
126	281
126	381
126	474
126	502
126	645
126	777
126	804
126	1475
127	432
127	653
127	1817
128	149
128	161
128	189
128	223
128	250
128	680
128	767
128	906
128	1921
129	163
129	185
129	279
129	363
129	386
129	424
129	575
129	633
129	1471
130	248
130	268
130	343
130	511
131	252
131	559
131	588
132	156
132	164
132	231
132	515
133	139
133	168
133	197
133	319
133	375
133	600
133	606
133	877
134	237
134	240
134	375
134	433
135	186
135	225
135	547
135	655
136	155
136	164
136	181
137	145
137	161
137	254
137	973
138	191
138	217
138	251
138	635
138	669
138	955
138	1616
139	190
139	205
139	279
139	365
139	612
139	854
139	986
140	142
140	146
140	241
140	636
140	907
140	932
141	218
141	326
142	294
142	664
143	172
143	323
143	364
143	509
143	597
143	954
144	243
144	278
144	308
144	342
144	360
144	446
144	534
144	841
144	1181
145	240
145	423
145	513
146	569
146	582
146	588
146	671
146	741
146	752
147	270
147	358
147	405
148	274
148	593
148	806
148	807
148	995
149	221
150	154
150	675
150	1492
151	199
151	315
151	876
152	300
153	272
153	370
153	906
154	226
154	329
154	391
154	568
154	882
154	1074
155	225
155	869
156	615
156	941
157	338
157	516
158	210
158	341
158	902
159	768
160	198
160	529
160	813
161	162
161	328
161	350
161	372
161	770
161	800
162	174
162	374
162	593
162	596
162	1449
163	597
163	676
163	733
163	1344
164	656
164	703
164	774
165	269
166	308
166	1681
167	524
167	764
167	979
167	1512
167	1829
168	316
168	561
168	562
168	711
168	759
169	824
169	925
169	1830
170	920
170	971
170	1877
171	201
171	228
171	259
171	298
171	754
171	940
172	224
172	256
172	312
172	487
172	519
172	1664
173	265
173	650
173	834
173	1372
174	293
175	237
175	286
175	305
175	306
175	773
175	901
175	955
176	936
176	1414
176	1699
176	1838
177	223
177	272
177	296
177	406
177	453
178	249
178	397
178	435
178	485
178	991
179	270
179	289
179	348
179	834
180	181
180	202
180	234
181	317
181	658
181	687
182	192
182	201
182	302
182	358
182	534
182	777
183	187
183	397
183	705
183	1369
184	435
184	783
185	371
185	454
185	908
185	1639
186	621
186	701
186	713
186	850
186	1029
187	216
187	327
187	353
187	518
187	602
188	337
188	361
188	468
188	548
188	723
188	756
188	952
189	205
189	393
189	639
189	716
189	1206
190	322
190	782
190	801
190	1788
191	203
191	253
191	288
191	336
191	469
191	840
191	926
192	290
192	440
192	742
192	1416
193	230
193	266
193	342
193	436
193	824
193	1318
194	309
194	532
194	817
194	1345
195	215
195	905
195	982
195	993
196	232
196	235
196	680
196	682
197	287
197	299
197	376
197	943
198	1928
199	284
199	503
199	1091
199	1876
200	277
200	452
200	714
200	1318
200	1688
200	1873
201	204
201	1164
201	1540
202	213
202	461
202	490
202	527
202	531
202	579
202	683
202	1533
202	1626
203	230
203	249
203	355
203	412
203	559
203	598
203	670
203	763
203	790
203	949
204	251
204	677
204	681
204	717
205	1309
206	356
206	382
206	572
206	649
207	517
207	718
207	738
208	414
208	431
208	601
208	1367
209	352
209	418
209	847
209	1442
210	256
210	629
210	859
210	975
211	275
211	321
211	339
211	394
211	419
211	489
211	752
211	793
211	885
211	1678
211	1919
212	283
212	382
212	640
212	1932
213	297
213	350
214	329
214	879
215	1676
216	264
216	414
216	415
217	403
217	565
217	571
217	1556
218	495
218	778
218	894
219	362
219	426
219	527
219	537
219	660
219	1638
220	373
220	749
221	420
221	728
221	779
223	276
223	709
223	945
223	1463
224	231
224	292
224	359
224	415
224	544
224	587
224	689
225	391
225	416
225	438
225	535
225	552
226	280
226	333
226	569
226	577
226	1047
227	508
227	613
227	677
227	780
228	267
228	340
228	933
228	1790
229	248
229	250
229	424
229	721
229	887
229	1631
231	487
231	492
231	706
231	863
231	1720
232	875
233	266
233	595
233	628
233	797
234	454
234	674
236	411
236	460
237	1097
237	1129
237	1144
237	1605
238	263
238	297
238	307
238	320
238	396
238	471
238	610
239	247
239	352
239	379
239	494
240	576
240	685
240	809
241	623
242	260
242	268
242	389
242	399
242	516
242	539
242	1565
243	611
244	247
244	378
244	626
245	312
245	616
245	814
246	271
246	687
246	945
247	470
247	637
247	743
247	981
248	296
248	434
249	451
250	334
250	345
250	526
251	264
251	331
251	795
251	907
251	1334
251	1726
251	1807
252	377
252	411
252	530
252	583
252	973
253	1935
254	283
254	429
254	553
254	652
254	1387
255	441
255	536
255	574
255	673
255	782
255	960
255	1371
256	1659
257	688
257	762
257	788
258	345
258	690
258	829
259	389
259	865
259	1093
260	276
261	446
261	930
263	422
263	646
264	291
264	325
264	468
264	692
264	715
264	1172
265	398
265	525
265	531
265	567
265	920
266	684
266	917
267	408
268	380
268	456
268	875
268	878
268	892
268	1684
269	302
269	359
270	598
270	679
270	926
270	929
271	441
271	662
271	739
271	755
271	1240
272	366
272	401
272	403
273	622
273	642
274	449
274	460
275	459
275	624
276	284
276	1473
277	505
277	634
277	681
277	811
278	314
278	400
278	623
278	658
278	808
279	295
279	1850
281	316
281	340
281	416
281	466
282	336
282	878
282	958
283	497
283	538
283	594
284	568
285	351
285	864
285	872
286	550
286	855
287	394
287	756
287	974
287	1449
287	1721
288	378
289	672
289	992
289	1804
290	307
290	928
290	1786
290	1858
291	367
291	758
292	341
292	437
292	451
292	928
292	1270
293	301
293	443
293	622
294	544
294	757
294	940
294	1490
294	1501
295	450
295	722
297	305
297	330
297	1860
297	1888
298	895
298	1979
299	357
299	368
299	617
300	354
300	402
301	1836
302	355
302	407
302	439
302	455
302	547
302	659
302	825
303	309
303	311
303	318
303	349
303	564
303	1964
304	485
304	1086
305	330
305	362
305	545
305	1129
305	1672
306	326
307	335
307	495
307	549
307	557
307	882
308	364
308	503
308	1697
310	664
311	374
311	546
311	618
312	1968
313	1323
314	343
315	678
315	745
316	720
317	962
317	1210
317	1232
318	615
318	796
318	909
319	702
319	754
320	1520
321	422
321	1957
322	323
322	431
322	1398
322	1878
323	704
323	892
324	333
324	407
324	456
325	838
325	1331
326	376
326	747
326	898
326	988
327	365
327	844
328	1188
329	439
329	447
329	486
329	634
329	730
329	910
330	934
331	420
331	518
331	1369
332	383
332	1812
333	585
333	735
333	1096
333	1759
334	400
334	404
334	565
334	970
335	458
335	480
336	514
336	520
336	741
336	823
337	443
337	685
337	809
338	385
338	421
338	448
338	661
338	761
338	830
339	472
340	372
340	819
340	1645
341	496
341	594
342	353
342	514
343	401
343	735
343	1114
345	642
346	498
346	585
347	381
347	383
347	627
348	1935
349	530
349	1208
350	951
350	1682
351	425
351	493
351	579
351	765
353	423
353	1848
354	676
354	1632
355	560
355	773
355	1729
356	377
356	546
357	395
357	492
357	881
357	985
357	1857
358	461
358	543
358	941
360	386
360	390
361	831
361	995
362	525
362	737
363	370
363	418
363	512
363	736
363	1014
365	491
365	562
366	464
366	763
366	1002
367	421
367	712
367	818
368	482
368	545
368	684
368	959
369	869
369	1080
370	373
370	388
370	573
371	667
371	911
372	897
372	1811
373	465
373	478
374	498
374	887
374	942
375	670
376	457
376	464
376	691
376	701
376	753
376	1933
377	434
377	805
377	894
378	483
378	690
378	1530
379	504
379	609
380	405
380	536
381	463
381	574
381	582
381	939
381	1205
381	1646
382	571
383	395
383	428
383	522
384	908
385	486
386	500
386	522
386	533
387	409
387	1643
387	1771
388	470
388	1606
388	1984
389	484
389	736
389	794
390	392
390	913
390	1401
391	508
391	673
391	1117
392	482
392	507
393	739
393	1303
395	473
395	661
395	989
396	450
396	619
396	943
396	1284
396	1608
397	479
397	567
397	1865
397	1941
398	919
398	922
398	1276
399	884
399	949
400	510
401	467
401	509
401	1526
401	1932
402	654
402	1332
403	580
404	758
404	1366
404	1898
405	543
405	1436
406	481
406	1014
407	604
407	747
408	586
410	549
410	643
410	1266
411	427
411	641
411	654
411	720
411	1577
413	539
413	791
413	1245
414	467
414	517
414	899
415	548
415	696
416	852
416	904
416	968
416	1423
417	964
417	1129
418	499
418	708
419	427
419	502
419	600
419	725
419	968
421	978
422	595
423	462
423	515
423	1171
423	1793
424	438
424	481
424	1959
427	1876
428	521
428	607
428	960
428	963
428	1576
429	838
429	1987
430	640
431	1416
432	447
432	459
432	852
432	981
434	440
435	476
435	787
435	822
435	1605
435	1623
436	458
436	529
436	626
436	729
437	483
437	699
438	816
438	923
440	532
440	694
440	731
441	477
441	540
441	608
441	1223
442	563
442	678
442	706
443	535
443	1142
444	550
444	1440
445	934
446	629
446	724
446	880
446	948
447	496
447	616
447	625
450	650
450	788
451	620
451	724
451	789
451	846
451	1843
452	625
452	840
454	463
454	506
454	679
455	566
455	590
455	738
455	803
456	641
457	649
458	605
458	628
458	769
458	881
459	815
461	469
461	607
461	768
462	1951
463	1538
464	577
464	668
464	716
464	974
464	1680
465	542
465	591
465	1188
465	1818
465	1889
467	501
467	555
467	674
469	605
470	551
470	1237
471	708
471	742
471	790
472	1854
474	601
475	572
475	1243
476	570
476	860
477	602
477	655
478	867
478	872
478	976
479	740
479	864
481	570
481	1193
483	889
484	511
484	644
484	833
484	1861
485	637
485	719
485	732
485	971
486	710
486	813
487	617
487	647
487	866
487	958
488	900
490	540
490	705
490	796
492	891
493	603
493	683
493	1740
493	1802
493	1904
494	1064
494	1626
495	566
496	815
496	1519
497	524
498	663
499	675
499	839
499	1010
499	1942
501	504
501	757
501	789
501	1116
502	750
502	924
503	580
503	727
503	871
503	1755
504	662
504	1119
506	832
506	1728
507	560
507	743
508	682
510	843
511	1266
512	1012
513	868
514	556
514	573
515	528
516	921
516	938
517	1687
517	1734
518	1346
518	1601
519	944
519	1405
519	1778
520	606
520	726
520	845
520	936
521	556
521	618
521	704
521	1319
521	1738
522	1409
523	969
524	1869
525	727
525	772
525	817
525	1651
526	722
526	1196
527	666
529	561
529	614
530	669
530	1914
531	553
531	1299
532	563
532	657
532	725
532	909
532	1011
533	730
533	1062
533	1664
534	686
535	639
535	863
535	954
535	1507
537	578
537	1837
539	621
539	786
539	959
539	1863
541	665
541	694
541	901
542	609
542	643
543	712
543	933
544	589
544	1673
545	660
545	808
545	812
550	877
551	784
553	849
553	1510
554	1819
555	1033
556	656
556	853
556	858
556	1298
557	1344
558	827
558	870
558	1330
558	1411
559	797
559	1103
559	1626
560	854
560	1260
561	1408
562	914
563	589
563	793
564	648
564	737
565	576
565	581
565	951
566	759
566	1779
568	611
569	1065
569	1990
570	697
570	825
570	985
571	760
571	775
571	902
573	620
573	1513
573	1901
574	645
577	904
577	1984
578	587
578	657
578	999
579	630
579	632
580	586
580	659
580	861
580	1400
581	619
581	638
582	689
582	744
582	794
583	590
584	604
584	740
585	711
586	836
589	592
589	937
590	778
590	1446
592	930
594	726
594	753
595	635
596	950
597	1353
597	1732
598	668
598	1609
599	698
599	1176
601	700
601	1472
602	728
602	942
604	769
607	686
608	792
610	1887
612	713
612	811
612	965
612	1234
612	1909
613	1504
613	1685
614	776
615	890
615	1169
617	1975
618	696
618	835
620	1431
622	633
622	665
622	1504
625	832
625	1139
625	1831
626	699
627	663
628	1017
628	1201
629	1457
629	1522
631	814
631	853
631	996
631	1398
632	702
632	970
634	1333
634	1727
634	1733
635	651
635	672
635	1451
635	1639
637	1261
639	918
639	1294
640	732
640	868
640	1874
641	842
641	1312
643	935
645	1232
645	1761
646	952
647	1329
649	1322
650	692
651	816
651	982
651	1001
652	1301
653	766
653	842
656	803
656	913
657	1340
658	947
659	826
659	962
660	700
661	932
663	703
663	791
664	695
664	836
665	697
665	849
666	823
666	1060
666	1231
668	1436
671	1032
672	1131
673	899
673	1738
674	802
674	862
675	903
675	990
676	831
676	1816
679	755
680	798
680	911
681	886
681	1013
683	873
685	991
685	998
686	953
686	1515
687	1796
688	1150
690	984
690	1339
690	1697
692	1219
694	837
695	820
695	1573
696	910
697	721
697	1743
699	979
699	1482
701	848
702	1395
703	1341
704	890
704	1663
704	1931
705	1639
705	1950
707	1573
708	1061
709	946
710	1627
710	1882
711	746
711	760
711	770
711	807
711	1271
712	1253
713	802
713	1699
713	1922
714	1497
715	818
716	1021
717	719
717	861
717	1516
720	976
721	1716
722	1467
724	1402
725	888
726	977
727	850
727	1988
728	1201
730	900
730	1532
731	810
731	1339
732	994
732	1237
734	772
735	784
735	828
736	845
736	896
737	1780
738	744
738	1806
739	1197
739	1216
741	956
741	961
741	998
745	984
745	1382
745	1801
746	880
749	761
749	827
749	1880
750	1373
750	1623
752	765
752	1053
753	841
753	967
753	1784
755	1071
756	999
756	1372
756	1874
757	860
757	938
757	1288
758	1762
759	1968
760	1651
761	1031
761	1270
762	820
763	917
764	883
764	1732
764	1942
766	826
767	1585
767	1766
769	1790
770	771
770	810
770	830
773	839
774	812
776	787
776	916
776	961
776	1728
777	905
778	851
778	929
778	1787
779	918
780	1369
780	1735
780	1844
781	799
782	885
782	1246
783	857
784	1031
785	1811
786	1705
787	889
787	1672
788	851
790	1667
793	895
793	1171
793	1227
794	948
796	1891
797	997
797	1937
800	822
800	862
800	884
801	859
803	876
804	886
807	1176
807	1546
808	953
808	957
810	1563
811	1570
812	1520
813	1894
814	846
814	1833
815	1326
817	847
818	978
818	1686
819	1678
821	857
826	856
828	856
828	1769
829	980
829	1610
830	866
832	874
833	980
836	1086
836	1344
837	883
837	1090
837	1565
839	1228
841	1756
843	1465
846	931
849	1069
854	937
854	1167
855	963
856	1068
860	983
863	987
864	972
864	1354
866	1319
866	1365
870	1789
871	897
871	1572
873	927
873	988
878	1205
878	1429
880	983
881	1600
881	1644
881	1893
882	986
882	1310
883	1964
885	893
886	1661
886	1698
887	1691
888	1378
888	1387
888	1843
890	1277
891	996
891	1250
891	1535
894	1206
894	1282
895	1122
896	966
898	1816
900	1356
903	923
903	1068
903	1412
904	927
905	1726
906	1519
906	1632
907	1592
909	1550
910	1193
911	946
911	975
914	1235
914	1577
914	1818
915	1470
916	1408
916	1808
917	1971
919	1576
919	1943
919	1980
921	1460
925	931
928	1799
938	1048
940	1856
941	1066
946	1165
950	1516
952	957
952	1305
953	1252
953	1657
958	1111
959	1184
961	1146
967	1345
967	1731
968	987
970	1369
970	1953
971	1136
973	1744
976	1667
977	1096
980	1695
983	994
983	1086
983	1994
986	1077
988	1165
989	1864
990	1705
995	1686
998	1730
998	1979
999	1179
1002	1003
1002	1004
1002	1009
1002	1021
1002	1033
1002	1039
1002	1133
1002	1217
1002	1516
1003	1004
1003	1005
1003	1006
1003	1010
1003	1011
1003	1014
1003	1016
1003	1074
1003	1077
1003	1216
1003	1255
1003	1267
1003	1280
1003	1301
1003	1310
1003	1376
1003	1598
1004	1005
1004	1014
1004	1020
1004	1027
1004	1034
1004	1040
1004	1095
1004	1100
1004	1117
1004	1140
1004	1145
1004	1591
1004	1943
1005	1006
1005	1007
1005	1009
1005	1015
1005	1023
1005	1029
1005	1048
1005	1062
1005	1153
1005	1655
1005	1864
1006	1011
1006	1022
1006	1028
1006	1048
1006	1062
1006	1213
1006	1230
1006	1518
1006	1647
1007	1008
1007	1012
1007	1013
1007	1018
1007	1019
1007	1028
1007	1058
1007	1088
1007	1112
1007	1115
1007	1124
1007	1128
1007	1143
1007	1249
1007	1263
1007	1293
1007	1534
1008	1010
1008	1025
1008	1202
1008	1275
1008	1553
1008	1592
1009	1012
1009	1019
1009	1246
1009	1318
1009	1621
1009	1677
1009	1733
1009	1992
1010	1013
1010	1017
1010	1023
1010	1032
1010	1053
1010	1151
1010	1157
1010	1214
1010	1364
1010	1376
1010	1417
1010	1514
1010	1583
1011	1022
1011	1061
1011	1086
1012	1032
1012	1033
1012	1101
1012	1164
1012	1274
1012	1411
1012	1465
1013	1017
1013	1052
1013	1064
1013	1106
1013	1125
1013	1149
1013	1268
1013	1310
1013	1379
1014	1015
1014	1016
1014	1024
1014	1025
1014	1049
1014	1162
1014	1269
1014	1468
1014	1582
1015	1026
1015	1046
1015	1056
1015	1063
1015	1275
1015	1342
1015	1359
1016	1020
1016	1021
1016	1035
1016	1037
1016	1040
1016	1071
1016	1079
1016	1084
1016	1138
1017	1018
1017	1030
1017	1066
1017	1070
1017	1158
1017	1418
1017	1714
1018	1030
1018	1031
1018	1036
1018	1056
1018	1058
1018	1209
1018	1277
1018	1313
1018	1355
1018	1497
1018	1726
1019	1036
1019	1037
1019	1044
1019	1045
1019	1063
1019	1094
1019	1118
1019	1134
1019	1212
1019	1616
1019	1698
1019	1761
1020	1057
1020	1091
1020	1118
1020	1206
1020	1278
1020	1524
1020	1979
1021	1024
1021	1038
1021	1047
1021	1136
1022	1026
1022	1027
1022	1041
1022	1060
1022	1079
1022	1123
1022	1205
1022	1212
1022	1511
1022	1971
1023	1034
1023	1052
1023	1057
1023	1089
1023	1178
1023	1514
1023	1611
1024	1031
1024	1042
1024	1055
1024	1070
1024	1368
1024	1415
1024	1416
1024	1737
1024	1810
1025	1071
1025	1073
1025	1098
1025	1121
1025	1176
1025	1343
1025	1652
1025	1719
1026	1035
1026	1156
1026	1411
1026	1882
1027	1029
1027	1046
1027	1065
1027	1068
1027	1083
1027	1135
1027	1188
1027	1198
1027	1204
1027	1519
1028	1045
1028	1051
1028	1059
1028	1072
1028	1501
1029	1050
1029	1069
1029	1329
1029	1334
1029	1434
1030	1051
1030	1076
1030	1077
1030	1082
1030	1116
1030	1146
1030	1154
1030	1177
1030	1304
1030	1311
1030	1596
1030	1923
1031	1039
1031	1041
1031	1100
1031	1410
1031	1548
1031	1645
1031	1828
1031	1848
1031	1885
1032	1107
1032	1109
1032	1159
1032	1160
1032	1166
1032	1437
1032	1608
1032	1664
1032	1689
1033	1038
1033	1068
1033	1093
1033	1155
1033	1575
1034	1110
1034	1137
1034	1151
1034	1318
1034	1507
1034	1525
1034	1799
1035	1049
1035	1054
1035	1060
1035	1120
1035	1546
1035	1714
1035	1746
1036	1044
1036	1050
1036	1061
1036	1082
1036	1091
1036	1169
1036	1183
1036	1191
1036	1299
1036	1876
1037	1093
1037	1104
1037	1486
1038	1110
1038	1255
1038	1313
1038	1579
1038	1764
1038	1867
1039	1043
1039	1094
1039	1096
1039	1108
1039	1143
1039	1170
1039	1194
1039	1349
1039	1471
1039	1633
1039	1704
1040	1257
1040	1361
1040	1476
1040	1841
1040	1845
1041	1053
1041	1085
1041	1101
1041	1127
1041	1155
1041	1180
1041	1184
1041	1358
1041	1736
1042	1043
1042	1054
1042	1102
1042	1154
1042	1271
1042	1505
1042	1870
1043	1047
1043	1098
1043	1229
1043	1323
1043	1485
1044	1105
1044	1107
1045	1336
1045	1730
1045	1981
1045	1986
1046	1111
1046	1209
1046	1287
1046	1443
1046	1494
1046	1852
1046	1990
1047	1096
1047	1199
1047	1307
1047	1309
1047	1461
1048	1055
1048	1102
1048	1389
1049	1065
1049	1075
1049	1078
1049	1090
1049	1130
1049	1330
1049	1900
1050	1285
1050	1405
1050	1758
1051	1081
1051	1438
1052	1072
1052	1176
1052	1929
1053	1086
1053	1175
1053	1205
1053	1222
1053	1288
1053	1296
1053	1316
1053	1530
1054	1059
1054	1078
1054	1146
1054	1972
1055	1103
1055	1114
1055	1149
1055	1195
1056	1074
1056	1164
1056	1210
1056	1586
1056	1740
1056	1749
1056	1796
1057	1097
1057	1132
1057	1167
1057	1283
1057	1795
1058	1127
1058	1133
1058	1163
1058	1203
1058	1245
1058	1279
1058	1304
1058	1868
1058	1961
1059	1115
1059	1156
1059	1369
1059	1406
1059	1835
1060	1242
1060	1394
1061	1067
1061	1080
1061	1161
1061	1172
1061	1299
1061	1657
1062	1064
1062	1076
1062	1225
1062	1443
1062	1474
1062	1521
1063	1066
1063	1095
1063	1193
1063	1293
1063	1405
1063	1425
1064	1083
1064	1084
1064	1308
1064	1309
1064	1373
1064	1519
1064	1633
1064	1869
1065	1097
1065	1119
1065	1330
1065	1767
1065	1828
1065	1886
1066	1067
1066	1125
1066	1184
1066	1248
1066	1265
1066	1404
1066	1567
1066	1632
1066	1878
1067	1128
1067	1131
1067	1230
1067	1315
1068	1113
1068	1119
1068	1297
1068	1523
1068	1579
1068	1953
1068	1957
1069	1136
1069	1325
1069	1426
1070	1073
1070	1089
1070	1349
1070	1392
1070	1433
1071	1080
1071	1081
1071	1139
1071	1221
1072	1085
1072	1197
1072	1202
1072	1928
1072	1937
1073	1075
1073	1092
1073	1124
1073	1152
1073	1996
1074	1088
1074	1112
1074	1437
1074	1456
1074	1554
1074	1662
1075	1207
1076	1234
1076	1538
1076	1658
1077	1103
1077	1142
1077	1147
1077	1340
1077	1527
1077	1822
1078	1099
1078	1173
1078	1208
1078	1488
1078	1626
1078	1703
1079	1270
1079	1332
1080	1279
1080	1476
1080	1731
1081	1121
1081	1181
1081	1243
1081	1290
1081	1423
1081	1448
1081	1849
1081	1855
1081	1866
1082	1208
1082	1235
1082	1238
1082	1506
1083	1087
1083	1090
1083	1111
1083	1122
1083	1162
1083	1251
1083	1315
1083	1354
1083	1449
1084	1165
1084	1179
1084	1234
1085	1087
1085	1092
1085	1106
1085	1272
1085	1357
1085	1663
1086	1144
1086	1192
1086	1232
1086	1248
1086	1673
1086	1853
1086	1970
1087	1175
1087	1244
1087	1333
1087	1391
1087	1788
1087	1820
1088	1104
1088	1140
1088	1150
1088	1153
1088	1249
1088	1432
1089	1137
1089	1157
1089	1265
1089	1280
1089	1338
1090	1150
1090	1247
1090	1258
1090	1559
1091	1132
1091	1168
1091	1198
1091	1226
1091	1353
1091	1412
1091	1607
1091	1973
1092	1099
1092	1116
1092	1141
1092	1516
1092	1739
1093	1142
1093	1147
1093	1158
1093	1235
1093	1284
1093	1374
1093	1396
1093	1410
1093	1758
1094	1148
1094	1161
1094	1274
1094	1290
1094	1347
1094	1482
1094	1715
1094	1819
1094	1959
1095	1117
1095	1179
1095	1329
1095	1549
1095	1935
1096	1105
1096	1123
1096	1139
1097	1159
1097	1190
1097	1256
1097	1662
1098	1135
1098	1322
1099	1129
1099	1171
1099	1214
1099	1262
1099	1464
1099	1678
1100	1169
1100	1203
1100	1220
1100	1774
1100	1948
1101	1113
1101	1138
1101	1220
1101	1272
1101	1283
1101	1742
1101	1755
1102	1120
1102	1936
1103	1356
1103	1478
1104	1170
1104	1231
1104	1245
1104	1339
1105	1145
1105	1240
1105	1667
1105	1958
1106	1108
1106	1328
1106	1392
1107	1114
1107	1316
1107	1436
1107	1604
1107	1658
1108	1109
1108	1224
1108	1250
1108	1252
1108	1532
1108	1702
1108	1713
1109	1122
1109	1621
1110	1144
1110	1319
1110	1556
1110	1557
1111	1134
1111	1200
1112	1172
1113	1189
1113	1467
1113	1888
1114	1130
1114	1174
1114	1199
1114	1261
1114	1461
1114	1613
1114	1795
1115	1326
1115	1450
1115	1531
1115	1660
1115	1856
1116	1126
1116	1686
1117	1320
1117	1831
1118	1180
1118	1190
1118	1256
1118	1756
1118	1823
1119	1196
1119	1217
1119	1221
1119	1282
1119	1420
1119	1512
1119	1627
1119	1666
1120	1126
1120	1839
1120	1894
1121	1185
1121	1284
1121	1301
1121	1302
1121	1348
1121	1393
1121	1470
1122	1129
1122	1497
1122	1521
1123	1201
1123	1604
1124	1228
1125	1182
1125	1185
1125	1243
1126	1178
1126	1359
1126	1590
1127	1168
1127	1227
1127	1486
1127	1715
1128	1165
1128	1506
1128	1618
1129	1141
1129	1883
1130	1131
1130	1171
1130	1228
1130	1236
1130	1427
1130	1554
1130	1676
1131	1553
1131	1661
1131	1977
1132	1512
1132	1568
1132	1864
1133	1173
1133	1239
1133	1295
1133	1398
1133	1641
1134	1520
1134	1566
1134	1771
1134	1966
1135	1148
1135	1152
1135	1453
1136	1501
1137	1186
1137	1285
1137	1378
1137	1517
1137	1660
1137	1753
1138	1241
1138	1261
1138	1576
1138	1625
1138	1690
1138	1737
1138	1776
1139	1365
1139	1588
1139	1745
1140	1210
1140	1244
1140	1327
1140	1423
1140	1458
1140	1572
1140	1748
1141	1223
1141	1250
1141	1344
1141	1444
1141	1504
1141	1880
1142	1257
1142	1384
1142	1447
1142	1679
1142	1941
1143	1187
1143	1373
1144	1889
1144	1952
1145	1276
1145	1345
1145	1520
1145	1703
1145	1878
1145	1890
1146	1216
1146	1262
1146	1343
1146	1357
1148	1193
1148	1206
1148	1273
1148	1294
1148	1446
1148	1478
1149	1166
1149	1182
1149	1529
1149	1587
1150	1163
1150	1237
1150	1260
1150	1305
1150	1356
1150	1363
1151	1160
1151	1544
1151	1577
1152	1177
1152	1298
1152	1463
1152	1817
1153	1254
1153	1358
1153	1644
1153	1946
1154	1187
1154	1321
1154	1397
1154	1483
1155	1167
1155	1223
1155	1246
1155	1590
1156	1387
1156	1800
1157	1296
1157	1324
1157	1399
1157	1479
1157	1674
1158	1264
1158	1281
1158	1353
1158	1492
1159	1286
1159	1292
1159	1324
1159	1335
1159	1429
1159	1444
1159	1456
1159	1788
1159	1911
1160	1268
1161	1321
1161	1372
1161	1422
1161	1548
1161	1652
1161	1716
1162	1188
1162	1236
1162	1326
1162	1337
1162	1402
1162	1540
1163	1204
1163	1227
1163	1231
1163	1342
1163	1931
1164	1192
1164	1197
1164	1219
1164	1491
1165	1269
1165	1380
1165	1655
1166	1350
1166	1522
1166	1526
1166	1541
1166	1643
1167	1174
1168	1232
1168	1327
1168	1593
1169	1196
1169	1413
1169	1416
1169	1644
1170	1183
1170	1347
1170	1615
1170	1684
1171	1241
1171	1361
1171	1391
1171	1815
1172	1213
1172	1258
1172	1884
1173	1751
1173	1802
1174	1195
1174	1239
1174	1292
1174	1354
1174	1559
1175	1465
1175	1483
1176	1191
1176	1211
1176	1215
1176	1473
1176	1480
1177	1194
1177	1586
1177	1786
1177	1903
1178	1306
1178	1314
1178	1768
1179	1181
1179	1186
1179	1377
1179	1452
1179	1504
1179	1968
1180	1218
1180	1264
1181	1291
1181	1369
1181	1394
1181	1692
1182	1385
1182	1964
1183	1211
1183	1289
1183	1452
1184	1433
1185	1225
1185	1395
1186	1189
1186	1428
1186	1498
1186	1732
1187	1491
1187	1552
1187	1650
1187	1695
1188	1218
1188	1253
1188	1534
1188	1766
1189	1712
1189	1802
1190	1254
1191	1926
1192	1201
1192	1215
1192	1346
1193	1240
1193	1259
1193	1323
1194	1360
1194	1384
1194	1421
1194	1475
1195	1463
1195	1569
1196	1200
1196	1278
1196	1291
1196	1351
1196	1386
1196	1479
1196	1562
1197	1207
1198	1365
1198	1378
1198	1612
1198	1657
1198	1978
1199	1219
1199	1488
1199	1707
1199	1829
1200	1371
1200	1706
1200	1884
1201	1419
1201	1656
1201	1821
1201	1910
1202	1266
1202	1382
1202	1591
1203	1307
1204	1224
1204	1314
1205	1294
1206	1233
1206	1251
1206	1362
1207	1609
1207	1922
1208	1222
1208	1237
1208	1270
1208	1334
1208	1413
1208	1460
1208	1542
1209	1271
1209	1282
1209	1435
1209	1820
1210	1492
1211	1259
1211	1286
1211	1374
1211	1397
1211	1664
1212	1510
1212	1856
1212	1968
1212	1972
1213	1229
1213	1360
1213	1387
1214	1563
1214	1757
1214	1799
1214	1963
1215	1247
1215	1281
1215	1322
1215	1340
1215	1789
1216	1233
1216	1430
1216	1487
1216	1500
1217	1344
1217	1547
1218	1575
1219	1320
1219	1477
1219	1617
1219	1738
1220	1436
1220	1906
1220	1907
1221	1289
1221	1393
1221	1430
1221	1528
1222	1401
1222	1403
1223	1367
1223	1959
1223	1995
1224	1276
1224	1377
1224	1721
1224	1960
1225	1412
1225	1502
1225	1635
1225	1868
1226	1260
1226	1628
1228	1525
1228	1744
1228	1899
1229	1242
1229	1288
1229	1350
1229	1372
1229	1526
1229	1927
1230	1469
1230	1684
1231	1238
1231	1940
1232	1263
1232	1379
1235	1471
1236	1366
1236	1918
1237	1455
1237	1704
1238	1345
1238	1484
1238	1904
1239	1408
1239	1511
1240	1338
1240	1339
1240	1408
1240	1573
1241	1303
1241	1600
1241	1893
1241	1969
1242	1252
1242	1266
1242	1447
1243	1873
1243	1988
1244	1445
1244	1614
1244	1640
1245	1400
1246	1253
1246	1672
1246	1746
1246	1897
1247	1407
1247	1846
1248	1442
1249	1300
1249	1331
1249	1794
1250	1593
1250	1695
1250	1696
1250	1822
1250	1999
1251	1297
1251	1484
1251	1729
1251	1858
1252	1267
1252	1464
1252	1533
1254	1312
1254	1332
1254	1842
1255	1467
1255	1592
1255	1611
1256	1507
1256	1745
1257	1298
1257	1317
1257	1386
1257	1631
1257	1929
1257	1994
1258	1390
1258	1414
1258	1458
1258	1550
1259	1508
1259	1669
1260	1273
1260	1877
1261	1337
1261	1351
1261	1383
1261	1537
1261	1925
1262	1302
1262	1629
1262	1693
1264	1448
1264	1457
1264	1482
1265	1277
1265	1594
1265	1608
1266	1308
1266	1346
1266	1947
1267	1980
1268	1305
1268	1481
1268	1792
1269	1364
1269	1366
1269	1728
1270	1306
1270	1574
1270	1646
1270	1748
1270	1881
1271	1317
1271	1505
1272	1287
1272	1300
1272	1595
1272	1762
1272	1806
1275	1600
1276	1538
1276	1570
1276	1873
1276	1875
1277	1319
1277	1383
1277	1585
1278	1502
1279	1295
1279	1403
1279	1693
1280	1375
1280	1872
1281	1882
1282	1457
1282	1912
1284	1781
1285	1399
1285	1659
1286	1328
1286	1388
1286	1622
1287	1341
1287	1584
1287	1853
1288	1421
1288	1441
1288	1865
1289	1489
1289	1597
1290	1446
1290	1619
1290	1917
1291	1939
1292	1532
1292	1558
1293	1303
1293	1509
1293	1565
1293	1582
1293	1654
1293	1852
1293	1903
1294	1336
1294	1370
1294	1626
1294	1739
1295	1826
1296	1426
1297	1352
1297	1682
1297	1926
1298	1547
1298	1651
1298	1914
1298	2001
1300	1543
1300	1578
1300	1727
1301	1311
1301	1406
1302	1648
1303	1424
1303	1550
1303	1717
1303	1773
1304	1499
1304	1544
1305	1368
1305	1396
1305	1442
1305	1770
1305	1975
1306	1331
1307	1572
1307	1588
1307	1656
1308	1418
1308	1654
1309	1312
1309	1460
1310	1352
1310	1583
1310	1650
1310	1681
1310	1964
1311	1370
1311	1696
1311	1813
1312	1620
1314	1388
1314	1429
1314	1454
1314	1614
1314	1761
1315	1333
1315	1569
1315	1625
1315	1659
1315	1915
1316	1371
1316	1385
1316	1763
1317	1493
1317	1542
1317	1942
1317	1975
1318	1381
1318	1424
1318	1462
1318	1475
1318	1564
1318	1680
1319	1609
1320	1786
1321	1325
1321	1602
1321	1784
1321	1837
1322	1367
1322	1389
1322	1605
1322	1909
1322	1960
1324	1400
1324	1432
1324	1627
1324	1764
1325	1441
1325	1453
1325	1481
1325	1539
1326	1459
1326	1869
1326	1945
1327	1470
1327	1645
1327	1677
1328	1341
1328	1363
1328	1407
1328	1439
1328	1632
1328	1779
1328	1883
1329	1335
1329	1381
1329	1539
1329	1679
1331	1454
1331	1639
1332	1348
1332	1762
1333	1477
1333	1631
1334	1355
1334	1472
1334	1509
1334	1537
1334	1754
1335	1634
1336	1612
1336	1725
1337	1735
1337	1858
1338	1881
1339	1449
1339	1948
1341	1382
1341	1431
1341	1563
1341	1717
1341	1777
1344	1899
1345	1613
1345	1642
1345	1970
1346	1499
1346	1551
1347	1431
1347	1619
1348	1701
1349	1362
1350	1375
1350	1905
1351	1428
1351	1720
1351	1844
1351	1954
1352	1409
1352	1646
1352	1694
1352	1904
1353	1939
1354	1435
1354	1635
1355	1489
1355	1630
1355	1666
1357	1439
1357	1649
1357	1755
1357	1827
1357	1915
1358	1395
1358	1472
1358	1647
1358	1649
1360	1451
1360	1555
1362	1580
1362	1711
1363	1390
1363	1500
1364	1561
1364	1640
1365	1620
1365	1798
1366	1949
1367	1900
1368	1417
1369	1584
1369	1800
1370	1434
1370	1523
1370	1560
1371	1496
1372	1401
1373	1661
1373	1665
1373	1682
1375	1469
1375	1540
1376	1380
1376	1415
1376	1533
1376	1849
1377	1513
1377	1545
1377	1877
1378	1414
1378	1503
1378	1636
1378	1690
1379	1404
1379	1973
1380	1744
1380	1998
1381	1522
1381	1743
1381	1814
1381	1865
1382	1402
1383	1450
1383	1637
1383	1785
1383	1933
1384	1419
1384	1498
1384	1513
1384	1729
1384	1846
1385	1409
1386	1527
1386	1570
1386	1678
1387	1398
1387	1528
1387	1565
1387	1663
1388	1440
1388	1517
1388	1571
1389	1494
1389	1495
1390	1420
1390	1515
1390	1879
1391	1610
1392	1557
1392	1817
1393	1787
1394	1777
1395	1459
1396	1425
1396	1536
1396	1571
1397	1503
1398	1440
1398	1901
1399	1495
1399	1780
1400	1564
1400	1602
1400	1771
1400	1836
1401	1606
1401	1643
1402	1535
1402	1546
1402	1670
1402	1871
1403	1490
1403	1576
1404	1529
1404	1531
1404	1596
1405	1585
1406	1445
1406	1474
1406	1681
1406	1752
1406	1894
1406	1976
1407	1493
1408	1813
1411	1427
1411	1487
1412	1462
1413	1653
1413	1955
1414	1691
1416	1734
1416	1980
1417	1722
1418	1490
1418	1801
1419	1422
1419	1610
1419	1770
1420	1623
1420	1854
1421	1639
1422	1998
1423	1683
1423	1908
1424	1555
1425	1455
1426	1863
1426	1910
1427	1496
1427	1733
1428	1603
1428	1651
1428	1705
1428	1743
1429	1956
1429	1963
1430	1671
1430	1685
1431	1451
1432	1782
1432	1843
1433	1438
1433	1997
1434	1742
1435	1671
1435	1791
1436	1606
1438	1769
1438	2000
1439	1874
1440	1466
1440	1535
1440	1995
1441	1830
1441	1902
1441	1935
1443	1466
1444	1515
1444	1618
1444	1778
1446	1524
1446	1589
1446	1837
1446	1991
1447	1892
1450	1581
1450	1669
1450	1859
1451	1966
1452	1675
1454	1811
1456	1630
1456	1787
1457	1468
1458	1694
1458	1918
1459	1599
1459	1769
1459	1808
1459	1965
1461	1987
1462	1842
1462	1850
1462	1994
1464	1473
1465	1545
1465	1551
1465	1566
1466	1747
1467	1480
1467	1622
1469	1574
1469	1741
1469	1763
1471	1580
1471	1623
1472	1668
1474	1636
1474	1708
1474	1732
1475	1887
1476	1740
1477	1485
1477	1601
1478	1556
1478	1598
1479	1887
1480	1597
1481	1617
1481	1674
1486	1951
1487	1552
1487	1558
1488	1680
1489	1700
1491	1567
1491	1925
1493	1754
1495	1648
1495	1832
1497	1508
1497	1530
1498	1518
1498	1541
1498	1615
1500	1790
1501	1510
1501	1549
1502	1985
1503	1587
1503	1668
1503	1979
1507	1683
1507	1724
1507	1876
1507	1955
1508	1710
1510	1908
1510	1961
1511	1568
1511	1808
1511	1895
1511	1962
1512	1707
1513	1607
1513	1723
1515	1797
1516	1616
1516	1781
1517	1705
1518	1561
1518	1783
1518	1814
1520	1536
1520	1624
1520	1818
1521	1624
1521	1686
1521	1805
1523	1601
1523	1736
1524	1562
1524	1594
1524	1634
1524	1825
1525	1719
1525	1807
1526	1543
1527	1816
1528	1793
1529	1798
1529	1836
1530	1628
1531	1806
1532	1809
1534	1942
1535	1578
1535	1750
1535	1826
1536	1940
1537	1760
1539	1921
1540	1930
1540	1999
1541	1706
1541	1759
1541	2000
1542	1638
1543	1932
1544	1819
1546	1577
1546	1893
1546	1941
1548	1699
1548	1730
1549	1723
1549	1728
1549	1831
1550	1595
1551	1605
1551	1793
1553	1709
1554	1560
1555	1599
1555	1805
1556	1722
1557	1757
1558	1992
1559	1796
1560	1879
1561	1573
1563	1768
1563	1902
1565	1603
1568	1936
1569	1629
1571	1779
1572	1581
1572	1834
1574	1673
1574	1967
1575	1589
1575	1747
1576	1898
1578	1983
1580	1997
1582	1850
1583	1844
1583	1847
1584	1801
1585	1721
1585	1848
1586	1919
1587	1697
1587	1713
1587	1815
1588	1700
1588	1738
1589	1638
1589	1692
1591	1833
1592	1727
1592	1928
1593	1809
1594	1641
1594	1653
1594	1751
1594	1765
1595	1845
1598	1880
1599	1830
1600	1811
1603	1708
1607	1934
1608	1841
1609	1871
1613	1888
1614	1687
1616	1718
1616	1857
1616	1944
1617	1724
1620	1756
1622	1709
1622	1718
1622	1938
1622	1969
1623	1670
1623	1675
1623	1839
1625	1642
1625	1827
1626	1699
1627	1697
1628	1889
1629	1698
1630	1895
1631	1866
1632	1810
1634	1637
1634	1691
1636	1912
1637	1784
1638	1667
1638	1001
1640	1924
1640	1954
1641	1947
1642	1834
1643	1832
1644	1860
1645	1688
1645	1689
1645	1725
1645	1920
1647	1993
1648	1780
1649	1688
1649	1741
1650	1905
1651	1774
1653	1907
1654	1956
1656	1665
1656	1687
1656	1833
1660	1767
1661	1672
1661	1749
1662	1772
1662	1896
1664	1711
1664	1804
1666	1702
1667	1750
1667	1921
1669	1676
1669	1765
1669	1891
1670	1753
1670	1807
1670	1823
1671	1760
1671	1857
1671	1946
1674	1773
1674	1989
1675	1791
1675	1840
1675	1943
1676	1885
1679	1720
1679	1783
1679	1861
1680	1712
1681	1927
1682	1797
1682	1847
1683	1710
1686	1775
1687	1790
1687	1825
1687	1001
1688	1766
1689	1962
1691	1932
1692	1794
1693	1716
1695	1734
1695	1860
1697	1824
1698	1701
1700	1886
1701	1950
1702	1821
1702	1996
1703	1812
1705	1838
1706	1776
1707	1829
1710	1824
1712	1843
1712	1974
1713	1984
1714	1974
1716	1977
1717	1726
1717	1792
1717	1896
1722	1731
1722	1924
1722	1930
1724	1775
1724	1785
1725	1840
1725	1937
1726	1983
1729	1735
1729	1752
1730	1812
1731	1803
1733	1835
1740	1759
1740	1892
1741	1855
1741	1986
1742	1851
1742	1854
1742	1987
1743	1772
1744	1914
1745	1917
1748	1861
1749	1982
1751	1778
1756	1862
1756	1913
1759	1931
1760	1897
1761	1923
1762	1789
1766	1958
1770	1867
1772	1782
1772	1953
1775	1816
1775	1863
1775	1875
1779	1967
1781	1803
1782	1952
1791	1891
1791	1978
1793	1913
1796	1909
1798	1804
1799	1862
1806	1838
1807	1901
1809	1818
1812	1933
1814	1898
1815	1922
1815	1950
1817	1944
1819	1988
1825	1916
1827	1870
1828	1971
1830	1851
1830	1949
1831	1859
1835	1981
1837	1990
1839	1985
1843	1934
1845	1945
1847	1872
1849	1957
1857	1938
1869	1919
1869	1965
1871	1874
1871	1906
1875	1993
1876	1920
1876	1991
1887	1890
1888	1911
1889	1989
1890	1951
1892	1916
1892	1982
1899	1976
1926	2001
1946	1984
