2001	0
0	1
0	6
0	13
0	18
0	19
0	25
0	71
0	139
0	177
0	207
0	219
0	573
0	634
1	2
1	3
1	7
1	12
1	14
1	42
1	55
1	123
1	168
1	203
1	250
1	815
2	3
2	4
2	6
2	9
2	10
2	23
2	31
2	44
2	64
2	124
2	157
2	162
2	216
2	307
2	460
2	715
3	5
3	16
3	24
3	29
3	43
3	56
3	57
3	112
3	147
3	168
3	305
3	372
3	451
4	72
4	87
4	268
4	285
4	512
4	900
4	1897
5	8
5	9
5	10
5	33
5	37
5	121
5	189
5	193
5	262
5	354
5	459
5	471
5	550
5	667
6	7
6	13
6	22
6	36
6	58
6	319
6	885
6	925
7	8
7	11
7	12
7	32
7	35
7	44
7	45
7	56
7	75
7	76
7	98
7	111
7	117
7	206
7	226
7	587
8	24
8	26
8	38
8	114
8	202
8	411
8	505
8	1556
9	11
9	33
9	114
9	182
9	273
9	278
9	383
9	539
9	773
9	1489
10	14
10	17
10	25
10	30
10	54
10	59
10	156
10	199
10	549
10	801
10	912
10	1526
11	15
11	27
11	29
11	52
11	57
11	350
11	390
11	411
11	455
12	18
12	36
12	49
12	51
12	238
12	440
12	563
13	15
13	20
13	35
13	40
13	89
13	101
13	131
13	259
13	264
13	271
13	288
13	445
14	20
14	21
14	23
14	28
14	80
14	199
14	321
14	522
15	30
15	53
15	54
15	65
15	67
15	224
15	647
16	17
16	19
16	50
16	51
16	99
16	109
16	116
16	183
16	217
16	338
16	422
16	948
17	21
17	136
17	194
17	331
17	408
17	424
17	1011
17	1802
18	32
18	76
18	188
18	394
18	756
18	954
19	27
19	28
19	46
19	81
19	88
19	173
19	181
19	214
19	342
19	360
20	39
20	70
20	127
20	192
20	226
20	628
20	868
20	897
21	22
21	108
21	109
21	135
21	165
21	211
21	298
22	58
22	69
22	80
22	320
22	450
22	1568
23	26
23	82
23	95
23	186
23	425
23	443
23	632
23	677
24	46
24	197
24	309
25	55
25	88
25	172
25	238
25	336
25	412
25	444
26	34
26	107
26	293
26	495
27	31
27	218
27	291
27	528
27	1425
27	1900
28	39
28	100
28	323
28	339
28	1577
29	41
29	60
29	79
29	101
29	145
29	483
29	537
29	1365
30	34
30	37
30	66
30	68
30	120
30	130
30	462
30	503
30	643
30	716
30	782
30	808
31	38
31	41
31	82
31	309
31	363
31	378
31	545
31	745
31	1168
31	1755
31	1797
31	1830
31	1935
32	42
32	65
32	81
32	129
32	140
32	146
32	755
33	40
33	60
33	402
33	407
33	743
33	750
33	883
33	1373
34	45
34	92
34	126
34	236
34	392
34	444
34	453
34	1627
35	48
35	62
35	73
35	90
35	256
35	391
35	415
35	517
35	649
36	43
36	48
36	172
36	306
36	327
36	420
36	491
36	981
37	73
37	118
37	368
38	66
38	85
38	115
38	342
38	765
38	1613
39	105
39	110
39	205
39	964
40	50
40	105
40	245
40	311
40	318
40	416
40	1510
41	52
41	61
41	64
41	74
41	196
41	215
41	558
42	103
42	520
42	1985
43	47
43	69
43	84
43	85
43	125
43	307
43	384
43	427
43	628
44	63
44	214
44	431
45	147
45	200
45	314
45	849
46	72
46	86
46	97
46	111
46	180
46	866
47	61
47	89
47	159
47	164
47	344
47	431
47	454
47	464
47	481
47	578
47	791
48	49
48	53
48	457
48	895
48	983
48	1489
49	192
49	371
49	1135
50	178
50	196
50	288
50	850
51	71
51	93
51	353
51	696
51	906
51	1100
52	136
52	151
52	163
52	272
53	79
53	108
53	187
53	684
53	776
53	809
53	1825
54	62
54	93
54	332
54	475
54	586
55	67
55	134
55	139
55	194
55	446
56	224
56	245
56	265
56	266
56	954
56	958
57	59
57	77
57	166
57	556
57	692
58	63
58	75
58	83
58	148
58	157
58	176
58	279
58	409
58	521
58	768
59	104
59	161
59	261
59	439
60	68
60	84
60	100
60	129
60	131
60	145
60	718
61	104
61	130
61	149
61	154
61	274
61	472
61	749
61	800
62	78
62	110
62	241
62	352
62	385
63	78
63	96
63	937
64	74
64	171
64	314
65	195
65	286
65	1954
66	143
66	183
67	210
67	978
68	102
68	126
68	287
68	290
68	327
68	381
69	70
69	90
69	227
69	432
69	534
70	113
70	144
70	170
70	293
70	807
71	77
71	153
71	250
71	257
71	351
71	397
71	458
71	669
71	938
71	1565
72	112
72	230
72	385
72	393
72	473
72	509
72	955
73	96
73	133
73	205
73	229
73	289
74	103
74	119
74	614
74	1214
75	91
75	276
75	297
75	302
75	424
75	433
75	1275
76	86
76	92
76	119
76	177
76	872
76	1187
76	1487
77	91
77	120
77	133
77	138
77	164
77	336
77	367
77	840
78	143
78	186
78	225
78	456
79	83
79	87
79	117
79	118
79	220
79	263
79	393
79	1093
80	212
80	223
80	257
80	381
81	113
81	682
81	863
81	867
82	122
82	294
82	310
82	650
82	758
82	1259
82	1354
82	1805
83	122
83	249
83	747
83	1744
84	171
84	252
84	616
84	779
85	99
85	242
85	360
86	94
86	124
86	142
86	295
86	340
86	366
86	503
86	507
86	601
87	106
87	132
87	154
87	163
87	237
87	596
87	704
88	332
88	335
88	348
88	416
88	448
88	453
88	582
88	1901
89	149
90	115
90	140
90	222
90	421
90	591
90	909
91	102
91	153
91	169
91	170
91	337
91	613
92	94
92	95
92	142
92	211
92	253
92	414
92	486
92	605
92	1705
93	150
93	180
93	234
93	280
93	623
93	935
94	97
94	121
94	141
95	158
95	201
95	326
95	485
95	610
95	893
95	921
95	1911
96	107
96	496
96	751
97	98
97	155
97	240
97	292
97	467
97	599
97	729
97	1323
98	225
98	303
98	676
98	728
99	106
99	247
99	597
99	1910
100	174
100	535
101	125
101	128
101	166
101	182
101	331
101	379
101	738
101	1336
102	127
102	156
102	169
102	212
102	268
102	518
103	206
103	372
103	564
103	714
104	141
104	204
104	570
104	1228
105	158
105	162
105	207
105	434
105	2000
106	128
106	230
106	427
106	659
106	1012
107	228
107	333
107	852
108	198
109	190
109	270
109	274
109	422
109	929
109	1463
110	175
110	181
110	213
110	223
110	234
110	296
110	304
110	356
110	745
110	910
111	146
111	252
111	260
111	705
111	736
111	944
112	116
112	179
112	460
112	516
112	631
112	951
113	134
113	138
113	216
113	502
113	648
114	132
114	135
114	473
114	843
114	911
115	652
116	152
116	198
116	455
116	489
116	853
117	137
117	379
117	645
117	709
118	123
118	350
118	380
118	544
118	549
119	144
119	165
119	185
119	267
119	290
119	315
119	573
119	1751
120	246
120	927
121	159
121	282
121	421
121	524
121	568
121	624
121	701
122	148
122	831
122	1320
123	396
123	397
123	551
123	591
123	700
123	1031
124	191
124	633
124	822
125	152
125	244
125	275
125	295
125	343
125	466
125	1337
125	1365
126	347
126	355
126	414
126	519
126	603
126	807
127	251
127	284
128	137
128	359
128	514
128	590
129	297
129	1394
130	284
130	649
130	924
130	1531
131	155
131	474
131	563
132	150
132	217
132	266
132	821
132	881
132	1775
133	265
133	271
133	500
133	581
133	741
133	815
134	167
134	262
134	301
134	490
134	1897
135	285
135	337
135	543
135	667
135	721
135	819
136	210
136	232
136	435
136	471
136	485
136	1233
137	1032
137	1217
137	1244
137	1615
138	174
138	369
138	666
138	902
139	324
139	664
139	761
140	185
140	269
140	574
140	1189
141	543
141	671
141	1695
142	242
142	317
142	686
142	700
143	160
143	178
143	449
143	480
143	994
144	241
144	249
144	541
144	566
145	239
145	703
145	970
146	742
146	1357
147	161
147	176
147	229
147	261
147	316
147	934
148	151
148	191
148	365
148	387
148	731
148	1180
148	1478
149	468
149	572
149	642
149	790
149	1241
149	1255
149	1334
150	231
150	524
151	173
151	308
151	515
151	564
151	701
152	190
152	312
152	388
152	482
152	600
152	689
152	780
152	1473
153	167
153	377
153	654
154	209
154	218
154	298
154	459
154	556
155	398
155	797
155	932
155	1107
156	160
156	419
156	678
157	204
157	597
157	1252
158	188
158	511
158	770
159	215
159	610
160	359
160	386
161	193
161	304
161	451
162	254
162	334
162	356
162	617
162	661
162	1181
163	175
163	721
163	1059
164	326
164	368
164	569
164	639
165	478
165	651
165	817
165	949
166	208
166	227
166	890
166	993
167	231
167	383
167	404
167	521
167	1132
168	187
168	328
168	463
168	873
169	221
169	542
169	1671
169	1874
170	247
170	341
170	766
171	202
171	480
171	810
172	236
172	1476
173	184
173	575
173	710
173	737
173	1700
173	1721
174	179
174	313
174	437
175	322
175	482
175	687
175	763
175	972
176	653
176	1060
177	330
177	398
177	457
177	723
177	1874
178	237
178	287
178	1328
179	251
179	365
179	623
179	644
179	900
180	208
181	548
181	1970
182	184
182	351
182	399
182	589
182	790
183	195
183	608
184	200
184	201
184	203
184	278
184	354
184	502
184	744
184	1094
184	1165
185	382
185	547
185	1684
186	349
186	364
186	1332
187	253
187	426
187	554
187	748
188	324
188	395
188	400
188	433
188	1350
189	264
189	299
190	303
190	561
191	256
191	475
192	302
192	684
192	1847
193	197
193	209
193	277
193	358
193	635
194	235
194	255
194	373
194	533
195	376
195	504
195	515
195	711
196	221
196	536
196	537
197	329
197	465
197	491
197	789
198	478
198	634
198	759
198	784
198	813
199	213
199	269
199	283
199	409
199	913
199	920
199	1596
200	232
200	346
200	390
201	263
201	572
201	870
201	936
201	1088
201	1910
203	220
203	233
203	259
203	273
203	606
203	709
203	1747
204	346
204	644
204	877
204	884
205	339
205	732
205	1803
206	260
206	580
206	759
207	276
207	527
207	638
208	291
208	329
208	442
208	493
208	534
208	788
208	1367
208	1884
209	353
209	452
209	469
209	987
210	376
210	683
210	717
210	904
211	233
211	501
211	804
212	541
212	585
212	658
213	408
213	678
213	695
213	829
214	593
214	1010
215	219
215	222
215	584
215	599
215	725
215	1533
216	1968
217	235
217	783
217	1104
218	747
218	816
218	1607
219	248
219	413
219	571
219	899
220	325
220	781
220	1550
221	239
221	345
222	441
222	1782
223	389
223	496
224	340
224	602
224	663
224	740
224	783
224	928
224	1208
225	243
225	280
225	306
225	447
226	492
227	228
227	244
227	246
227	680
227	943
227	1296
229	258
229	394
229	474
229	540
229	558
229	792
229	804
230	296
230	343
230	476
230	530
230	1119
231	410
231	581
231	930
232	305
232	335
232	641
232	763
233	254
233	551
233	713
233	1816
234	255
234	1352
235	243
235	1533
236	814
236	858
237	568
237	812
238	258
238	286
238	616
238	935
239	240
239	987
239	1476
239	1789
240	283
240	494
240	703
242	382
242	418
242	675
242	1609
244	248
244	320
244	567
244	655
244	742
244	959
244	1848
245	321
245	403
245	990
246	300
246	668
246	1172
246	1313
246	1669
248	267
248	752
249	328
249	592
249	801
250	277
250	375
250	522
251	279
251	281
251	555
251	942
252	969
252	1181
252	1408
253	318
253	974
253	999
254	419
254	519
254	746
254	914
254	1343
255	347
255	370
255	395
255	440
255	536
255	584
255	714
256	481
256	685
256	952
257	576
257	734
257	1600
258	282
258	363
258	438
258	490
258	681
258	1853
259	313
259	436
259	523
259	594
259	727
259	760
259	1177
261	299
261	499
261	725
262	864
262	1076
263	461
264	608
265	289
265	362
265	426
265	497
266	432
266	607
266	615
266	919
267	311
267	370
267	374
267	486
267	638
268	270
268	366
268	511
268	622
268	903
269	272
269	437
269	620
269	698
269	1270
270	312
270	529
270	615
270	904
271	794
271	886
271	1267
271	1852
272	344
272	406
273	275
273	603
274	281
274	462
274	560
274	795
276	292
276	294
276	463
277	769
277	795
277	1285
278	476
279	349
279	884
280	361
280	374
280	435
281	916
282	315
282	357
283	525
283	976
284	323
286	301
286	319
286	501
286	504
286	627
286	864
287	538
287	622
287	960
287	1376
287	1397
288	848
289	413
289	552
289	619
290	377
290	384
290	458
290	468
290	958
291	380
291	841
291	964
292	1738
292	1797
293	330
293	579
293	838
294	915
294	1434
295	518
296	317
297	894
297	1146
298	300
298	648
299	308
299	338
299	751
300	764
300	959
300	989
301	345
301	388
301	898
301	1363
302	598
302	1128
303	386
303	726
304	322
304	630
304	1468
305	436
305	651
305	658
305	764
306	310
306	446
306	507
306	693
306	1834
307	849
308	362
308	464
308	595
308	682
308	1701
309	552
309	629
309	931
310	531
311	1345
312	334
312	831
312	844
313	333
313	341
313	405
313	465
313	1724
313	1994
314	316
314	367
314	400
314	526
314	542
314	1672
315	602
315	912
315	1262
316	897
317	843
318	378
318	860
319	472
319	585
319	785
320	729
321	325
321	361
321	1410
322	659
322	724
322	851
323	406
323	672
324	348
324	401
324	438
324	668
325	352
325	423
325	506
325	576
325	665
325	907
326	477
326	702
328	452
328	523
328	557
328	765
329	450
329	454
329	713
330	583
330	640
330	1170
330	1257
331	768
332	469
332	546
332	636
332	949
333	611
333	663
333	784
334	798
335	732
336	412
337	405
337	418
337	429
337	531
337	728
337	757
338	590
339	657
340	389
340	931
340	1560
341	467
342	705
343	546
343	694
344	635
344	706
344	707
344	878
345	479
345	1066
346	922
347	369
347	392
348	401
349	387
349	447
349	586
349	923
350	466
350	562
350	579
350	1926
351	835
352	355
352	470
353	609
353	889
354	391
354	500
354	1325
355	373
355	565
356	589
356	870
357	364
357	441
357	833
357	861
358	396
358	498
358	862
358	928
358	975
358	1348
358	1685
359	417
360	908
361	402
362	479
362	506
362	528
362	646
363	371
363	871
363	1782
365	428
365	600
366	429
366	625
366	777
366	805
366	988
366	1219
366	1312
366	1475
367	637
367	741
367	774
367	867
368	470
368	1677
369	1282
369	1669
370	1548
370	1694
371	430
372	375
372	403
372	404
372	529
372	1375
373	415
373	753
373	1750
375	661
375	874
376	857
377	484
378	410
378	629
378	643
378	767
380	1579
381	547
382	836
382	984
383	544
383	647
383	786
383	1689
383	1967
384	399
384	420
384	487
384	726
384	1741
385	434
385	540
385	858
385	888
385	965
386	861
387	686
387	775
387	820
387	821
387	938
387	1217
388	417
388	510
388	516
388	621
389	530
389	731
389	988
389	1323
391	545
391	699
391	926
391	980
391	1276
392	588
392	846
392	1348
392	1611
392	1790
392	1936
393	1943
394	692
394	809
394	889
394	893
397	510
397	738
397	1851
398	423
399	830
399	1211
399	1703
400	903
401	532
401	559
403	494
403	1150
404	1458
404	1662
405	407
405	425
405	582
405	730
406	456
406	514
406	583
406	842
407	559
407	1855
408	553
408	1787
409	499
409	577
409	772
409	927
410	1750
411	560
411	665
411	694
412	488
413	1971
414	477
415	513
415	520
415	662
415	854
416	948
417	526
417	554
417	627
417	673
417	869
417	921
418	448
418	449
418	489
419	1088
420	428
420	1553
420	1841
421	945
421	974
421	1392
422	442
422	846
422	1207
423	443
423	498
424	673
425	614
426	430
426	1070
427	505
427	917
428	685
429	497
429	657
430	484
430	1726
431	538
431	680
431	976
432	654
432	1651
433	445
433	774
434	562
436	488
436	780
436	995
438	574
438	575
438	837
439	626
439	806
439	923
439	1791
440	461
440	918
441	920
441	961
443	593
444	1308
444	1913
445	606
446	566
447	495
447	1489
448	509
449	712
449	1676
450	577
450	612
450	785
450	813
450	1901
451	533
454	592
454	748
454	855
454	1391
455	1739
456	580
456	637
456	820
456	1819
457	653
458	1230
459	578
459	681
460	492
460	1261
461	990
462	773
463	508
463	863
464	553
464	619
464	625
464	716
464	754
465	517
465	735
465	1106
466	550
466	850
467	832
467	1169
467	1724
468	487
468	901
468	922
468	1041
469	525
469	896
470	720
470	824
471	587
471	675
471	730
471	854
471	984
471	1265
472	744
473	956
474	508
474	798
474	946
474	1385
474	1983
475	483
475	992
476	687
476	930
476	941
477	633
477	688
477	817
477	989
478	513
478	1615
479	621
480	793
481	919
481	1082
481	1119
481	1153
482	493
482	753
483	527
483	722
483	1768
484	565
484	811
484	1126
485	676
485	704
486	842
487	664
487	875
487	991
487	1198
488	535
488	953
489	598
489	699
490	1645
490	1743
492	852
492	929
493	898
493	909
494	834
494	880
494	996
495	618
496	707
496	1748
497	888
497	957
498	1643
499	512
500	1068
501	588
501	1133
502	624
503	797
504	671
504	810
505	595
506	835
506	836
506	839
506	945
507	632
507	1675
509	571
509	986
510	548
510	561
510	1217
511	639
511	717
512	1410
512	1717
513	1482
513	1978
514	1758
514	1946
515	845
515	1466
516	532
516	655
516	1344
517	620
517	733
517	737
517	1819
518	882
519	646
521	761
522	674
522	827
523	806
523	1183
524	679
524	793
524	887
524	973
524	1368
525	630
525	862
526	555
527	1062
528	683
528	873
528	886
528	999
529	670
529	1064
529	1618
530	706
531	539
531	567
531	650
531	848
532	1165
533	641
535	596
535	1930
536	757
536	1016
536	1070
537	569
537	604
537	762
538	570
539	618
539	736
539	875
539	1392
542	1231
543	917
544	722
544	1528
545	607
545	642
545	1566
545	1660
546	1206
546	1323
547	739
547	781
547	1121
550	557
550	1558
551	695
551	853
551	967
552	652
552	708
552	794
552	1579
553	778
555	604
555	825
555	833
555	840
555	1407
556	791
557	1711
558	612
559	844
560	609
562	594
562	636
563	872
563	932
563	1584
564	1724
564	1949
565	902
565	1277
566	1807
567	766
567	814
567	845
567	1837
567	1883
569	882
571	712
572	710
572	1165
572	1669
574	611
574	1480
575	605
575	720
575	895
575	978
576	925
577	689
579	735
580	626
581	770
581	803
581	1027
581	1355
581	1498
582	901
584	1328
585	1059
586	617
586	698
586	914
587	937
589	733
589	860
589	966
590	640
590	702
590	877
590	1142
591	613
591	631
591	868
592	601
592	690
592	724
593	1061
593	1781
595	723
595	933
597	939
597	1101
599	957
599	975
600	711
600	934
601	856
601	1731
602	812
603	1018
603	1591
605	660
605	677
607	1831
609	697
610	1088
610	1638
611	1525
612	1785
613	760
613	907
613	1671
614	946
614	1719
615	1405
617	826
618	734
618	816
618	1223
619	752
620	1401
622	670
622	971
622	1811
623	1496
624	679
624	749
624	1331
627	1625
628	1509
630	656
630	1967
631	669
631	672
631	690
631	787
632	740
632	1128
633	772
634	998
634	1407
634	1671
635	885
636	645
636	1008
636	1235
637	762
637	856
637	970
637	1999
638	656
638	1980
639	943
640	1516
641	940
642	688
643	660
643	719
643	827
643	960
644	1081
645	691
645	1035
645	2001
646	662
646	1311
647	666
647	869
647	962
648	693
648	891
648	1266
649	756
650	727
651	767
651	963
651	1114
651	1762
653	674
653	1431
653	1642
654	828
654	1318
655	718
655	936
655	1163
655	1455
656	947
658	847
658	1927
659	1980
660	739
662	859
663	892
665	1941
665	1943
667	696
667	968
668	866
668	1175
671	708
671	905
671	985
671	1324
672	799
672	1359
677	691
679	776
679	892
680	998
680	1985
681	830
681	1163
682	697
682	1351
683	779
684	841
684	1011
686	1476
687	1194
688	778
688	796
688	818
688	1028
689	1197
690	1845
692	758
692	796
694	980
694	1023
694	1308
695	896
695	947
696	787
697	1133
699	788
699	939
699	1995
700	715
700	899
702	828
702	1592
703	782
703	792
703	881
703	1991
705	1216
706	829
706	962
708	719
708	1801
711	1924
712	983
713	800
713	1380
713	1554
713	1574
714	775
714	992
716	1196
717	1218
718	754
718	851
721	755
723	883
723	986
724	1512
724	1996
725	825
726	890
727	743
727	847
728	808
729	1636
730	769
731	771
731	799
732	746
733	1863
735	805
735	911
736	824
737	819
739	771
739	803
741	1064
742	1009
743	832
744	1517
745	876
746	786
746	878
746	961
747	802
748	789
748	1527
749	750
750	818
750	953
752	1420
752	1442
753	1917
754	1539
755	834
755	906
756	1653
757	1666
759	1825
762	971
764	1010
764	1707
765	993
767	1200
767	1524
770	1638
773	777
773	979
774	811
774	1725
775	822
775	837
775	1004
775	1978
776	838
776	969
776	981
776	1397
777	876
777	996
779	1025
779	1841
780	879
780	950
780	1526
781	874
782	857
783	915
785	823
785	1285
786	1044
788	1354
789	871
790	826
791	865
791	1233
793	823
793	1809
794	966
795	1872
797	908
798	802
798	941
798	963
798	1026
800	1316
800	1861
801	1693
802	891
803	859
805	1541
806	972
806	1068
806	1865
807	1016
807	1505
808	880
809	1312
809	1864
810	1071
811	994
812	879
812	942
812	1708
812	1885
813	1295
813	1875
815	933
816	1355
816	1796
817	1508
818	916
819	894
820	1547
823	839
823	1757
824	1287
826	1640
827	1838
830	1606
831	1478
832	1996
834	1286
836	924
836	1005
836	1373
839	1778
841	855
843	1901
846	985
847	956
847	1462
848	1598
849	973
849	1764
849	1816
850	1055
852	887
852	1393
853	955
856	865
857	982
860	1086
861	950
862	1270
866	1634
867	918
867	1516
869	952
869	1094
870	944
870	1059
871	1343
872	1751
874	905
874	995
876	1787
877	1269
880	968
883	1197
886	982
886	1008
886	1763
887	910
893	913
907	1985
910	926
922	967
924	951
924	1524
925	1080
926	1059
926	1225
927	1812
930	1802
930	1969
932	1136
932	1303
933	991
937	1065
938	940
938	1163
939	979
939	1095
941	977
942	997
942	1036
943	1125
948	1389
951	1775
955	1851
955	1993
957	965
959	1714
963	977
963	1858
964	1329
965	997
969	1547
972	1746
974	1076
976	1820
977	1295
981	1441
981	1446
985	1181
985	1493
986	1919
988	1394
993	1497
993	1602
995	1486
1002	1003
1002	1004
1002	1005
1002	1007
1002	1009
1002	1022
1002	1024
1002	1034
1002	1036
1002	1042
1002	1047
1002	1054
1002	1127
1002	1175
1002	1305
1002	1566
1002	1917
1003	1004
1003	1006
1003	1007
1003	1013
1003	1020
1003	1024
1003	1031
1003	1045
1003	1105
1003	1113
1003	1155
1004	1005
1004	1006
1004	1008
1004	1014
1004	1016
1004	1019
1004	1020
1004	1023
1004	1083
1004	1285
1004	1505
1005	1010
1005	1025
1005	1026
1005	1038
1005	1057
1005	1102
1005	1217
1005	1420
1005	1541
1005	1581
1005	1880
1006	1011
1006	1013
1006	1015
1006	1017
1006	1044
1006	1053
1006	1075
1006	1091
1006	1112
1006	1658
1006	1861
1007	1008
1007	1012
1007	1015
1007	1016
1007	1019
1007	1033
1007	1049
1007	1138
1007	1579
1007	1608
1007	1743
1008	1038
1008	1048
1008	1059
1008	1094
1008	1132
1008	1476
1008	1668
1008	1673
1008	1843
1009	1010
1009	1012
1009	1018
1009	1021
1009	1033
1009	1073
1009	1119
1009	1141
1009	1222
1009	1552
1009	1674
1009	1793
1009	1865
1010	1017
1010	1021
1010	1049
1010	1051
1010	1065
1010	1069
1010	1096
1010	1132
1010	1149
1010	1171
1010	1187
1010	1356
1011	1062
1011	1067
1011	1107
1011	1130
1011	1154
1011	1414
1011	1432
1012	1043
1012	1055
1012	1070
1012	1121
1012	1137
1012	1258
1013	1018
1013	1032
1013	1037
1013	1065
1013	1137
1013	1385
1013	1396
1013	1667
1013	1756
1014	1031
1014	1088
1014	1117
1014	1165
1014	1642
1015	1023
1015	1046
1015	1121
1015	1171
1015	1207
1015	1351
1015	1405
1016	1022
1016	1040
1016	1192
1016	1438
1016	1491
1016	1755
1016	1774
1017	1025
1017	1029
1017	1039
1017	1045
1017	1050
1017	1179
1017	1232
1017	1239
1017	1576
1018	1055
1018	1060
1018	1098
1018	1226
1018	1333
1018	1417
1018	1695
1018	1989
1019	1032
1019	1056
1019	1179
1019	1386
1019	1703
1019	1836
1019	1931
1020	1064
1020	1125
1020	1151
1020	1217
1020	1278
1020	1315
1020	1451
1021	1028
1021	1029
1021	1030
1021	1053
1021	1060
1021	1068
1021	1184
1021	1299
1021	1365
1021	1437
1021	1580
1021	1671
1021	1687
1021	1693
1021	1715
1022	1130
1022	1262
1022	1338
1022	1899
1023	1037
1023	1039
1023	1120
1023	1159
1023	1178
1023	1301
1024	1026
1024	1027
1024	1035
1024	1056
1024	1061
1024	1076
1024	1079
1024	1229
1024	1263
1024	1317
1025	1027
1025	1043
1025	1050
1025	1098
1025	1525
1025	1543
1026	1058
1026	1254
1026	1492
1027	1028
1027	1030
1027	1059
1027	1197
1027	1372
1027	1534
1027	1960
1028	1103
1028	1136
1028	1353
1029	1091
1029	1439
1029	1712
1029	1984
1030	1035
1030	1040
1030	1044
1030	1095
1030	1119
1030	1142
1030	1248
1030	1287
1030	1327
1030	1473
1030	1478
1031	1034
1031	1036
1031	1048
1031	1191
1031	1277
1031	1339
1031	1496
1031	1546
1031	1574
1031	1789
1031	1798
1032	1073
1032	1092
1032	1158
1032	1185
1032	1819
1033	1041
1033	1109
1033	1220
1033	1326
1033	1507
1033	1520
1033	1583
1033	1939
1034	1061
1034	1099
1034	1140
1034	1391
1035	1042
1035	1168
1035	1180
1035	1208
1035	1220
1035	1226
1035	1234
1035	1253
1035	1318
1035	1323
1035	1377
1035	1390
1036	1072
1036	1077
1036	1952
1037	1054
1037	1077
1037	1087
1037	1096
1037	1145
1037	1210
1037	1403
1038	1058
1038	1066
1038	1067
1038	1131
1038	1202
1038	1218
1038	1560
1039	1074
1039	1083
1039	1106
1039	1109
1039	1264
1039	1359
1039	1547
1039	1684
1039	1978
1040	1041
1040	1052
1040	1064
1040	1066
1040	1071
1040	1303
1041	1084
1041	1097
1041	1136
1041	1255
1041	1340
1041	1366
1042	1047
1042	1081
1042	1105
1042	1128
1042	1170
1042	1221
1042	1286
1042	1461
1043	1057
1043	1384
1043	1974
1044	1135
1044	1257
1044	1286
1045	1046
1045	1368
1045	1369
1046	1051
1046	1069
1046	1080
1047	1182
1047	1435
1047	1509
1047	1856
1048	1063
1048	1070
1048	1114
1048	1141
1048	1290
1048	1772
1048	1875
1049	1393
1049	1403
1049	1416
1049	1685
1050	1199
1050	1399
1050	1425
1050	1435
1051	1052
1051	1099
1051	1214
1051	1230
1051	1418
1051	1573
1051	1599
1051	1626
1052	1071
1052	1138
1052	1269
1052	1500
1052	1709
1053	1111
1053	1307
1053	1407
1053	1454
1053	1768
1054	1063
1054	1249
1054	1348
1054	1349
1054	1699
1055	1101
1055	1148
1055	1308
1055	1413
1055	1474
1056	1127
1056	1139
1056	1371
1056	1407
1056	1470
1056	1475
1056	1626
1056	1722
1057	1074
1057	1086
1057	1089
1057	1108
1057	1154
1057	1193
1057	1196
1057	1334
1057	1499
1057	1933
1058	1068
1058	1079
1058	1089
1058	1174
1058	1187
1058	1213
1058	1245
1058	1266
1058	1411
1058	1527
1058	1841
1059	1062
1059	1108
1059	1195
1059	1212
1059	1277
1059	1303
1059	1305
1059	1458
1059	1646
1059	1720
1060	1075
1060	1088
1060	1374
1060	1382
1060	1734
1060	1992
1061	1076
1061	1078
1061	1092
1061	1167
1061	1465
1062	1081
1062	1167
1062	1278
1062	1546
1062	1565
1063	1115
1063	1117
1063	1209
1063	1301
1063	1459
1064	1101
1064	1110
1064	1153
1064	1241
1064	1273
1064	1337
1064	1429
1064	1443
1064	1716
1065	1087
1065	1162
1065	1544
1066	1078
1066	1103
1066	1251
1067	1072
1067	1085
1067	1134
1067	1195
1067	1213
1067	1332
1067	1341
1067	1619
1067	1659
1067	1839
1068	1082
1068	1084
1068	1184
1068	1317
1068	1770
1069	1086
1069	1104
1069	1122
1069	1204
1069	1228
1069	1656
1070	1177
1070	1189
1070	1851
1071	1082
1071	1210
1071	1358
1071	1929
1072	1085
1072	1093
1072	1182
1072	1227
1072	1412
1072	1526
1073	1080
1073	1260
1073	1489
1073	1559
1073	1716
1074	1166
1074	1207
1074	1248
1074	1323
1074	1400
1074	1606
1075	1379
1075	1732
1076	1240
1076	1310
1076	1313
1076	1322
1076	1347
1076	1683
1077	1149
1077	1421
1077	1951
1078	1110
1078	1131
1078	1146
1078	1152
1078	1201
1078	1284
1078	1304
1078	1433
1079	1116
1079	1153
1079	1492
1079	1583
1079	1686
1079	1718
1079	1782
1080	1090
1080	1126
1080	1434
1080	1735
1080	1867
1080	1976
1081	1168
1081	1177
1081	1379
1082	1157
1082	1369
1082	1652
1082	1713
1082	1939
1083	1122
1083	1124
1083	1300
1083	1733
1084	1102
1084	1107
1084	1242
1084	1728
1085	1236
1086	1100
1086	1104
1086	1155
1086	1212
1086	1222
1087	1751
1088	1090
1088	1094
1088	1113
1088	1160
1088	1170
1088	1266
1088	1350
1089	1172
1089	1464
1089	1708
1089	1834
1090	1095
1090	1147
1090	1245
1090	1389
1091	1093
1091	1106
1091	1114
1091	1118
1091	1120
1091	1129
1091	1150
1091	1173
1091	1539
1091	1758
1092	1133
1092	1185
1092	1258
1092	1284
1092	1397
1093	1140
1093	1166
1093	1180
1093	1537
1093	1823
1094	1163
1094	1223
1094	1261
1094	1309
1094	1859
1095	1148
1095	1591
1095	1831
1095	1971
1096	1129
1096	1367
1096	1422
1096	1444
1096	1966
1097	1100
1097	1175
1097	1594
1098	1251
1098	1345
1098	1475
1098	1487
1098	1516
1098	1517
1098	1634
1098	1695
1099	1111
1099	1269
1099	1387
1100	1118
1100	1910
1100	1952
1101	1302
1102	1139
1102	1205
1102	1381
1102	1752
1103	1190
1103	1311
1103	1608
1103	1629
1103	1957
1104	1146
1104	1164
1104	1191
1104	1194
1104	1256
1104	1676
1105	1115
1105	1116
1105	1143
1105	1161
1105	1254
1105	1338
1105	1392
1105	1704
1106	1263
1106	1559
1107	1112
1107	1162
1107	1363
1107	1651
1107	1681
1108	1145
1108	1189
1108	1225
1108	1283
1108	1421
1108	1587
1109	1541
1109	1656
1110	1186
1110	1295
1111	1169
1111	1480
1112	1126
1112	1134
1112	1156
1112	1198
1112	1347
1112	1479
1112	1533
1112	1871
1113	1150
1113	1209
1113	1324
1113	1868
1114	1163
1114	1176
1114	1410
1114	1456
1114	1552
1114	1556
1114	1761
1115	1123
1115	1173
1115	1370
1115	1378
1115	1714
1115	1864
1115	1983
1116	1165
1116	1201
1116	1208
1116	1353
1116	1357
1116	1453
1116	1903
1117	1125
1117	1160
1117	1196
1117	1256
1117	1397
1117	1399
1117	1460
1118	1279
1118	1318
1118	1528
1118	1774
1119	1188
1119	1200
1119	1239
1119	1302
1119	1669
1119	1901
1120	1123
1120	1124
1120	1178
1120	1247
1120	1315
1120	1419
1120	1870
1120	1912
1121	1128
1121	1151
1121	1157
1121	1186
1121	1216
1121	1439
1121	1937
1122	1181
1122	1341
1122	1521
1122	1531
1123	1135
1123	1142
1123	1183
1123	1294
1123	1380
1123	1613
1123	1820
1124	1661
1125	1147
1125	1194
1125	1276
1126	1203
1126	1483
1126	1879
1127	1169
1127	1969
1128	1152
1128	1268
1128	1572
1129	1133
1129	1143
1129	1255
1129	1661
1129	1855
1130	1144
1130	1250
1130	1274
1130	1336
1130	1340
1130	1359
1130	1441
1130	1992
1131	1214
1131	1324
1131	1388
1131	1484
1131	1963
1132	1296
1132	1406
1132	1445
1132	1812
1133	1280
1133	1847
1133	1981
1134	1144
1134	1264
1134	1497
1134	1594
1134	1625
1135	1161
1135	1381
1135	1383
1135	1618
1136	1158
1136	1349
1136	1958
1137	1298
1137	1308
1137	1740
1138	1542
1138	1752
1139	1246
1139	1902
1139	1995
1140	1156
1140	1174
1140	1363
1141	1331
1141	1436
1141	1607
1142	1244
1142	1321
1142	1711
1143	1188
1143	1294
1143	1431
1144	1218
1144	1267
1144	1566
1146	1202
1146	1334
1146	1428
1147	1228
1147	1241
1147	1434
1147	1469
1147	1577
1148	1215
1148	1515
1149	1198
1149	1206
1149	1285
1149	1416
1149	1653
1149	1657
1149	1737
1150	1371
1150	1481
1150	1810
1150	1973
1151	1811
1152	1822
1152	1826
1152	1877
1153	1172
1153	1280
1153	1365
1153	1621
1153	1882
1154	1459
1154	1610
1154	1849
1154	1964
1155	1310
1155	1471
1155	1991
1156	1159
1156	1221
1156	1282
1156	1597
1156	1682
1156	1812
1157	1164
1157	1211
1157	1331
1157	1775
1158	1176
1158	1204
1159	1235
1159	1292
1159	1426
1159	1631
1159	1767
1160	1199
1160	1267
1160	1309
1160	1332
1160	1427
1160	1528
1160	1904
1161	1190
1161	1730
1162	1205
1162	1314
1162	1860
1162	1893
1163	1259
1163	1344
1163	1440
1164	1181
1164	1592
1164	1638
1166	1233
1166	1319
1166	1530
1167	1550
1167	1829
1168	1485
1168	1517
1168	1915
1169	1238
1169	1298
1170	1289
1170	1503
1171	1224
1171	1283
1171	1508
1171	1660
1171	1825
1172	1231
1172	1408
1172	1767
1173	1219
1173	1586
1173	1622
1174	1193
1174	1211
1174	1737
1175	1183
1175	1325
1176	1224
1176	1927
1177	1206
1177	1482
1177	1844
1178	1642
1178	1829
1179	1243
1179	1526
1180	1230
1180	1262
1180	1467
1181	1342
1181	1514
1182	1197
1182	1292
1182	1822
1183	1231
1183	1320
1183	1450
1183	1850
1184	1377
1184	1513
1184	1521
1184	1690
1185	1192
1185	1215
1185	1679
1185	1832
1186	1200
1186	1376
1186	1419
1186	1773
1186	1815
1187	1246
1187	1291
1187	1388
1187	1446
1187	1823
1188	1571
1188	1664
1189	1346
1189	1356
1189	1392
1189	1507
1189	1778
1190	1497
1190	1522
1190	1731
1190	1904
1190	1956
1191	1260
1191	1630
1191	1724
1192	1219
1192	1453
1192	1569
1192	1790
1193	1203
1193	1261
1194	1316
1194	1326
1194	1360
1195	1282
1195	1624
1196	1718
1196	1886
1197	1252
1197	1354
1197	1366
1198	1216
1198	1275
1198	1337
1198	1609
1199	1227
1199	1306
1199	1404
1199	1849
1200	1259
1200	1304
1200	1361
1200	1575
1200	1593
1200	1609
1200	1747
1201	1409
1201	1411
1201	1832
1202	1293
1203	1589
1203	1595
1203	1670
1203	1688
1204	1393
1205	1271
1205	1721
1206	1306
1206	1574
1206	1877
1206	1932
1207	1223
1207	1312
1207	1557
1208	1287
1210	1249
1210	1499
1210	1840
1211	1272
1211	1293
1211	1364
1211	1624
1211	1717
1212	1426
1212	1457
1212	1535
1212	1593
1213	1225
1213	1362
1213	1602
1213	1621
1213	1793
1213	1828
1213	1858
1214	1520
1214	1644
1214	1961
1215	1367
1215	1417
1215	1448
1216	1232
1216	1570
1216	1895
1217	1234
1217	1236
1217	1238
1217	1300
1217	1389
1217	1545
1217	1590
1217	1687
1218	1513
1219	1321
1219	1745
1220	1424
1220	1853
1221	1235
1221	1242
1221	1265
1221	1311
1221	1400
1223	1314
1223	1516
1223	1632
1223	1706
1223	1896
1223	1938
1224	1233
1225	1271
1225	1312
1225	1654
1226	1253
1226	1296
1226	1522
1226	1669
1226	1948
1227	1229
1227	1325
1227	1354
1227	1447
1227	1874
1228	1237
1228	1270
1228	1412
1228	1739
1229	1299
1229	1452
1229	1454
1229	1498
1229	1544
1229	1783
1230	1257
1230	1672
1230	1701
1230	1801
1231	1244
1231	1329
1231	1444
1231	1536
1231	1607
1231	1664
1232	1265
1232	1923
1234	1327
1234	1464
1234	1524
1234	1769
1235	1352
1236	1237
1236	1252
1236	1650
1236	1995
1237	1240
1237	1274
1237	1351
1238	1270
1238	1429
1239	1243
1239	1250
1239	1633
1239	1882
1240	1247
1240	1272
1240	1704
1241	1290
1241	1472
1241	1532
1241	1655
1242	1490
1242	1560
1242	1640
1243	1357
1243	1555
1244	1647
1244	1667
1245	1313
1245	1432
1245	1772
1245	1791
1245	1980
1246	1297
1246	1330
1246	1358
1246	1707
1246	1876
1247	1273
1247	1288
1248	1268
1248	1364
1248	1396
1248	1531
1248	1757
1249	1343
1249	1395
1249	1536
1250	1289
1250	1996
1251	1281
1251	1501
1251	1646
1251	1827
1251	1854
1252	1297
1252	1408
1253	1281
1253	1307
1254	1328
1254	1404
1254	1554
1254	1556
1254	1897
1255	1504
1256	1336
1256	1488
1257	1529
1257	1567
1257	1617
1257	1696
1257	1921
1258	1375
1258	1391
1258	1420
1258	1914
1259	1279
1259	1598
1260	1320
1260	1402
1260	1415
1261	1451
1262	1808
1262	1968
1263	1333
1263	1511
1263	1683
1264	1335
1264	1749
1264	1869
1265	1402
1265	1813
1266	1322
1266	1346
1266	1455
1266	1768
1266	1930
1268	1335
1269	1275
1269	1398
1269	1474
1270	1316
1270	1504
1270	1542
1270	1663
1270	1985
1271	1384
1271	1697
1271	1760
1272	1872
1272	1969
1273	1276
1273	1370
1274	1579
1274	1771
1274	1854
1274	1922
1274	1960
1275	1291
1275	1843
1276	1387
1276	1779
1276	1997
1277	1414
1277	1415
1278	1288
1278	1373
1278	1495
1278	1746
1279	1729
1280	1295
1280	1443
1280	1905
1281	1344
1281	1375
1281	1508
1281	1790
1282	1529
1282	1724
1283	1600
1283	1708
1284	1811
1285	1329
1285	1674
1285	1765
1286	1463
1286	1532
1286	1606
1286	1672
1286	1677
1286	1765
1288	1319
1288	1602
1288	1662
1288	1743
1288	1787
1289	1423
1289	1494
1290	1471
1290	1511
1291	1360
1291	1787
1291	1978
1292	1380
1292	1782
1293	1562
1293	1601
1294	1422
1294	1496
1294	1577
1294	1599
1294	1795
1294	1967
1295	1385
1295	1437
1295	1518
1296	1648
1296	1760
1297	1479
1297	1500
1297	1509
1298	1413
1298	1610
1298	1665
1300	1840
1301	1468
1301	1649
1301	1792
1301	1942
1302	1586
1303	1376
1303	1997
1304	1342
1304	1468
1304	1690
1304	1934
1305	1398
1305	1405
1305	1551
1306	1523
1308	1345
1308	1348
1309	1555
1310	1510
1310	1545
1311	1378
1311	1394
1311	1614
1312	1637
1312	1857
1313	1383
1313	1488
1313	1530
1313	1585
1313	1943
1314	1406
1314	1502
1314	1713
1315	1486
1315	1734
1315	1766
1316	1355
1316	1481
1316	1890
1317	1343
1317	1352
1317	1604
1317	1999
1319	1648
1319	1967
1320	1328
1320	1390
1320	1442
1320	1501
1320	1549
1320	1562
1321	1781
1322	1769
1323	1447
1323	1470
1323	1493
1323	1590
1323	1776
1323	1972
1324	1538
1324	1777
1325	1350
1326	1330
1326	1440
1326	1719
1327	1450
1327	1750
1328	1339
1328	1355
1328	1368
1328	1550
1328	1764
1329	1374
1329	1386
1329	1891
1330	1462
1331	1671
1331	1728
1332	1983
1334	1476
1334	1564
1334	1838
1335	1361
1335	1441
1336	1477
1336	1537
1336	1699
1337	1691
1338	1382
1338	1410
1338	1600
1339	1478
1339	1660
1339	1828
1341	1428
1341	1494
1341	1604
1342	1580
1344	1490
1345	1418
1347	1394
1347	1618
1347	1799
1347	1998
1348	1543
1348	1901
1349	1477
1349	1605
1349	1615
1349	1890
1349	1892
1350	1885
1351	1848
1352	1561
1352	1942
1353	1907
1354	1372
1354	1525
1355	1548
1356	1423
1356	1816
1357	1460
1358	1456
1358	1924
1360	1409
1360	1430
1360	1706
1361	1452
1361	1799
1362	1425
1362	1589
1362	1871
1362	1887
1363	1692
1364	1637
1365	1466
1365	1495
1366	1427
1366	1643
1366	1841
1367	1401
1367	1436
1367	1617
1368	1446
1368	1489
1368	1563
1368	1564
1369	1523
1369	1845
1371	1847
1372	1373
1372	1689
1372	1773
1372	1860
1373	1462
1374	1573
1375	1448
1375	1519
1375	1570
1375	1603
1377	1463
1377	1786
1377	1816
1377	1898
1378	1503
1378	1800
1378	1961
1379	1395
1379	1455
1380	1449
1380	1670
1381	1524
1381	1578
1383	1438
1383	1557
1383	1815
1384	1616
1384	1761
1384	1845
1384	1853
1385	1619
1386	1730
1387	1442
1387	1467
1387	1720
1387	1723
1387	1794
1389	1401
1390	1466
1390	1549
1390	1771
1390	1943
1391	1458
1392	1512
1392	1539
1392	1700
1393	1485
1394	1745
1395	1430
1395	1685
1396	1510
1396	1527
1397	1614
1397	1663
1398	1696
1399	1473
1399	1863
1401	1469
1402	1431
1402	1753
1402	1956
1403	1533
1403	1710
1406	1424
1406	1486
1406	1928
1407	1742
1408	1565
1408	1744
1409	1512
1409	1675
1409	1852
1409	1935
1410	1568
1410	1684
1410	1759
1411	1639
1412	1445
1412	1465
1412	1719
1412	1809
1413	1482
1413	1605
1414	1433
1414	1820
1416	1472
1418	1558
1419	1540
1419	1647
1419	1800
1420	1831
1420	1925
1421	1616
1421	1641
1424	1694
1425	1914
1428	1480
1428	1548
1428	1709
1428	1949
1430	1506
1431	1502
1431	1612
1431	1638
1431	1657
1431	1859
1433	1457
1433	1487
1433	1920
1434	1491
1434	1554
1434	1598
1434	1611
1434	1623
1435	1819
1436	1483
1436	1519
1436	1658
1438	1582
1439	1449
1440	1628
1440	1920
1440	1926
1441	1585
1442	1688
1443	1635
1443	1694
1446	1636
1446	1856
1447	1623
1447	1986
1450	1553
1450	1588
1450	1629
1450	1913
1451	1584
1452	1896
1453	1830
1455	1484
1455	1563
1455	1714
1456	1461
1456	1700
1456	1909
1457	1601
1457	1717
1458	1498
1458	1587
1458	1953
1459	1578
1459	1643
1459	1668
1460	1780
1460	1862
1460	1918
1463	1567
1466	1493
1467	1654
1468	1931
1469	1613
1469	1686
1469	1903
1470	1518
1470	1576
1470	1957
1471	1636
1473	1514
1474	1751
1475	1750
1475	1945
1476	1680
1477	1572
1477	1592
1477	1644
1479	1965
1480	1551
1480	1615
1481	1535
1481	1603
1481	2001
1482	1538
1482	1575
1482	1631
1483	1741
1483	1784
1484	1505
1485	1635
1486	1876
1486	1880
1489	1506
1489	1595
1490	1919
1491	1558
1492	1836
1492	1839
1492	1936
1493	1809
1494	1677
1495	1515
1496	1894
1497	1620
1497	1628
1497	1940
1497	1979
1498	1759
1498	1766
1499	1898
1499	1905
1500	1645
1500	1703
1500	1848
1503	1698
1504	1678
1504	1862
1505	1974
1507	1732
1508	1001
1509	1846
1512	1659
1512	1789
1513	1584
1514	1534
1515	1725
1516	1588
1516	1697
1516	1798
1517	1866
1518	1705
1518	1919
1519	1596
1519	1639
1520	1612
1521	1553
1522	1641
1523	1975
1525	1925
1525	1963
1526	1633
1526	1949
1527	1569
1527	1881
1528	1988
1529	1908
1530	1835
1531	1568
1531	1591
1531	1933
1531	1975
1533	1540
1533	1757
1536	1738
1536	1827
1536	1953
1537	1883
1538	1692
1538	1739
1539	1906
1540	1561
1540	1581
1540	1889
1540	1907
1544	1547
1544	1786
1545	1645
1547	1689
1547	1727
1548	1582
1548	1597
1550	1571
1550	1627
1550	1778
1550	1886
1551	1764
1551	1955
1552	1702
1552	1813
1557	1741
1558	1842
1559	1649
1559	1655
1559	1873
1559	1934
1561	1817
1561	1878
1562	1779
1564	1955
1565	1781
1565	1941
1567	1693
1568	1780
1569	1679
1569	1941
1570	1650
1572	1825
1575	1666
1576	1762
1576	1801
1576	1982
1578	1748
1579	1746
1580	1681
1581	1652
1582	1632
1582	1740
1583	1653
1583	1984
1585	1625
1588	1678
1588	1959
1591	1634
1591	1982
1592	1680
1592	1691
1592	1805
1593	1830
1593	1865
1594	1596
1594	1676
1595	1999
1596	1922
1597	1662
1597	1795
1599	1611
1600	1855
1601	1622
1601	1666
1601	1885
1601	1944
1603	1756
1604	1821
1606	1895
1607	1776
1608	1640
1608	1804
1610	1731
1613	1837
1614	1620
1615	1763
1617	1627
1618	1723
1618	1726
1619	1630
1620	1673
1620	1705
1620	1711
1620	1900
1622	1775
1623	1702
1626	1804
1626	1965
1627	1744
1628	1738
1628	1792
1630	1814
1631	1824
1631	1906
1632	1762
1635	1883
1636	1805
1638	1846
1641	1993
1643	1707
1643	1806
1645	1729
1645	1875
1646	1651
1649	1891
1651	1796
1651	1981
1652	1665
1652	1721
1653	1796
1654	1970
1656	1735
1656	1784
1657	1715
1657	1948
1658	1675
1658	1712
1659	1837
1659	1844
1659	1866
1659	1870
1660	1810
1663	1818
1663	1923
1664	1682
1664	1802
1664	1888
1665	1748
1666	1821
1666	1954
1670	1710
1672	1733
1673	1797
1674	1818
1675	1722
1677	1701
1677	1916
1677	1964
1680	1753
1683	1777
1684	1754
1684	1785
1684	1791
1684	1887
1686	1899
1688	1888
1688	1900
1689	1698
1689	1968
1690	1742
1690	1993
1691	1873
1693	1833
1694	1988
1695	1996
1696	1989
1698	1927
1702	1889
1703	1991
1704	1726
1704	1884
1704	1946
1705	1788
1706	1838
1707	1758
1709	1755
1709	1917
1716	1727
1716	1869
1716	1928
1718	1736
1720	1725
1724	1817
1725	1897
1728	1736
1729	1851
1730	1915
1730	1930
1733	1747
1733	1833
1733	1950
1735	1807
1735	1990
1736	1835
1737	1749
1737	1867
1741	1770
1741	1913
1742	1842
1742	1850
1742	1857
1743	1944
1744	1921
1744	1936
1744	1962
1747	1808
1748	1785
1750	1909
1751	1754
1751	1797
1752	1834
1753	2000
1754	1802
1755	1872
1756	1763
1759	1892
1759	1947
1761	1803
1764	1977
1765	1911
1767	1806
1769	1861
1771	1807
1771	1987
1774	1910
1776	1788
1776	1001
1777	1902
1777	1998
1778	1783
1778	1938
1779	1794
1779	1986
1782	1826
1783	1976
1786	1990
1788	1951
1793	1874
1794	1803
1794	1908
1795	1878
1796	1814
1797	1972
1798	1852
1804	1935
1810	1926
1810	1947
1815	1824
1815	1881
1815	1924
1817	1858
1822	1884
1826	1971
1827	1962
1827	2000
1830	1918
1834	1940
1836	1894
1839	1911
1843	1929
1844	1879
1844	1950
1845	1945
1848	1932
1848	1973
1849	1863
1849	1958
1854	1864
1855	1946
1863	1868
1875	1979
1879	1994
1879	2001
1887	1966
1891	1893
1894	1912
1898	1916
1910	1987
1921	1959
1927	1937
1937	1970
1940	1954
1946	1977
1946	1985
1948	1994
1956	1980
