2002	0
0	1
0	3
0	5
0	6
0	8
0	10
0	11
0	13
0	17
0	23
0	29
0	54
0	107
0	359
0	366
0	406
0	414
0	562
1	2
1	4
1	5
1	9
1	11
1	13
1	16
1	18
1	19
1	48
1	158
1	724
1	1806
2	3
2	6
2	7
2	16
2	21
2	49
2	94
2	97
2	104
2	109
2	115
2	123
2	148
2	813
3	22
3	67
3	88
3	140
3	160
3	493
3	559
3	712
3	790
3	1116
4	24
4	37
4	50
4	55
4	118
4	121
4	189
4	371
4	411
5	10
5	20
5	133
5	135
5	544
5	931
5	1464
5	1726
6	7
6	8
6	23
6	29
6	38
6	52
6	136
6	164
6	178
6	180
6	195
6	1624
7	15
7	27
7	36
7	40
7	60
7	114
7	116
7	316
7	688
7	735
8	12
8	24
8	32
8	84
8	91
8	112
8	140
8	221
8	603
9	12
9	14
9	15
9	17
9	30
9	34
9	56
9	64
9	111
9	188
9	202
10	30
10	44
10	45
10	63
10	79
10	129
10	459
10	526
10	805
11	14
11	267
11	331
11	364
11	666
11	937
11	1877
12	116
12	284
12	328
12	453
13	19
13	51
13	53
13	59
13	96
13	242
13	379
13	440
13	476
13	1709
14	26
14	31
14	37
14	57
14	69
14	92
14	185
14	196
14	968
15	25
15	69
15	97
15	202
15	366
15	488
15	656
15	925
15	974
15	1073
15	1525
16	20
16	32
16	74
16	81
16	86
16	127
16	143
16	512
16	593
16	810
16	1301
17	18
17	31
17	34
17	78
17	145
17	410
17	431
17	476
17	719
17	938
17	1023
17	1762
18	27
18	56
18	68
18	89
18	148
18	149
18	199
18	213
18	246
18	460
18	563
18	640
18	1852
19	22
19	33
19	76
19	125
19	318
19	428
19	1560
19	1583
20	21
20	43
20	138
20	192
20	352
20	658
20	813
20	1502
20	1522
21	28
21	39
21	77
21	109
21	111
21	141
21	176
21	245
21	263
21	288
21	348
21	361
21	408
21	528
21	747
21	1864
22	45
22	46
22	49
22	100
22	175
22	298
22	525
22	555
22	726
22	1780
23	25
23	26
23	35
23	83
23	90
23	314
23	320
23	1813
24	47
24	82
24	101
24	103
24	147
24	286
24	304
24	320
24	379
24	512
24	610
24	730
24	787
25	39
25	42
25	108
25	353
25	574
25	841
25	888
25	1761
26	67
26	83
26	181
26	683
26	1629
27	28
27	41
27	55
27	98
27	222
27	229
27	427
27	443
27	723
28	78
28	106
28	241
28	275
28	312
28	511
28	1433
28	1839
29	33
29	40
29	41
29	42
29	142
29	161
29	271
29	325
29	583
30	38
30	62
30	74
30	76
30	215
30	282
30	539
30	1148
30	1749
30	1950
31	44
31	46
31	114
31	207
31	533
32	47
32	73
32	437
33	35
33	59
33	89
33	283
33	326
33	504
34	48
34	135
34	154
34	303
34	319
34	475
34	655
34	844
34	930
35	36
35	50
35	86
35	108
35	297
35	688
35	948
35	1704
36	51
36	58
36	70
36	88
36	123
36	129
36	166
36	205
36	212
36	416
37	43
37	57
37	61
37	66
37	113
37	213
37	236
37	326
37	770
37	912
38	65
38	237
38	260
38	311
38	525
39	60
39	66
39	336
39	544
39	719
39	928
40	659
41	161
41	273
41	370
41	396
41	542
41	607
41	689
41	867
42	61
42	130
42	253
42	497
42	554
42	802
42	1449
43	155
43	393
44	79
44	84
44	170
44	584
44	1171
45	63
45	244
45	725
45	993
46	58
46	71
46	72
47	62
47	143
47	144
47	924
47	1199
47	1564
47	1570
48	53
48	178
48	302
48	722
49	168
49	185
49	211
49	329
49	860
50	52
50	54
50	64
50	152
50	194
50	874
50	1488
51	285
51	327
51	881
51	1379
51	1527
53	94
53	133
53	142
53	216
53	406
53	426
53	477
53	651
53	658
53	1252
54	101
54	159
54	177
54	187
54	252
54	418
54	646
54	1286
55	71
55	117
55	119
55	137
55	254
55	447
55	864
55	1656
56	92
56	146
56	204
56	235
56	381
56	402
56	755
56	835
56	919
57	118
57	145
57	200
57	878
58	96
58	194
58	206
58	299
59	166
59	183
59	404
59	983
59	1786
60	65
60	72
60	85
60	98
60	117
60	206
60	220
60	334
60	354
60	412
60	462
60	517
60	975
60	1918
60	1996
61	68
61	120
61	158
61	186
61	207
61	332
61	442
61	471
61	481
61	549
61	644
61	650
61	1620
62	173
62	180
62	198
62	256
62	641
63	189
63	266
63	324
63	376
63	716
63	910
64	70
64	87
64	99
64	377
64	448
64	915
64	1404
64	1520
64	1614
65	110
65	210
65	294
65	385
65	579
65	674
65	1227
66	113
66	232
66	261
66	424
66	499
66	791
66	1032
66	1306
67	75
67	257
67	317
67	420
67	472
67	522
68	104
68	165
68	263
68	383
68	526
68	727
68	904
69	80
69	81
69	102
69	240
70	80
70	87
70	99
70	149
70	162
70	168
70	198
70	535
70	692
71	75
71	82
71	85
71	209
71	324
71	465
71	926
71	992
72	73
72	105
72	182
72	220
72	614
72	1976
73	201
73	208
73	230
73	244
73	344
73	851
73	1946
74	173
74	183
74	799
74	866
74	890
74	1099
75	90
75	91
75	128
75	284
76	77
76	93
76	190
76	246
76	439
76	763
77	169
77	681
77	701
77	795
78	254
78	423
78	445
78	500
78	633
79	196
79	812
80	95
80	130
80	228
80	333
80	637
80	717
80	735
80	823
80	1988
81	221
81	247
81	290
81	340
81	467
81	949
81	958
81	1923
82	106
82	227
82	581
82	896
83	127
83	139
83	159
83	164
83	334
83	455
83	516
83	857
84	122
85	305
85	347
85	1817
86	371
86	436
86	834
87	163
87	177
87	219
87	350
87	699
87	1260
88	105
88	124
88	157
88	280
88	297
88	351
89	115
89	208
89	298
89	315
90	95
90	329
90	1698
91	100
91	597
91	718
91	977
92	93
92	243
92	260
92	286
92	516
93	102
93	132
93	269
93	299
93	332
93	362
93	400
93	484
94	223
94	302
94	602
94	705
94	864
94	876
94	934
95	134
95	238
95	469
95	618
95	986
96	150
96	167
96	201
96	261
96	358
96	370
97	107
97	309
97	341
97	628
97	796
97	1191
98	193
98	274
98	444
98	474
98	1470
99	131
99	199
99	313
99	378
99	733
99	979
100	103
100	119
100	466
100	586
100	922
100	1335
101	124
101	265
101	746
102	139
102	233
102	251
102	303
102	413
102	452
102	1002
102	1724
102	1780
103	134
103	137
103	494
103	559
103	593
103	916
104	110
104	121
104	1432
104	1812
105	219
105	407
105	575
105	615
105	1357
106	262
106	509
106	771
107	112
107	132
108	125
108	154
108	176
108	211
108	225
108	313
108	421
108	470
108	622
108	778
108	982
109	126
109	179
109	191
109	1102
110	128
110	280
110	398
110	430
110	740
110	935
111	120
111	181
111	248
112	126
112	175
112	310
112	312
112	470
112	555
113	151
113	152
113	450
113	485
113	506
114	214
115	122
115	239
115	272
115	382
115	1341
116	160
116	1450
117	155
117	162
117	232
117	923
117	1126
117	1579
117	1760
118	712
118	880
119	136
119	153
119	285
119	940
120	322
120	363
121	238
122	265
122	281
122	396
122	788
122	910
122	1210
123	151
123	307
123	457
123	696
123	855
123	947
123	1433
124	190
124	378
124	620
124	669
124	831
125	249
125	283
125	441
125	1827
126	515
126	631
126	677
127	131
128	315
128	626
129	226
129	268
129	581
130	165
130	179
130	248
130	642
130	663
130	774
130	886
130	1767
131	141
131	338
131	339
131	442
132	167
132	255
132	574
133	144
133	156
133	639
133	675
133	1406
134	172
134	200
134	291
134	373
134	527
134	1474
135	182
135	209
135	527
135	631
135	660
135	707
135	1627
136	192
136	197
136	363
136	753
137	150
137	231
137	310
137	356
137	434
137	853
137	928
137	1458
138	147
138	226
138	578
138	644
138	729
138	1020
139	229
139	346
139	382
139	417
139	421
139	520
139	535
139	646
139	911
140	157
140	336
140	374
140	397
140	1565
141	174
141	214
141	539
141	883
142	218
142	291
142	809
143	153
143	227
143	384
143	913
143	1137
144	350
144	428
144	604
145	163
145	215
145	259
145	360
145	912
146	156
146	367
146	1874
147	277
147	293
147	392
148	930
149	188
149	205
149	342
149	598
149	793
149	816
149	1110
149	1412
150	473
150	504
150	824
151	411
152	169
152	170
152	197
152	328
152	537
153	172
153	667
153	988
153	1779
154	258
154	279
154	360
154	1469
154	1547
155	223
155	766
155	933
155	985
155	1382
156	386
156	429
156	529
156	607
156	769
157	195
157	388
157	502
157	550
157	1934
158	330
158	407
158	714
159	458
159	998
159	1684
160	451
160	503
160	562
160	740
160	1099
160	1286
161	971
162	234
162	341
162	1901
163	184
163	222
163	225
164	295
164	333
164	482
164	915
165	523
165	765
165	968
166	335
166	391
166	849
166	1338
167	187
167	193
167	212
167	609
167	1261
168	171
168	452
168	946
168	958
168	1731
168	1920
169	171
169	247
169	327
169	518
169	560
169	668
170	258
170	547
170	916
170	1402
171	292
171	1542
172	233
172	257
172	355
172	587
172	747
172	1107
173	174
173	394
173	430
173	496
173	728
173	1429
174	191
174	203
174	531
174	721
174	737
174	1765
175	237
175	572
176	184
176	203
176	426
176	551
177	300
177	381
177	440
177	859
177	870
178	242
178	272
178	794
178	798
178	1202
179	224
179	241
179	245
179	278
179	1097
180	419
180	826
180	1322
181	224
181	458
181	1076
181	1107
181	1212
181	1960
182	400
182	500
182	605
183	216
183	565
183	670
183	895
184	210
184	405
184	521
184	1194
185	186
185	234
185	368
185	425
185	586
185	601
186	701
186	709
186	848
187	274
187	287
187	457
187	627
187	906
187	1301
188	705
188	840
188	843
188	952
188	955
188	1681
189	613
189	842
190	289
190	534
191	230
191	467
192	218
192	264
192	704
192	1773
193	345
193	548
193	1187
194	301
195	319
195	372
195	647
196	228
196	289
196	689
196	706
196	801
196	820
196	917
197	488
197	1011
197	1169
198	262
198	450
198	739
199	251
199	273
199	563
199	610
200	217
200	256
200	293
201	243
201	358
202	217
202	253
202	296
202	368
202	640
202	873
203	456
203	730
203	839
203	1234
204	276
204	475
204	692
205	304
205	343
205	427
205	752
205	1345
205	1575
205	1993
206	281
206	395
206	630
207	240
208	325
208	561
208	710
208	759
208	827
209	296
209	318
209	446
209	585
209	907
210	362
210	856
211	489
211	594
212	472
213	357
214	231
214	266
214	661
215	276
215	420
215	449
215	645
215	811
215	1451
216	235
216	252
216	619
216	1118
217	250
217	469
217	793
217	1753
218	321
218	505
218	889
219	308
219	435
219	664
219	879
220	249
220	269
220	270
220	380
220	817
220	1073
221	250
221	548
221	867
222	533
222	571
222	665
222	680
223	566
224	295
224	340
224	355
224	518
224	573
224	696
224	801
224	1906
225	236
225	478
225	1965
226	619
226	1678
227	287
227	625
228	483
228	502
228	660
228	733
228	1138
229	259
229	700
230	268
230	576
230	592
230	950
231	351
231	365
231	403
231	771
231	818
231	1709
232	412
232	1819
233	392
233	513
233	784
233	913
234	546
234	596
235	429
236	239
237	408
237	600
237	1541
238	306
238	653
238	1268
239	508
239	1851
240	279
240	316
240	622
241	308
241	445
242	1265
242	1725
243	330
243	608
244	321
246	650
246	693
246	770
246	850
246	1939
247	409
247	514
247	1507
247	1821
247	1941
248	337
248	862
249	579
249	862
249	988
250	849
250	1464
251	282
251	572
251	676
251	797
251	903
252	311
252	592
252	595
252	947
252	1427
252	1884
253	703
253	715
254	734
254	738
255	422
255	541
255	825
256	271
256	720
257	288
257	290
257	323
257	498
257	591
257	677
257	768
257	769
258	435
258	717
258	962
258	1356
259	270
259	557
260	292
260	294
260	741
261	267
261	399
261	545
261	635
261	956
261	1319
261	1375
261	1763
262	369
262	803
263	277
263	691
264	348
264	385
264	1329
265	389
265	1285
266	643
266	743
266	1014
267	275
267	599
267	1049
268	278
268	309
268	353
268	387
268	431
268	636
268	690
268	1877
269	342
269	629
269	697
269	969
269	997
269	999
270	1240
270	1512
271	346
271	422
271	494
271	706
272	301
272	388
272	414
272	672
272	702
273	323
274	637
274	1028
275	338
275	380
275	495
275	589
275	821
275	831
277	365
277	501
277	963
277	1133
278	343
278	490
278	612
279	1100
279	1842
280	410
281	347
281	884
281	1705
282	433
283	357
283	449
284	391
284	628
285	745
285	774
285	854
285	1419
286	529
286	547
286	1784
287	349
287	726
287	767
288	448
288	728
289	481
289	1383
290	438
290	530
290	546
290	716
290	863
291	300
291	530
291	868
291	1896
292	492
292	859
293	305
293	369
294	394
294	1785
295	437
296	322
296	662
296	1285
297	376
297	639
297	904
298	372
298	375
298	507
298	611
299	314
299	1207
300	349
300	815
300	996
300	1047
301	455
301	487
302	384
303	1079
304	337
304	1219
304	1403
304	1989
305	306
305	390
306	491
306	508
306	515
307	754
307	832
308	425
308	570
308	826
308	892
308	991
308	1222
308	1298
309	787
309	976
310	456
310	578
310	666
311	335
311	443
311	505
311	645
311	780
311	1791
312	373
312	685
312	1147
312	1239
313	436
313	501
313	568
313	953
313	1185
313	1675
314	354
314	513
314	709
314	845
315	317
315	616
316	345
316	499
317	393
317	403
317	461
317	509
317	812
317	1352
317	1637
318	383
318	413
318	464
318	1205
318	1664
319	498
319	901
319	957
320	453
320	893
322	540
322	891
322	951
322	1466
322	1809
323	820
323	892
323	906
323	956
325	375
325	612
325	1144
326	331
326	352
326	587
327	344
327	1495
327	1858
328	339
328	405
328	558
328	786
329	483
329	608
329	816
329	967
330	356
330	648
330	1616
331	398
331	552
331	1555
331	1862
332	367
332	571
332	648
333	361
333	397
333	490
333	528
333	1461
334	432
336	386
336	545
336	1029
336	1817
337	582
337	651
337	858
337	884
340	399
340	517
340	570
340	636
341	995
342	573
342	718
342	1305
343	402
343	468
343	536
344	447
344	532
344	569
344	621
344	662
344	909
345	401
345	485
345	582
345	833
346	1503
346	1761
347	624
347	954
348	561
349	489
349	506
349	617
349	683
349	1448
350	471
351	359
351	415
352	657
352	1676
353	377
353	588
354	531
354	606
354	738
354	780
355	374
355	395
356	364
356	664
356	679
357	808
357	941
358	680
359	387
359	479
359	834
360	479
360	538
361	438
361	551
361	634
361	761
362	474
362	538
362	638
364	604
364	1827
365	404
365	480
365	541
365	861
365	1813
366	609
368	503
368	929
369	495
370	643
371	389
371	914
371	1778
373	417
373	554
375	423
375	424
375	929
376	390
376	521
376	782
376	1245
377	713
377	1905
378	584
378	653
378	927
378	1898
378	1937
379	416
379	1408
380	615
380	623
380	690
381	1344
381	1968
382	772
382	807
383	454
384	566
384	670
384	1179
386	433
386	775
386	962
386	1559
387	468
387	886
388	943
388	1065
389	401
389	614
389	1176
389	1360
390	536
390	1019
390	1509
391	510
391	524
391	641
391	659
392	434
393	748
394	872
394	951
394	1143
395	439
395	625
395	871
396	484
396	519
396	543
396	558
396	675
397	1461
397	1575
397	1803
398	432
398	655
398	656
398	846
399	460
399	667
401	415
401	459
401	837
401	883
403	441
403	973
404	409
404	674
404	700
405	537
405	635
405	652
405	829
405	1159
405	1813
406	695
406	1449
406	1724
407	1667
408	1614
409	1659
410	418
410	626
410	1761
411	1504
411	1815
412	567
412	652
412	817
413	477
413	564
413	756
413	837
413	1111
414	493
414	827
414	1182
415	568
415	1106
416	497
416	590
416	1101
417	462
417	491
417	909
417	1366
418	419
418	1137
421	461
421	478
421	633
421	870
422	753
422	790
422	1879
423	732
424	532
424	711
424	1649
425	482
425	492
425	1273
426	673
426	810
426	1994
427	511
427	799
427	1909
428	935
428	975
428	1421
428	1810
428	1860
429	486
429	520
430	550
430	1189
431	678
431	757
433	589
433	777
434	632
434	686
434	789
436	463
436	671
436	887
437	708
437	1271
437	1597
438	466
438	800
438	1033
439	463
439	464
439	480
439	828
439	970
439	1438
440	781
442	444
442	838
442	1533
443	446
443	451
443	486
443	823
444	553
445	454
445	762
445	1576
446	585
446	757
446	1404
447	524
447	772
447	1251
447	1315
448	564
448	575
448	788
448	830
448	880
450	473
450	684
451	1441
452	891
454	768
454	819
454	882
454	1749
455	519
455	784
456	878
457	556
457	720
457	1349
458	602
458	835
458	1522
459	565
460	465
460	629
460	755
460	926
460	945
460	981
460	1104
462	514
462	873
463	580
463	750
463	993
464	549
465	510
465	1570
465	1669
466	540
466	553
466	621
467	543
468	654
469	973
469	1003
470	764
470	1666
471	487
471	724
472	567
472	684
472	911
472	957
472	1583
473	496
473	748
474	1595
475	1124
475	1289
475	1811
476	507
476	534
477	577
477	669
477	806
477	830
478	894
478	1906
479	763
479	980
480	925
480	934
481	627
481	796
483	932
484	1991
485	1136
486	523
486	1308
487	882
488	917
488	1793
488	1886
490	599
490	872
491	642
493	852
494	556
494	777
494	807
494	839
494	1355
494	1898
495	616
495	987
497	805
497	1429
498	745
498	838
498	1412
498	1530
499	758
500	938
501	606
501	736
501	1430
502	597
504	595
505	522
505	972
505	1640
505	1853
507	576
507	853
507	1739
508	649
508	1173
508	1357
509	876
509	982
509	1926
510	727
510	1625
511	577
511	694
514	679
514	896
514	1946
515	557
517	766
517	939
517	1751
518	542
518	588
518	600
518	848
519	742
519	751
519	908
519	1121
521	773
522	569
522	668
523	591
523	1602
524	613
525	596
525	1811
526	844
527	594
527	665
527	756
527	775
528	760
530	601
531	649
531	781
531	828
531	920
531	1482
532	682
532	994
533	560
533	630
533	691
533	749
534	1752
535	749
535	1548
536	895
536	1442
537	890
537	1123
538	702
538	819
538	832
539	618
539	686
539	850
539	1678
539	2001
540	552
540	1898
541	936
542	1227
544	1503
546	1613
547	992
547	1728
549	647
549	1681
550	989
551	697
551	1767
554	580
556	765
558	673
558	682
558	1991
559	948
559	1273
560	731
561	869
561	905
561	1611
561	1642
561	1744
562	620
562	623
562	783
563	583
563	846
563	1855
564	783
564	1549
564	1887
567	624
567	722
567	1281
567	1763
568	1019
568	1358
569	603
570	836
570	1311
571	779
571	795
573	590
573	704
573	806
573	821
573	931
575	598
575	741
575	762
575	1566
576	1185
576	1455
576	1670
577	764
577	842
578	693
578	750
578	865
578	869
578	1388
579	1244
580	744
581	634
582	676
582	1620
583	940
583	983
584	725
584	949
584	1347
587	960
587	1824
587	1840
587	1937
588	707
590	605
590	687
590	980
591	897
591	986
591	1289
592	1034
592	1389
594	687
597	654
597	661
597	711
598	858
599	715
599	1337
600	671
600	1493
600	1525
601	1983
602	708
602	721
602	966
603	611
603	1460
605	663
605	1310
605	1614
606	617
606	990
606	1535
607	885
607	939
607	1102
607	1960
608	898
608	966
609	681
609	959
609	1151
610	847
611	963
613	742
615	736
615	752
615	776
615	902
615	1109
617	776
618	815
619	632
620	672
620	789
620	1266
621	875
624	866
624	996
624	1130
625	685
625	1223
626	657
627	794
628	703
629	714
629	852
629	1064
631	800
631	1316
633	1132
634	710
637	638
637	945
637	1502
637	1843
638	773
639	999
639	1393
641	713
641	1019
642	1716
643	1949
645	898
645	1245
646	732
646	1774
647	860
647	944
648	1633
649	698
649	1585
649	1856
650	894
651	779
651	987
651	1590
652	723
653	1588
656	785
656	877
656	918
662	977
662	1091
663	959
665	1243
665	1361
666	792
666	818
666	920
667	694
667	814
667	1136
667	1521
670	1171
670	1411
672	678
672	734
672	1001
673	729
673	900
674	1189
674	2000
675	854
675	1750
676	803
676	1492
676	1879
677	1330
678	863
679	746
680	758
681	751
681	1707
683	737
683	1486
684	699
684	964
685	698
687	1672
688	922
689	903
690	695
692	1907
693	731
694	1715
696	943
696	946
696	971
696	1660
697	1210
698	1571
699	791
699	997
699	1061
699	1623
700	802
701	840
701	927
703	1240
703	1523
704	1365
704	1468
704	1619
705	941
705	1175
705	1748
706	760
706	942
706	1439
707	889
707	1624
707	1762
709	761
709	1109
709	1603
709	1888
711	1783
713	1503
714	754
714	847
715	1133
716	836
716	937
716	955
717	961
718	782
719	1329
719	1993
720	1805
721	778
721	792
721	1743
724	881
725	1076
725	1844
727	953
727	1510
727	1552
728	1449
729	1827
730	759
730	1574
732	897
733	743
734	1009
735	739
735	923
736	822
736	829
736	984
738	744
739	960
741	936
741	1753
742	843
742	1346
742	1747
743	767
743	1929
744	879
744	1080
745	991
747	861
749	785
749	845
749	875
750	1472
750	1593
751	811
751	924
753	1438
755	804
755	900
756	809
756	814
756	877
758	855
758	865
760	1656
760	1835
762	856
762	919
767	851
767	871
768	786
772	1821
773	921
773	998
774	824
774	1620
776	994
777	804
778	1232
781	841
781	978
781	1970
782	888
782	990
783	808
783	961
784	798
785	970
785	979
785	1811
787	797
788	1295
789	902
790	874
791	918
791	1317
791	1896
792	950
793	1198
794	899
794	1627
795	825
795	1218
796	1173
796	1515
799	833
799	868
800	1053
802	885
806	952
806	1237
806	1826
807	981
807	1884
808	1990
811	984
811	1358
815	899
816	1424
816	1906
817	1817
818	972
819	1925
820	1596
821	822
821	1632
821	1666
823	1925
826	944
828	1977
829	1239
831	1518
834	1256
839	907
841	1500
842	965
844	908
845	887
845	932
845	1182
846	1234
850	1791
852	1477
852	1508
853	1076
854	1258
855	857
855	905
855	1238
856	933
857	893
857	1624
857	1957
858	964
859	1319
859	1473
861	1994
863	901
864	1784
865	1461
867	974
867	1585
870	1515
870	1834
871	989
873	914
874	1295
875	1404
875	1407
876	1150
876	1809
877	954
877	1559
885	942
886	1532
891	1720
891	1869
892	921
892	965
893	1586
893	1643
894	995
894	1624
896	1586
901	1635
903	967
903	1482
904	1043
904	1221
904	1670
906	1902
908	1671
909	1386
909	1860
912	1630
915	1551
916	1607
919	1420
923	1069
923	1566
925	969
925	1209
928	1554
930	1922
933	1230
937	1154
937	1621
941	1604
942	1098
943	1714
945	1999
950	1406
951	978
952	1489
955	1405
955	1948
958	1801
959	976
960	985
964	1514
965	1437
966	1404
966	1995
967	1990
976	1573
977	1872
978	1529
979	1906
980	1977
981	1945
982	1195
982	1472
983	1830
986	1257
987	1889
989	1580
992	1946
995	1860
995	1967
997	1916
997	1966
1002	1003
1002	1009
1002	1010
1002	1012
1002	1014
1002	1018
1002	1022
1002	1035
1002	1067
1002	1145
1002	1224
1003	1004
1003	1005
1003	1006
1003	1007
1003	1024
1003	1039
1003	1040
1003	1062
1003	1114
1003	1184
1003	1341
1003	1726
1003	1929
1003	1982
1004	1011
1004	1051
1004	1068
1004	1099
1004	1165
1004	1410
1004	1546
1004	1558
1004	1646
1004	1663
1005	1006
1005	1007
1005	1013
1005	1021
1005	1033
1005	1046
1005	1061
1005	1113
1005	1127
1005	1157
1005	1243
1005	1264
1005	1286
1005	1324
1005	1396
1005	1575
1006	1009
1006	1012
1006	1014
1006	1015
1006	1042
1006	1068
1006	1073
1006	1135
1006	1140
1006	1201
1006	1222
1006	1375
1006	1430
1006	1693
1007	1008
1007	1010
1007	1015
1007	1019
1007	1022
1007	1037
1007	1152
1007	1172
1007	1315
1007	1846
1008	1013
1008	1017
1008	1025
1008	1026
1008	1028
1008	1030
1008	1058
1008	1138
1008	1216
1008	1254
1008	1354
1008	1761
1009	1011
1009	1018
1009	1059
1009	1124
1009	1158
1009	1187
1009	1305
1009	1631
1010	1016
1010	1023
1010	1027
1010	1096
1010	1107
1010	1137
1010	1314
1010	1322
1010	1445
1010	1723
1010	1880
1011	1044
1011	1047
1011	1075
1011	1092
1011	1129
1011	1131
1011	1268
1011	1431
1011	1560
1012	1017
1012	1038
1012	1059
1012	1169
1012	1187
1012	1662
1012	1824
1012	1965
1013	1016
1013	1023
1013	1041
1013	1061
1013	1199
1013	1228
1013	1276
1014	1066
1014	1072
1014	1103
1014	1121
1014	1132
1014	1144
1014	1227
1014	1351
1014	1561
1014	1833
1015	1021
1015	1024
1015	1047
1015	1056
1015	1067
1015	1078
1015	1119
1015	1209
1015	1220
1015	1273
1015	1367
1015	1368
1016	1057
1016	1070
1016	1074
1016	1104
1016	1116
1016	1238
1016	1503
1017	1019
1017	1020
1017	1029
1017	1084
1017	1098
1017	1153
1017	1174
1017	1179
1017	1405
1017	1851
1017	1891
1018	1028
1018	1031
1018	1032
1018	1069
1018	1082
1018	1140
1018	1142
1018	1205
1018	1255
1018	1421
1018	1538
1019	1020
1019	1147
1019	1470
1019	1871
1020	1031
1020	1053
1020	1170
1020	1321
1020	1434
1020	1552
1020	1988
1021	1025
1021	1026
1021	1027
1021	1046
1021	1063
1021	1094
1021	1153
1021	1312
1021	1356
1021	1357
1021	1417
1021	1452
1021	1474
1022	1034
1022	1049
1022	1065
1022	1095
1022	1181
1022	1239
1022	1605
1022	1731
1022	1894
1023	1060
1023	1283
1023	1296
1023	1624
1024	1033
1024	1049
1024	1136
1024	1532
1025	1080
1025	1151
1025	1165
1025	1168
1025	1219
1025	1311
1025	1750
1026	1041
1026	1053
1026	1071
1026	1093
1026	1105
1026	1109
1026	1210
1026	1609
1026	1623
1026	1651
1026	1675
1027	1030
1027	1038
1027	1362
1027	1395
1027	1576
1027	1649
1028	1029
1028	1043
1028	1080
1028	1527
1028	1652
1029	1032
1029	1039
1029	1044
1029	1100
1029	1134
1029	1161
1029	1172
1029	1231
1030	1035
1030	1036
1030	1069
1030	1183
1030	1422
1031	1036
1031	1127
1031	1373
1032	1034
1032	1042
1032	1050
1032	1055
1032	1058
1032	1089
1032	1133
1032	1197
1032	1229
1032	1762
1032	1912
1033	1043
1033	1071
1033	1075
1033	1110
1033	1133
1033	1169
1033	1358
1033	1731
1034	1040
1034	1045
1034	1077
1034	1111
1035	1037
1035	1063
1035	1199
1035	1256
1035	1275
1035	1290
1035	1337
1035	1374
1035	1436
1035	1898
1036	1091
1036	1116
1036	1138
1036	1150
1036	1220
1036	1429
1037	1076
1037	1161
1037	1255
1037	1496
1037	1696
1037	1792
1037	1810
1038	1086
1038	1123
1038	1135
1038	1141
1038	1180
1038	1194
1038	1950
1039	1051
1039	1292
1039	1411
1040	1045
1040	1060
1040	1100
1040	1149
1040	1154
1040	1216
1040	1277
1040	1287
1040	1292
1040	1326
1040	1491
1040	1801
1041	1050
1041	1052
1041	1111
1041	1228
1041	1232
1041	1267
1041	1805
1042	1052
1042	1055
1042	1072
1042	1074
1042	1094
1042	1097
1042	1117
1042	1316
1042	1385
1042	1515
1042	1837
1043	1048
1043	1079
1043	1082
1043	1106
1043	1130
1043	1346
1044	1108
1044	1365
1045	1048
1045	1298
1045	1408
1045	1477
1045	1635
1045	1665
1045	1820
1046	1054
1046	1089
1046	1102
1046	1156
1046	1214
1046	1572
1046	1722
1047	1057
1047	1107
1047	1113
1047	1245
1047	1257
1047	1519
1048	1056
1048	1083
1048	1084
1048	1092
1048	1384
1048	1648
1048	1718
1048	1793
1048	1816
1049	1145
1049	1177
1049	1237
1049	1398
1049	1670
1050	1141
1050	1209
1050	1247
1050	1364
1050	1464
1050	1570
1051	1065
1051	1077
1051	1095
1051	1120
1051	1176
1051	1332
1052	1104
1052	1112
1052	1123
1052	1131
1052	1394
1052	1960
1053	1211
1053	1284
1053	1320
1053	1978
1054	1130
1054	1144
1054	1319
1054	1522
1054	1552
1055	1088
1055	1099
1055	1202
1055	1406
1056	1062
1056	1064
1056	1079
1056	1173
1056	1182
1057	1096
1057	1269
1057	1451
1057	1517
1057	1629
1058	1302
1058	1334
1058	1450
1058	1497
1059	1066
1059	1260
1059	1614
1059	1881
1060	1120
1060	1259
1060	1797
1061	1110
1061	1122
1061	1194
1061	1265
1061	1331
1061	1387
1061	1712
1061	1807
1062	1064
1062	1090
1062	1223
1062	1257
1062	1362
1062	1818
1063	1085
1063	1155
1063	1283
1063	1856
1063	1900
1064	1081
1064	1124
1064	1142
1064	1168
1064	1213
1065	1081
1065	1212
1065	1395
1065	1465
1065	1470
1065	1746
1066	1070
1066	1076
1066	1087
1066	1090
1066	1098
1066	1115
1066	1118
1066	1125
1066	1155
1066	1240
1066	1248
1067	1091
1067	1119
1067	1256
1067	1298
1067	1303
1067	1473
1067	1759
1067	1807
1067	1898
1067	1903
1068	1102
1068	1286
1068	1499
1069	1476
1069	1682
1069	1700
1070	1093
1070	1366
1070	1742
1070	1895
1070	1946
1071	1085
1071	1167
1071	1230
1071	1321
1071	1841
1072	1073
1072	1167
1072	1323
1072	1382
1072	1989
1074	1356
1074	1390
1074	1778
1074	1963
1075	1087
1075	1148
1075	1159
1075	1186
1075	1226
1076	1132
1076	1265
1076	1370
1076	1760
1077	1078
1077	1083
1077	1086
1077	1279
1077	1318
1077	1684
1077	1689
1078	1210
1078	1242
1078	1329
1079	1101
1079	1150
1079	1439
1079	1690
1080	1148
1080	1271
1080	1424
1080	1522
1081	1126
1081	1491
1081	1523
1082	1125
1082	1186
1082	1281
1082	1415
1082	1603
1083	1146
1083	1188
1083	1241
1083	1323
1083	1347
1083	1463
1084	1088
1084	1115
1084	1162
1084	1178
1084	1617
1084	1844
1085	1201
1085	1492
1085	1627
1085	1659
1085	1789
1086	1126
1086	1637
1086	1736
1087	1106
1087	1225
1087	1535
1087	1719
1088	1103
1088	1117
1088	1217
1088	1698
1089	1160
1089	1202
1089	1208
1089	1343
1089	1406
1089	1569
1089	1679
1090	1179
1090	1192
1090	1650
1090	1668
1090	1931
1091	1108
1091	1191
1091	1368
1091	1525
1092	1134
1092	1152
1092	1163
1092	1417
1092	1643
1092	1998
1093	1112
1093	1114
1093	1174
1093	1190
1093	1245
1093	1261
1093	1276
1093	1435
1094	1151
1094	1601
1094	1604
1095	1157
1095	1188
1095	1329
1095	1601
1095	1878
1096	1097
1096	1101
1096	1118
1096	1234
1096	1345
1096	1554
1096	1654
1097	1591
1098	1139
1098	1288
1099	1143
1099	1348
1099	1484
1099	1570
1099	1750
1099	1771
1100	1916
1101	1405
1101	1547
1101	1592
1102	1109
1102	1166
1102	1328
1102	1714
1102	1868
1103	1105
1103	1205
1103	1218
1103	1249
1103	1819
1103	1966
1104	1137
1104	1147
1104	1251
1104	1440
1105	1162
1105	1171
1105	1217
1105	1246
1105	1399
1105	1419
1105	1461
1105	1736
1106	1128
1106	1207
1106	1278
1106	1608
1106	1633
1106	1984
1107	1121
1107	1299
1107	1305
1107	1340
1107	1619
1107	1865
1108	1173
1108	1177
1108	1182
1108	1258
1108	1280
1108	1385
1108	1713
1109	1252
1109	1896
1109	1897
1110	1136
1110	1450
1111	1164
1111	1184
1111	1229
1111	1317
1111	1325
1111	1688
1111	1738
1112	1128
1112	1203
1112	1404
1112	1653
1113	1391
1113	1591
1113	1702
1114	1122
1114	1176
1114	1212
1114	1389
1114	1424
1114	1517
1114	1717
1115	1139
1115	1156
1115	1518
1115	1838
1115	1935
1116	1304
1116	1475
1116	1520
1117	1236
1117	1270
1117	1516
1117	1581
1117	1611
1117	1645
1117	1647
1118	1444
1118	1472
1118	1478
1119	1166
1119	1175
1119	1577
1119	1920
1120	1129
1120	1237
1120	1631
1120	1826
1121	1193
1121	1426
1121	1481
1121	1705
1122	1180
1122	1308
1122	1352
1122	1892
1123	1244
1123	1360
1123	1529
1123	1817
1123	2001
1124	1250
1124	1252
1124	1427
1124	2000
1125	1204
1125	1733
1125	1744
1125	1843
1125	1875
1126	1185
1126	1258
1126	1338
1126	1449
1126	1553
1126	1583
1127	1183
1127	1239
1127	1343
1128	1189
1128	1360
1128	1842
1129	1171
1129	1200
1129	1347
1129	1393
1129	1497
1130	1154
1130	1800
1130	1000
1131	1143
1131	1268
1131	1485
1131	1782
1131	1923
1132	1376
1132	1728
1133	1158
1133	1206
1133	1597
1133	1643
1133	1667
1134	1262
1135	1221
1135	1599
1135	1756
1136	1545
1136	1607
1137	1668
1137	1692
1137	1727
1137	1780
1137	1834
1137	1970
1138	1160
1138	1372
1138	1492
1138	1942
1139	1260
1139	1335
1139	1468
1139	1656
1139	1812
1140	1196
1140	1725
1141	1146
1141	1490
1141	1806
1141	1893
1142	1175
1142	1214
1142	1271
1142	1327
1142	1438
1143	1163
1143	1170
1143	1195
1143	1235
1143	1299
1143	1486
1143	1894
1144	1191
1144	1200
1144	1240
1144	1593
1144	1933
1145	1916
1146	1262
1146	1281
1146	1441
1146	1704
1146	1832
1147	1540
1147	1608
1148	1149
1148	1748
1149	1314
1149	1377
1149	1410
1149	1437
1149	1628
1150	1164
1150	1185
1150	1189
1150	1203
1151	1196
1151	1285
1151	1462
1151	1573
1151	1744
1152	1435
1152	1536
1152	1641
1152	1951
1153	1804
1154	1219
1154	1317
1154	1429
1154	1653
1155	1225
1156	1204
1156	1445
1156	1471
1156	1798
1157	1223
1157	1238
1157	1303
1157	1336
1157	1431
1157	1728
1157	1777
1158	1159
1158	1488
1158	1602
1158	1703
1158	1981
1159	1461
1159	1524
1159	1577
1159	1837
1159	1903
1160	1266
1160	1284
1160	1432
1160	1921
1161	1178
1161	1243
1161	1418
1161	1566
1161	1813
1162	1206
1162	1320
1162	1341
1162	1510
1162	1732
1162	1785
1163	1350
1163	1976
1165	1192
1165	1739
1166	1374
1166	1576
1166	1583
1167	1527
1167	1621
1168	1479
1168	1860
1170	1863
1171	1248
1171	1371
1172	1297
1172	1306
1172	1336
1172	1490
1172	1748
1173	1235
1173	1411
1173	1990
1175	1224
1175	1230
1175	1309
1175	1586
1176	1901
1177	1195
1177	1933
1177	1952
1178	1267
1178	1293
1178	1342
1179	1181
1179	1221
1179	1291
1179	1484
1179	1816
1179	1911
1180	1198
1181	1231
1181	1361
1181	1370
1181	1409
1181	1486
1182	1254
1182	1334
1182	1388
1182	1425
1183	1211
1183	1251
1183	1397
1183	1651
1183	1948
1184	1324
1185	1300
1185	1308
1185	1609
1185	1649
1185	1721
1185	1955
1187	1190
1187	1864
1188	1197
1188	1263
1188	1767
1189	1198
1189	1208
1189	1459
1189	1556
1189	1901
1189	1991
1190	1307
1190	1315
1190	1331
1190	1681
1191	1218
1191	1318
1191	1353
1191	1369
1191	1396
1191	1539
1192	1193
1192	1440
1192	1706
1192	1994
1193	1222
1193	1339
1193	1454
1193	1513
1194	1227
1194	1378
1194	1661
1194	1867
1195	1215
1195	1306
1196	1295
1196	1307
1196	1413
1196	1489
1196	1531
1197	1234
1197	1367
1197	1641
1197	1803
1197	1990
1198	1232
1198	1482
1198	1663
1198	1679
1198	1785
1199	1213
1199	1655
1199	1760
1199	1906
1200	1249
1200	1553
1200	1642
1200	1828
1201	1920
1202	1273
1202	1289
1202	1366
1202	1685
1203	1226
1203	1247
1203	1965
1204	1266
1204	1333
1204	1555
1204	1957
1205	1291
1205	1359
1205	1365
1205	1735
1205	1790
1206	1207
1206	1253
1206	1259
1206	1312
1206	1419
1206	1658
1206	1755
1206	1821
1207	1233
1207	1269
1207	1354
1208	1295
1208	1381
1208	1480
1209	1244
1210	1236
1210	1253
1210	1349
1210	1444
1211	1342
1211	1355
1211	1575
1212	1373
1212	1442
1212	1595
1212	1905
1213	1394
1213	1712
1214	1387
1214	1994
1215	1421
1215	1993
1216	1335
1216	1383
1216	1402
1216	1805
1217	1270
1217	1506
1217	1533
1217	1619
1218	1290
1218	1415
1218	1539
1219	1848
1220	1263
1220	1322
1220	1458
1221	1278
1221	1294
1221	1325
1221	1364
1221	1865
1221	1966
1222	1274
1222	1313
1222	1449
1222	1456
1222	1571
1223	1233
1223	1246
1223	1408
1224	1242
1224	1372
1224	1548
1224	1602
1225	1289
1225	1296
1225	1393
1225	1782
1226	1301
1226	1319
1226	1412
1226	1422
1226	1436
1226	1582
1228	1287
1228	1304
1228	1529
1228	1562
1229	1587
1230	1241
1230	1735
1230	1756
1230	1843
1231	1338
1231	1867
1232	1588
1232	1628
1232	1887
1233	1534
1233	1543
1233	1665
1233	1956
1234	1250
1234	1638
1234	1969
1237	1613
1238	1348
1238	1432
1239	1616
1240	1316
1240	1483
1240	1934
1241	1579
1242	1751
1242	1850
1243	1386
1243	1699
1244	1614
1245	1272
1245	1390
1245	1437
1245	1507
1245	1839
1246	1426
1246	1725
1246	1773
1246	1789
1247	1380
1247	1479
1247	1518
1247	1535
1247	1851
1248	1371
1248	1551
1248	1558
1249	1301
1249	1379
1249	1403
1249	1423
1250	1297
1250	1404
1250	1423
1251	1533
1251	1770
1252	1274
1252	1652
1252	1967
1253	1282
1253	1542
1253	1906
1254	1261
1254	1414
1254	1862
1255	1815
1255	1940
1256	1280
1256	1676
1256	1700
1257	1339
1257	1433
1257	1808
1258	1455
1258	1493
1259	1618
1259	1794
1259	1909
1260	1277
1260	1532
1260	1630
1261	1330
1261	1363
1261	1549
1261	1672
1262	1462
1262	1526
1263	1377
1263	1391
1264	1646
1264	1873
1264	1926
1265	1293
1265	1355
1265	1519
1265	1673
1265	1692
1265	1868
1265	1871
1266	1279
1267	1831
1267	1899
1268	1275
1268	1285
1268	1467
1268	1722
1269	1272
1269	1485
1269	1556
1270	1413
1271	1407
1271	1473
1271	1495
1271	1681
1272	1669
1272	1747
1273	1447
1273	1568
1274	1460
1275	1447
1276	1416
1276	1466
1276	1506
1276	1596
1276	1755
1277	1282
1277	1302
1278	1397
1278	1448
1278	1589
1279	1834
1281	1310
1281	1311
1281	1541
1281	1579
1282	1288
1282	1381
1282	1382
1282	1384
1283	1333
1283	1469
1284	1294
1284	1505
1284	1588
1284	1666
1284	1822
1284	1860
1285	1825
1286	1400
1286	1632
1287	1622
1287	1752
1287	1872
1288	1876
1289	1661
1289	1689
1290	1795
1291	1399
1292	1332
1293	1524
1293	1611
1293	1671
1294	1300
1294	1340
1294	1733
1295	1428
1295	1452
1295	1587
1295	1786
1295	1809
1295	1853
1296	1310
1296	1466
1296	1483
1296	1836
1297	1383
1297	1392
1298	1359
1298	1458
1299	1313
1299	1980
1300	1309
1300	1353
1301	1401
1301	1955
1301	1985
1302	1457
1303	1407
1303	1474
1303	1542
1303	1710
1303	1764
1303	1784
1304	1326
1304	1827
1304	1844
1305	1439
1305	1503
1306	1594
1307	1493
1307	1677
1307	1678
1308	1344
1308	1349
1309	1498
1309	1749
1310	1790
1310	1949
1310	1956
1310	1991
1311	1501
1312	1337
1312	1363
1312	1549
1312	1616
1313	1508
1314	1537
1314	1667
1314	1701
1314	1853
1315	1585
1315	1974
1316	1330
1316	1438
1316	1516
1317	1379
1317	1478
1317	1599
1317	1769
1317	1791
1317	1858
1318	1740
1319	1328
1319	1361
1319	1392
1319	1400
1320	1866
1321	1584
1322	1344
1322	1494
1322	1523
1324	1402
1325	1345
1325	1346
1325	1811
1326	1327
1326	1472
1326	1817
1326	1999
1327	1375
1327	1477
1327	1528
1327	1630
1327	1830
1328	1941
1329	1414
1329	1442
1329	1572
1330	1350
1330	1829
1331	1590
1332	1680
1332	1696
1332	1904
1333	1701
1334	1739
1334	1827
1336	1543
1336	1585
1338	1508
1338	1745
1338	1995
1340	1536
1340	1687
1340	1768
1341	1501
1341	1778
1342	1369
1342	1963
1343	1351
1344	1352
1344	1434
1344	1526
1345	1716
1346	1633
1347	1358
1347	1446
1347	1448
1347	1499
1347	1889
1347	1890
1349	1376
1349	1455
1349	1640
1350	1945
1351	1357
1351	1555
1351	1640
1351	1738
1352	1386
1352	1460
1352	1476
1352	1481
1352	1693
1353	1546
1353	1758
1355	1380
1356	1389
1356	1541
1356	1855
1357	1388
1357	1683
1358	1465
1358	1571
1358	1779
1358	1806
1359	1412
1359	1467
1359	1841
1360	1459
1360	1487
1360	1835
1361	1511
1362	1378
1362	1441
1362	1443
1363	1401
1363	1418
1363	1537
1363	1808
1363	1850
1364	1596
1364	1669
1364	1959
1365	1427
1365	1948
1366	1606
1366	1772
1366	1992
1367	1454
1367	1638
1367	1783
1368	1675
1368	1745
1369	1463
1370	1443
1370	1623
1371	1416
1371	1982
1372	1560
1373	1398
1373	1832
1374	1469
1374	1709
1375	1566
1375	1891
1376	1564
1376	1650
1376	1872
1377	1721
1377	1861
1378	1563
1380	1824
1380	1937
1381	1528
1381	1698
1382	1504
1382	1708
1383	1615
1383	1708
1384	1604
1384	1759
1384	1838
1384	1971
1385	1512
1385	1624
1385	1697
1385	1727
1386	1500
1386	1509
1386	1573
1387	1403
1387	1409
1387	1480
1388	1545
1390	1430
1390	1520
1390	1559
1390	1776
1391	1502
1392	1504
1393	1595
1393	1654
1394	1456
1394	1984
1395	1890
1396	1657
1396	1685
1398	1676
1399	1425
1399	1574
1401	1578
1401	1589
1401	1772
1402	1930
1403	1557
1404	1507
1404	1564
1405	1922
1406	1428
1406	1952
1406	1981
1408	1505
1408	1688
1410	1420
1410	1594
1410	1734
1410	1896
1411	1446
1411	1498
1411	1511
1411	1690
1413	1600
1415	1671
1415	1780
1416	1468
1416	1993
1417	1433
1417	1694
1418	1420
1418	1711
1419	1719
1420	1926
1420	1972
1422	1451
1422	1482
1422	1763
1423	1538
1423	1660
1424	1453
1424	1603
1424	1632
1424	1888
1425	1475
1425	1574
1425	1710
1425	1949
1427	1531
1427	1870
1427	1997
1428	1550
1428	1763
1428	1944
1429	1551
1429	1568
1429	1605
1429	1909
1430	1562
1431	1764
1432	1514
1432	1561
1432	1610
1432	1854
1433	1489
1434	1598
1435	1554
1435	1720
1435	1917
1436	1565
1436	1840
1437	1626
1438	1974
1440	1703
1440	1983
1441	1457
1443	1525
1443	1620
1444	1534
1444	1766
1445	1453
1445	1500
1445	1548
1445	1877
1446	1496
1446	1800
1447	1691
1447	1775
1448	1559
1449	1495
1451	1644
1452	1590
1452	1810
1452	1831
1454	1852
1455	1464
1456	1626
1457	1593
1457	1968
1459	1471
1460	1908
1461	1487
1461	1488
1462	1509
1462	1620
1462	1729
1462	1976
1464	1829
1465	1836
1466	1873
1467	1642
1468	1908
1468	1939
1469	1514
1470	1510
1470	1656
1471	1550
1471	1687
1471	1713
1472	1753
1474	1563
1474	1606
1474	1754
1477	1578
1478	1521
1478	1547
1478	1625
1478	1644
1479	1512
1479	1618
1479	1724
1479	1884
1480	1513
1480	1848
1481	1569
1481	1686
1481	1996
1483	1695
1483	1714
1485	1724
1486	1582
1486	1730
1486	1846
1488	1919
1489	1699
1490	1502
1490	1928
1491	1494
1491	1796
1492	1567
1492	1658
1492	1757
1493	1709
1495	1988
1496	1521
1496	1544
1497	1612
1497	1655
1497	1686
1497	1882
1498	1765
1499	1697
1502	1775
1503	1612
1503	1662
1503	1677
1503	1944
1504	1975
1505	1726
1505	1826
1506	1787
1506	1913
1507	1586
1507	1802
1510	1674
1511	1820
1512	1530
1512	1597
1512	1765
1512	1835
1513	1622
1513	1657
1514	1822
1516	1627
1516	1958
1516	1000
1517	1773
1518	1592
1518	1866
1518	1950
1519	1557
1519	1768
1520	1530
1520	1720
1520	1000
1521	1682
1521	1767
1522	1615
1522	1666
1522	1771
1522	1799
1524	1774
1524	1779
1525	1674
1527	1964
1529	1540
1529	1639
1530	1913
1531	1634
1531	1647
1531	1927
1533	1874
1533	1927
1534	2000
1535	1580
1536	1581
1536	1723
1538	1544
1540	1678
1540	1742
1543	1567
1543	1636
1545	1758
1545	1776
1547	1673
1548	1580
1548	1598
1548	1715
1549	1804
1550	1648
1550	1823
1553	1600
1553	1625
1555	1788
1555	1814
1556	1664
1556	1670
1556	1869
1557	1740
1559	1995
1560	1565
1562	1910
1563	1610
1564	1634
1565	1917
1566	1849
1567	1683
1567	1819
1567	1842
1568	1645
1568	1821
1569	1621
1569	1964
1571	1803
1572	1617
1576	1639
1576	1695
1580	1863
1581	1880
1582	1781
1583	1584
1583	1664
1585	1741
1585	1987
1586	1752
1587	1635
1591	1973
1594	1729
1596	1637
1598	1716
1598	1734
1598	1943
1599	1883
1599	1986
1600	1823
1601	1929
1602	1613
1603	1607
1604	1659
1604	1960
1605	1795
1606	1718
1608	1847
1609	1809
1609	1971
1610	1706
1611	1918
1612	1694
1612	1877
1612	1882
1612	1892
1613	1910
1613	1915
1613	1946
1614	1746
1614	1874
1616	1814
1616	1928
1617	1715
1618	1947
1622	1636
1622	1761
1624	1629
1625	1684
1626	1934
1627	1783
1627	1784
1627	1930
1630	1899
1630	1923
1631	1717
1632	1861
1634	1932
1636	1737
1638	1691
1638	1999
1646	1702
1646	1711
1646	1741
1646	1786
1647	1762
1647	1889
1649	1680
1649	1857
1650	1757
1653	1961
1654	1751
1654	1769
1654	1777
1654	1951
1656	1743
1656	1941
1657	1859
1658	1660
1659	1774
1661	1945
1662	1749
1663	1707
1664	1672
1665	1737
1666	1881
1666	1885
1668	1900
1671	1801
1671	1977
1672	1979
1675	1730
1675	1914
1676	1747
1677	1893
1680	1705
1680	1885
1682	1743
1682	1936
1685	1707
1686	1830
1688	1797
1688	1914
1689	1811
1690	1766
1690	1852
1690	1886
1692	1942
1695	1855
1696	1888
1696	1907
1698	1791
1699	1902
1700	1961
1701	1704
1705	1770
1705	1997
1707	1812
1709	1754
1709	1925
1710	1869
1711	1887
1712	1813
1712	1972
1714	1753
1714	1839
1718	1936
1719	1845
1722	1792
1725	1967
1727	1954
1736	1897
1736	1912
1736	1959
1737	1787
1737	1796
1737	1818
1737	1931
1738	1794
1740	1802
1741	1788
1742	1825
1742	1856
1743	1940
1747	1833
1749	1879
1751	1924
1752	1939
1756	1793
1756	1911
1756	1962
1758	1799
1759	1858
1760	1781
1766	1884
1768	1815
1773	1937
1776	1962
1777	1977
1779	1905
1790	1985
1794	1904
1796	1978
1797	1798
1798	1859
1807	1847
1808	1919
1811	1840
1811	1845
1813	1915
1814	1907
1816	1879
1819	1925
1824	1828
1827	1854
1827	1876
1827	1998
1829	1953
1830	1938
1832	1883
1834	1878
1835	1857
1835	1864
1836	1902
1837	1921
1843	1849
1844	1918
1849	1924
1850	1992
1857	1958
1860	1862
1860	1932
1863	1875
1866	1870
1866	1953
1869	1983
1873	1989
1876	1986
1882	1886
1884	1895
1884	1922
1884	1980
1893	1938
1911	1996
1916	1947
1917	1957
1920	1954
1920	1969
1923	1935
1924	1970
1927	1943
1930	1975
1956	1979
1956	2001
1957	1968
1966	1973
1984	1987
