2002	0
0	1
0	2
0	3
0	6
0	7
0	11
0	24
0	26
0	51
0	60
0	63
0	69
0	145
0	146
1	2
1	3
1	5
1	8
1	16
1	31
1	33
1	37
1	85
1	92
1	344
1	351
1	413
1	439
1	821
2	4
2	6
2	7
2	10
2	18
2	38
2	59
2	114
2	267
2	307
2	326
2	960
3	5
3	9
3	12
3	14
3	22
3	23
3	26
3	27
3	144
3	200
3	217
3	234
3	303
3	538
3	910
4	8
4	16
4	43
4	47
4	76
4	915
4	1346
4	1654
5	12
5	57
5	129
5	202
5	216
5	503
5	705
5	768
5	882
6	14
6	15
6	19
6	35
6	115
6	116
6	649
6	833
6	868
7	9
7	178
7	376
7	392
7	484
8	19
8	30
8	34
8	53
8	64
8	112
8	208
8	213
8	270
8	334
8	349
8	507
8	870
9	11
9	20
9	46
9	67
9	72
10	15
10	38
10	50
10	89
10	103
10	116
10	229
10	414
10	741
11	13
11	17
11	29
11	71
11	91
11	132
11	363
11	459
11	858
12	13
12	21
12	56
12	81
12	227
12	329
12	645
13	17
13	28
13	39
13	66
13	94
13	199
13	373
13	476
13	504
13	594
14	18
14	22
14	36
14	61
14	68
14	90
14	305
14	478
14	602
14	699
15	86
15	97
15	108
15	127
15	133
15	141
15	201
15	233
15	248
15	565
16	21
16	28
16	37
16	134
16	156
16	304
16	347
17	20
17	25
17	32
17	44
17	159
17	210
17	949
18	52
18	58
18	166
18	403
18	421
18	423
18	435
18	509
18	514
18	526
18	771
18	1240
19	73
19	84
19	238
19	382
19	505
19	581
20	33
20	77
20	113
20	367
20	1391
21	23
21	32
21	66
21	69
21	70
21	103
21	225
21	248
21	434
21	736
21	1326
22	25
22	51
22	76
22	307
22	1822
23	24
23	43
23	140
23	147
23	227
23	240
23	1362
24	48
24	160
24	275
24	384
24	433
24	1067
25	27
25	50
25	73
25	120
25	122
25	182
25	843
26	29
26	40
26	55
26	59
26	65
26	102
26	113
26	121
26	171
26	727
26	1326
27	30
27	34
27	125
27	185
27	267
27	772
28	31
28	53
28	54
28	176
28	260
28	516
29	36
29	57
29	555
30	54
30	58
30	62
30	80
30	99
30	117
30	160
30	264
30	499
30	671
31	44
31	93
31	175
31	399
31	834
31	1193
32	74
32	82
32	95
32	119
32	136
32	176
32	269
32	334
32	353
32	379
32	428
33	41
33	74
33	117
33	403
33	475
33	791
34	35
34	45
34	48
34	49
34	65
34	93
34	161
34	266
34	269
34	284
34	339
34	627
34	1431
34	1536
35	41
35	55
35	64
35	276
35	330
35	548
36	79
36	83
36	126
36	271
36	294
36	296
36	491
36	553
36	928
37	309
37	345
37	440
38	40
38	42
38	96
38	131
38	253
38	450
38	1268
39	115
39	238
39	331
39	721
40	42
40	61
40	70
40	178
40	193
40	546
40	754
40	862
41	78
41	98
41	123
41	142
41	731
41	1767
42	63
42	141
42	177
42	431
43	52
43	222
43	332
43	600
43	838
44	45
44	102
44	150
44	153
44	290
44	466
44	973
45	46
45	49
45	72
45	95
45	138
45	436
45	528
45	892
45	987
45	1051
46	47
46	60
46	87
46	146
46	159
46	279
46	293
46	321
46	439
46	482
46	532
46	990
47	276
47	377
47	406
47	806
48	68
48	104
48	202
48	291
48	302
48	404
48	498
48	581
48	896
48	960
48	981
49	56
49	67
49	127
49	191
49	231
49	543
49	831
49	994
50	91
50	105
50	128
50	152
50	154
50	232
50	302
50	337
50	365
50	372
50	532
50	624
50	1851
51	88
51	139
51	440
51	473
51	506
51	640
52	118
52	172
52	192
52	261
52	338
53	180
53	315
53	450
53	743
53	935
53	1251
53	1437
54	77
54	79
54	105
54	197
54	736
54	995
55	62
55	110
55	151
55	171
55	179
55	220
55	539
55	899
56	75
56	85
56	125
56	197
56	614
56	906
57	104
57	108
57	445
57	472
57	706
58	88
58	587
58	622
58	983
59	247
59	315
59	641
60	97
60	134
60	546
60	890
60	920
61	109
61	249
61	1363
61	1654
61	1825
61	1830
62	124
62	195
62	415
62	463
62	1700
62	1724
63	111
63	185
63	222
63	410
63	417
63	515
63	589
64	78
64	173
64	282
64	348
64	1914
65	75
65	121
65	397
65	549
65	867
66	320
66	359
66	566
66	747
67	137
67	251
67	327
67	716
67	995
68	80
68	84
68	292
68	314
69	193
69	211
69	212
69	429
70	71
70	130
70	136
70	189
70	198
70	244
70	360
70	660
70	674
71	384
71	413
71	753
72	118
72	168
72	174
72	353
72	734
73	110
73	254
73	313
73	1614
74	256
75	98
75	99
75	101
75	120
75	135
75	259
75	338
75	457
75	610
75	1604
75	1986
76	87
76	133
76	144
76	150
76	173
76	188
76	219
76	250
76	308
76	340
76	361
76	501
76	549
76	850
77	83
77	537
77	589
77	610
77	669
78	124
78	690
78	1033
79	81
79	82
79	89
79	180
79	483
79	490
79	925
79	1768
80	930
81	107
81	112
81	138
81	175
81	207
81	258
82	86
82	90
82	92
82	100
82	111
82	169
82	211
82	321
82	361
82	996
82	1396
83	163
83	165
83	170
83	218
83	313
83	455
83	1747
84	217
84	231
84	374
84	592
85	100
85	145
85	655
85	677
85	728
85	941
85	968
86	142
86	149
86	270
86	408
86	819
86	883
86	963
87	140
87	148
87	441
87	633
87	635
87	689
88	154
88	161
88	230
88	363
88	402
88	1033
89	106
89	107
89	316
89	336
89	352
89	623
89	1240
89	1247
90	96
90	214
90	480
90	606
91	94
91	139
91	174
91	243
91	263
91	264
92	148
92	196
92	312
92	354
92	433
93	109
93	114
93	182
93	240
93	563
94	181
94	282
94	564
94	597
94	667
95	295
95	659
95	1526
96	106
96	119
96	237
96	396
96	845
96	1556
97	101
97	153
97	364
97	691
97	811
98	151
98	162
98	1166
99	210
99	297
99	494
99	680
100	277
100	533
101	423
102	131
102	179
102	329
103	163
103	239
103	317
104	205
104	325
104	355
104	404
104	444
104	737
104	774
104	936
104	1388
105	126
105	192
105	194
105	245
105	284
105	480
105	487
105	506
105	1633
105	1887
106	122
106	183
106	249
106	477
106	583
106	626
106	641
106	922
106	1609
107	167
107	418
107	692
108	162
108	491
108	716
108	1386
109	149
109	158
109	242
109	636
109	796
109	1637
110	232
110	765
111	164
111	481
111	666
112	158
112	199
112	203
112	375
112	554
113	130
113	168
113	288
113	377
113	879
113	1892
114	132
114	616
114	961
115	186
115	215
115	292
115	395
115	412
115	576
115	733
115	911
117	157
117	503
117	558
117	946
117	964
117	1685
118	128
118	216
118	258
118	271
118	1485
119	135
119	221
119	299
119	322
119	813
120	226
120	233
120	311
120	648
120	900
121	123
121	235
121	266
121	790
122	129
122	137
122	285
122	305
122	354
122	357
122	453
122	751
122	1572
123	398
124	187
124	254
124	273
124	448
124	611
125	215
125	256
125	595
126	147
126	155
126	191
126	554
126	567
126	637
127	156
127	226
127	236
127	351
127	381
128	143
128	194
128	219
128	255
128	907
129	157
129	527
129	840
129	1101
130	324
130	686
130	766
131	272
131	356
132	230
132	317
132	535
132	627
132	809
132	1172
132	1870
133	172
133	177
133	366
133	396
133	412
133	472
133	675
133	947
133	1756
134	155
134	184
134	208
134	380
134	406
134	835
134	1618
134	1717
135	143
135	358
135	446
136	679
137	164
137	274
137	966
137	1741
138	383
139	281
139	341
139	818
139	1467
140	167
140	189
140	244
140	265
140	310
140	448
140	530
140	698
141	152
142	166
142	1072
143	252
143	387
143	1066
144	165
144	255
144	272
144	422
144	1107
145	196
145	236
145	265
146	228
146	529
146	1500
147	201
147	221
147	241
147	247
147	670
147	747
147	973
147	999
148	257
148	425
148	542
149	186
149	251
149	283
149	330
149	391
149	940
150	198
150	529
150	853
151	183
151	223
151	397
152	411
152	994
152	1472
153	206
153	391
153	1284
154	865
154	881
154	939
155	187
155	229
155	277
155	617
155	662
155	702
155	801
156	224
156	383
156	632
157	461
157	1375
158	242
158	388
158	511
158	525
158	677
159	207
159	285
159	664
159	889
159	934
160	170
160	181
160	309
160	369
160	481
160	852
161	275
161	286
161	479
161	499
161	1411
162	299
163	209
163	799
163	1287
164	184
164	619
165	169
165	684
165	842
165	885
166	209
166	378
166	452
166	551
166	648
166	672
167	224
167	430
167	974
167	1239
167	1841
168	190
168	228
168	297
168	1930
169	454
169	468
169	525
169	561
169	1319
170	643
171	234
171	379
171	520
171	561
172	213
172	346
172	744
172	1139
173	195
173	301
174	204
174	218
174	609
174	1712
175	414
175	818
176	239
176	909
176	1107
177	206
178	328
178	341
178	1311
178	1585
179	454
180	188
180	294
180	656
180	972
181	204
181	212
181	508
181	1681
182	225
182	261
182	359
182	424
182	569
182	652
182	1276
182	1651
183	335
183	510
184	235
184	628
184	629
184	1005
184	1492
185	544
185	752
185	758
185	1198
186	316
186	623
186	753
187	262
187	372
187	495
187	519
187	1220
188	190
188	245
188	259
188	319
188	343
188	407
188	502
188	651
188	1928
189	223
189	260
189	320
189	508
189	540
190	257
190	769
190	857
191	380
191	548
191	702
191	730
192	393
192	431
192	523
192	528
193	447
194	793
195	205
196	312
196	654
196	796
197	241
197	1436
198	200
198	203
198	588
198	618
198	1802
199	288
200	469
200	1522
201	280
201	298
201	368
202	364
202	773
202	874
203	237
203	408
203	409
203	639
203	1661
204	268
204	306
204	436
204	485
204	1341
204	1600
205	389
205	392
205	500
205	876
205	1620
206	287
206	298
206	562
206	773
208	214
208	823
209	426
209	493
209	625
209	658
209	1492
210	434
211	220
211	749
212	243
212	250
212	620
212	996
213	287
213	343
213	427
213	688
213	1539
214	246
214	303
214	1421
215	318
215	370
215	482
215	775
215	945
216	273
216	324
216	572
216	1398
216	1703
216	1992
217	286
217	323
217	405
217	557
217	614
217	1839
218	1439
219	291
219	322
219	435
219	726
220	492
220	617
220	630
220	877
221	263
222	278
222	280
222	281
222	515
222	841
223	608
223	788
224	290
224	713
224	811
224	822
225	283
225	429
225	451
226	295
226	310
226	314
226	738
226	751
226	864
226	877
226	1199
227	289
227	631
227	768
227	770
227	924
228	1714
229	489
229	638
230	805
230	940
231	296
231	369
231	459
231	785
233	252
233	407
233	635
233	732
233	1681
234	342
235	605
236	471
236	661
236	713
237	449
237	466
237	793
239	253
239	790
239	958
239	1819
240	340
240	509
240	591
241	246
241	897
242	419
242	427
242	700
242	797
243	328
243	339
243	437
243	861
243	906
244	521
245	325
246	268
246	278
246	507
247	789
247	1465
248	262
248	350
248	362
248	911
249	690
250	333
250	910
251	318
251	897
252	345
252	417
252	420
252	562
252	830
253	279
253	762
253	1020
254	385
254	1775
255	533
256	300
256	306
256	411
257	647
257	814
257	853
258	304
258	496
258	849
258	1608
258	1901
259	348
259	355
259	976
259	1650
260	367
260	988
261	389
261	594
261	676
262	274
262	933
263	301
264	300
264	410
264	1402
265	486
265	707
265	936
266	390
266	722
266	854
266	913
266	951
267	919
267	1806
268	350
268	360
268	782
268	1227
269	332
269	494
269	738
269	761
269	905
269	983
270	349
270	474
270	1679
271	517
272	366
272	456
272	931
273	344
273	432
273	447
273	729
274	419
274	571
274	625
274	807
275	552
275	601
275	945
275	1526
276	980
277	457
277	1069
277	1665
278	358
278	402
278	426
278	485
278	719
278	752
278	1775
279	659
280	1326
281	575
281	598
282	430
282	775
282	1031
282	1337
283	442
283	678
284	674
284	946
284	958
285	308
285	362
285	492
285	523
285	1551
285	1594
286	371
286	639
286	990
287	289
287	526
288	827
289	346
289	470
289	498
289	717
290	293
290	335
290	336
290	799
291	342
291	484
291	545
291	556
292	326
292	357
294	401
294	647
294	795
294	943
295	923
296	386
296	495
296	596
297	395
297	493
297	603
297	696
297	748
298	319
298	400
298	953
300	337
300	615
300	673
300	869
301	583
301	782
301	1081
302	686
303	464
303	577
304	331
304	902
304	1030
305	323
306	741
307	601
307	631
308	352
308	603
308	837
308	880
308	1311
309	373
309	827
309	896
309	937
309	1383
310	311
310	327
310	444
311	401
311	844
313	512
313	580
313	585
313	689
313	1019
313	1948
314	370
314	388
314	458
314	612
314	832
315	762
316	399
316	718
316	918
316	1579
317	368
317	400
317	518
317	1933
318	488
318	984
319	921
320	333
320	607
320	786
321	371
321	424
321	633
321	1216
321	1418
322	1880
323	743
323	765
324	356
324	445
324	903
325	365
325	620
325	693
325	714
326	536
326	593
326	833
327	385
327	387
327	470
327	1449
328	376
328	441
328	453
328	518
329	347
329	527
329	698
330	550
330	966
330	1518
331	374
331	934
331	1978
332	375
332	416
332	428
332	657
332	1307
332	1424
333	695
333	726
333	731
333	746
333	766
333	820
333	1324
334	1520
334	1716
335	422
335	619
335	1793
336	382
336	394
336	764
336	794
336	917
337	468
337	673
337	797
337	1060
337	1462
338	460
338	479
338	519
338	709
338	712
338	756
338	812
338	1822
339	386
339	398
339	473
339	644
339	1242
339	1258
340	576
342	537
343	676
343	999
344	595
344	642
344	843
344	978
344	1912
345	462
345	524
346	637
346	721
347	1218
347	1320
347	1997
348	405
348	475
348	776
348	859
348	1450
348	1762
348	1920
349	579
350	487
350	720
351	573
351	893
351	948
352	848
352	891
352	1013
352	1103
353	421
353	644
353	675
353	824
353	1826
354	409
354	415
354	497
354	1508
354	1975
355	669
355	1152
355	1902
356	504
356	668
356	899
357	394
357	530
357	828
357	836
359	574
359	599
359	879
359	915
359	1865
360	737
360	876
360	901
361	700
361	991
362	1126
363	460
363	465
363	497
363	597
363	618
364	570
364	884
364	892
364	1264
365	390
365	566
365	863
366	522
366	938
366	1714
367	500
367	1736
368	791
368	1254
369	463
369	474
369	895
370	658
370	967
371	381
371	393
371	941
371	1911
372	757
372	954
373	622
374	467
375	1030
375	1198
376	378
376	742
376	872
376	961
376	1279
377	483
377	545
377	1425
377	1749
378	772
379	661
380	443
380	486
381	443
381	502
381	565
381	629
381	826
381	894
382	599
382	781
382	800
382	804
382	908
383	543
383	767
383	809
384	432
385	842
385	1203
386	810
386	889
386	1041
386	1681
387	520
387	764
387	777
387	1004
387	1284
388	815
390	582
391	570
392	596
392	704
392	957
392	1853
393	418
393	770
393	847
393	1884
394	449
394	456
394	477
394	649
394	695
394	868
395	416
395	580
397	420
397	985
398	425
398	804
399	683
399	699
399	957
399	1901
400	476
400	551
400	756
400	1144
401	663
402	650
402	681
402	745
402	931
403	655
403	1331
403	1698
404	725
404	857
406	558
406	830
406	1081
406	1945
407	547
408	442
408	723
410	461
410	1164
411	574
411	745
411	951
411	972
411	1613
412	469
412	552
412	901
412	1724
413	664
414	438
414	590
414	682
414	776
414	802
414	831
414	856
414	1990
415	541
415	621
415	687
415	754
417	694
417	1634
418	516
418	575
418	615
418	630
418	905
419	512
419	514
419	541
419	559
419	569
420	452
420	465
420	496
420	866
420	997
420	1633
421	437
421	446
421	769
421	825
421	838
422	605
423	557
423	834
423	974
423	1784
424	732
424	904
424	1723
425	534
425	553
425	707
425	1461
425	1711
426	451
426	510
426	586
426	1607
427	572
427	987
427	1417
427	1515
428	1386
429	749
429	1064
430	667
430	681
430	1785
431	531
431	761
431	784
431	822
432	490
432	708
433	455
433	505
433	1561
434	887
435	458
435	542
435	672
435	1754
436	586
436	600
436	616
436	795
437	438
437	544
437	952
438	801
438	1342
440	524
440	666
440	824
442	613
442	1337
443	467
443	1352
445	531
446	886
446	1841
447	1639
448	536
448	555
448	680
449	488
449	971
451	687
452	870
453	501
453	578
453	598
453	888
453	917
454	1033
454	1783
454	1811
455	489
455	1251
457	1798
458	462
458	858
458	1293
459	568
459	717
459	903
459	919
459	1427
460	604
460	943
461	559
461	735
462	464
462	511
462	965
463	591
463	1290
464	1171
464	1892
465	582
465	815
465	920
466	471
466	898
466	1592
466	1904
468	705
468	887
469	783
471	478
471	592
471	613
471	923
472	778
473	640
473	771
474	1218
474	1568
475	835
475	1227
476	660
476	1328
476	1561
477	513
477	608
478	517
478	1490
478	1785
479	873
479	888
479	927
480	584
480	678
481	538
481	556
482	774
482	1624
483	577
483	626
483	789
484	825
485	539
485	913
486	534
486	891
487	563
487	1362
488	1817
489	643
489	803
490	593
490	855
491	693
491	1046
492	521
492	1510
492	1678
493	564
495	750
495	1601
496	540
496	547
496	588
496	802
496	921
496	1900
500	668
500	763
500	875
500	1073
501	1152
502	864
503	611
503	803
503	1261
504	665
504	1845
505	513
505	606
506	634
506	714
506	767
507	981
507	991
508	634
509	829
509	871
509	1246
509	1719
510	711
511	953
511	1873
512	535
513	759
513	778
513	1579
514	550
514	718
515	787
515	950
515	1676
515	1750
516	578
517	1228
518	621
518	1274
518	1742
519	522
519	604
519	1317
520	642
520	871
520	942
520	948
520	1232
521	898
521	982
521	1752
521	1858
523	712
524	568
524	1811
525	1895
526	1152
527	579
527	709
527	1030
528	560
528	653
528	808
529	785
529	844
529	1602
530	624
530	701
530	1036
531	638
531	849
532	682
532	1660
533	800
533	872
534	710
535	573
535	584
535	607
536	636
537	734
537	989
538	628
538	863
539	1275
540	560
540	652
540	855
540	942
540	971
540	1633
541	836
541	977
543	890
543	1000
543	1075
544	1049
544	1492
545	817
546	609
546	1078
546	1311
547	665
548	679
548	814
550	685
550	1023
550	1953
552	571
552	720
553	1523
554	1694
555	653
555	701
556	651
556	1367
557	976
558	656
558	694
558	944
559	805
559	978
561	1838
562	841
565	612
565	967
566	567
566	758
566	955
569	1588
571	873
572	691
572	1618
573	867
574	585
574	632
574	706
575	730
576	590
576	688
578	646
578	755
579	1468
580	742
580	916
581	829
581	975
581	1797
582	602
582	1010
583	650
585	1556
586	866
586	1987
587	722
588	1120
588	1418
589	862
589	865
590	792
591	1009
591	1629
592	810
592	979
593	1987
594	663
594	1466
595	1015
597	740
597	1105
598	1003
601	760
601	846
601	1267
602	925
604	780
604	813
604	1403
605	703
606	657
607	962
608	684
608	703
608	854
609	759
610	982
610	1351
610	1371
612	846
612	1298
612	1651
612	1930
612	1946
614	1799
615	645
615	784
615	1039
616	1646
616	1683
617	685
617	924
617	969
617	1153
618	1260
619	808
619	1710
620	1323
621	1992
622	856
623	708
623	781
623	820
624	807
624	1707
626	1570
626	1998
627	1831
629	860
629	930
629	1500
629	1635
630	646
630	929
631	723
631	1251
632	787
634	1343
634	1779
635	826
635	1890
636	739
636	1471
637	1269
638	777
639	670
639	697
640	1411
641	1186
642	671
642	779
643	692
643	938
643	980
644	1534
645	1184
645	1889
647	821
647	926
649	1328
653	654
653	727
653	1163
653	1218
655	710
655	1806
656	704
656	733
657	757
657	882
659	852
659	1901
660	662
660	786
660	1123
661	728
661	902
661	1225
662	900
662	1167
663	729
665	725
665	922
666	959
667	977
668	1925
670	1494
672	715
672	1691
673	956
673	1901
674	847
675	683
676	735
676	1370
677	954
677	1243
678	779
679	1003
680	1678
680	1972
681	750
681	1617
682	1327
683	744
683	907
685	724
685	1933
687	719
687	763
688	792
689	696
692	932
692	1113
694	697
696	1446
697	1980
698	828
698	1699
699	908
701	1043
701	1949
702	949
702	1907
703	869
703	1715
705	739
705	746
706	1790
707	1715
708	711
708	715
708	986
708	1794
709	760
710	884
710	1932
711	839
711	1408
712	783
712	964
713	1611
715	933
718	832
718	851
721	955
721	984
721	1239
721	1667
722	724
722	909
723	740
723	794
723	895
723	965
724	878
724	1591
724	1657
725	798
725	1100
726	755
728	840
728	886
728	998
729	1438
730	788
730	819
730	1372
732	1415
734	748
735	970
736	798
736	988
737	845
738	939
738	993
739	1825
741	1044
745	1781
746	875
746	912
748	968
750	952
751	817
752	969
752	1821
754	993
754	1593
755	1324
755	1478
758	1885
759	812
760	850
763	816
764	780
764	935
767	927
769	816
769	885
769	1177
769	1424
770	860
770	970
771	806
773	837
777	997
778	1093
779	839
779	937
780	1350
782	1696
783	881
783	959
786	926
789	880
794	1172
794	1391
795	859
795	1715
796	1844
796	1956
800	932
801	1233
804	929
805	848
805	1731
807	1280
808	1204
810	861
810	1793
812	1144
812	1854
812	1981
815	823
815	1527
817	992
817	1323
817	1907
819	1927
822	1046
825	894
825	1552
826	1285
827	1073
827	1609
828	904
830	1771
831	1362
831	1661
833	950
834	1979
835	1384
837	956
837	1578
838	851
839	1077
842	1629
842	1933
843	912
845	1391
845	1646
845	1735
846	914
846	1418
846	1444
852	1780
853	1574
853	1724
854	1170
855	1264
855	1723
856	928
856	1014
860	1548
863	1525
865	947
867	1492
868	1384
869	979
870	944
870	1080
872	916
872	975
873	874
875	878
875	1759
876	1442
877	1392
879	883
884	986
887	1590
888	1405
888	1964
889	1445
890	918
890	1766
891	893
891	1136
893	1356
896	1105
898	1690
899	1562
901	1560
903	1061
903	1194
906	1436
909	914
909	1405
910	963
912	1337
916	1009
916	1520
918	998
918	1405
920	1340
920	1709
921	1542
926	1211
927	1347
931	1205
934	1950
934	1958
935	1042
935	1325
937	1209
940	1654
944	985
945	1000
948	1051
950	1440
951	1272
951	1465
954	1895
956	992
957	1508
957	1625
958	962
958	1694
960	1048
960	1794
961	1744
962	1685
963	1223
965	1825
966	1259
966	1867
970	989
973	1335
974	1557
974	1898
975	1230
976	1318
978	1392
979	1929
980	1556
980	1911
985	1045
986	1868
988	1435
990	1325
994	1062
997	1679
998	1231
999	1334
999	1845
1002	1003
1002	1006
1002	1008
1002	1026
1002	1061
1002	1149
1002	1248
1003	1004
1003	1005
1003	1007
1003	1008
1003	1027
1003	1042
1003	1068
1003	1070
1003	1084
1003	1144
1003	1212
1003	1400
1003	1685
1004	1009
1004	1011
1004	1014
1004	1018
1004	1031
1004	1038
1004	1056
1004	1063
1004	1450
1004	1804
1004	1986
1004	2001
1005	1006
1005	1009
1005	1028
1005	1101
1005	1120
1005	1129
1005	1182
1005	1455
1005	1595
1005	1869
1006	1012
1006	1013
1006	1018
1006	1040
1006	1065
1006	1071
1006	1305
1006	1398
1006	1421
1006	1997
1007	1010
1007	1015
1007	1020
1007	1032
1007	1051
1007	1054
1007	1055
1007	1086
1007	1119
1007	1143
1007	1242
1007	1299
1007	1845
1007	1947
1007	1958
1008	1014
1008	1016
1008	1017
1008	1025
1008	1026
1008	1056
1008	1157
1008	1166
1008	1345
1008	1904
1009	1012
1009	1013
1009	1015
1009	1016
1009	1017
1009	1023
1009	1045
1009	1059
1009	1064
1009	1388
1010	1021
1010	1033
1010	1037
1010	1042
1010	1050
1010	1136
1010	1224
1010	1446
1010	1693
1011	1029
1011	1035
1011	1090
1011	1101
1011	1114
1011	1150
1011	1237
1011	1394
1012	1019
1012	1022
1012	1052
1012	1064
1012	1081
1012	1089
1012	1117
1012	1302
1012	1652
1013	1039
1013	1044
1013	1067
1013	1102
1013	1144
1013	1399
1013	1893
1013	1944
1013	1954
1014	1065
1014	1067
1014	1082
1014	1092
1014	1130
1015	1019
1015	1020
1015	1028
1015	1046
1015	1053
1015	1124
1015	1125
1015	1184
1015	1313
1016	1021
1016	1038
1016	1072
1016	1115
1016	1183
1016	1613
1016	1624
1016	1742
1017	1023
1017	1025
1017	1047
1017	1051
1017	1088
1017	1179
1017	1250
1017	1744
1018	1029
1018	1033
1018	1039
1018	1058
1018	1071
1018	1081
1018	1333
1018	1477
1018	1574
1018	1702
1019	1022
1019	1190
1019	1385
1019	1388
1019	1396
1019	1488
1019	1632
1020	1024
1020	1103
1020	1519
1020	1825
1021	1054
1021	1060
1021	1195
1021	1256
1022	1024
1022	1027
1022	1032
1022	1034
1022	1061
1022	1085
1022	1097
1022	1138
1022	1375
1022	1868
1023	1030
1023	1034
1023	1043
1023	1044
1023	1053
1023	1055
1023	1142
1023	1145
1023	1337
1024	1030
1024	1035
1024	1049
1024	1096
1024	1111
1024	1116
1024	1165
1024	1185
1024	1233
1024	1494
1024	1511
1024	1722
1025	1037
1025	1066
1025	1170
1025	1178
1025	1201
1025	1301
1025	1657
1025	1800
1026	1031
1026	1040
1026	1050
1026	1284
1026	1313
1026	1332
1026	1437
1026	1877
1027	1036
1027	1068
1027	1078
1027	1141
1027	1148
1027	1214
1027	1217
1027	1246
1027	1253
1027	1257
1027	1280
1027	1444
1028	1041
1028	1106
1028	1113
1028	1118
1028	1162
1028	1164
1028	1179
1028	1218
1028	1272
1028	1311
1028	1697
1029	1036
1029	1104
1029	1153
1029	1172
1029	1341
1029	1467
1029	1622
1029	1705
1030	1041
1030	1046
1030	1076
1030	1089
1030	1228
1030	1756
1031	1057
1031	1113
1031	1306
1031	1414
1031	1582
1032	1083
1032	1087
1032	1216
1032	1378
1032	1517
1032	1594
1033	1047
1033	1063
1033	1199
1033	1218
1033	1490
1033	1501
1034	1095
1034	1116
1034	1197
1034	1546
1034	1575
1035	1062
1035	1198
1035	1217
1035	1231
1035	1356
1035	1722
1035	1932
1036	1045
1036	1094
1036	1138
1036	1187
1036	1237
1036	1339
1036	1405
1036	1526
1036	1577
1036	1991
1037	1048
1037	1155
1037	1234
1037	1278
1037	1293
1037	1427
1037	1681
1038	1557
1038	1881
1038	1949
1039	1110
1039	1417
1039	1988
1040	1049
1041	1052
1041	1077
1041	1078
1041	1156
1041	1425
1041	1439
1041	1672
1041	1931
1042	1043
1042	1154
1042	1246
1042	1271
1042	1372
1042	1649
1043	1058
1043	1136
1043	1192
1043	1204
1043	1482
1044	1048
1044	1126
1044	1161
1044	1200
1044	1291
1044	1410
1044	1413
1044	1524
1044	1615
1044	1716
1045	1074
1045	1075
1045	1092
1045	1097
1045	1244
1045	1420
1045	1726
1046	1084
1046	1112
1046	1536
1046	1706
1046	1790
1047	1247
1047	1284
1047	1346
1047	1458
1047	1639
1048	1112
1048	1418
1048	1636
1049	1060
1049	1139
1049	1378
1049	1948
1050	1431
1051	1057
1051	1059
1051	1098
1051	1215
1051	1251
1051	1878
1051	1894
1052	1074
1052	1079
1052	1088
1052	1166
1052	1207
1052	1257
1052	1513
1052	1531
1052	1558
1053	1108
1053	1121
1053	1186
1053	1211
1053	1556
1053	1728
1053	1811
1053	1926
1053	1939
1054	1062
1054	1134
1054	1200
1054	1310
1054	1469
1054	1634
1055	1085
1055	1123
1055	1376
1055	1479
1055	1669
1055	1680
1056	1115
1056	1255
1056	1275
1056	1277
1056	1629
1056	1713
1057	1105
1057	1273
1057	1507
1057	1674
1058	1156
1058	1188
1058	1203
1058	1572
1059	1091
1059	1098
1059	1099
1059	1107
1059	1119
1059	1355
1059	1436
1059	1518
1059	1655
1059	1760
1059	1906
1060	1066
1060	1079
1060	1361
1060	1463
1060	1579
1060	1888
1061	1069
1061	1073
1061	1075
1061	1077
1061	1080
1061	1183
1061	1288
1062	1093
1062	1133
1062	1165
1062	1187
1062	1319
1062	1576
1063	1070
1063	1073
1063	1185
1063	1213
1063	1312
1063	1508
1063	1548
1063	1738
1063	1785
1064	1131
1064	1132
1064	1654
1065	1167
1065	1621
1065	1703
1066	1069
1066	1072
1066	1082
1066	1267
1066	1400
1066	1695
1066	1963
1067	1080
1067	1083
1067	1155
1067	1212
1067	1335
1067	1433
1068	1095
1068	1132
1068	1174
1068	1195
1068	1215
1068	1424
1068	1502
1069	1124
1069	1177
1069	1273
1069	1504
1070	1099
1070	1241
1070	1294
1071	1090
1071	1109
1071	1204
1071	1276
1071	1910
1072	1086
1072	1137
1072	1263
1072	1593
1072	1878
1073	1100
1073	1121
1073	1197
1073	1297
1073	1354
1073	1371
1073	1453
1073	1536
1073	1708
1073	1873
1074	1190
1074	1210
1074	1254
1074	1255
1075	1076
1075	1646
1075	1658
1075	1834
1076	1091
1076	1339
1076	1633
1077	1100
1077	1226
1077	1710
1078	1093
1078	1107
1078	1463
1078	1715
1079	1122
1079	1232
1079	1240
1079	1692
1080	1110
1080	1126
1080	1127
1080	1171
1080	1280
1080	1292
1080	1359
1080	1729
1080	1923
1081	1103
1081	1158
1081	1311
1081	1467
1082	1104
1082	1140
1082	1256
1082	1899
1083	1087
1083	1109
1083	1120
1083	1146
1083	1162
1083	1445
1083	1486
1083	1764
1084	1094
1084	1111
1084	1139
1084	1173
1084	1299
1084	1327
1084	1392
1084	1506
1084	1524
1084	1886
1085	1105
1085	1108
1085	1133
1085	1172
1085	1308
1085	1412
1085	1472
1085	1781
1085	2000
1086	1122
1086	1401
1086	1505
1086	1534
1086	1541
1086	1968
1087	1135
1087	1148
1087	1227
1087	1338
1087	1933
1088	1161
1088	1671
1088	1870
1089	1114
1090	1375
1090	1566
1090	1684
1090	1793
1091	1168
1091	1169
1091	1442
1092	1181
1092	1275
1092	1282
1093	1159
1093	1660
1094	1312
1094	1329
1094	1383
1094	1465
1094	1830
1094	1837
1094	1892
1095	1290
1095	1394
1095	1685
1096	1134
1096	1209
1096	1259
1097	1128
1097	1202
1097	1210
1097	1254
1097	1306
1097	1855
1098	1106
1098	1260
1098	1365
1098	1815
1099	1117
1099	1223
1099	1331
1099	1680
1100	1102
1100	1141
1100	1271
1100	1298
1100	1372
1100	1460
1101	1127
1101	1381
1101	1586
1102	1308
1102	1554
1102	1663
1103	1358
1103	1464
1103	1665
1104	1309
1104	1331
1104	1475
1104	1497
1104	1539
1104	1568
1105	1129
1105	1149
1105	1900
1106	1128
1106	1289
1106	1353
1107	1145
1107	1146
1107	1151
1107	1243
1107	1471
1107	1590
1107	1711
1108	1211
1108	1305
1108	1361
1108	1447
1108	1557
1109	1143
1109	1153
1109	1596
1109	1673
1109	1973
1110	1163
1110	1191
1110	1890
1111	1118
1111	1140
1111	1262
1112	1415
1112	1575
1112	1605
1113	1175
1113	1420
1113	1529
1114	1645
1114	1672
1114	1709
1114	1921
1115	1123
1115	1163
1115	1171
1115	1343
1115	1397
1115	1448
1116	1135
1116	1142
1116	1164
1116	1173
1116	1756
1117	1151
1117	1288
1117	1435
1118	1316
1118	1442
1118	1591
1119	1130
1119	1189
1119	1445
1119	1566
1119	1577
1119	1636
1120	1131
1120	1167
1120	1168
1120	1303
1120	1360
1120	1447
1121	1471
1122	1152
1122	1160
1122	1270
1122	1281
1122	1727
1123	1157
1123	1196
1123	1366
1123	1866
1124	1125
1124	1207
1124	1309
1124	1517
1124	1717
1124	1728
1124	1776
1124	1852
1124	1974
1125	1170
1125	1178
1125	1332
1125	1344
1125	1902
1126	1202
1126	1236
1126	1423
1126	1626
1127	1147
1127	1238
1127	1458
1127	1497
1127	1961
1127	1974
1128	1137
1128	1193
1128	1266
1128	1276
1128	1307
1128	1325
1128	1483
1128	1684
1129	1252
1129	1286
1129	1544
1129	1558
1130	1152
1130	1231
1131	1317
1132	1180
1132	1363
1132	1528
1132	1571
1133	1158
1133	1177
1133	1181
1133	1222
1133	1296
1133	1886
1134	1216
1134	1282
1134	1310
1134	1315
1134	1418
1135	1346
1135	1347
1136	1174
1136	1242
1136	1474
1136	1573
1136	1699
1137	1265
1137	1279
1137	1775
1137	1821
1138	1391
1138	1424
1138	1628
1139	1225
1139	1326
1139	1823
1139	1863
1140	1262
1140	1266
1140	1315
1140	1352
1141	1604
1142	1147
1142	1159
1142	1535
1142	1847
1143	1219
1143	1381
1143	1765
1144	1175
1144	1229
1145	1264
1145	1277
1145	1417
1145	1500
1145	1516
1145	1773
1145	1953
1146	1150
1146	1189
1146	1206
1146	1214
1146	1285
1146	1401
1146	1533
1146	1717
1146	1991
1147	1154
1147	1203
1147	1225
1148	1194
1149	1232
1149	1283
1149	1462
1150	1495
1150	1550
1151	1196
1151	1373
1151	1564
1151	1836
1152	1348
1152	1655
1153	1393
1154	1268
1154	1269
1154	1330
1154	1336
1154	1434
1155	1270
1156	1279
1156	1712
1157	1226
1157	1304
1157	1448
1158	1267
1158	1376
1158	1588
1158	1616
1158	1917
1159	1160
1159	1219
1159	1402
1160	1303
1160	1314
1160	1370
1160	1435
1160	1547
1160	1622
1160	1828
1160	1895
1161	1252
1161	1398
1161	1734
1162	1184
1162	1199
1162	1220
1162	1482
1163	1234
1163	1238
1163	1287
1163	1301
1163	1371
1163	1491
1163	1724
1164	1193
1164	1228
1164	1474
1164	1514
1164	1519
1165	1318
1165	1486
1165	1523
1166	1169
1166	1439
1166	1646
1166	1732
1167	1259
1168	1176
1168	1209
1168	1289
1168	1404
1168	1407
1168	1720
1169	1689
1170	1767
1170	1776
1170	1957
1171	1176
1171	1314
1171	1337
1171	1512
1171	1603
1171	1790
1171	1942
1172	1182
1172	1186
1172	1241
1172	1429
1172	1490
1172	1504
1172	1572
1173	1192
1173	1560
1173	1623
1173	1800
1174	1223
1174	1329
1174	1473
1174	1484
1174	1515
1174	1535
1174	1601
1174	1645
1174	1871
1175	1452
1175	1481
1175	1758
1175	1980
1176	1247
1176	1363
1176	1367
1177	1206
1177	1249
1177	1440
1177	1580
1177	1788
1178	1243
1178	1353
1179	1180
1179	1205
1179	1235
1179	1368
1179	1382
1180	1188
1180	1191
1180	1264
1181	1221
1181	1274
1181	1291
1183	1457
1183	1485
1183	1673
1183	1773
1183	1857
1184	1244
1185	1240
1185	1245
1186	1258
1186	1509
1186	1739
1186	1882
1186	1998
1187	1599
1188	1294
1188	1480
1188	1555
1189	1198
1189	1374
1189	1530
1189	1658
1189	1677
1189	1689
1189	1820
1189	1901
1190	1205
1190	1249
1190	1251
1190	1362
1190	1425
1190	1591
1190	1718
1190	1725
1190	1813
1190	1995
1192	1426
1192	1677
1193	1230
1193	1384
1193	1605
1193	1654
1194	1520
1195	1220
1195	1406
1195	1525
1196	1889
1197	1221
1197	1364
1197	1489
1198	1763
1198	1978
1199	1208
1199	1318
1199	1476
1199	1694
1199	1958
1200	1201
1200	1235
1200	1250
1200	1253
1200	1872
1201	1224
1201	1296
1201	1344
1201	1356
1201	1509
1202	1213
1202	1283
1202	1341
1202	1719
1203	1230
1203	1233
1203	1350
1203	1597
1204	1208
1204	1229
1204	1599
1204	1600
1205	1222
1205	1774
1205	1794
1206	1324
1206	1461
1206	1476
1206	1768
1207	1327
1207	1380
1207	1470
1207	1616
1207	1641
1207	1850
1208	1832
1208	1838
1208	1924
1209	1377
1209	1405
1209	1914
1210	1687
1210	1812
1210	1983
1211	1239
1212	1322
1212	1368
1213	1336
1213	1370
1213	1455
1213	1475
1214	1444
1214	1451
1214	1563
1214	1596
1217	1236
1217	1239
1217	1364
1218	1319
1218	1321
1218	1789
1218	1827
1218	1909
1219	1261
1219	1348
1219	1406
1220	1340
1220	1449
1220	1508
1220	1774
1220	1805
1221	1559
1221	1913
1222	1369
1222	1701
1222	1739
1223	1285
1224	1272
1224	1300
1224	1712
1225	1227
1225	1862
1226	1292
1226	1434
1226	1683
1227	1423
1227	1532
1227	1551
1227	1676
1228	1598
1228	1810
1228	1854
1228	1891
1229	1295
1229	1392
1229	1402
1229	1603
1230	1694
1230	1919
1231	1268
1231	1340
1231	1380
1231	1407
1231	1464
1232	1269
1232	1320
1232	1333
1232	1383
1232	1693
1232	1883
1232	1909
1233	1359
1233	1390
1233	1601
1234	1713
1235	1245
1235	1286
1235	1290
1235	1300
1236	1260
1236	1298
1236	1606
1236	1695
1236	1814
1236	1869
1237	1387
1237	1829
1238	1293
1238	1469
1238	1690
1239	1349
1239	1772
1239	1822
1240	1258
1241	1487
1243	1360
1243	1419
1243	1617
1243	1631
1243	1650
1243	1769
1244	1328
1244	1553
1245	1350
1245	1537
1245	1571
1245	1587
1246	1261
1246	1265
1247	1248
1247	1377
1247	1413
1247	1429
1247	1799
1247	1860
1248	1321
1248	1937
1249	1354
1249	1369
1249	1732
1249	1853
1250	1274
1251	1935
1252	1456
1252	1764
1255	1625
1255	1835
1255	1903
1256	1396
1256	1491
1256	1510
1256	1620
1257	1366
1257	1456
1257	1752
1258	1320
1258	1322
1258	1887
1259	1307
1259	1325
1259	1379
1259	1843
1260	1330
1260	1411
1260	1755
1261	1531
1262	1263
1262	1326
1262	1342
1262	1978
1263	1281
1263	1409
1263	1432
1263	1544
1263	1675
1263	1767
1263	1792
1263	1912
1264	1297
1265	1278
1265	1975
1266	1323
1266	1674
1267	1316
1267	1640
1267	1647
1267	1691
1267	1922
1268	1465
1268	1649
1268	1719
1268	1892
1269	1634
1269	1827
1269	1848
1269	1952
1270	1349
1270	1351
1270	1512
1270	1542
1271	1612
1271	1923
1272	1602
1272	1627
1273	1323
1273	1493
1273	1550
1273	1716
1273	1797
1274	1302
1274	1334
1274	1554
1274	1592
1274	1969
1275	1545
1275	1561
1275	1604
1276	1287
1276	1527
1277	1624
1277	1681
1278	1382
1278	1427
1278	1459
1278	1514
1278	1537
1280	1480
1280	1501
1281	1386
1282	1411
1282	1460
1282	1561
1282	1757
1283	1295
1283	1304
1283	1839
1283	1893
1283	1939
1284	1328
1284	1403
1284	1777
1285	1656
1285	1817
1286	1335
1286	1387
1286	1430
1286	1876
1287	1317
1287	1452
1287	1819
1288	1352
1288	1000
1289	1345
1289	1670
1290	1691
1290	1804
1291	1365
1291	1470
1291	1999
1292	1441
1293	1357
1293	1926
1295	1581
1295	1686
1295	1759
1297	1633
1297	1907
1298	1496
1298	1564
1298	1643
1298	1668
1298	1741
1299	1731
1300	1324
1300	1826
1301	1479
1301	1541
1301	1653
1301	1687
1301	1746
1302	1611
1302	1749
1302	1895
1303	1667
1303	1701
1304	1506
1304	1783
1305	1532
1305	1908
1305	1943
1307	1453
1307	1477
1308	1441
1308	1704
1308	1759
1309	1351
1309	1395
1309	1428
1310	1525
1311	1431
1311	1959
1312	1710
1312	1723
1313	1374
1313	1449
1313	1669
1314	1343
1314	1393
1314	1416
1314	1580
1315	1338
1315	1373
1315	1683
1315	1945
1315	1949
1316	1682
1316	1859
1317	1362
1317	1415
1317	1838
1317	1950
1317	1957
1318	1602
1318	1972
1318	1996
1319	1421
1319	1839
1320	1432
1320	1573
1320	1779
1321	1403
1321	1578
1321	1929
1322	1414
1322	1563
1322	1968
1323	1334
1323	1639
1323	1734
1325	1342
1325	1534
1325	1628
1325	1915
1326	1347
1327	1438
1327	1516
1327	1553
1327	1581
1328	1488
1329	1358
1330	1459
1330	1503
1330	1670
1330	1868
1330	1871
1331	1520
1331	1617
1331	1867
1331	1976
1332	1446
1332	1569
1334	1608
1334	1929
1335	1389
1335	1548
1335	1562
1335	1678
1335	1761
1336	1438
1337	1386
1337	1487
1337	1494
1337	1522
1337	1795
1339	1355
1339	1585
1339	1623
1339	1642
1339	1698
1339	1935
1339	1936
1340	1528
1340	1966
1341	1527
1341	1659
1342	1620
1343	1408
1343	1493
1343	1644
1343	1830
1343	1876
1343	1927
1344	1589
1344	1891
1345	1565
1345	1631
1345	1833
1346	1389
1346	1562
1346	1585
1346	1653
1346	1840
1347	1668
1347	1950
1348	1865
1349	1522
1349	1552
1349	1570
1350	1560
1350	1743
1351	1860
1352	1408
1352	1796
1353	1433
1353	1793
1353	1884
1355	1404
1355	1436
1356	1357
1356	1390
1356	1468
1357	1784
1357	1789
1357	1932
1358	1440
1359	1367
1360	1399
1361	1542
1362	1538
1362	1803
1362	1834
1362	1903
1363	1667
1363	1705
1365	1665
1365	1718
1366	1896
1367	1498
1367	1595
1367	1627
1367	1637
1367	1851
1369	1809
1370	1397
1371	1385
1372	1523
1373	1437
1373	1454
1374	1786
1374	1930
1375	1484
1375	1806
1375	1810
1375	1977
1376	1478
1376	1521
1377	1671
1378	1379
1378	1709
1379	1384
1379	1702
1379	1867
1380	1412
1380	1498
1380	1533
1380	1775
1380	1796
1381	1619
1381	1797
1382	1426
1382	1740
1383	1637
1383	1660
1384	1451
1384	1495
1386	1391
1386	1740
1386	1863
1387	1422
1388	1428
1388	1704
1388	1721
1390	1416
1390	1526
1391	1570
1391	1955
1393	1395
1393	1466
1393	1551
1393	1638
1393	1807
1395	1856
1396	1419
1396	1457
1396	1656
1397	1510
1397	1640
1398	1454
1398	1511
1399	1825
1402	1874
1402	1915
1404	1938
1405	1410
1406	1904
1407	1409
1407	1500
1407	1547
1407	1894
1408	1642
1409	1980
1409	1992
1410	1483
1412	1574
1415	1750
1415	1837
1416	1971
1418	1422
1418	1610
1418	1715
1418	1726
1418	1766
1419	1744
1419	1750
1419	1755
1420	1430
1420	1529
1420	1614
1420	1824
1420	1913
1421	1513
1422	1861
1422	1990
1423	1461
1424	1485
1424	1798
1424	1835
1424	1862
1425	1443
1425	1546
1426	1473
1427	1951
1427	1972
1429	1590
1429	1600
1429	1771
1429	1780
1429	1821
1429	1831
1430	1568
1431	1609
1433	1940
1434	1569
1436	1472
1436	1826
1437	1492
1437	1607
1437	1743
1438	1489
1438	1630
1440	1880
1441	1450
1441	1549
1441	1829
1442	1466
1442	1499
1442	1859
1442	1981
1443	1584
1443	1615
1444	1538
1444	1747
1445	1644
1445	1647
1445	1959
1446	1518
1446	1696
1446	1963
1447	1785
1447	1854
1448	1688
1448	1707
1448	1856
1448	1984
1449	1559
1449	1678
1450	1763
1451	1736
1451	1882
1453	1911
1454	1592
1455	1468
1455	1530
1455	1853
1456	1462
1456	1664
1456	1735
1457	1505
1459	1555
1459	1706
1460	1748
1461	1543
1463	1478
1464	1752
1465	1662
1466	1515
1466	1597
1466	1762
1467	1846
1468	1635
1469	1502
1469	1657
1469	1664
1469	1737
1470	1540
1471	1503
1471	1751
1471	1761
1471	1979
1473	1521
1473	1661
1473	1870
1474	1565
1474	1751
1474	1787
1474	1936
1475	1481
1475	1507
1475	1549
1475	1905
1476	1499
1476	1612
1476	1747
1479	1611
1479	1918
1480	1567
1482	1741
1485	1666
1487	1496
1487	1948
1488	1610
1489	1866
1489	1997
1490	1688
1490	1690
1491	1492
1492	1608
1493	1583
1493	1783
1494	1803
1495	1925
1496	1579
1496	1583
1496	1692
1498	1973
1501	1618
1502	1586
1505	1651
1505	1676
1505	1766
1506	1748
1506	1770
1506	1782
1506	1967
1507	1707
1509	1805
1509	1908
1511	1638
1511	1888
1512	1578
1512	1737
1513	1858
1514	1582
1514	1898
1515	1539
1515	1912
1516	1714
1517	1778
1520	1934
1523	1545
1523	1768
1523	1831
1524	1540
1524	1576
1525	1708
1526	1842
1526	1955
1528	1552
1529	1543
1529	1746
1531	1733
1531	1809
1532	1588
1532	1964
1533	1733
1533	1982
1535	1840
1535	1846
1537	1847
1538	1802
1539	1606
1539	1663
1540	1819
1542	1652
1542	1711
1543	1714
1545	1556
1545	1650
1546	1818
1551	1567
1551	1607
1551	1698
1555	1593
1555	1873
1555	1916
1556	1589
1558	1794
1559	1625
1559	1757
1560	1686
1561	1621
1561	1791
1563	1720
1565	1928
1566	1587
1566	1928
1567	1697
1570	1584
1570	1619
1572	1917
1575	1795
1576	1998
1577	1648
1577	1725
1577	1727
1577	1792
1578	1679
1578	1682
1579	1626
1581	1598
1581	1632
1582	1700
1584	1662
1585	1858
1586	1594
1588	1933
1590	1735
1590	1879
1592	1749
1592	1753
1594	1844
1594	1907
1595	1813
1595	1885
1596	1618
1596	1905
1597	1977
1598	1613
1598	1661
1598	1675
1599	1609
1605	1879
1606	1824
1608	1648
1609	1614
1609	1679
1610	1730
1610	1778
1618	1629
1618	1700
1619	1769
1621	1696
1621	1815
1622	1855
1623	1864
1623	1976
1624	1659
1626	1941
1627	1993
1628	1630
1628	1760
1629	1801
1630	1954
1631	1635
1632	1833
1632	1852
1633	1641
1635	1666
1635	1836
1636	1771
1638	1699
1640	1643
1641	1924
1642	1802
1643	1787
1643	1851
1646	1780
1646	1910
1647	1983
1648	1784
1649	1881
1650	1651
1651	1897
1652	1848
1655	1762
1655	1940
1657	1779
1660	1906
1660	1971
1661	1965
1662	1742
1663	1738
1663	1934
1664	1994
1669	1721
1669	1753
1670	1947
1671	1937
1673	1816
1674	1745
1674	1960
1675	1918
1676	1812
1678	1814
1681	1960
1682	1850
1683	1703
1683	1951
1685	1820
1685	1967
1686	1816
1686	1922
1687	1975
1688	1791
1689	1849
1690	1724
1690	1731
1695	1941
1696	1899
1698	1754
1698	1994
1700	1844
1701	1849
1702	1788
1704	1808
1704	1911
1704	1920
1704	1943
1704	1985
1706	1801
1707	1754
1709	1786
1709	1901
1711	1920
1713	1729
1716	1961
1718	1845
1718	1889
1719	1723
1719	1808
1725	1969
1726	1730
1728	1985
1729	1745
1729	1992
1731	1736
1732	1765
1732	1883
1733	1938
1734	1925
1735	1875
1735	1914
1735	1946
1738	1986
1740	1995
1742	1758
1742	1885
1743	1857
1744	1828
1745	1806
1748	1823
1750	1777
1751	1807
1757	1989
1758	1843
1758	1897
1758	1982
1759	1990
1761	1916
1763	1772
1768	1818
1769	1770
1771	1781
1775	1900
1778	1919
1779	1782
1779	1841
1781	1890
1783	1945
1784	1822
1784	1864
1785	1799
1789	1841
1790	1872
1790	1988
1792	1880
1793	1798
1797	1877
1798	1842
1799	1884
1808	1817
1814	2000
1815	1887
1816	1964
1816	1965
1817	1832
1818	1996
1820	1942
1822	1874
1822	1898
1836	1861
1836	1930
1842	1896
1842	1987
1849	1966
1855	1865
1857	1952
1867	1979
1868	1953
1870	1956
1873	1875
1873	1970
1875	1981
1878	2001
1890	1921
1892	1999
1896	1902
1906	1987
1908	1927
1912	1946
1914	1944
1919	1931
1919	1984
1928	1962
1933	1956
1937	1962
1943	1970
1946	1989
1984	1993
1998	1001
