2001	0
0	1
0	2
0	4
0	8
0	10
0	14
0	24
0	80
0	98
0	112
0	118
0	235
0	524
0	863
1	2
1	3
1	16
1	25
1	26
1	74
1	101
1	328
1	512
2	4
2	5
2	8
2	11
2	73
2	106
2	265
2	770
2	920
2	932
3	6
3	13
3	17
3	38
3	49
3	67
3	84
3	226
3	331
3	695
3	890
4	7
4	29
4	43
4	58
4	60
4	75
4	115
4	199
4	232
4	316
4	628
4	866
5	6
5	7
5	9
5	14
5	19
5	29
5	31
5	36
5	39
5	40
5	62
5	133
5	230
5	279
5	386
5	643
5	723
5	851
6	13
6	18
6	46
6	66
6	79
6	183
6	674
6	972
7	11
7	12
7	22
7	25
7	27
7	48
7	53
7	91
7	140
7	222
7	238
7	245
7	414
7	510
7	707
8	24
8	89
8	97
8	248
8	313
8	369
8	572
8	835
9	10
9	15
9	18
9	23
9	61
9	165
9	318
10	12
10	16
10	28
10	30
10	35
10	52
10	61
10	203
11	20
11	21
11	50
11	215
11	1777
12	19
12	36
12	42
12	107
12	405
12	504
13	17
13	49
13	336
13	548
13	883
13	1037
14	15
14	84
14	137
14	161
15	35
15	37
15	44
15	94
15	108
15	389
15	488
15	777
15	960
15	984
15	1429
16	79
16	129
16	141
16	177
16	188
16	259
17	22
17	23
17	31
17	95
17	862
17	921
18	21
18	34
18	76
18	283
18	300
18	321
18	618
18	749
18	1901
19	20
19	26
19	32
19	47
19	50
19	77
19	114
19	120
19	146
19	176
19	249
19	410
19	1358
19	1833
20	51
20	68
20	78
20	136
20	553
20	951
20	1329
21	27
21	54
21	169
21	432
21	612
21	1513
22	57
22	91
22	415
23	32
23	41
23	65
23	87
23	147
23	186
23	219
23	265
23	843
23	1106
24	44
24	153
24	174
24	192
24	478
25	28
25	93
25	104
25	179
25	293
25	418
25	614
25	967
26	33
26	86
26	92
26	103
26	117
26	121
26	128
26	155
26	386
27	30
27	38
27	187
27	276
27	498
28	95
28	142
28	841
29	52
29	64
29	99
29	101
29	246
29	363
29	382
29	626
29	811
29	855
30	40
30	41
30	56
30	62
30	139
30	333
30	485
30	510
30	667
30	1641
31	81
31	99
31	163
31	175
31	271
31	297
31	627
31	633
31	774
31	1620
32	33
32	55
32	126
32	293
32	451
32	454
32	541
32	579
32	977
32	1066
32	1215
33	43
33	47
33	48
33	68
33	113
33	128
33	131
33	142
33	195
33	475
33	545
33	718
33	1158
34	37
34	80
34	143
34	213
34	309
34	581
34	761
35	39
35	69
35	112
35	145
35	225
35	330
35	473
35	848
35	925
36	93
36	96
36	178
36	181
36	182
36	398
37	172
37	192
37	205
37	372
37	439
37	449
38	57
38	63
38	64
38	70
38	135
38	165
38	187
38	255
38	476
38	946
38	1521
39	53
39	76
39	228
39	253
39	312
39	877
39	1686
39	1888
40	42
40	46
40	55
40	59
40	69
40	82
40	113
40	137
40	235
40	428
40	1434
41	45
41	262
41	320
41	468
41	513
41	530
41	709
42	59
42	100
42	273
42	352
42	353
42	536
42	702
42	856
43	45
43	58
43	71
43	354
43	579
43	846
44	81
44	82
44	173
44	180
44	422
44	441
44	445
44	939
44	968
45	51
45	231
45	338
45	839
46	210
46	276
46	305
47	54
47	89
47	177
47	288
47	557
47	680
47	747
47	912
48	56
48	66
48	77
48	383
48	812
48	813
48	1141
49	122
49	124
49	249
49	250
49	547
49	601
50	90
50	115
50	151
50	196
50	380
50	503
50	725
50	728
50	834
50	1386
51	387
51	754
51	894
51	1393
52	63
52	111
52	121
52	288
52	357
52	452
52	660
52	849
53	85
53	159
53	417
53	446
53	589
53	884
54	74
54	85
54	150
54	166
54	181
54	243
54	459
54	947
55	78
55	942
55	1836
56	60
56	98
56	139
56	160
56	531
56	619
57	105
57	556
58	88
58	213
58	217
58	310
58	325
58	326
58	620
58	756
58	916
58	1827
59	102
59	138
59	253
59	260
59	342
59	815
59	1147
60	83
60	176
60	331
60	340
60	533
60	568
61	65
61	67
61	146
61	166
61	218
61	315
61	464
61	729
61	954
62	100
62	110
62	138
62	185
62	444
62	1710
63	71
63	97
63	278
63	878
64	72
64	94
64	237
64	275
64	659
64	1911
65	124
65	222
65	236
65	426
65	753
66	110
66	153
66	193
66	278
66	346
66	419
66	574
66	881
66	1472
67	73
67	116
67	120
67	151
67	167
67	257
67	393
67	442
67	505
67	845
67	1026
68	206
68	264
68	274
68	290
68	445
68	816
69	70
69	72
69	474
69	599
69	1532
69	1709
70	200
70	369
70	418
70	487
70	720
70	838
70	876
71	125
71	360
71	454
71	1449
72	149
72	168
72	601
72	724
72	889
73	133
73	157
74	75
74	83
74	88
74	118
74	130
74	135
74	154
74	209
74	230
74	274
74	301
74	582
74	699
74	1759
75	140
75	906
76	107
76	170
76	314
76	425
77	96
77	156
77	158
77	160
77	201
77	296
77	481
77	509
77	570
78	86
78	172
78	204
78	521
78	778
78	963
78	1350
78	1674
78	1879
79	103
79	111
79	119
79	123
79	134
79	216
79	460
79	717
80	122
80	252
80	277
80	1881
81	578
81	630
81	648
81	718
81	1931
82	291
82	527
82	566
82	598
82	600
82	721
82	980
82	1763
83	90
83	127
83	129
83	180
83	214
83	277
83	319
83	805
84	105
84	260
84	685
84	772
85	87
85	109
85	210
85	269
85	335
85	396
85	622
85	641
85	901
85	1881
85	1892
86	116
86	152
86	240
86	287
86	600
86	708
87	92
87	114
87	263
87	299
87	914
88	119
88	215
88	402
88	655
88	915
89	193
89	272
90	141
90	174
90	240
90	468
90	482
91	145
91	238
91	471
91	542
91	552
91	780
91	992
92	267
92	425
92	496
92	524
92	563
92	629
92	1499
92	1662
93	104
93	143
93	223
93	283
93	933
94	126
94	130
94	191
94	237
94	254
94	357
94	961
94	1225
95	1509
96	102
96	244
96	279
96	677
96	1736
96	1759
97	155
97	337
97	632
98	106
98	158
98	256
98	727
98	799
99	132
99	223
99	224
99	329
99	690
99	1688
100	117
100	405
100	559
100	743
100	1121
100	1129
100	1860
101	178
101	202
101	498
101	666
101	781
101	935
101	1986
102	487
103	148
103	170
103	221
103	458
103	548
103	975
104	109
104	234
104	267
104	903
105	598
105	650
106	108
106	220
106	225
106	858
107	182
107	184
107	367
107	584
107	678
107	703
107	854
108	280
108	400
108	1245
109	157
109	194
109	212
109	635
109	1948
110	127
110	258
110	261
110	298
110	610
110	614
111	185
111	259
111	271
111	594
111	646
112	123
112	125
112	492
112	522
112	846
112	1294
113	175
113	200
113	229
113	837
113	1626
114	189
114	342
114	538
114	547
114	737
114	918
115	327
115	374
115	406
115	732
115	1543
116	159
116	167
116	191
116	659
116	936
117	224
117	300
117	740
118	144
118	190
118	439
118	892
119	136
119	746
120	168
120	295
120	358
120	377
120	1284
121	212
121	270
121	733
121	1362
121	1739
122	148
122	161
122	205
122	611
123	149
123	162
123	239
123	975
123	1835
124	350
124	635
124	1710
125	640
125	780
125	929
125	1306
126	134
126	430
126	673
126	797
126	881
127	131
127	273
127	771
128	179
128	464
128	716
128	1743
129	371
129	400
129	625
130	132
130	144
130	206
130	587
131	196
131	326
131	751
132	198
132	344
132	359
132	371
132	870
132	871
133	164
133	232
133	323
133	449
133	853
134	236
134	379
134	663
134	744
134	1616
135	234
135	713
135	1175
136	420
136	475
136	1820
137	154
137	171
137	247
137	285
137	532
137	658
137	1536
138	162
138	304
138	312
138	416
138	604
138	616
139	231
139	263
139	442
139	631
140	183
140	188
140	269
140	409
140	494
140	537
140	781
140	861
140	917
141	219
141	347
141	1274
141	1479
141	1986
142	303
142	329
142	645
142	1043
142	1949
143	147
143	150
143	1077
144	194
144	322
144	472
145	169
145	306
145	347
145	481
145	769
145	1133
146	211
146	226
146	1088
146	1738
147	227
147	292
147	306
147	604
147	783
148	184
148	246
148	693
148	926
149	156
149	322
149	575
149	646
149	668
149	862
150	152
150	241
150	768
150	1764
151	171
151	303
151	447
151	466
151	540
151	745
151	1097
152	368
152	389
152	394
152	493
152	1101
152	1244
153	571
153	654
154	163
154	336
154	350
154	355
154	580
154	1050
155	164
155	256
155	295
155	491
155	704
155	741
155	1454
155	1833
155	1992
156	243
156	638
157	227
157	282
157	1423
158	197
158	242
158	455
158	709
158	788
159	281
159	613
159	758
159	800
159	1450
160	217
160	266
160	285
160	429
160	676
160	1740
161	203
161	214
161	284
161	361
161	569
162	554
162	755
163	207
163	916
164	1392
165	221
165	993
165	1820
166	305
166	773
167	332
167	774
167	829
167	1567
168	228
168	287
168	381
168	594
168	1908
169	748
169	1080
169	1439
169	1976
170	207
170	450
170	463
170	564
170	844
170	1692
170	1756
170	1923
171	186
171	189
171	195
171	1767
171	1993
172	199
172	202
172	429
172	529
172	831
173	318
173	392
173	791
174	201
174	489
174	564
174	979
174	1975
175	252
175	291
175	370
175	518
176	190
176	356
176	508
176	734
176	1311
176	1763
177	218
177	554
177	906
177	1729
179	294
179	609
179	657
179	940
180	348
181	251
181	784
182	250
182	270
182	317
182	644
182	943
182	981
183	339
183	586
183	705
184	208
184	588
185	198
185	365
185	448
185	526
185	628
185	1091
186	220
186	320
186	345
186	378
186	387
186	412
186	415
186	507
186	523
187	362
187	872
188	360
188	364
188	455
188	549
188	557
189	216
189	245
189	268
189	479
189	623
189	796
189	882
190	233
190	323
190	324
190	446
191	208
191	840
191	970
191	1090
191	1472
192	381
192	1528
192	1952
193	302
193	826
193	1188
194	255
194	346
194	607
194	661
194	827
194	982
195	197
195	352
195	407
196	248
196	302
196	324
196	367
196	542
196	887
196	961
197	209
197	424
197	776
197	923
198	204
198	551
198	602
198	636
198	734
199	638
200	211
200	431
200	538
200	768
200	1158
201	241
201	395
201	577
201	823
201	1162
202	466
202	518
202	1237
203	244
203	337
203	443
203	553
203	585
203	834
204	239
204	258
204	528
204	532
204	1215
205	713
205	1048
206	319
207	1847
208	616
208	1374
209	262
209	301
209	421
209	723
210	550
210	607
210	639
210	965
211	384
211	589
211	936
211	993
212	376
212	644
212	1704
213	254
213	264
213	672
213	736
214	298
214	560
214	651
214	663
214	919
215	390
215	413
215	721
215	852
215	1925
216	233
216	280
216	753
218	281
218	343
219	427
219	839
220	444
220	500
220	501
220	938
222	726
222	763
222	1558
222	1752
223	242
223	366
223	544
223	678
223	706
224	361
224	383
224	754
224	987
225	308
225	388
225	477
225	875
226	311
226	316
226	428
226	450
226	826
227	229
227	433
227	615
228	421
228	561
229	727
230	334
230	511
230	535
230	715
231	435
231	461
231	606
231	642
231	673
231	819
231	1039
232	282
232	328
232	345
232	351
232	443
232	576
232	692
232	1788
233	304
233	372
233	509
233	513
234	332
234	338
234	397
234	1012
235	307
235	427
235	485
235	573
235	787
235	851
235	1061
235	1609
235	1925
236	251
236	292
236	397
237	261
237	294
237	684
238	257
238	330
238	514
238	798
239	309
239	649
239	831
239	921
239	1669
240	476
240	1805
241	266
241	1204
241	1574
242	275
242	419
242	477
242	681
242	1095
242	1243
243	247
243	268
243	785
243	1630
244	435
244	625
244	1971
245	348
245	434
245	879
245	1990
246	848
246	952
247	593
247	1976
249	284
249	908
249	924
249	1049
251	351
251	431
251	1510
253	1611
254	290
254	562
254	634
254	1610
255	732
256	317
256	748
258	382
258	750
258	907
259	354
259	424
259	891
260	393
260	457
260	903
260	1679
261	299
261	885
262	379
262	592
262	884
263	701
264	789
265	432
266	325
266	399
266	404
267	353
267	359
267	583
267	999
268	313
268	420
268	1569
268	1801
269	416
269	529
270	272
270	315
270	363
270	506
270	585
271	286
271	373
271	546
271	758
271	766
271	828
271	1748
272	286
272	297
272	307
272	691
272	714
272	1923
272	1939
273	289
273	296
273	433
273	725
274	335
274	358
274	390
274	552
274	634
274	705
274	944
274	1647
275	403
275	693
275	1263
276	385
276	744
276	802
276	892
276	930
276	1325
277	365
277	1533
278	321
278	516
278	745
279	465
280	483
280	1959
282	555
282	582
282	696
282	1836
283	289
283	603
283	712
284	645
284	695
284	722
284	795
284	997
285	310
286	377
286	396
286	526
286	739
286	1149
287	308
287	341
287	511
287	786
288	388
288	971
288	1185
289	441
289	502
289	595
289	679
289	1367
290	694
291	343
291	458
291	508
291	842
291	1844
292	1520
293	479
293	597
293	1148
294	341
294	402
294	772
294	775
294	899
295	453
295	809
296	394
296	803
297	471
297	490
298	368
298	376
299	327
299	344
299	408
299	1545
300	374
300	556
300	652
300	941
300	1546
301	596
301	805
302	311
302	408
302	413
302	434
302	537
302	590
302	814
302	1154
303	314
303	952
304	426
304	507
305	722
305	787
306	804
307	380
307	900
307	910
308	334
308	378
308	385
308	907
308	1738
308	1980
309	1321
309	1363
309	1590
310	355
310	398
310	486
310	496
310	910
312	771
312	793
312	808
312	860
312	988
313	356
313	535
313	927
314	550
314	1617
315	339
315	423
315	931
316	373
316	430
316	469
316	626
316	976
316	1319
317	501
317	1250
318	493
318	495
318	703
318	924
319	349
319	437
319	660
320	1740
322	362
322	499
322	530
322	1454
323	488
323	690
323	964
323	1647
324	608
324	697
325	1156
325	1849
326	438
326	478
326	492
326	837
327	333
329	436
330	459
330	583
331	340
333	404
333	411
333	422
333	519
334	729
335	685
336	901
336	1094
336	1849
337	364
337	395
337	406
337	779
337	895
337	1811
338	403
338	504
338	521
338	719
338	760
338	784
339	544
339	1407
340	375
340	384
340	456
340	868
340	1608
341	375
341	597
341	642
341	710
341	824
342	1778
343	742
344	749
344	765
345	499
345	517
345	573
345	908
346	423
346	558
346	925
346	995
347	349
347	572
347	966
348	448
348	750
348	978
348	1979
349	506
349	574
349	1913
350	534
350	811
350	1150
350	1771
351	559
351	567
351	873
352	366
352	391
352	527
352	700
352	949
352	1855
353	539
354	447
354	828
355	482
355	1716
356	392
356	411
356	933
356	970
357	558
357	630
357	747
358	670
358	689
359	412
359	804
359	1560
360	1045
360	1708
361	517
361	565
361	902
361	1375
362	939
363	1826
365	520
365	779
365	861
365	869
366	540
366	1306
367	500
367	576
367	800
367	820
368	401
368	742
368	1829
368	1976
369	370
369	755
369	1218
369	1881
370	470
370	514
370	637
371	407
371	543
371	624
371	810
372	391
372	451
372	562
372	900
372	1312
373	452
373	1809
374	484
374	671
374	783
375	534
375	1095
377	462
377	497
377	605
377	661
377	683
379	528
379	1338
379	1679
380	586
382	483
382	669
382	1666
383	399
383	858
384	480
384	497
384	1081
385	484
385	543
385	570
385	1126
386	896
387	489
387	531
387	909
387	935
387	946
388	409
389	676
389	1869
390	549
390	637
390	757
390	986
391	469
392	401
392	995
393	438
393	461
393	817
394	437
394	490
394	575
396	735
396	877
397	665
398	410
398	733
398	801
399	810
399	1956
400	512
400	677
400	917
400	1588
401	681
402	966
403	590
403	622
403	675
403	948
403	1857
404	1080
405	888
405	955
405	1907
406	462
406	1189
407	737
408	414
408	629
408	769
409	1747
410	1868
412	717
412	1449
414	621
414	1347
414	1464
415	1155
416	417
416	440
416	480
416	738
417	643
417	976
417	1023
417	1853
418	618
418	965
418	1589
419	541
419	1285
420	949
421	934
422	440
422	546
422	919
422	1506
423	467
424	918
424	1077
425	591
425	930
426	505
427	460
427	563
427	687
428	463
428	602
428	988
430	620
430	850
431	436
431	1262
432	720
432	1338
432	1740
433	520
433	782
435	739
436	1357
437	827
437	830
437	1272
438	619
439	495
439	533
440	516
440	577
440	1678
441	912
442	1489
443	847
444	515
445	474
445	494
445	664
445	807
446	580
446	816
447	457
447	473
447	986
448	470
448	567
449	648
450	536
450	653
450	680
450	788
451	472
451	503
452	453
452	888
454	1154
455	615
455	689
455	1429
455	1505
456	825
457	502
457	1202
458	818
458	1027
459	465
459	491
459	525
459	1752
460	849
460	883
461	525
461	664
462	591
462	599
464	1090
465	467
465	610
465	757
466	519
466	731
466	865
466	974
466	1343
467	647
468	486
470	795
471	694
471	764
471	1988
472	560
472	684
473	1716
474	915
474	927
474	1483
475	711
477	692
478	571
479	1212
480	799
480	829
480	1105
481	874
482	613
482	670
482	824
483	937
484	707
485	859
485	873
486	951
487	682
487	773
487	1123
488	578
490	523
490	1004
494	593
494	823
494	942
494	1367
495	522
495	651
495	913
495	989
495	1436
496	668
497	674
497	865
498	808
498	1421
502	551
502	641
502	791
502	973
502	1369
502	1972
503	702
505	728
506	655
506	886
506	1805
507	624
507	687
507	696
507	1258
507	1704
508	595
508	1289
509	1149
510	688
510	1333
511	612
511	1275
512	568
512	650
512	955
514	515
514	724
514	1493
515	545
515	617
515	782
515	833
515	1480
516	1518
517	706
518	569
518	710
518	874
518	969
519	539
519	609
519	1355
520	893
520	1598
521	623
521	751
521	806
521	1933
522	920
523	699
524	730
524	759
524	899
525	845
525	1406
526	555
526	1119
527	566
527	1457
529	797
529	1090
529	1386
530	715
530	964
531	752
532	977
533	565
533	922
535	652
536	608
536	1196
536	1954
537	978
537	1129
537	1295
538	1117
539	617
539	631
540	649
541	587
541	675
541	679
541	776
541	833
543	561
543	1326
544	843
545	656
545	938
547	1154
547	1341
547	1942
548	835
549	759
549	1538
551	1805
552	596
553	871
554	584
554	711
554	762
555	968
555	1044
555	1147
556	981
557	662
557	957
557	1791
558	1641
559	1931
560	633
560	741
561	654
561	841
561	1852
562	662
562	898
562	1428
562	1841
563	894
563	959
564	1794
565	1739
565	1854
567	896
567	1694
568	752
568	1349
569	672
569	760
570	1374
572	945
573	621
573	943
574	697
574	1525
574	1885
575	667
575	1779
576	603
577	581
577	923
577	1161
579	708
580	656
581	700
581	1512
582	588
582	1085
583	611
583	688
583	929
584	592
584	796
584	941
585	632
585	869
586	665
586	985
587	820
587	1399
588	872
590	963
591	1884
592	948
594	1354
595	1550
596	605
596	893
597	1237
598	738
599	606
599	864
599	1360
599	1845
600	658
601	1367
602	726
602	802
602	866
603	639
603	847
603	1299
604	1141
604	1889
605	682
606	636
606	701
606	719
606	895
606	1685
607	822
608	1286
608	1736
610	1206
610	1617
611	1132
612	627
612	653
612	669
612	813
615	852
615	1601
616	740
616	1807
617	926
617	972
617	1151
618	686
618	792
618	793
618	878
619	778
619	1934
620	880
620	1362
621	859
622	770
622	991
622	1384
622	1640
624	640
624	731
624	860
624	996
626	983
627	765
627	990
628	1035
628	1474
629	657
629	704
629	864
629	1262
630	897
630	928
630	1575
631	928
631	962
631	994
631	1739
631	1999
632	969
632	1034
633	647
634	1723
635	886
637	763
637	794
637	838
637	911
638	898
639	1461
640	1052
641	1080
642	698
642	1791
644	1607
646	801
646	868
647	1198
648	956
649	735
649	806
650	712
651	671
651	818
652	762
652	1451
652	1611
652	1650
653	775
653	1901
655	698
655	790
656	1178
657	856
657	1838
658	683
658	714
658	1500
658	1686
659	789
660	1051
661	973
663	1052
665	746
666	882
668	1229
669	1053
671	885
671	891
673	1276
673	1885
674	850
675	1170
676	686
676	798
676	814
678	890
679	879
679	997
679	1578
680	691
680	1156
684	794
684	1295
686	756
686	1481
687	905
687	1323
688	716
688	817
688	842
688	889
688	1222
688	1533
690	1513
691	1001
693	870
694	1124
694	1132
694	1332
697	1284
698	897
698	1855
699	736
699	905
703	767
703	1193
703	1635
704	1410
705	945
705	1765
706	821
707	1851
708	730
708	1434
709	1409
710	956
710	1514
710	1718
712	812
713	985
713	1097
714	819
714	832
714	1093
714	1861
715	853
715	1018
715	1320
716	994
719	855
721	1344
722	1505
723	1427
723	1772
724	792
725	1170
727	830
727	1328
728	785
728	867
728	1511
729	1651
730	761
731	1926
732	822
732	1153
733	803
734	953
735	1297
735	1547
736	1763
737	767
738	743
738	911
741	836
741	940
741	1744
742	982
742	1720
743	1818
746	1091
747	962
748	766
749	1247
750	777
751	764
751	1030
752	807
752	991
752	1732
752	1779
753	1366
754	825
754	957
758	790
758	832
758	1598
758	1649
762	1932
764	1377
765	967
765	1525
766	786
767	1725
770	876
770	1621
771	1450
772	1163
774	1452
775	902
775	1311
775	1630
778	836
778	1718
779	1013
779	1135
781	844
781	1239
781	1474
784	1216
789	821
792	815
793	932
794	958
795	1652
795	1726
796	809
796	904
796	1456
797	887
801	857
801	880
801	1609
806	1407
807	857
808	875
809	1515
812	840
812	1079
812	1279
815	1331
815	1584
819	1918
821	1176
822	1542
823	1530
825	1312
826	947
827	934
827	1701
828	1781
830	971
831	913
831	931
834	1355
837	950
839	989
839	1784
842	983
842	1202
844	1205
845	974
846	953
847	987
848	950
848	954
848	1673
849	999
851	914
852	854
853	1545
856	863
858	867
859	1799
862	980
862	1657
864	1584
865	1557
866	1979
867	1077
867	1628
868	1385
871	1874
880	998
881	1833
881	1989
884	937
885	1135
886	922
886	1857
888	998
890	1448
890	1799
891	1359
893	1647
895	1126
896	1843
898	1115
898	1191
899	909
900	1953
901	904
909	1077
912	944
912	1625
912	1946
916	1083
917	1980
921	1974
928	1167
929	984
929	1774
932	1231
932	1538
934	1168
937	1614
939	1570
940	1054
941	958
942	1320
943	1922
945	996
945	1351
946	959
946	1138
946	1182
949	1434
950	990
951	960
959	1396
959	1716
960	1263
960	1857
961	1308
963	1617
965	1562
970	1072
971	979
974	1332
975	1841
978	1309
983	1559
984	992
985	1098
986	1295
987	1870
987	1975
988	1826
992	1620
993	1982
994	1152
997	1420
999	1395
1002	1003
1002	1004
1002	1005
1002	1006
1002	1011
1002	1014
1002	1015
1002	1034
1002	1058
1002	1060
1002	1069
1002	1209
1002	1262
1002	1269
1002	1312
1002	1822
1003	1004
1003	1005
1003	1008
1003	1009
1003	1027
1003	1073
1003	1081
1003	1089
1003	1124
1003	1143
1003	1289
1003	1447
1003	1723
1003	1846
1004	1007
1004	1008
1004	1011
1004	1015
1004	1022
1004	1035
1004	1056
1004	1068
1004	1077
1004	1084
1004	1368
1004	1399
1004	1724
1005	1006
1005	1007
1005	1009
1005	1010
1005	1016
1005	1163
1005	1415
1005	1434
1005	1758
1005	1830
1006	1018
1006	1020
1006	1021
1006	1095
1007	1021
1007	1035
1007	1041
1007	1043
1007	1052
1007	1210
1007	1382
1007	1439
1007	1480
1007	1729
1007	1803
1007	1813
1008	1022
1008	1026
1008	1037
1008	1038
1008	1156
1008	1161
1008	1323
1008	1396
1008	1462
1008	1560
1008	1620
1008	1837
1009	1010
1009	1013
1009	1026
1009	1042
1009	1083
1009	1123
1009	1232
1009	1374
1009	1949
1010	1014
1010	1020
1010	1028
1010	1040
1010	1066
1010	1072
1010	1451
1010	1477
1010	1936
1011	1012
1011	1025
1011	1033
1011	1131
1012	1013
1012	1024
1012	1031
1012	1033
1012	1091
1012	1141
1012	1246
1012	1283
1012	1346
1012	1359
1012	1537
1012	1710
1012	1945
1012	1978
1013	1016
1013	1029
1013	1038
1013	1052
1013	1053
1013	1075
1013	1108
1013	1120
1013	1592
1014	1025
1014	1053
1014	1067
1014	1258
1014	1507
1014	1990
1015	1017
1015	1045
1015	1047
1015	1063
1015	1091
1015	1124
1015	1483
1016	1017
1016	1018
1016	1023
1016	1024
1016	1028
1016	1046
1016	1048
1016	1085
1016	1113
1016	1336
1016	1338
1016	1550
1016	1879
1017	1019
1017	1023
1017	1032
1017	1112
1017	1241
1017	1560
1017	1875
1018	1019
1018	1030
1018	1048
1018	1062
1018	1098
1018	1117
1018	1302
1018	1385
1018	1472
1018	1639
1018	1986
1019	1039
1019	1059
1019	1071
1019	1130
1019	1201
1019	1278
1019	1603
1019	1663
1020	1029
1020	1059
1020	1101
1020	1113
1020	1132
1020	1135
1020	1211
1020	1613
1021	1027
1021	1925
1022	1094
1022	1106
1022	1410
1022	1519
1023	1030
1023	1031
1023	1040
1023	1045
1023	1050
1023	1076
1023	1122
1023	1177
1023	1263
1023	1471
1023	1628
1023	1889
1024	1046
1024	1061
1024	1146
1024	1453
1024	1455
1025	1051
1025	1100
1025	1151
1025	1382
1025	1616
1026	1055
1026	1058
1026	1078
1026	1144
1026	1861
1027	1082
1027	1087
1027	1182
1027	1240
1027	1291
1027	1841
1028	1036
1028	1051
1028	1099
1028	1136
1028	1148
1028	1564
1028	1617
1028	1742
1029	1032
1029	1037
1029	1088
1029	1129
1029	1373
1029	1385
1029	1570
1029	1695
1030	1062
1030	1070
1030	1079
1030	1131
1030	1180
1030	1204
1030	1322
1030	1490
1031	1088
1031	1104
1031	1195
1031	1271
1031	1286
1031	1326
1031	1471
1031	1722
1031	1872
1032	1034
1032	1036
1032	1039
1032	1150
1032	1389
1032	1552
1032	1910
1033	1044
1033	1054
1033	1108
1033	1195
1033	1217
1033	1386
1033	1552
1033	1822
1034	1086
1034	1116
1034	1293
1034	1341
1035	1049
1035	1074
1035	1080
1035	1085
1035	1119
1035	1224
1035	1301
1035	1362
1035	1425
1036	1055
1036	1074
1036	1109
1036	1115
1036	1221
1036	1239
1036	1333
1036	1479
1036	2001
1037	1043
1037	1072
1037	1128
1037	1306
1037	1469
1037	1821
1038	1041
1038	1080
1038	1120
1038	1134
1038	1180
1038	1205
1038	1310
1038	1318
1038	1430
1038	1527
1038	1637
1038	1663
1039	1060
1039	1090
1039	1139
1039	1168
1039	1218
1039	1307
1039	1390
1039	1455
1039	1714
1040	1044
1040	1122
1040	1154
1040	1389
1040	1657
1041	1042
1041	1061
1041	1149
1041	1169
1041	1245
1041	1281
1041	1295
1042	1047
1042	1054
1042	1101
1042	1152
1042	1190
1042	1238
1042	1311
1042	1391
1042	1501
1042	1774
1043	1050
1043	1064
1043	1145
1043	1280
1043	1520
1043	1896
1044	1056
1044	1086
1044	1222
1044	1360
1044	1985
1045	1049
1045	1066
1045	1069
1045	1092
1045	1097
1045	1102
1045	1127
1045	1214
1045	1232
1045	1234
1045	1235
1045	1286
1045	1328
1045	1377
1045	1517
1046	1087
1046	1110
1046	1349
1046	1662
1047	1259
1047	1282
1047	1355
1047	1765
1047	1825
1048	1064
1048	1519
1048	1562
1049	1067
1049	1103
1050	1081
1050	1092
1050	1255
1050	1301
1050	1303
1050	1383
1050	1437
1050	1511
1050	1627
1051	1243
1051	1347
1051	1466
1051	1639
1052	1065
1052	1107
1052	1148
1052	1155
1052	1185
1052	1300
1052	1434
1052	1504
1052	1927
1053	1057
1053	1138
1053	1184
1053	1216
1053	1330
1053	1449
1054	1057
1054	1096
1054	1112
1054	1186
1054	1188
1054	1267
1054	1620
1054	1775
1055	1068
1055	1093
1055	1337
1055	1426
1056	1172
1056	1310
1056	1608
1056	1834
1057	1075
1057	1090
1057	1199
1057	1549
1058	1158
1058	1166
1058	1182
1058	1296
1058	1315
1058	1411
1058	1621
1058	1654
1058	1835
1059	1098
1059	1103
1059	1111
1059	1174
1059	1194
1059	1283
1059	1354
1059	1392
1059	1514
1059	1683
1059	1923
1060	1063
1060	1102
1060	1135
1060	1236
1060	1535
1060	1970
1061	1077
1061	1126
1061	1143
1062	1093
1062	1115
1062	1251
1062	1395
1062	1976
1063	1083
1063	1162
1063	1340
1063	1509
1064	1065
1064	1147
1064	1211
1064	1895
1065	1073
1065	1082
1065	1160
1065	1181
1065	1302
1065	1493
1065	1601
1065	1602
1065	1704
1066	1078
1066	1104
1066	1876
1067	1070
1067	1168
1067	1183
1067	1184
1067	1188
1067	1197
1067	1207
1067	1220
1067	1226
1067	1351
1067	1463
1067	1569
1068	1071
1068	1106
1068	1158
1068	1329
1068	1496
1068	1711
1068	1912
1069	1198
1069	1540
1069	1571
1070	1096
1070	1100
1070	1154
1070	1298
1070	1881
1071	1076
1071	1176
1071	1219
1071	1247
1071	1528
1071	1673
1072	1252
1072	1284
1072	1364
1073	1141
1073	1144
1073	1486
1074	1164
1074	1183
1074	1218
1074	1442
1074	1465
1074	1547
1074	1906
1075	1079
1075	1134
1075	1203
1075	1227
1075	1243
1075	1467
1075	1498
1075	1619
1075	1967
1075	1985
1076	1094
1076	1163
1076	1296
1076	1356
1076	1379
1077	1152
1077	1178
1077	1225
1077	1229
1077	1303
1077	1597
1077	1655
1077	1900
1078	1084
1078	1297
1078	1313
1078	1361
1079	1233
1079	1387
1079	1670
1079	1688
1080	1118
1080	1119
1080	1242
1080	1295
1080	1764
1080	1898
1081	1095
1081	1105
1081	1126
1081	1153
1081	1165
1081	1523
1082	1089
1082	1206
1082	1223
1082	1370
1082	1422
1082	1557
1083	1179
1083	1181
1083	1201
1083	1405
1083	1787
1084	1138
1084	1393
1084	1804
1084	1975
1085	1128
1085	1291
1085	1360
1085	1783
1086	1121
1086	1140
1086	1212
1086	1367
1086	1404
1086	1809
1086	1976
1087	1097
1087	1105
1087	1594
1087	1963
1088	1099
1088	1110
1088	1127
1088	1142
1088	1170
1088	1279
1088	1292
1088	1468
1088	1721
1089	1109
1089	1118
1089	1191
1089	1250
1089	1331
1089	1531
1090	1285
1090	1557
1091	1327
1091	1351
1091	1802
1092	1157
1092	1535
1093	1207
1093	1231
1094	1151
1094	1246
1094	1308
1094	1414
1094	1486
1094	1997
1095	1130
1095	1137
1095	1254
1095	1314
1095	1658
1096	1175
1096	1193
1096	1293
1096	1390
1096	1582
1096	1608
1096	1969
1097	1146
1097	1210
1097	1500
1098	1111
1098	1171
1098	1336
1099	1150
1099	1167
1099	1489
1099	1529
1100	1159
1100	1199
1100	1230
1100	1233
1100	1267
1100	1376
1100	1436
1100	1867
1101	1117
1101	1149
1101	1424
1102	1230
1102	1558
1103	1114
1103	1123
1103	1137
1103	1189
1103	1354
1103	1659
1103	2000
1104	1107
1104	1114
1104	1132
1104	1133
1104	1185
1104	1202
1104	1264
1104	1292
1104	1453
1104	1649
1105	1650
1106	1248
1106	1586
1107	1116
1107	1863
1108	1156
1108	1781
1109	1129
1109	1285
1109	1933
1110	1155
1110	1173
1110	1268
1110	1332
1111	1194
1111	1429
1111	1435
1111	1497
1111	1722
1112	1159
1112	1408
1113	1196
1113	1939
1114	1125
1114	1171
1114	1272
1114	1369
1114	1812
1115	1145
1115	1174
1115	1192
1115	1193
1115	1269
1115	1768
1115	1887
1116	1223
1116	1306
1116	1550
1116	1879
1117	1133
1117	1173
1117	1249
1117	1253
1117	1299
1117	1503
1117	1845
1117	1956
1118	1200
1118	1208
1118	1248
1118	1426
1118	1516
1119	1187
1119	1216
1119	1440
1119	1567
1119	1605
1119	1897
1120	1167
1120	1239
1121	1125
1121	1153
1121	1179
1122	1136
1122	1322
1122	1407
1123	1212
1123	1368
1123	1964
1124	1140
1124	1392
1125	1157
1125	1262
1125	1375
1125	1377
1125	1617
1126	1142
1126	1381
1126	1412
1126	1414
1126	1425
1127	1139
1127	1166
1127	1225
1127	1237
1127	1247
1127	1401
1127	1883
1128	1784
1129	1209
1129	1214
1129	1240
1129	1419
1130	1219
1131	1493
1131	1566
1132	1190
1132	1475
1132	1811
1133	1164
1133	1215
1133	1227
1133	1266
1133	1472
1134	1244
1134	1254
1134	1731
1134	1844
1134	1982
1135	1189
1135	1205
1135	1241
1135	1340
1135	1521
1135	1660
1135	1910
1136	1147
1136	1169
1136	1226
1137	1165
1137	1631
1137	1987
1138	1416
1138	1588
1138	1638
1138	1995
1139	1274
1139	1327
1139	1335
1139	1399
1139	1409
1139	1932
1139	1979
1140	1409
1140	1427
1140	1675
1140	1926
1141	1338
1141	1603
1141	1614
1141	1618
1141	1675
1141	1777
1142	1257
1142	1421
1142	1866
1142	1950
1143	1224
1143	1277
1143	1335
1143	1479
1144	1474
1145	1490
1145	1669
1145	1931
1146	1231
1146	1250
1146	1612
1146	1869
1146	1885
1147	1172
1147	1236
1147	1270
1147	1602
1147	1670
1148	1161
1148	1626
1148	1697
1148	1947
1149	1170
1149	1196
1149	1264
1151	1191
1151	1204
1151	1326
1151	1358
1151	1443
1151	1544
1151	1573
1151	1805
1152	1253
1153	1352
1153	1590
1154	1160
1154	1176
1154	1206
1154	1337
1154	1369
1154	1878
1155	1187
1155	1314
1155	1929
1156	1177
1156	1260
1156	1305
1156	1317
1156	1370
1156	1604
1156	1629
1156	1791
1156	1941
1157	1499
1157	1577
1157	1632
1157	1897
1158	1162
1158	1275
1158	1357
1158	1508
1159	1304
1159	1309
1160	1203
1160	1687
1160	1715
1161	1304
1161	1623
1161	1665
1161	1964
1162	1217
1162	1445
1162	1498
1162	1581
1162	1763
1163	1197
1163	1333
1163	1458
1163	1613
1163	1767
1164	1627
1164	1638
1164	1664
1165	1213
1165	1263
1165	1418
1165	1604
1166	1393
1166	1536
1167	1175
1167	1178
1167	1215
1167	1265
1167	1307
1167	1332
1167	1501
1167	1868
1168	1186
1168	1221
1168	1743
1168	1962
1169	1287
1169	1839
1169	1938
1170	1192
1170	1213
1170	1342
1170	1540
1170	1940
1171	1244
1171	1352
1171	1433
1172	1228
1172	1235
1172	1299
1172	1330
1172	1400
1172	1612
1172	1861
1172	1911
1173	1261
1173	1343
1173	1790
1174	1288
1174	1466
1174	1483
1174	1536
1174	1942
1175	1273
1175	1454
1175	1701
1176	1345
1176	1464
1176	1618
1176	1729
1177	1300
1177	1313
1177	1355
1178	1275
1178	1282
1178	1364
1180	1418
1180	1505
1181	1260
1181	1689
1181	1731
1181	1847
1182	1481
1182	1884
1183	1727
1183	1808
1184	1242
1184	1252
1184	1287
1184	1345
1184	1778
1185	1208
1185	1280
1185	1366
1185	1376
1185	1395
1186	1328
1186	1372
1186	1671
1186	1713
1186	1750
1186	1870
1186	1905
1186	1921
1187	1202
1187	1272
1188	1200
1188	1406
1188	1795
1189	1496
1189	1594
1190	1585
1190	1616
1191	1349
1191	1396
1191	1437
1192	1305
1192	1523
1192	1770
1193	1357
1193	1422
1193	1478
1193	1747
1193	1824
1194	1198
1194	1234
1194	1402
1196	1398
1196	1798
1197	1601
1197	1961
1198	1517
1198	1593
1199	1266
1199	1506
1199	1562
1199	1576
1199	1674
1199	1792
1200	1245
1200	1430
1200	1564
1200	1583
1201	1237
1201	1238
1201	1363
1201	1446
1201	1788
1202	1607
1202	1642
1203	1358
1203	1461
1203	1800
1204	1343
1204	1449
1204	1637
1205	1482
1205	1539
1205	1681
1205	1754
1206	1222
1206	1277
1206	1309
1206	1383
1206	1386
1206	1401
1206	1700
1207	1329
1207	1380
1208	1220
1208	1249
1208	1255
1208	1468
1208	1751
1209	1312
1209	1325
1209	1367
1209	1513
1209	1881
1209	2001
1210	1298
1210	1461
1210	1682
1210	1697
1211	1512
1211	1978
1212	1342
1212	1447
1212	1773
1213	1397
1213	1474
1213	1542
1214	1251
1214	1290
1214	1450
1214	1955
1215	1257
1215	1334
1215	1548
1215	1645
1216	1229
1216	1469
1216	1481
1216	1527
1217	1895
1218	1261
1218	1279
1218	1320
1218	1350
1218	1416
1218	1668
1219	1276
1219	1316
1219	1475
1219	1683
1219	1908
1220	1710
1221	1530
1222	1228
1222	1441
1222	1547
1223	1278
1223	1288
1223	1463
1224	1353
1225	1259
1225	1315
1225	1388
1225	1398
1225	1595
1226	1886
1227	1265
1227	1647
1227	1755
1228	1485
1228	1644
1228	1984
1229	1432
1229	1661
1230	1433
1230	1712
1231	1362
1231	1423
1231	1505
1232	1891
1233	1442
1233	1820
1234	1456
1235	1256
1235	1294
1235	1356
1235	1413
1235	1796
1235	1975
1236	1706
1237	1346
1237	1476
1237	1733
1237	1759
1238	1270
1238	1384
1238	1556
1238	1714
1239	1611
1239	1802
1240	1772
1240	1874
1241	1319
1241	1689
1241	1699
1242	1258
1242	1268
1242	1780
1243	1634
1243	1724
1243	1777
1243	1893
1244	1273
1244	1438
1244	1460
1244	1551
1244	1624
1244	1925
1244	1973
1245	1413
1245	1636
1246	1672
1246	1958
1247	1321
1247	1798
1248	1372
1248	1439
1248	1526
1248	1619
1248	1725
1249	1408
1249	1756
1249	1823
1250	1271
1250	1331
1250	1378
1251	1672
1251	1845
1253	1350
1254	1530
1254	1814
1254	1935
1255	1256
1255	1341
1256	1465
1257	1318
1257	1381
1257	1421
1257	1558
1258	1371
1258	1785
1258	1841
1259	1840
1260	1484
1261	1543
1261	1544
1262	1339
1262	1388
1262	1415
1262	1575
1264	1440
1264	1525
1264	1598
1264	1732
1265	1311
1266	1321
1266	1427
1266	1836
1267	1289
1267	1347
1267	1511
1268	1284
1268	1532
1268	1849
1269	1281
1269	1609
1269	1854
1270	1320
1270	1682
1270	1786
1270	1818
1271	1574
1271	1998
1272	1850
1273	1276
1273	1387
1274	1324
1274	1353
1274	1679
1274	1707
1274	1780
1274	1953
1275	1334
1275	1444
1275	1968
1276	1813
1277	1667
1277	1996
1278	1365
1278	1451
1279	1290
1279	1806
1280	1348
1280	1450
1281	1344
1281	1363
1281	1441
1281	1443
1281	1538
1282	1892
1282	1920
1282	1951
1283	1297
1283	1534
1283	1870
1284	1744
1284	1832
1285	1429
1285	1727
1286	1693
1286	1831
1286	1899
1287	1533
1287	1631
1287	1838
1288	1403
1288	1538
1288	1885
1289	1585
1289	1720
1290	1294
1290	1487
1290	1655
1290	1744
1291	1515
1291	1578
1291	1579
1291	1632
1291	1671
1291	1942
1294	1524
1295	1473
1295	1597
1296	1319
1296	1678
1296	1705
1297	1488
1297	1633
1297	1709
1297	1807
1297	1979
1298	1945
1299	1359
1300	1316
1300	1325
1300	1584
1300	1589
1300	1610
1301	1428
1301	1869
1302	1476
1303	1348
1303	1361
1303	1404
1303	1518
1303	1539
1303	1542
1304	1799
1305	1578
1306	1641
1306	1686
1306	1698
1306	1753
1307	1308
1307	1339
1307	1694
1307	1790
1308	1323
1309	1371
1309	1459
1309	1580
1311	1525
1311	1589
1311	1593
1311	1793
1312	1373
1312	1691
1313	1379
1313	1482
1313	1509
1313	1752
1314	1659
1315	1317
1315	1516
1315	1640
1316	1478
1316	1561
1317	1457
1319	1344
1319	1435
1319	1458
1320	1500
1320	1782
1320	1924
1321	1690
1321	1742
1321	1770
1321	1894
1322	1528
1323	1324
1324	1606
1325	1406
1325	1684
1326	1548
1327	1494
1327	1582
1328	1420
1328	1768
1329	1784
1329	1811
1329	1848
1330	1403
1330	1512
1331	1484
1331	1904
1332	1842
1332	1921
1333	1400
1333	1487
1333	1576
1334	1438
1334	1565
1335	1857
1335	1968
1336	1391
1336	1445
1336	1502
1337	1771
1338	1456
1338	1630
1338	1751
1338	1892
1339	1579
1339	1991
1340	1432
1340	1508
1341	1460
1341	1928
1341	1993
1342	1410
1342	1646
1342	1876
1343	1374
1343	1776
1345	1470
1345	1857
1345	1902
1346	1366
1346	1633
1346	1820
1346	1960
1347	1644
1347	1648
1348	1570
1348	1860
1349	1622
1349	1652
1349	1882
1351	1424
1351	1559
1351	1980
1352	1448
1352	1566
1353	1504
1354	1375
1354	1423
1354	1640
1354	1728
1355	1746
1356	1365
1356	1771
1356	1877
1357	1846
1358	1491
1358	1567
1358	1599
1358	1718
1358	1916
1358	1948
1359	1554
1359	1836
1360	1647
1361	1405
1361	1577
1361	1584
1361	1636
1362	1431
1362	1789
1362	1801
1363	1444
1363	1686
1363	1712
1364	1591
1365	1431
1365	1817
1365	1940
1367	1380
1367	1384
1367	1909
1368	1699
1369	1378
1369	1763
1370	1452
1370	1454
1370	1818
1370	1972
1371	1394
1371	1499
1371	1502
1371	1587
1371	1685
1372	1733
1372	1853
1372	1989
1373	1402
1373	1428
1373	1807
1374	1568
1374	1666
1376	1708
1376	1874
1377	1803
1378	1833
1379	1397
1379	1760
1379	1805
1380	1394
1380	1783
1380	1963
1381	1862
1382	1495
1382	1739
1383	1522
1383	1880
1384	1503
1385	1417
1385	1912
1386	1506
1386	1681
1388	1715
1389	1753
1390	1462
1390	1796
1391	1583
1391	1693
1392	1457
1392	1851
1394	1521
1394	1990
1395	1706
1396	1572
1396	1719
1396	1767
1396	1923
1397	1464
1397	1507
1397	1555
1398	1840
1399	1412
1399	1888
1400	1420
1400	1643
1401	1411
1402	1684
1403	1974
1404	1665
1406	1407
1406	1436
1408	1919
1409	1470
1409	1735
1410	1417
1410	1679
1411	1459
1412	1419
1412	1615
1413	1607
1413	1815
1413	1901
1414	1492
1414	1537
1414	1704
1414	1970
1415	1574
1415	1954
1416	1709
1416	1718
1416	1875
1417	1446
1417	1526
1417	1676
1417	1898
1419	1452
1419	1497
1419	1598
1419	1625
1420	1590
1420	1669
1420	1745
1420	1981
1421	1494
1421	1664
1421	1677
1422	1600
1423	1467
1423	1828
1423	1849
1424	1605
1424	1934
1425	1575
1425	1705
1428	1488
1428	1510
1428	1543
1428	1587
1430	1489
1430	1691
1430	1998
1431	1480
1431	1599
1431	1890
1431	1922
1432	1667
1433	1871
1433	1993
1434	1492
1434	1888
1434	1920
1434	1952
1435	1563
1435	1730
1436	1903
1437	1913
1438	1563
1438	1732
1439	1510
1439	1755
1439	1902
1441	1448
1441	1929
1441	1937
1443	1756
1444	1531
1445	1716
1446	1477
1446	1555
1446	1650
1446	1658
1446	1907
1446	1930
1446	1931
1448	1473
1448	1565
1448	1865
1449	1829
1450	1533
1450	1738
1450	1816
1450	1856
1451	1972
1453	1804
1453	1833
1453	1834
1453	1943
1454	1696
1454	1779
1455	1668
1455	1878
1456	1701
1456	1817
1457	1971
1458	1546
1459	1730
1461	1485
1462	1611
1462	1868
1463	1513
1464	1551
1464	1586
1466	1698
1466	1700
1466	1965
1467	1495
1467	1696
1468	1534
1468	1635
1469	1522
1470	1581
1470	1596
1470	1859
1471	1561
1471	1629
1472	1532
1472	1634
1472	1642
1474	1909
1475	1491
1476	1915
1477	1661
1481	1835
1482	1524
1482	1545
1482	1695
1482	1966
1483	1520
1483	1628
1483	1708
1483	1713
1484	1652
1484	1749
1485	1646
1486	1515
1486	1694
1487	1955
1487	1969
1488	1541
1488	1625
1488	1649
1488	1685
1488	1906
1489	1656
1489	1812
1490	1518
1490	1541
1490	1588
1490	1950
1492	1707
1493	1514
1493	1545
1493	1831
1494	1687
1494	1941
1496	1572
1496	1775
1496	1858
1497	1654
1498	1580
1498	1703
1499	1858
1499	1946
1500	1595
1501	1703
1501	1736
1501	1738
1502	1559
1503	1852
1503	1997
1504	1937
1505	1596
1507	1797
1507	1838
1508	1740
1509	1529
1510	1553
1510	1772
1510	1850
1510	1886
1511	1615
1512	1788
1513	1752
1513	1827
1513	1864
1513	1927
1514	1556
1514	1692
1516	1568
1517	1774
1518	1913
1519	1759
1519	1799
1520	1949
1521	1554
1521	1569
1521	1890
1522	1692
1522	1734
1522	1754
1523	1690
1523	1893
1523	1915
1525	1791
1525	1855
1526	1571
1526	1740
1527	1815
1527	1843
1528	1549
1528	1786
1528	1944
1531	1903
1532	1546
1533	1648
1534	1764
1534	1880
1534	1967
1535	1797
1536	1854
1538	1873
1539	1823
1540	1553
1542	1614
1542	1624
1543	1716
1545	1606
1547	1592
1549	1794
1549	1795
1550	1851
1552	1653
1555	1977
1560	1645
1560	1781
1561	1779
1562	1900
1562	1956
1563	1641
1568	1678
1569	1573
1570	1953
1571	1622
1571	1747
1573	1737
1576	1600
1576	1623
1577	1762
1577	1901
1577	1988
1579	1746
1579	1810
1580	1643
1580	1943
1581	1887
1583	1591
1584	1626
1584	1630
1586	1680
1586	1721
1587	1657
1587	1859
1589	1735
1589	1884
1590	1674
1590	1748
1590	1750
1590	1954
1591	1758
1592	1889
1593	1952
1594	1610
1594	1757
1595	1651
1595	1748
1597	1827
1597	1980
1598	1873
1600	1736
1601	1760
1603	1609
1603	1865
1605	1680
1607	1662
1607	1677
1609	1757
1611	1766
1611	1992
1613	1741
1613	1821
1616	1635
1616	1666
1617	1917
1618	1621
1619	1819
1622	1702
1623	1702
1628	1787
1629	1719
1630	1728
1632	1711
1632	1974
1633	1656
1633	1824
1636	1749
1638	1673
1639	1871
1642	1782
1643	2000
1644	1907
1646	1778
1649	1653
1649	1837
1649	1904
1649	1936
1651	1726
1652	1660
1652	1688
1654	1726
1656	1816
1656	1839
1658	1720
1658	1973
1660	1743
1660	1765
1660	1766
1661	1809
1661	1962
1662	1914
1663	1982
1664	1773
1668	1785
1668	1992
1669	1676
1669	1946
1670	1725
1671	1853
1672	1832
1673	1864
1675	1989
1677	1844
1680	1872
1684	1737
1685	1948
1689	1957
1690	1800
1691	1939
1692	1761
1693	1958
1694	1883
1695	1988
1697	1723
1697	1981
1699	1717
1699	1801
1699	1825
1699	1847
1701	1842
1702	1819
1704	1959
1704	1983
1705	1734
1706	1739
1707	1717
1707	1891
1708	1944
1709	1741
1710	1848
1711	1855
1712	1769
1714	1995
1720	1789
1721	1843
1722	1867
1723	1916
1725	1994
1726	1769
1727	1761
1736	1806
1736	1860
1737	1928
1738	1776
1740	1745
1740	1932
1742	1918
1743	1862
1743	1930
1744	1914
1747	1762
1747	1793
1755	1852
1756	1826
1762	1905
1763	1951
1764	1808
1765	1924
1766	1826
1769	1792
1777	1866
1777	1935
1781	1894
1782	1984
1787	1828
1790	1794
1791	1810
1792	1829
1792	1856
1795	1934
1797	1830
1799	1960
1807	1877
1810	1899
1810	1959
1812	1814
1812	1971
1816	1933
1822	1919
1822	1966
1824	1908
1840	1896
1841	1994
1842	1965
1844	1996
1845	1977
1847	1947
1847	1957
1849	1926
1857	1863
1864	1986
1866	1911
1867	1938
1877	1882
1882	1922
1891	1987
1900	1999
1912	1917
1912	1918
1919	1991
1931	1961
1968	1999
1978	1983
