2002	0
0	1
0	3
0	4
0	6
0	7
0	12
0	38
0	49
0	50
0	62
0	117
0	145
0	166
0	248
0	592
0	728
0	766
0	1392
1	2
1	15
1	35
1	45
1	650
1	659
1	1692
2	3
2	7
2	8
2	9
2	11
2	16
2	23
2	29
2	91
2	93
2	285
2	360
2	503
3	4
3	5
3	9
3	23
3	40
3	66
3	138
3	198
3	203
3	902
3	1024
3	1939
4	5
4	6
4	8
4	30
4	36
4	108
4	236
4	321
4	349
4	373
4	470
4	709
5	10
5	11
5	908
5	1276
6	10
6	12
6	69
6	73
6	109
6	264
6	377
6	942
7	21
7	26
7	99
7	132
7	234
7	371
7	497
7	645
7	852
8	13
8	16
8	19
8	53
8	140
8	194
8	340
8	350
8	671
9	17
9	19
9	28
9	93
9	298
9	314
9	326
9	371
9	373
9	672
9	730
9	1976
10	18
10	20
10	22
10	52
10	55
10	59
10	64
10	115
10	983
11	13
11	15
11	20
11	32
11	33
11	39
11	47
11	50
11	103
11	155
11	163
11	236
12	14
12	26
12	81
12	970
13	14
13	24
13	88
13	122
13	162
13	165
13	292
13	428
13	519
13	666
13	749
14	21
14	43
14	58
14	336
14	541
14	778
14	1494
15	22
15	37
15	83
15	106
15	304
15	347
15	805
15	901
16	17
16	24
16	31
16	60
16	89
16	163
16	215
16	240
16	398
16	479
17	25
17	110
17	261
17	450
17	511
17	925
17	1196
18	42
18	56
18	57
18	72
18	73
18	107
18	154
18	171
18	322
18	392
18	573
18	975
19	27
19	31
19	39
19	41
19	42
19	147
19	475
19	489
20	25
20	27
20	41
20	48
20	52
20	70
20	173
20	199
20	224
20	434
20	771
20	974
20	1634
21	78
21	157
21	197
21	234
21	363
21	461
21	718
22	35
22	38
22	56
22	637
22	856
22	939
23	54
23	82
23	90
23	116
23	127
23	133
23	185
23	189
23	198
23	204
23	381
23	546
23	918
23	1278
23	1809
24	30
24	34
24	43
24	66
24	84
24	151
24	372
24	413
25	28
25	37
25	74
25	112
25	221
25	265
25	425
25	980
25	1483
26	29
26	85
26	100
26	116
26	160
26	223
26	231
26	250
26	295
26	376
26	548
26	615
27	49
27	51
27	76
27	102
27	219
27	358
27	434
27	710
27	864
28	32
28	33
28	68
28	120
28	259
28	933
28	1348
29	119
29	389
30	53
30	61
30	65
30	75
30	80
30	113
30	121
30	193
30	219
30	263
30	383
30	485
30	767
30	807
31	72
31	79
31	121
31	153
31	155
31	248
31	313
31	444
31	454
31	481
31	575
31	1488
31	1926
32	60
32	83
32	87
32	216
32	255
32	268
32	298
32	332
32	348
32	531
32	570
32	1618
33	62
33	106
33	213
33	577
33	1787
34	36
34	64
34	71
34	89
34	165
34	179
34	217
34	231
34	254
34	336
34	357
34	862
34	886
34	1020
35	47
35	55
35	144
35	161
35	176
35	426
35	427
35	459
35	679
35	854
35	931
36	45
36	79
36	117
37	46
37	57
37	152
37	192
37	226
37	300
37	317
37	365
37	963
38	46
38	51
38	59
38	63
38	86
38	201
38	287
38	368
38	382
39	44
39	61
39	86
39	97
39	229
39	260
39	334
39	854
40	58
40	63
40	137
40	227
40	341
40	370
40	416
40	605
40	1605
40	1780
41	82
41	593
41	783
41	1477
42	129
42	212
42	335
42	424
42	454
42	965
42	1000
42	1532
43	44
43	48
43	684
44	94
44	172
44	181
44	216
44	361
44	488
44	956
45	54
45	188
45	354
46	101
46	228
46	283
46	991
47	65
47	111
47	173
47	183
47	191
47	226
47	397
48	78
48	114
48	125
48	159
48	177
48	178
48	565
48	613
49	168
49	560
49	1633
49	1888
50	76
50	85
50	98
50	100
50	274
51	68
51	320
51	720
52	84
52	138
52	204
52	277
53	77
53	88
53	94
53	177
53	284
53	343
53	468
53	826
54	74
54	139
54	148
54	246
54	295
54	477
54	586
54	1686
55	95
55	110
55	118
55	339
55	481
55	514
55	559
55	584
55	702
55	919
55	1191
56	70
56	180
56	282
57	67
57	124
57	243
57	256
57	267
57	442
58	80
58	92
58	97
58	149
58	209
58	253
58	477
58	723
59	90
59	115
59	126
59	312
59	483
59	576
59	670
59	938
60	91
60	107
60	130
60	197
60	237
60	460
60	894
60	952
60	1861
60	1911
61	67
61	69
61	92
61	169
61	286
61	724
62	96
62	118
62	220
62	421
62	848
62	912
63	142
63	200
63	271
63	301
63	380
63	756
63	1945
64	95
64	158
64	174
64	222
64	296
64	309
64	396
64	1905
65	102
65	297
65	342
65	419
65	462
65	990
66	71
66	122
66	170
66	485
66	890
67	108
67	139
67	227
67	333
67	483
67	726
67	1795
69	75
69	387
69	399
70	151
70	154
70	323
70	589
71	131
71	156
71	190
71	699
71	1849
72	98
72	136
72	390
72	1015
73	77
73	140
73	200
73	268
73	974
73	1114
73	1514
74	96
74	131
74	137
74	143
74	156
74	187
74	261
74	341
75	301
75	306
75	455
75	970
75	998
75	1860
76	353
76	1735
76	1782
77	128
77	146
77	170
77	224
77	258
77	409
77	785
77	928
78	81
78	294
78	547
78	855
78	982
79	87
79	99
79	105
79	159
79	228
79	253
79	665
79	1987
80	113
80	150
80	386
80	689
80	1493
81	427
81	443
81	510
81	880
82	103
82	232
82	667
82	892
83	167
83	207
83	266
83	567
84	134
84	164
84	249
84	416
84	637
85	120
85	495
85	575
85	955
85	1376
86	126
86	142
86	493
86	792
86	1252
87	119
87	125
87	143
87	229
87	480
87	855
87	1683
88	109
88	111
88	132
88	161
88	700
88	1025
89	104
89	133
89	230
89	711
89	819
90	101
90	135
90	280
90	308
90	588
90	675
90	737
91	196
91	262
91	285
91	467
91	831
92	105
92	149
92	196
92	206
92	210
92	291
92	578
92	755
92	1120
93	162
93	487
93	542
93	874
94	123
94	157
94	207
94	214
94	764
94	973
95	112
95	249
95	372
95	545
95	644
95	846
95	1280
96	490
97	124
97	169
97	351
97	959
98	152
98	182
98	270
98	327
98	1828
99	104
99	189
99	242
99	256
99	316
99	529
99	677
99	799
99	886
99	942
100	127
100	129
100	183
100	533
100	569
100	726
101	338
101	355
101	412
101	523
102	222
102	254
102	291
102	502
102	780
102	815
103	130
103	515
103	817
103	832
104	184
104	420
105	144
105	620
106	153
106	239
106	440
106	903
106	1604
107	135
107	141
107	178
107	208
107	212
107	486
108	220
108	235
108	276
108	394
108	1010
109	520
109	528
110	203
110	205
110	443
110	491
110	632
110	800
111	114
111	284
111	457
111	641
112	202
112	817
112	1217
113	263
113	385
113	553
113	955
114	141
114	252
114	306
114	442
114	570
114	639
114	666
114	683
114	878
115	199
115	510
115	706
116	208
116	244
116	361
116	363
116	1015
116	1873
117	128
117	145
117	147
117	505
117	563
117	798
118	174
119	190
119	312
119	463
119	513
119	577
119	1378
120	160
120	374
120	736
121	168
121	385
121	469
122	123
122	247
122	358
122	400
122	631
122	839
122	1354
122	1881
123	418
123	492
123	524
123	587
124	446
124	592
124	643
124	808
124	813
124	841
125	150
125	180
125	244
125	691
125	960
126	681
126	829
126	830
126	947
127	158
127	175
127	194
127	407
127	501
127	1628
128	186
128	281
128	669
128	1018
128	1287
128	1772
129	308
129	405
129	516
129	559
129	1502
130	342
130	513
131	179
131	414
131	966
132	134
132	172
132	214
132	598
132	1075
133	243
133	259
133	433
133	438
134	188
134	278
134	362
134	366
134	395
135	148
135	554
135	1836
136	758
137	1995
138	176
138	265
138	279
138	458
138	963
138	1256
139	186
139	895
139	959
140	146
140	238
140	1174
140	1995
141	206
141	926
142	270
142	375
142	808
143	242
143	251
143	524
143	732
144	191
144	297
144	321
144	428
144	520
144	738
145	167
145	304
145	415
145	543
145	638
145	1880
146	192
146	210
146	260
146	352
146	468
146	704
146	792
147	252
147	364
147	1034
148	406
148	634
148	762
148	846
149	1165
150	164
150	221
150	401
150	777
151	296
151	343
151	754
151	762
151	845
152	181
152	195
152	507
152	629
152	884
152	1529
152	1647
153	175
153	185
153	398
153	586
153	884
154	245
154	614
154	706
154	1495
155	269
155	347
155	461
155	535
155	561
155	1307
156	184
156	543
156	1488
157	166
157	448
157	549
158	262
158	500
158	802
158	1211
159	512
159	1674
159	1935
160	182
160	215
160	276
160	642
161	193
161	281
161	503
161	722
162	601
162	979
163	251
163	478
163	601
163	692
163	710
164	225
165	1333
166	233
166	264
166	405
166	716
166	843
166	957
166	1687
167	171
167	195
167	273
167	941
168	279
168	359
168	596
168	788
168	1124
170	230
171	233
171	286
171	288
171	872
171	904
171	1811
172	293
172	526
172	621
172	763
173	201
173	464
173	715
173	977
174	534
174	791
175	213
175	217
175	435
175	1007
175	1094
175	1739
176	187
176	326
176	466
177	235
177	246
177	250
177	551
177	740
177	869
178	540
178	1036
179	241
180	400
180	678
180	779
180	821
181	240
181	289
181	544
182	202
182	223
182	962
182	971
182	1060
182	1113
182	1841
183	429
183	476
183	542
184	590
184	643
184	952
185	290
185	302
185	432
185	876
185	1531
186	205
187	305
187	539
187	768
188	225
188	828
188	1602
189	376
189	474
189	798
189	1298
190	267
190	476
190	1951
191	209
191	238
191	269
191	324
191	367
191	404
191	714
191	728
192	218
192	368
192	383
192	508
192	558
193	211
193	241
193	370
193	865
193	868
194	272
194	411
194	769
194	1832
195	232
195	568
195	1052
196	257
196	393
196	436
196	564
196	599
196	722
196	763
197	305
197	789
198	218
198	379
198	600
198	663
198	718
198	1110
199	247
199	660
199	911
199	951
199	1669
200	311
200	552
200	703
201	315
201	375
201	617
201	674
202	445
202	569
202	589
202	596
203	289
203	403
203	471
203	745
204	293
204	558
204	697
205	303
205	325
205	608
205	747
205	1822
206	662
206	765
206	835
206	1241
207	436
207	606
207	930
207	994
208	277
208	396
208	511
208	612
208	634
209	283
209	337
209	466
209	801
209	803
209	842
209	1916
210	211
210	245
210	348
210	482
210	494
210	1140
210	1241
210	1290
210	1609
211	287
211	402
211	665
212	313
212	329
212	522
212	782
212	835
213	274
213	307
213	402
213	421
213	556
213	992
213	1414
214	330
214	633
214	879
215	237
215	390
215	784
216	280
216	366
216	1084
216	1616
217	506
217	1227
217	1801
218	636
219	415
219	564
219	795
220	423
220	545
220	837
221	272
221	299
221	607
221	804
222	588
222	698
222	1126
222	1159
223	439
223	631
223	672
224	331
224	478
224	656
224	1224
224	1277
225	317
225	528
225	568
225	1030
226	333
226	335
226	445
226	720
226	860
227	255
227	403
227	594
228	350
228	451
228	746
228	799
229	624
229	742
230	353
230	457
230	993
230	995
231	275
231	344
231	776
231	1150
231	1745
232	751
232	1133
233	319
233	320
234	325
234	462
234	531
234	757
235	1595
236	239
236	439
236	824
237	364
237	489
237	712
237	1582
238	529
239	345
239	356
239	746
240	318
240	424
240	538
240	988
240	1537
241	307
241	818
242	282
242	432
242	449
243	292
243	330
243	392
243	572
243	581
243	754
243	1084
244	314
244	1459
245	775
245	1749
246	322
246	585
246	607
246	654
247	401
247	491
247	1140
248	410
248	507
248	823
248	1713
249	430
249	517
250	474
250	1065
250	1118
250	1739
251	257
251	273
251	346
251	488
251	935
251	1881
252	300
252	833
252	847
253	332
253	473
253	1035
253	1768
254	258
254	557
255	329
255	580
255	1999
256	437
256	827
257	266
257	532
257	1388
258	356
258	822
258	1088
259	1988
259	1991
260	658
261	819
261	934
262	338
262	711
262	979
263	337
263	727
263	1723
264	486
264	585
264	1319
264	1780
265	303
265	310
265	530
266	271
266	369
266	406
267	479
267	641
267	1002
267	1373
268	311
268	435
269	404
269	504
270	275
270	566
270	651
271	290
271	319
271	733
272	597
272	630
272	727
272	950
273	278
273	294
273	318
273	387
273	530
273	827
274	423
274	490
274	496
274	674
274	761
275	1226
276	532
276	567
276	826
276	954
277	323
277	1326
278	351
278	412
278	508
278	858
279	420
279	657
279	985
280	288
280	316
280	425
281	362
281	717
281	1353
282	616
283	324
283	328
283	377
283	379
283	463
283	927
284	299
284	518
284	541
285	367
285	464
285	467
285	1839
286	566
286	721
286	958
287	582
287	625
287	953
288	626
288	628
288	882
288	895
288	922
289	597
289	714
290	345
290	354
291	302
292	309
292	579
292	687
292	1282
293	328
294	393
294	614
294	629
294	708
294	1520
295	408
295	593
295	616
296	422
296	809
296	948
296	1928
297	310
297	344
298	340
298	747
298	920
299	346
299	355
299	1210
300	606
300	759
300	1094
300	1870
301	582
301	744
301	1712
302	433
302	622
302	1118
303	411
303	451
303	1603
304	549
304	1323
304	1330
304	1806
305	472
305	1524
306	331
306	552
306	797
306	1739
307	550
307	940
307	1549
307	1708
308	399
308	438
308	806
309	315
310	327
310	391
310	417
310	653
310	929
310	1623
311	384
311	657
311	868
312	563
312	1702
313	391
314	663
314	965
315	636
315	1077
316	1651
317	426
317	806
317	1051
318	414
318	417
318	821
319	681
319	836
319	1201
319	1522
320	444
320	1554
320	1845
321	334
321	388
321	408
322	352
322	623
322	927
322	1683
322	1689
323	1138
323	1640
324	871
325	610
325	1092
326	339
326	536
326	749
326	858
326	863
328	572
328	574
328	779
328	945
328	1446
329	458
329	750
329	857
329	1188
329	1516
330	465
330	635
330	812
331	696
331	1962
332	359
333	688
333	843
333	999
333	1997
334	378
334	418
334	501
334	1143
335	349
335	515
335	546
335	644
335	658
336	590
336	976
338	381
338	395
338	397
338	574
339	816
339	831
340	521
341	380
341	382
341	407
341	612
341	1088
342	357
342	449
342	626
343	431
343	814
343	1866
344	967
345	365
346	453
347	386
347	924
347	1763
348	969
348	1625
349	378
349	611
349	905
349	1228
350	602
351	429
351	571
351	664
354	484
354	1111
354	1781
356	638
356	752
356	1497
357	360
357	471
357	671
358	369
358	431
358	516
359	946
360	493
360	496
360	1549
361	816
361	1815
362	388
362	548
362	605
362	873
363	499
363	700
363	899
363	1484
364	437
364	502
364	632
364	759
365	784
366	497
366	500
366	730
366	1122
366	1177
366	1569
368	565
368	841
368	888
368	1160
369	556
370	374
370	694
370	1860
370	1931
371	735
371	1352
371	1415
372	519
372	630
372	725
372	1125
373	1450
374	384
374	838
375	394
376	562
376	1168
377	422
378	538
378	540
378	887
379	389
379	484
379	551
380	413
380	752
380	755
381	972
382	514
383	1335
383	1488
384	1904
385	547
385	760
386	1255
387	1965
388	419
388	446
388	448
388	615
389	453
389	1062
389	1239
390	495
390	698
390	1128
390	1787
391	409
391	456
391	609
391	731
391	870
391	916
392	482
392	505
392	737
392	1246
393	642
393	651
393	926
393	1281
394	609
395	539
396	410
396	814
397	661
397	704
397	744
397	1957
398	571
398	723
398	776
398	1190
399	447
400	536
400	966
401	684
401	707
402	647
402	753
402	861
403	578
403	617
403	833
403	1270
404	554
405	472
405	587
405	622
405	890
405	1699
406	455
406	602
407	518
407	648
407	906
407	1736
407	1885
407	1915
408	595
408	654
408	708
408	1487
409	459
409	680
409	1365
410	440
410	1963
411	618
411	724
411	778
411	885
411	893
411	1905
412	702
412	772
412	1207
412	1635
413	465
413	646
414	688
414	694
414	1102
415	487
415	555
415	584
416	1551
417	687
417	875
417	882
418	925
419	447
419	810
419	996
420	909
421	499
421	1067
422	430
422	900
423	619
423	639
423	782
423	789
423	790
424	452
424	1291
425	509
425	661
425	962
426	537
426	850
426	1935
426	1989
427	441
427	475
427	492
427	856
427	941
428	825
428	964
428	1980
429	560
429	604
431	460
431	668
431	771
432	522
432	685
432	775
432	977
432	1745
433	1957
434	469
434	581
434	695
434	857
435	892
435	980
435	1103
435	1283
436	598
436	620
436	664
436	695
436	788
436	922
436	1769
436	1911
437	498
437	535
437	981
437	1262
438	450
438	675
439	1972
440	441
440	648
440	677
440	1265
440	1768
441	764
441	801
441	1190
443	470
444	456
444	794
444	1695
445	732
445	840
445	987
445	1558
447	473
449	1620
450	452
450	494
450	673
450	741
451	506
451	526
451	705
451	861
452	480
452	512
452	517
452	818
453	525
453	562
453	859
454	525
454	824
454	1195
455	772
456	769
456	1505
457	948
457	1059
458	521
458	624
458	729
460	693
461	800
462	537
462	1984
463	1918
464	652
464	1838
467	553
467	583
467	912
468	897
469	954
469	1719
469	1757
470	544
470	625
470	690
470	889
470	1199
471	690
473	807
474	603
474	1043
474	1174
475	743
475	907
475	1089
475	1434
475	1935
476	696
477	523
477	756
478	557
478	591
478	635
479	608
480	628
480	748
481	533
481	655
481	701
483	498
483	931
483	1593
484	1137
484	1904
486	649
486	1359
487	1065
487	1073
489	613
489	900
490	716
490	1891
491	844
491	853
492	583
493	917
493	1305
493	1798
494	603
494	715
494	753
495	504
496	785
496	1133
496	1266
498	686
498	717
498	1506
500	1019
500	1823
501	604
501	740
501	932
501	1541
501	1674
502	561
502	1043
502	1267
502	1408
503	668
503	1410
504	978
505	509
505	527
506	534
506	750
506	877
506	1572
507	939
507	1904
508	701
508	1664
509	600
509	825
509	1645
510	662
510	767
510	781
510	1578
511	550
511	949
511	1190
513	653
514	623
514	915
515	678
516	669
516	899
517	527
518	1783
519	1016
520	751
520	1869
524	645
524	649
524	916
524	1133
524	1970
525	580
525	938
526	1584
527	834
527	1790
528	987
529	633
529	652
529	994
529	1452
530	573
530	594
530	680
530	905
531	1383
532	783
532	793
533	995
534	1793
535	820
535	989
536	659
536	734
537	627
537	844
537	921
538	660
539	595
539	676
539	897
539	1203
540	591
540	928
541	766
542	851
542	1742
544	742
546	794
546	1244
549	773
549	934
549	992
550	646
550	984
551	975
552	555
552	703
553	576
553	655
555	611
555	627
556	872
556	949
556	961
556	1836
558	865
558	1802
558	1945
559	647
559	832
559	845
559	967
560	923
561	579
562	640
562	823
562	940
563	1848
564	761
564	960
565	656
565	1283
565	1882
566	947
566	972
566	1340
567	869
570	1635
571	923
572	1673
573	1355
574	757
574	1249
575	1856
576	796
577	1358
578	709
578	944
579	1315
580	849
580	1225
581	739
581	781
582	745
582	910
583	1954
584	621
586	619
586	988
586	1144
587	733
588	685
588	707
588	958
588	1432
590	599
591	1642
594	870
594	956
594	1612
595	802
596	670
597	618
597	889
597	998
598	830
599	610
599	640
599	906
600	984
601	847
601	1687
602	682
602	898
602	953
602	1849
603	836
603	1621
604	964
604	976
604	1573
604	1890
605	1062
606	699
606	1518
607	689
607	969
608	919
608	1674
609	1315
610	1757
611	1147
613	731
613	768
613	790
614	867
614	896
614	982
616	691
617	780
617	850
617	951
617	978
618	770
618	943
619	852
619	1498
620	1498
621	1613
622	719
623	682
623	1982
624	996
627	1377
628	811
629	860
630	693
630	748
630	921
631	1383
632	734
633	1468
635	1022
637	686
637	1665
637	1942
638	679
638	1769
639	787
639	910
640	736
641	667
641	805
641	1689
642	1182
643	650
643	697
643	758
645	924
647	712
647	713
649	705
650	676
650	968
650	1953
651	765
652	1132
654	739
655	803
655	878
656	1767
657	673
657	1876
658	891
658	943
660	683
660	1237
660	1753
662	1088
664	692
664	820
665	777
665	842
665	1842
666	725
666	973
666	1809
666	1963
668	1325
669	812
669	864
669	985
669	1046
669	1194
670	881
671	866
672	968
673	1825
674	937
674	1763
675	875
675	1114
676	983
677	793
677	1643
679	804
680	729
681	1136
681	1348
681	1429
682	851
682	862
683	849
684	1862
687	1145
689	810
689	1627
690	930
690	935
691	786
691	874
692	719
692	721
693	741
693	871
693	904
696	1389
697	743
697	1273
698	774
698	795
698	1259
698	1464
700	713
700	1856
702	1182
703	880
705	1436
706	1798
708	813
709	1095
711	981
712	840
712	993
712	1881
715	1487
716	838
717	1437
717	1892
718	735
719	786
719	1320
719	1370
720	893
722	738
722	1426
723	1426
723	1937
724	1941
725	917
725	1434
726	839
727	787
727	1681
727	1909
728	1448
728	1975
729	879
729	885
729	1472
730	773
730	908
731	898
731	1387
732	770
732	1758
735	822
736	791
736	936
736	1991
737	1432
738	1063
739	866
739	913
741	913
741	2001
743	873
745	989
745	1630
746	863
749	888
749	1486
751	1495
752	1566
753	1742
754	859
755	774
755	797
756	1996
758	760
758	796
758	867
758	986
758	1679
759	837
760	1371
760	1628
761	876
763	1366
764	914
764	1659
765	1843
769	1921
771	990
773	891
773	932
773	1024
773	1154
773	1194
774	1188
774	1285
777	918
777	920
777	1846
780	809
780	961
780	1590
781	853
781	936
781	1921
782	1879
783	1360
783	1889
783	1987
785	1981
786	937
787	883
790	811
790	1692
791	1100
791	1655
792	1332
793	883
793	1141
793	1194
793	1597
794	1329
795	828
795	944
795	1278
795	1880
796	1424
797	815
797	1600
797	1669
798	1861
799	848
799	1013
801	1029
803	1201
804	997
804	1806
807	834
807	945
807	1281
808	1387
809	1803
810	829
810	894
810	1455
811	907
818	887
819	1965
821	1374
824	946
826	1239
826	1824
828	881
828	1586
829	1379
829	1734
831	1682
832	902
832	1099
832	1133
833	911
833	1066
834	903
837	1918
839	1700
841	1542
844	991
844	1410
845	929
845	933
847	1187
847	1358
847	1385
849	1027
850	1923
852	950
852	1174
852	1644
853	896
853	909
853	1094
856	1163
856	1353
856	1969
857	1151
861	1909
862	1452
862	1714
863	915
863	1314
863	1510
863	1699
865	901
865	1042
866	1709
866	1909
872	1416
873	1222
873	1265
874	957
876	877
876	1833
877	1829
879	1844
881	1302
881	1399
881	1802
881	1918
883	1512
885	1020
887	1600
893	1238
893	1267
897	1820
899	1098
902	914
902	1756
903	1457
903	1874
914	1253
914	1937
916	1465
917	1817
920	1899
924	1337
928	1177
933	1727
935	1463
935	1623
936	1092
940	986
943	1808
944	1475
944	1858
946	1242
946	1698
952	971
957	1992
959	1539
959	1988
962	1347
962	1583
962	1589
965	1809
965	1843
966	1217
966	1674
972	1261
981	999
981	1678
983	1454
985	1452
985	1941
986	1463
987	1525
987	1979
989	1310
989	1638
990	997
992	1167
993	1323
996	1600
997	1150
997	1273
998	1442
1002	1003
1002	1004
1002	1006
1002	1009
1002	1015
1002	1024
1002	1033
1002	1045
1002	1047
1002	1056
1002	1095
1002	1166
1002	1372
1002	1795
1003	1004
1003	1005
1003	1012
1003	1014
1003	1030
1003	1031
1003	1043
1003	1052
1003	1069
1003	1083
1003	1092
1003	1208
1003	1354
1003	1482
1003	1568
1003	1778
1004	1007
1004	1027
1004	1036
1004	1087
1004	1088
1004	1105
1004	1161
1004	1285
1004	1533
1004	1750
1005	1021
1005	1221
1005	1239
1005	1301
1005	1492
1005	1841
1006	1007
1006	1009
1006	1010
1006	1012
1006	1020
1006	1025
1006	1028
1006	1050
1006	1069
1006	1071
1006	1229
1006	1285
1006	1520
1006	1709
1007	1008
1007	1017
1007	1018
1007	1030
1007	1059
1007	1072
1007	1100
1007	1101
1007	1127
1007	1183
1007	1225
1007	1328
1007	1798
1008	1010
1008	1013
1008	1016
1008	1052
1008	1057
1008	1058
1008	1094
1008	1119
1008	1756
1009	1011
1009	1016
1009	1035
1009	1142
1009	1207
1009	1226
1009	1268
1009	1507
1009	1658
1010	1011
1010	1013
1010	1014
1010	1017
1010	1023
1010	1032
1010	1047
1010	1078
1010	1296
1010	1744
1011	1033
1011	1039
1011	1055
1011	1090
1011	1100
1011	1232
1011	1261
1011	1309
1011	1380
1011	1383
1011	1751
1012	1015
1012	1022
1012	1113
1012	1244
1012	1252
1012	1308
1012	1348
1012	1652
1013	1019
1013	1020
1013	1021
1013	1029
1013	1118
1013	1120
1013	1738
1013	1848
1014	1037
1014	1075
1014	1134
1015	1024
1015	1051
1015	1060
1015	1137
1015	1191
1015	1240
1015	1262
1015	1368
1015	1505
1015	1570
1015	1666
1015	1986
1016	1019
1016	1111
1016	1112
1016	1115
1016	1150
1016	1164
1016	1275
1016	1305
1016	1347
1016	1634
1017	1018
1017	1023
1017	1081
1017	1188
1017	1335
1017	1392
1017	1415
1017	1476
1017	1497
1017	1998
1018	1022
1018	1026
1018	1038
1018	1088
1018	1137
1018	1313
1018	1356
1018	1361
1018	1663
1019	1028
1019	1032
1019	1057
1019	1076
1019	1103
1019	1150
1019	1221
1019	1271
1019	1293
1019	1420
1019	1643
1019	1661
1019	1663
1019	1690
1019	1765
1020	1034
1020	1063
1020	1066
1020	1102
1020	1198
1020	1413
1021	1026
1021	1031
1021	1091
1021	1119
1021	1135
1021	1682
1021	1904
1022	1027
1022	1046
1022	1098
1022	1124
1022	1163
1022	1167
1022	1179
1022	1194
1022	1200
1022	1494
1022	1660
1022	1673
1023	1042
1023	1067
1023	1076
1023	1097
1024	1025
1024	1041
1024	1117
1024	1140
1024	1190
1024	1233
1024	1363
1024	1364
1024	1403
1025	1034
1025	1050
1025	1095
1025	1164
1025	1991
1026	1040
1026	1043
1026	1049
1026	1053
1026	1068
1026	1082
1026	1087
1026	1141
1026	1279
1026	1308
1026	1342
1026	1442
1026	1792
1027	1035
1027	1045
1027	1061
1027	1074
1027	1115
1028	1038
1028	1042
1028	1399
1029	1041
1029	1056
1029	1129
1029	1173
1029	1175
1029	1761
1029	1830
1030	1054
1030	1059
1030	1094
1030	1104
1030	1187
1030	1235
1030	1355
1030	1407
1030	1829
1031	1036
1031	1073
1031	1126
1031	1153
1031	1243
1032	1037
1032	1061
1032	1075
1032	1083
1033	1048
1033	1074
1033	1171
1033	1464
1033	1668
1033	1811
1034	1046
1034	1231
1034	1466
1034	1601
1035	1133
1035	1293
1035	1319
1035	1379
1036	1060
1036	1099
1036	1155
1036	1190
1036	1270
1036	1275
1036	1435
1036	1583
1036	1730
1037	1039
1037	1066
1037	1073
1037	1232
1037	1731
1038	1040
1038	1051
1038	1068
1038	1104
1038	1180
1038	1258
1038	1260
1038	1411
1038	1460
1038	1705
1038	1956
1039	1044
1039	1053
1039	1085
1039	1199
1039	1281
1039	1527
1039	1637
1039	1699
1040	1054
1040	1518
1040	1722
1041	1044
1041	1062
1041	1218
1041	1280
1041	1432
1041	1554
1042	1105
1042	1132
1042	1161
1042	1393
1042	1469
1042	1479
1042	1621
1042	1639
1042	1791
1043	1055
1043	1085
1043	1299
1043	1482
1044	1062
1044	1063
1044	1174
1044	1236
1044	1315
1045	1070
1045	1151
1045	1197
1045	1202
1045	1216
1045	1286
1045	1566
1045	1914
1046	1089
1046	1098
1046	1138
1046	1204
1046	1349
1046	1445
1047	1048
1047	1079
1047	1337
1047	1365
1047	1446
1047	1528
1048	1065
1048	1462
1048	1802
1049	1064
1049	1077
1049	1176
1049	1577
1049	1746
1049	1754
1050	1071
1050	1130
1050	1186
1050	1216
1050	1246
1050	1762
1051	1058
1051	1089
1051	1122
1051	1226
1051	1229
1051	1328
1051	1362
1051	1962
1052	1117
1052	1135
1052	1153
1052	1163
1052	1214
1052	1228
1052	1325
1052	1357
1052	1521
1052	1534
1053	1077
1053	1173
1053	1389
1053	1714
1053	1860
1054	1080
1054	1081
1054	1086
1054	1290
1054	1494
1054	1781
1054	1951
1055	1065
1055	1224
1055	1537
1055	1550
1056	1080
1056	1097
1056	1099
1056	1194
1056	1203
1056	1320
1056	1706
1057	1064
1057	1067
1057	1186
1057	1219
1057	1282
1057	1933
1057	1977
1058	1177
1058	1361
1058	1400
1058	1688
1058	1748
1058	1897
1059	1086
1059	1093
1059	1513
1059	1772
1060	1084
1060	1102
1060	1127
1060	1129
1060	1191
1060	1367
1060	1471
1060	1633
1060	1772
1061	1122
1061	1255
1061	1298
1061	1334
1061	1599
1061	1864
1062	1103
1062	1108
1062	1345
1062	1547
1062	1724
1063	1072
1063	1200
1063	1278
1063	1302
1063	1375
1064	1167
1064	1169
1064	1170
1064	1300
1064	1432
1064	1736
1065	1078
1065	1079
1065	1093
1065	1291
1065	1546
1065	1644
1066	1125
1066	1156
1066	1195
1066	1274
1067	1144
1067	1253
1068	1101
1068	1189
1068	1193
1068	1317
1068	1423
1068	1754
1069	1070
1069	1082
1069	1091
1069	1156
1069	1988
1070	1157
1070	1241
1070	1305
1070	1501
1070	1768
1071	1223
1071	1779
1071	1851
1072	1182
1072	1206
1072	1588
1072	1976
1073	1420
1073	1576
1073	1847
1073	1873
1073	1880
1073	1934
1073	1947
1074	1096
1074	1114
1074	1145
1074	1149
1074	1215
1074	1543
1074	1708
1074	1974
1075	1106
1075	1178
1075	1220
1075	1623
1076	1092
1076	1108
1076	1131
1076	1138
1076	1465
1077	1202
1077	1799
1078	1090
1078	1272
1078	1544
1078	1770
1079	1149
1079	1330
1079	1676
1079	1961
1080	1123
1080	1233
1080	1346
1080	1376
1080	1929
1081	1110
1081	1131
1081	1146
1081	1193
1081	1315
1081	1367
1081	1419
1081	1648
1081	1806
1082	1107
1082	1230
1082	1266
1082	1373
1082	1551
1082	1715
1082	1912
1082	1989
1083	1141
1083	1552
1083	1618
1083	1795
1084	1109
1084	1198
1084	1234
1084	1289
1085	1112
1085	1237
1085	1444
1085	1538
1086	1467
1086	1572
1086	1733
1086	1777
1087	1106
1087	1255
1087	1369
1087	1451
1087	1819
1088	1116
1088	1121
1088	1338
1088	1484
1088	1604
1088	1652
1089	1145
1089	1553
1089	1757
1090	1107
1090	1126
1090	1266
1091	1247
1091	1634
1091	1707
1091	1789
1092	1408
1092	1810
1092	1876
1093	1114
1093	1155
1093	1902
1094	1096
1094	1116
1094	1132
1094	1272
1095	1134
1095	1168
1095	1184
1095	1249
1095	1297
1095	1710
1096	1110
1096	1343
1096	1561
1096	1653
1097	1265
1097	1268
1097	1280
1097	1318
1097	1394
1097	1402
1098	1111
1098	1159
1098	1631
1099	1160
1099	1267
1099	1401
1100	1154
1100	1417
1100	1953
1101	1124
1101	1370
1101	1675
1102	1109
1102	1128
1102	1165
1102	1192
1102	1288
1102	1621
1102	1632
1102	1749
1102	1883
1103	1128
1103	1531
1103	1814
1104	1118
1104	1148
1104	1683
1105	1139
1105	1205
1105	1498
1105	1790
1106	1120
1106	1206
1106	1254
1106	1287
1106	1528
1106	1569
1107	1121
1107	1125
1107	1215
1107	1390
1107	1440
1107	1868
1108	1113
1108	1246
1108	1261
1108	1439
1108	1709
1108	1773
1109	1130
1109	1151
1109	1152
1109	1158
1109	1201
1109	1324
1109	1487
1109	1511
1109	1836
1110	1140
1110	1166
1110	1195
1110	1250
1110	1310
1110	1593
1111	1143
1111	1170
1111	1252
1111	1362
1111	1542
1111	1582
1111	1677
1112	1243
1112	1244
1112	1792
1113	1292
1113	1334
1113	1345
1113	1357
1113	1372
1113	1456
1113	1470
1113	1472
1113	1510
1114	1235
1115	1685
1115	1896
1115	1914
1115	1928
1116	1287
1116	1374
1116	1743
1116	1916
1116	1972
1116	1978
1116	1992
1117	1196
1117	1307
1117	1329
1117	1829
1117	1961
1118	1144
1118	1160
1118	1224
1118	1348
1118	1387
1118	1571
1119	1136
1119	1157
1119	1331
1119	1386
1119	1488
1119	1744
1120	1174
1120	1211
1120	1815
1121	1123
1121	1168
1121	1473
1122	1238
1122	1282
1122	1376
1122	1522
1123	1133
1123	1148
1123	1273
1123	1411
1123	1594
1123	1758
1124	1401
1124	1463
1124	1567
1125	1154
1125	1253
1125	1519
1125	1997
1126	1172
1126	1241
1126	1323
1126	1812
1127	1201
1127	1209
1127	1779
1128	1139
1128	1142
1128	1178
1128	1838
1129	1213
1129	1251
1129	1259
1129	1310
1129	1350
1130	1159
1130	1263
1131	1245
1131	1254
1131	1311
1131	1500
1131	1646
1131	1804
1132	1580
1132	1684
1133	1172
1133	1306
1133	1343
1133	1355
1133	1387
1133	1617
1133	1868
1134	1136
1134	1209
1134	1428
1134	1567
1134	1760
1134	1858
1135	1146
1135	1378
1135	1713
1135	1872
1136	1143
1136	1264
1136	1283
1136	1455
1136	1534
1136	1613
1136	1941
1137	1152
1137	1189
1137	1242
1137	1321
1137	1349
1137	1356
1138	1165
1138	1187
1138	1265
1138	1289
1138	1734
1139	1225
1139	1262
1139	1297
1139	1336
1139	1413
1139	1934
1140	1162
1140	1330
1140	1606
1140	1762
1140	1875
1141	1196
1141	1307
1141	1805
1142	1147
1142	1158
1142	1312
1142	1626
1142	1994
1143	1344
1143	1363
1143	1405
1143	1662
1144	1147
1144	1169
1144	1620
1144	1848
1145	1208
1145	1234
1145	1402
1145	1544
1145	1651
1146	1184
1146	1508
1146	1614
1146	1656
1146	1665
1146	1950
1147	1185
1148	1185
1148	1192
1148	1218
1148	1257
1148	1286
1148	1405
1149	1171
1149	1279
1149	1352
1149	1505
1149	1834
1150	1181
1150	1295
1150	1954
1151	1472
1151	1797
1153	1278
1153	1431
1153	1564
1154	1183
1154	1557
1154	1689
1155	1162
1155	1179
1155	1391
1155	1697
1156	1318
1156	1351
1156	1447
1156	1587
1156	1616
1157	1239
1157	1296
1157	1458
1157	1591
1157	1642
1157	1650
1157	1938
1158	1176
1158	1341
1158	1478
1158	1607
1158	1853
1159	1212
1159	1601
1159	1638
1159	1826
1160	1205
1160	1453
1160	1516
1160	1843
1160	1900
1161	1207
1161	1577
1162	1347
1162	1478
1163	1177
1163	1404
1164	1340
1164	1452
1164	1526
1164	1757
1165	1227
1165	1440
1165	1771
1165	1850
1166	1322
1166	1371
1166	1400
1166	1949
1166	1966
1167	1336
1167	1447
1167	1454
1167	1755
1168	1175
1168	1526
1168	1581
1168	1648
1168	1874
1169	1223
1169	1490
1169	1943
1170	1316
1170	1658
1170	1849
1171	1203
1171	1238
1171	1498
1171	1790
1171	1955
1172	1269
1172	1542
1173	1204
1173	1320
1173	1383
1174	1180
1174	1294
1174	1323
1175	1188
1175	1228
1175	1385
1175	1645
1175	1656
1176	1299
1176	1366
1177	1448
1178	1181
1178	1182
1178	1245
1178	1368
1178	1489
1178	1984
1179	1210
1179	1678
1180	1495
1180	1886
1181	1197
1181	1564
1181	1713
1182	1217
1182	1316
1182	1321
1182	1535
1182	1636
1183	1214
1183	1313
1183	1346
1183	1874
1184	1256
1184	1325
1184	1578
1185	1237
1185	1872
1185	1931
1186	1256
1186	1288
1186	1525
1186	1681
1187	1377
1187	1548
1187	1793
1188	1430
1188	1491
1189	1219
1189	1819
1190	1211
1190	1311
1190	1545
1190	1584
1190	1964
1191	1217
1192	1222
1192	1500
1192	1704
1193	1354
1193	1635
1193	1866
1194	1199
1194	1227
1195	1427
1195	1630
1195	1993
1196	1344
1196	1386
1197	1273
1197	1720
1198	1406
1198	1997
1199	1258
1199	1888
1200	1987
1201	1610
1202	1247
1202	1270
1202	1549
1202	1585
1202	1719
1202	1990
1202	1998
1203	1388
1203	1492
1203	1726
1204	1210
1204	1236
1204	1675
1204	1905
1205	1213
1205	1450
1205	1486
1205	1589
1205	1918
1206	1220
1206	1332
1206	1462
1206	1550
1206	1639
1207	1382
1208	1264
1208	1277
1208	1760
1209	1212
1209	1250
1209	1439
1209	1660
1209	1931
1210	1326
1210	1726
1210	1767
1210	1996
1211	1300
1211	1418
1211	1487
1211	1721
1211	1973
1212	1263
1212	1649
1212	1813
1213	1774
1214	1414
1214	1590
1214	1837
1214	1999
1215	1222
1215	1230
1215	1574
1215	1714
1216	1242
1216	1602
1216	1629
1216	1736
1218	1248
1218	1284
1218	1667
1219	1290
1219	1894
1220	1555
1222	1251
1222	1284
1222	1304
1222	1338
1222	1352
1222	1504
1222	1876
1222	1899
1223	1281
1223	1479
1224	1647
1225	1331
1225	1429
1225	1536
1225	1719
1226	1303
1226	1443
1226	1502
1226	1535
1226	1932
1227	1339
1227	1382
1228	1460
1228	1513
1228	1575
1228	1596
1228	1873
1229	1231
1229	1549
1229	1704
1230	1240
1230	1657
1231	1259
1231	1306
1231	1333
1231	1521
1231	1622
1231	1734
1231	1881
1232	1525
1232	1551
1232	1786
1232	1824
1232	1977
1233	1295
1233	1298
1233	1314
1233	1496
1233	1504
1233	1690
1233	1825
1234	1359
1235	1437
1235	1485
1235	1489
1236	1276
1236	1341
1236	1637
1237	1353
1237	1421
1237	1664
1238	1765
1239	1267
1239	1398
1239	1491
1240	1269
1240	1438
1240	1510
1241	1309
1242	1248
1242	1276
1242	1412
1242	1846
1244	1274
1244	1365
1244	1397
1244	1764
1245	1271
1245	1426
1245	1787
1245	1942
1246	1249
1246	1579
1247	1301
1247	1322
1247	1434
1247	1490
1247	1712
1247	1721
1248	1459
1248	1558
1248	1773
1248	1817
1249	1257
1249	1391
1249	1531
1249	1557
1249	1892
1250	1388
1250	1392
1250	1559
1251	1359
1252	1831
1253	1969
1254	1294
1254	1381
1254	1563
1255	1427
1256	1520
1256	1556
1256	1669
1256	1995
1257	1260
1257	1381
1257	1448
1257	1573
1257	1988
1258	1529
1258	1595
1259	1302
1259	1450
1260	1493
1260	1871
1261	1292
1262	1283
1262	1409
1262	1519
1262	1609
1262	1705
1263	1377
1263	1395
1263	1723
1263	1816
1263	1844
1264	1324
1264	1340
1264	1523
1264	1930
1265	1314
1265	1332
1265	1475
1265	1481
1265	1888
1266	1370
1266	1421
1266	1836
1267	1319
1267	1350
1267	1398
1267	1552
1267	1845
1268	1919
1269	1291
1269	1541
1270	1985
1270	1996
1271	1277
1271	1679
1271	1918
1272	1384
1272	1394
1272	1449
1272	1871
1274	1428
1274	1555
1274	1702
1275	1414
1275	1451
1276	1670
1278	1481
1279	1351
1279	1360
1279	1477
1279	1672
1279	1710
1280	1339
1280	1611
1280	1642
1280	1811
1280	1941
1282	1327
1282	1403
1282	1559
1283	1397
1283	1758
1284	1590
1285	1586
1285	1666
1285	1680
1286	1442
1286	1641
1286	1916
1287	1891
1290	1389
1290	1532
1290	1669
1290	1694
1291	1537
1291	1574
1291	1612
1291	1990
1292	1335
1292	1378
1292	1630
1292	1646
1294	1470
1294	1605
1294	1761
1294	1801
1295	1480
1295	1952
1296	1417
1296	1425
1296	1592
1296	1896
1297	1303
1297	1304
1297	1909
1298	1317
1298	1384
1298	1512
1298	1565
1298	1655
1300	1333
1300	1371
1300	1393
1301	1326
1301	1409
1301	1593
1302	1655
1302	1742
1303	1622
1303	1659
1304	1329
1304	1385
1304	1751
1304	1940
1305	1408
1305	1687
1305	1783
1305	1842
1306	1444
1307	1312
1307	1327
1307	1449
1308	1360
1308	1619
1308	1647
1309	1696
1310	1375
1310	1717
1311	1530
1311	1985
1312	1523
1313	1853
1315	1604
1315	1769
1315	1801
1316	1342
1316	1509
1316	1575
1317	1473
1317	1899
1318	1636
1318	1657
1318	1725
1319	1418
1319	1752
1320	1424
1320	1613
1320	1943
1321	1486
1321	1522
1321	1724
1321	1727
1322	1562
1322	1728
1322	1742
1323	1809
1323	1863
1324	1380
1324	1938
1325	1539
1326	1735
1326	1817
1326	1859
1326	1862
1326	1889
1327	1695
1328	1503
1328	1506
1328	1511
1328	1900
1328	1915
1329	1461
1330	1441
1330	1813
1330	1982
1331	1739
1331	1823
1332	1337
1333	1373
1334	1464
1334	1645
1335	1833
1335	1946
1336	1358
1336	1627
1337	1364
1337	1835
1338	1412
1338	1800
1339	1416
1339	1446
1339	1832
1340	1615
1340	1785
1341	1390
1341	1488
1341	1942
1343	1406
1343	1582
1344	1474
1344	1603
1345	1948
1346	1989
1347	1457
1347	1619
1347	1776
1348	1369
1349	1358
1349	1374
1349	1532
1350	1457
1350	1474
1350	1701
1351	1353
1351	1485
1351	1541
1352	1407
1352	1784
1352	1908
1353	1530
1353	1711
1353	1922
1356	1366
1356	1804
1357	1597
1358	1396
1358	1684
1359	1484
1359	1499
1360	1643
1360	1672
1360	1717
1360	1766
1361	1514
1361	1799
1362	1515
1362	1524
1363	1436
1363	1463
1363	1738
1364	1399
1364	1731
1365	1379
1365	1607
1365	1925
1366	1430
1366	1595
1366	1917
1367	1812
1369	1579
1370	1483
1371	1441
1371	1536
1372	1468
1372	1926
1373	1424
1373	1452
1373	1907
1373	1945
1374	1422
1375	1453
1375	1752
1375	1782
1375	1869
1376	1438
1376	1667
1377	1416
1377	1499
1377	1632
1379	1410
1379	1715
1379	1905
1380	1425
1380	1429
1381	1461
1381	1554
1382	1466
1382	1475
1382	1506
1382	1581
1382	1602
1382	1627
1382	1835
1383	1395
1383	1587
1383	1818
1383	1841
1384	1566
1385	1904
1388	1431
1388	1640
1390	1435
1390	1476
1390	1517
1390	1720
1391	1404
1391	1612
1391	1633
1392	1426
1392	1654
1392	1924
1393	1437
1393	1558
1393	1833
1393	1844
1394	1415
1394	1640
1394	1665
1395	1396
1395	1434
1395	1568
1395	1803
1396	1480
1398	1468
1399	1700
1400	1443
1400	1728
1400	1936
1401	1883
1402	1570
1402	1901
1403	1840
1404	1816
1405	1600
1406	1572
1407	1410
1407	1626
1408	1609
1408	1830
1408	1893
1409	1635
1410	1895
1412	1467
1412	1624
1413	1423
1413	1864
1413	1912
1414	1419
1415	1433
1415	1456
1415	1616
1417	1759
1417	1788
1417	1885
1417	1898
1418	1729
1419	1459
1420	1422
1420	1585
1420	1591
1420	1823
1421	1502
1421	1538
1421	1832
1422	1614
1422	1628
1422	1650
1422	1771
1423	1547
1423	1644
1423	1697
1424	1562
1424	1827
1424	1906
1425	1737
1428	1436
1428	1477
1428	1560
1430	1496
1431	1433
1431	1445
1431	1471
1431	1507
1431	1851
1432	1565
1432	1580
1433	1469
1433	1826
1434	1794
1434	2000
1435	1569
1435	1625
1436	1483
1436	1497
1436	1543
1436	1561
1436	1691
1436	1963
1436	1979
1437	1679
1437	1691
1437	1746
1438	1454
1438	1716
1438	1755
1439	1584
1439	1729
1440	1540
1440	1681
1441	1877
1442	1495
1443	2001
1444	1668
1445	1920
1446	1458
1447	1921
1448	1867
1449	1455
1450	1777
1450	1821
1450	1854
1451	1465
1451	1509
1451	1623
1451	1711
1451	1750
1452	1527
1452	1625
1452	1875
1453	1588
1453	1968
1454	1524
1454	1926
1454	1936
1455	1516
1455	1846
1455	1885
1455	1908
1456	1856
1457	1501
1458	1735
1458	1800
1459	1802
1460	1775
1462	1824
1462	1946
1463	1539
1463	1712
1463	1768
1464	1515
1464	1605
1464	1661
1464	1797
1465	1571
1465	1576
1465	1620
1466	1560
1466	1878
1467	1533
1467	1685
1469	1540
1469	1725
1470	1770
1471	1837
1471	1970
1472	1767
1474	1546
1474	1692
1474	1858
1475	1716
1477	1594
1477	1828
1477	1927
1480	1727
1480	1774
1480	1902
1480	1978
1482	1600
1482	1891
1482	1948
1483	1748
1484	1548
1484	1553
1484	1722
1484	1854
1485	1698
1486	1615
1486	1695
1488	1638
1489	1920
1490	1707
1491	1545
1491	1596
1492	1493
1492	1503
1492	1677
1492	1955
1493	1688
1494	1583
1496	1610
1497	1517
1500	1913
1501	1603
1501	1745
1502	1508
1502	1518
1502	1944
1504	1749
1506	1662
1506	1971
1508	1786
1508	1820
1509	1512
1509	1529
1509	1599
1510	1651
1510	1718
1512	1741
1513	1514
1513	1598
1514	1862
1514	1995
1516	1686
1518	1776
1519	1723
1521	1732
1522	1631
1522	1814
1525	1654
1525	1756
1525	1815
1526	1687
1526	1865
1527	1578
1528	1699
1528	1778
1529	1741
1529	1884
1529	1937
1535	1586
1535	1887
1536	1556
1536	1676
1536	1700
1536	1923
1537	1563
1537	1649
1538	1982
1542	1573
1542	1598
1543	1821
1543	1939
1544	1589
1544	1606
1544	1608
1544	1698
1544	1743
1547	1664
1547	1939
1547	2001
1548	1618
1548	1706
1549	1696
1550	1592
1550	1608
1551	1617
1553	1855
1556	1839
1559	1678
1561	1967
1562	1764
1562	1886
1562	1921
1562	1981
1563	1597
1563	1671
1563	1788
1563	1925
1564	1980
1565	1624
1566	1739
1566	1784
1567	1781
1568	1807
1568	1959
1568	1994
1569	1782
1570	1930
1571	1915
1574	1629
1575	1747
1576	1611
1577	1740
1581	1686
1582	1628
1582	1791
1582	1834
1582	1880
1583	1818
1586	1753
1586	1789
1586	1975
1586	2000
1588	1785
1590	1809
1590	1828
1593	1895
1594	1847
1597	1670
1599	1958
1602	1775
1603	1827
1604	1919
1605	1766
1606	1972
1608	1747
1609	1882
1613	1793
1614	1870
1615	1708
1617	1689
1617	1986
1618	1683
1619	1682
1619	1878
1619	1981
1620	1794
1620	1887
1620	1944
1621	1694
1622	1659
1623	1903
1624	1740
1625	1869
1626	1953
1627	1733
1632	1935
1633	1641
1633	1653
1633	1702
1635	1923
1636	1680
1636	1992
1637	1674
1640	1673
1642	1732
1643	1852
1644	1861
1644	1890
1645	1674
1646	1783
1646	1917
1648	1940
1649	1671
1649	1701
1654	1808
1656	1745
1658	1693
1659	1911
1660	1692
1662	1838
1663	1807
1665	1737
1666	1909
1667	1884
1670	1796
1671	1693
1671	1890
1672	1822
1675	1753
1675	1971
1676	1810
1677	1857
1678	1979
1679	1897
1681	1703
1682	1879
1684	1718
1692	1730
1692	1910
1692	1967
1693	1769
1693	1842
1693	1856
1693	1966
1694	1947
1695	1987
1696	1840
1696	1860
1698	1922
1699	1906
1699	1928
1699	1999
1700	1703
1704	1839
1704	1866
1706	1805
1706	1924
1708	1763
1709	1759
1718	1861
1725	1787
1726	1929
1728	1968
1730	1796
1733	1867
1734	1913
1736	1965
1738	1780
1740	1852
1740	1935
1740	1950
1740	1956
1742	1911
1745	1954
1751	1849
1751	1959
1754	1763
1756	1993
1759	1863
1761	1798
1761	1806
1765	1780
1766	1963
1768	1808
1769	1803
1769	1825
1773	1822
1774	1845
1777	1859
1778	1937
1778	1957
1778	1965
1778	1984
1781	1865
1787	1960
1788	1857
1788	1962
1789	1881
1791	1933
1792	1855
1794	1964
1796	1850
1801	1889
1803	1949
1803	1991
1804	1843
1806	1898
1807	1831
1808	1820
1809	1970
1812	1903
1815	1879
1823	1960
1827	1958
1828	1927
1831	1882
1838	1877
1838	1892
1841	1945
1841	1976
1856	1969
1857	1973
1861	1910
1868	1870
1870	1893
1870	1975
1872	1894
1876	1907
1881	1901
1882	1957
1889	1951
1889	1952
1895	1001
1919	1932
1935	1974
1947	1980
1957	1983
1978	1983
