0	0
1	1
2	1
3	0
4	0
5	0
6	0
7	1
8	1
9	1
10	0
11	1
12	0
13	1
14	0
15	0
16	1
17	1
18	0
19	1
20	1
21	1
22	1
23	1
24	0
25	0
26	1
27	1
28	0
29	1
30	0
31	0
32	0
33	1
34	1
35	0
36	0
37	0
38	0
39	1
40	1
41	0
42	0
43	0
44	1
45	0
46	1
47	1
48	1
49	0
50	1
51	1
52	0
53	0
54	1
55	1
56	0
57	0
58	1
59	0
60	1
61	1
62	1
63	0
64	1
65	0
66	0
67	1
68	0
69	0
70	1
71	1
72	1
73	0
74	1
75	1
76	0
77	1
78	1
79	0
80	1
81	1
82	0
83	1
84	1
85	0
86	1
87	0
88	1
89	1
90	1
91	0
92	0
93	0
94	1
95	1
96	0
97	0
98	1
99	1
100	1
101	1
102	1
103	1
104	1
105	1
106	0
107	1
108	1
109	0
110	0
111	1
112	0
113	0
114	1
115	1
116	1
117	0
118	1
119	1
120	0
121	0
122	0
123	1
124	0
125	1
126	0
127	0
128	1
129	0
130	0
131	1
132	0
133	1
134	0
135	1
136	0
137	1
138	0
139	1
140	1
141	1
142	1
143	0
144	1
145	0
146	0
147	0
148	1
149	0
150	0
151	0
152	1
153	0
154	0
155	0
156	0
157	1
158	0
159	1
160	1
161	1
162	0
163	1
164	1
165	0
166	0
167	0
168	1
169	0
170	1
171	1
172	1
173	1
174	1
175	0
176	0
177	1
178	1
179	0
180	0
181	1
182	0
183	1
184	0
185	0
186	0
187	1
188	1
189	0
190	0
191	1
192	0
193	1
194	0
195	0
196	0
197	1
198	0
199	0
200	1
201	1
202	0
203	0
204	0
205	0
206	0
207	1
208	0
209	1
210	1
211	0
212	0
213	1
214	1
215	1
216	1
217	1
218	1
219	0
220	0
221	1
222	1
223	1
224	1
225	1
226	1
227	0
228	0
229	0
230	1
231	1
232	1
233	0
234	0
235	1
236	0
237	0
238	1
239	0
240	0
241	1
242	0
243	0
244	0
245	1
246	1
247	0
248	0
249	0
250	0
251	0
252	0
253	0
254	1
255	1
256	1
257	0
258	0
259	1
260	0
261	1
262	0
263	1
264	0
265	0
266	1
267	0
268	0
269	0
270	1
271	0
272	0
273	1
274	1
275	0
276	0
277	1
278	1
279	1
280	0
281	1
282	0
283	1
284	1
285	0
286	1
287	0
288	1
289	0
290	1
291	1
292	0
293	1
294	1
295	0
296	1
297	1
298	1
299	1
300	0
301	0
302	1
303	0
304	0
305	0
306	0
307	1
308	1
309	0
310	0
311	1
312	1
313	0
314	1
315	1
316	1
317	0
318	0
319	1
320	0
321	0
322	1
323	1
324	1
325	1
326	0
327	0
328	0
329	1
330	1
331	1
332	0
333	0
334	0
335	0
336	0
337	1
338	0
339	1
340	1
341	1
342	1
343	1
344	0
345	0
346	1
347	1
348	1
349	1
350	0
351	0
352	1
353	1
354	1
355	1
356	0
357	1
358	1
359	0
360	0
361	0
362	0
363	1
364	1
365	1
366	1
367	0
368	0
369	1
370	1
371	1
372	1
373	1
374	0
375	0
376	1
377	0
378	0
379	1
380	0
381	0
382	0
383	1
384	1
385	1
386	0
387	1
388	0
389	0
390	1
391	0
392	1
393	0
394	0
395	0
396	1
397	1
398	0
399	0
400	0
401	1
402	1
403	0
404	1
405	0
406	1
407	0
408	0
409	1
410	0
411	0
412	1
413	1
414	0
415	1
416	0
417	0
418	1
419	1
420	0
421	0
422	0
423	1
424	1
425	1
426	1
427	1
428	1
429	0
430	0
431	1
432	1
433	1
434	0
435	0
436	0
437	0
438	0
439	1
440	1
441	0
442	0
443	0
444	0
445	1
446	0
447	1
448	1
449	0
450	1
451	1
452	0
453	1
454	0
455	1
456	0
457	0
458	0
459	0
460	0
461	1
462	1
463	1
464	1
465	1
466	1
467	0
468	0
469	1
470	1
471	1
472	1
473	1
474	0
475	0
476	1
477	0
478	0
479	1
480	0
481	0
482	1
483	0
484	1
485	1
486	1
487	1
488	0
489	1
490	1
491	0
492	1
493	1
494	1
495	1
496	0
497	0
498	0
499	0
500	0
501	1
502	0
503	0
504	1
505	1
506	0
507	0
508	0
509	0
510	1
511	1
512	0
513	0
514	1
515	1
516	0
517	0
518	1
519	0
520	1
521	1
522	0
523	1
524	1
525	0
526	1
527	0
528	0
529	0
530	1
531	0
532	1
533	1
534	0
535	1
536	0
537	1
538	1
539	0
540	0
541	0
542	1
543	1
544	0
545	1
546	1
547	1
548	0
549	0
550	0
551	1
552	1
553	0
554	0
555	0
556	0
557	1
558	1
559	0
560	0
561	1
562	1
563	0
564	1
565	1
566	0
567	1
568	1
569	0
570	0
571	0
572	1
573	0
574	1
575	0
576	0
577	0
578	0
579	1
580	0
581	1
582	1
583	1
584	0
585	1
586	0
587	0
588	0
589	1
590	1
591	0
592	0
593	0
594	0
595	0
596	0
597	1
598	1
599	0
600	1
601	1
602	1
603	1
604	1
605	1
606	1
607	1
608	1
609	0
610	0
611	0
612	0
613	1
614	0
615	1
616	1
617	1
618	1
619	0
620	0
621	0
622	0
623	0
624	0
625	0
626	0
627	1
628	1
629	1
630	1
631	1
632	1
633	1
634	1
635	1
636	0
637	0
638	0
639	0
640	1
641	1
642	0
643	1
644	0
645	0
646	0
647	1
648	0
649	1
650	0
651	0
652	0
653	0
654	0
655	0
656	0
657	1
658	0
659	1
660	0
661	1
662	0
663	0
664	1
665	0
666	1
667	1
668	0
669	0
670	1
671	1
672	1
673	0
674	1
675	0
676	0
677	1
678	1
679	0
680	1
681	1
682	1
683	1
684	0
685	0
686	0
687	1
688	1
689	0
690	0
691	1
692	1
693	0
694	1
695	0
696	0
697	0
698	0
699	1
700	1
701	0
702	0
703	1
704	1
705	1
706	0
707	1
708	1
709	1
710	0
711	1
712	1
713	0
714	0
715	1
716	0
717	1
718	0
719	1
720	0
721	1
722	0
723	0
724	1
725	1
726	0
727	1
728	1
729	0
730	1
731	1
732	0
733	0
734	0
735	0
736	0
737	1
738	0
739	0
740	0
741	1
742	0
743	0
744	0
745	1
746	0
747	1
748	0
749	0
750	1
751	0
752	0
753	0
754	0
755	1
756	0
757	0
758	0
759	1
760	0
761	0
762	0
763	0
764	1
765	1
766	1
767	0
768	1
769	0
770	1
771	1
772	1
773	0
774	0
775	1
776	0
777	0
778	1
779	0
780	0
781	1
782	1
783	0
784	0
785	1
786	0
787	1
788	1
789	1
790	0
791	0
792	1
793	0
794	0
795	1
796	0
797	0
798	0
799	0
800	1
801	0
802	1
803	1
804	0
805	1
806	0
807	0
808	1
809	1
810	1
811	0
812	0
813	0
814	0
815	1
816	0
817	1
818	0
819	1
820	1
821	1
822	0
823	1
824	1
825	0
826	1
827	0
828	1
829	0
830	0
831	1
832	0
833	1
834	1
835	0
836	0
837	0
838	0
839	0
840	1
841	0
842	0
843	1
844	0
845	1
846	1
847	1
848	0
849	1
850	1
851	0
852	0
853	0
854	1
855	1
856	0
857	0
858	1
859	0
860	0
861	0
862	1
863	1
864	1
865	0
866	0
867	1
868	1
869	1
870	1
871	1
872	0
873	0
874	0
875	1
876	0
877	1
878	0
879	1
880	0
881	1
882	0
883	0
884	1
885	0
886	1
887	1
888	0
889	0
890	1
891	0
892	1
893	0
894	1
895	1
896	0
897	1
898	0
899	0
900	1
901	0
902	0
903	1
904	0
905	0
906	0
907	0
908	1
909	0
910	0
911	0
912	0
913	0
914	1
915	0
916	1
917	0
918	0
919	1
920	0
921	0
922	1
923	0
924	1
925	1
926	1
927	1
928	0
929	0
930	1
931	0
932	0
933	1
934	0
935	0
936	1
937	0
938	0
939	1
940	1
941	1
942	1
943	1
944	0
945	1
946	1
947	0
948	1
949	0
950	0
951	1
952	0
953	1
954	1
955	0
956	0
957	0
958	1
959	1
960	0
961	0
962	0
963	1
964	0
965	0
966	1
967	1
968	0
969	0
970	0
971	1
972	0
973	0
974	1
975	0
976	0
977	0
978	1
979	1
980	1
981	1
982	0
983	0
984	0
985	1
986	1
987	0
988	0
989	1
990	0
991	1
992	1
993	0
994	1
995	0
996	0
997	1
998	0
999	0
1002	0
1003	1
1004	0
1005	1
1006	1
1007	1
1008	0
1009	0
1010	1
1011	1
1012	1
1013	0
1014	0
1015	1
1016	0
1017	1
1018	0
1019	0
1020	1
1021	0
1022	0
1023	0
1024	1
1025	1
1026	0
1027	1
1028	0
1029	1
1030	0
1031	1
1032	1
1033	1
1034	1
1035	0
1036	1
1037	0
1038	0
1039	0
1040	0
1041	1
1042	0
1043	1
1044	1
1045	1
1046	0
1047	1
1048	1
1049	1
1050	0
1051	1
1052	1
1053	1
1054	0
1055	1
1056	1
1057	1
1058	1
1059	1
1060	1
1061	1
1062	1
1063	0
1064	0
1065	0
1066	0
1067	1
1068	0
1069	0
1070	1
1071	1
1072	1
1073	0
1074	1
1075	0
1076	1
1077	1
1078	1
1079	0
1080	0
1081	1
1082	1
1083	0
1084	1
1085	0
1086	1
1087	0
1088	1
1089	1
1090	0
1091	0
1092	0
1093	1
1094	0
1095	0
1096	1
1097	1
1098	1
1099	1
1100	1
1101	1
1102	1
1103	0
1104	1
1105	0
1106	1
1107	1
1108	0
1109	0
1110	0
1111	1
1112	0
1113	0
1114	1
1115	0
1116	1
1117	0
1118	1
1119	1
1120	0
1121	1
1122	1
1123	0
1124	0
1125	1
1126	0
1127	1
1128	1
1129	1
1130	1
1131	0
1132	0
1133	0
1134	1
1135	1
1136	1
1137	1
1138	1
1139	1
1140	1
1141	1
1142	1
1143	0
1144	1
1145	0
1146	1
1147	0
1148	0
1149	1
1150	0
1151	1
1152	1
1153	0
1154	0
1155	0
1156	0
1157	1
1158	1
1159	0
1160	1
1161	0
1162	1
1163	0
1164	0
1165	1
1166	0
1167	1
1168	1
1169	1
1170	0
1171	0
1172	0
1173	0
1174	1
1175	0
1176	0
1177	1
1178	0
1179	0
1180	1
1181	0
1182	1
1183	0
1184	1
1185	1
1186	0
1187	1
1188	0
1189	0
1190	0
1191	0
1192	0
1193	0
1194	0
1195	0
1196	0
1197	0
1198	0
1199	0
1200	1
1201	0
1202	1
1203	1
1204	0
1205	0
1206	1
1207	0
1208	0
1209	1
1210	0
1211	0
1212	0
1213	0
1214	0
1215	0
1216	1
1217	0
1218	1
1219	0
1220	1
1221	1
1222	0
1223	1
1224	1
1225	0
1226	0
1227	0
1228	1
1229	1
1230	0
1231	1
1232	0
1233	0
1234	0
1235	1
1236	1
1237	0
1238	1
1239	1
1240	0
1241	1
1242	1
1243	1
1244	1
1245	1
1246	0
1247	0
1248	0
1249	1
1250	1
1251	1
1252	0
1253	1
1254	1
1255	1
1256	1
1257	1
1258	1
1259	1
1260	0
1261	0
1262	1
1263	1
1264	1
1265	1
1266	1
1267	1
1268	0
1269	0
1270	1
1271	1
1272	1
1273	1
1274	1
1275	0
1276	0
1277	1
1278	0
1279	0
1280	1
1281	0
1282	0
1283	1
1284	0
1285	0
1286	1
1287	1
1288	0
1289	0
1290	1
1291	1
1292	0
1293	1
1294	1
1295	1
1296	0
1297	1
1298	1
1299	0
1300	1
1301	1
1302	1
1303	1
1304	1
1305	0
1306	0
1307	0
1308	0
1309	1
1310	0
1311	0
1312	0
1313	1
1314	0
1315	0
1316	0
1317	1
1318	1
1319	0
1320	1
1321	0
1322	1
1323	0
1324	1
1325	0
1326	1
1327	0
1328	0
1329	1
1330	0
1331	1
1332	1
1333	0
1334	1
1335	1
1336	0
1337	0
1338	0
1339	0
1340	1
1341	1
1342	1
1343	0
1344	1
1345	0
1346	0
1347	0
1348	1
1349	0
1350	1
1351	1
1352	1
1353	0
1354	1
1355	0
1356	1
1357	0
1358	1
1359	0
1360	1
1361	1
1362	1
1363	0
1364	0
1365	0
1366	1
1367	1
1368	1
1369	1
1370	0
1371	0
1372	0
1373	1
1374	1
1375	1
1376	0
1377	1
1378	0
1379	0
1380	0
1381	1
1382	0
1383	1
1384	1
1385	1
1386	0
1387	1
1388	0
1389	0
1390	0
1391	0
1392	1
1393	1
1394	0
1395	0
1396	0
1397	0
1398	1
1399	0
1400	1
1401	0
1402	0
1403	1
1404	1
1405	1
1406	1
1407	0
1408	1
1409	1
1410	0
1411	0
1412	0
1413	0
1414	1
1415	0
1416	1
1417	1
1418	1
1419	1
1420	0
1421	1
1422	0
1423	1
1424	0
1425	1
1426	1
1427	0
1428	1
1429	1
1430	1
1431	0
1432	1
1433	1
1434	1
1435	0
1436	1
1437	0
1438	0
1439	0
1440	1
1441	0
1442	1
1443	1
1444	0
1445	1
1446	0
1447	1
1448	1
1449	0
1450	0
1451	1
1452	0
1453	1
1454	0
1455	0
1456	0
1457	1
1458	0
1459	0
1460	1
1461	1
1462	1
1463	1
1464	0
1465	1
1466	1
1467	0
1468	0
1469	1
1470	1
1471	1
1472	1
1473	0
1474	1
1475	0
1476	0
1477	1
1478	1
1479	0
1480	1
1481	0
1482	1
1483	0
1484	1
1485	0
1486	1
1487	0
1488	1
1489	1
1490	0
1491	0
1492	0
1493	0
1494	1
1495	0
1496	1
1497	0
1498	0
1499	1
1500	1
1501	0
1502	0
1503	1
1504	0
1505	1
1506	0
1507	1
1508	1
1509	1
1510	0
1511	1
1512	0
1513	0
1514	1
1515	0
1516	0
1517	1
1518	1
1519	0
1520	1
1521	1
1522	0
1523	1
1524	1
1525	1
1526	1
1527	0
1528	1
1529	1
1530	0
1531	1
1532	0
1533	0
1534	0
1535	0
1536	0
1537	1
1538	1
1539	1
1540	0
1541	1
1542	0
1543	0
1544	0
1545	1
1546	0
1547	1
1548	1
1549	0
1550	0
1551	1
1552	1
1553	1
1554	1
1555	0
1556	1
1557	0
1558	1
1559	1
1560	0
1561	0
1562	0
1563	1
1564	0
1565	1
1566	0
1567	1
1568	0
1569	1
1570	0
1571	1
1572	1
1573	1
1574	1
1575	1
1576	1
1577	0
1578	1
1579	1
1580	1
1581	0
1582	1
1583	1
1584	1
1585	1
1586	0
1587	1
1588	1
1589	1
1590	1
1591	0
1592	0
1593	1
1594	0
1595	1
1596	1
1597	0
1598	0
1599	1
1600	1
1601	1
1602	0
1603	1
1604	0
1605	1
1606	1
1607	0
1608	0
1609	0
1610	1
1611	1
1612	0
1613	1
1614	1
1615	0
1616	0
1617	0
1618	1
1619	1
1620	1
1621	0
1622	1
1623	1
1624	1
1625	1
1626	1
1627	1
1628	0
1629	0
1630	1
1631	1
1632	0
1633	1
1634	1
1635	0
1636	1
1637	0
1638	1
1639	0
1640	1
1641	1
1642	0
1643	0
1644	1
1645	0
1646	1
1647	0
1648	1
1649	0
1650	1
1651	1
1652	1
1653	0
1654	0
1655	0
1656	0
1657	0
1658	1
1659	1
1660	1
1661	1
1662	1
1663	0
1664	1
1665	0
1666	1
1667	0
1668	0
1669	1
1670	1
1671	0
1672	0
1673	1
1674	0
1675	1
1676	0
1677	1
1678	1
1679	1
1680	1
1681	1
1682	0
1683	1
1684	1
1685	1
1686	0
1687	0
1688	0
1689	1
1690	1
1691	0
1692	1
1693	1
1694	1
1695	1
1696	0
1697	0
1698	0
1699	0
1700	0
1701	1
1702	1
1703	1
1704	0
1705	1
1706	1
1707	1
1708	1
1709	1
1710	0
1711	0
1712	1
1713	1
1714	1
1715	0
1716	0
1717	1
1718	0
1719	0
1720	1
1721	1
1722	0
1723	0
1724	0
1725	1
1726	0
1727	1
1728	0
1729	1
1730	0
1731	1
1732	0
1733	1
1734	0
1735	0
1736	0
1737	0
1738	0
1739	0
1740	0
1741	1
1742	1
1743	0
1744	0
1745	0
1746	0
1747	0
1748	1
1749	1
1750	0
1751	0
1752	1
1753	0
1754	0
1755	1
1756	1
1757	0
1758	0
1759	1
1760	1
1761	0
1762	1
1763	0
1764	1
1765	0
1766	0
1767	0
1768	1
1769	1
1770	0
1771	1
1772	1
1773	1
1774	1
1775	0
1776	0
1777	0
1778	1
1779	1
1780	1
1781	1
1782	0
1783	0
1784	1
1785	1
1786	0
1787	1
1788	1
1789	1
1790	1
1791	1
1792	0
1793	1
1794	0
1795	1
1796	0
1797	0
1798	1
1799	1
1800	1
1801	1
1802	1
1803	1
1804	1
1805	1
1806	1
1807	0
1808	1
1809	0
1810	0
1811	0
1812	1
1813	1
1814	1
1815	0
1816	1
1817	0
1818	0
1819	0
1820	1
1821	0
1822	0
1823	1
1824	0
1825	1
1826	0
1827	0
1828	1
1829	0
1830	1
1831	0
1832	1
1833	0
1834	0
1835	1
1836	1
1837	0
1838	1
1839	1
1840	1
1841	1
1842	0
1843	1
1844	0
1845	1
1846	1
1847	0
1848	0
1849	1
1850	0
1851	1
1852	1
1853	0
1854	1
1855	0
1856	0
1857	0
1858	1
1859	1
1860	0
1861	0
1862	1
1863	0
1864	0
1865	0
1866	1
1867	1
1868	0
1869	1
1870	0
1871	1
1872	1
1873	0
1874	1
1875	0
1876	0
1877	1
1878	1
1879	0
1880	1
1881	1
1882	1
1883	1
1884	0
1885	1
1886	1
1887	1
1888	1
1889	0
1890	1
1891	1
1892	1
1893	0
1894	0
1895	1
1896	0
1897	1
1898	0
1899	1
1900	1
1901	1
1902	1
1903	0
1904	0
1905	0
1906	1
1907	1
1908	1
1909	1
1910	1
1911	1
1912	0
1913	0
1914	1
1915	0
1916	1
1917	1
1918	1
1919	0
1920	0
1921	1
1922	0
1923	1
1924	1
1925	0
1926	1
1927	1
1928	0
1929	1
1930	0
1931	0
1932	0
1933	0
1934	1
1935	0
1936	1
1937	0
1938	0
1939	0
1940	1
1941	1
1942	0
1943	1
1944	1
1945	1
1946	0
1947	1
1948	1
1949	1
1950	0
1951	1
1952	0
1953	1
1954	0
1955	1
1956	0
1957	1
1958	1
1959	1
1960	1
1961	1
1962	1
1963	1
1964	0
1965	0
1966	1
1967	1
1968	0
1969	0
1970	1
1971	0
1972	1
1973	0
1974	1
1975	1
1976	1
1977	0
1978	0
1979	0
1980	1
1981	0
1982	0
1983	1
1984	0
1985	1
1986	0
1987	1
1988	1
1989	1
1990	0
1991	0
1992	1
1993	0
1994	1
1995	0
1996	0
1997	1
1998	1
1999	1
2000	0
2001	1
1000	None
