2000	0
0	1
0	2
0	9
0	16
0	24
0	27
0	53
0	104
0	369
0	731
1	2
1	3
1	4
1	6
1	8
1	9
1	14
1	15
1	23
1	25
1	29
1	59
1	79
1	107
1	210
1	254
1	328
1	632
1	717
2	10
2	17
2	25
2	30
2	152
2	858
3	4
3	11
3	18
3	33
3	38
3	43
3	73
3	84
3	158
3	190
3	275
3	310
3	319
3	711
3	922
4	5
4	6
4	7
4	12
4	13
4	40
4	43
4	112
4	138
4	149
4	644
4	690
5	7
5	20
5	52
5	71
5	341
5	767
6	13
6	22
6	27
6	28
6	57
6	87
6	173
6	177
6	351
7	8
7	10
7	37
7	39
7	41
7	54
7	61
7	191
7	239
7	287
7	473
7	769
8	51
8	72
8	85
8	120
8	143
8	154
8	178
8	199
8	203
8	610
8	686
8	1022
9	11
9	17
9	141
9	176
9	374
9	595
10	19
10	21
10	29
10	34
10	60
10	200
10	216
10	386
10	431
10	572
10	639
10	1482
11	42
11	50
11	111
11	121
11	311
11	449
11	675
11	962
12	14
12	46
12	100
12	125
12	237
12	348
12	359
12	394
12	609
12	646
12	940
13	20
13	38
13	44
13	78
13	92
13	132
13	211
13	423
13	822
14	15
14	19
14	31
14	53
14	83
14	114
14	618
14	738
15	16
15	26
15	82
15	85
15	304
15	1473
16	18
16	35
16	54
16	68
16	116
16	145
16	855
17	24
17	30
17	37
17	76
17	169
17	766
18	35
18	36
18	145
18	157
18	328
18	368
18	447
18	459
18	584
18	597
18	960
19	23
19	47
19	48
19	76
19	91
19	228
19	325
19	444
19	562
19	1166
20	28
20	31
20	57
20	92
20	181
20	250
20	438
21	22
21	26
21	32
21	34
21	55
21	82
21	94
21	120
21	143
21	151
21	349
21	629
21	1195
22	93
22	314
22	840
23	32
23	60
23	353
23	412
23	533
23	563
24	33
24	61
24	67
24	70
24	77
24	231
24	387
24	691
24	854
25	46
25	94
25	306
25	338
25	500
25	758
26	45
26	72
26	96
26	122
26	130
26	272
26	415
26	656
27	62
27	69
27	502
27	606
27	1497
28	62
28	71
28	189
28	266
28	908
29	41
29	89
29	101
29	118
29	274
29	361
29	396
29	413
30	49
30	64
30	75
30	135
30	147
30	152
30	309
30	311
30	543
30	566
30	740
31	45
31	49
31	81
31	260
31	300
31	569
31	1572
32	115
32	149
32	277
32	366
32	396
32	435
32	463
32	628
33	36
33	55
33	63
33	207
33	218
33	228
33	282
33	384
33	434
33	480
33	629
34	138
34	164
34	184
34	202
34	470
34	505
34	666
34	698
34	699
34	731
34	921
35	39
35	74
35	79
35	87
35	118
35	167
35	194
35	354
35	772
35	936
35	1024
35	1761
36	52
36	64
36	100
36	137
36	158
36	227
36	316
36	416
36	458
37	40
37	42
37	162
37	362
37	585
37	643
37	742
38	190
38	238
38	596
38	1677
39	98
39	526
39	880
39	1811
40	48
40	50
40	107
40	174
40	342
40	355
40	397
40	746
40	995
41	44
41	59
41	123
41	127
41	142
41	171
41	196
41	360
41	412
41	544
42	58
42	75
42	146
42	676
42	740
42	878
42	1037
43	58
43	74
43	77
43	139
43	393
43	489
43	756
44	93
44	117
44	122
44	203
44	247
44	541
44	712
45	47
45	66
45	281
45	753
46	68
46	69
46	114
46	442
46	599
46	763
47	133
47	206
47	258
47	259
47	378
47	523
47	546
47	638
48	56
48	80
48	88
48	105
48	245
48	286
48	356
48	648
48	1349
49	51
49	63
49	88
49	155
49	164
49	303
49	405
49	476
49	734
50	70
50	110
50	178
51	56
51	102
51	160
51	188
51	628
52	264
52	283
52	345
53	108
53	141
53	581
53	595
53	707
53	968
53	1827
54	278
54	525
54	899
54	1264
55	65
55	124
55	135
55	494
55	656
56	170
56	225
56	234
56	571
56	689
57	146
57	183
57	193
57	242
57	344
57	365
57	911
58	67
58	232
58	702
58	804
59	84
59	127
59	242
59	680
59	978
59	1812
60	65
60	102
60	217
60	461
60	524
60	901
61	66
61	83
61	121
61	134
61	140
61	205
61	302
61	592
61	611
61	616
61	927
61	1219
62	95
62	109
62	130
62	175
62	449
62	1165
63	105
63	201
63	227
63	292
63	1418
64	156
64	639
64	926
64	1484
65	81
65	106
65	224
65	290
65	292
65	391
65	439
66	99
66	142
66	609
66	741
66	1613
67	78
67	91
67	318
67	392
67	430
67	875
67	962
67	1017
68	101
68	280
68	420
68	634
68	640
69	97
69	103
69	108
69	168
69	247
69	348
69	399
69	506
69	647
70	99
70	160
70	370
70	423
70	540
70	617
70	652
71	261
71	403
71	450
71	528
71	641
71	650
71	697
71	1194
72	73
72	129
72	144
72	170
72	545
72	932
72	1205
73	96
73	167
73	185
73	198
73	734
74	90
74	113
74	354
74	1171
75	126
75	168
75	231
75	308
75	334
75	340
75	886
76	123
76	125
76	134
76	286
77	236
77	246
77	289
78	80
78	86
78	436
78	503
78	513
78	605
78	712
79	89
79	111
79	179
79	267
80	124
80	153
80	197
80	239
80	414
80	611
80	665
81	95
81	97
81	104
81	266
81	992
81	1567
82	90
82	126
82	181
82	339
82	477
82	883
83	86
83	98
83	163
83	305
83	588
83	808
84	128
84	150
84	156
84	398
84	437
84	499
85	180
85	485
85	1899
86	103
86	109
86	116
86	136
86	177
86	276
86	419
86	805
87	296
87	366
87	386
87	1897
88	182
88	233
88	331
88	407
88	514
88	690
89	110
89	336
89	380
89	694
89	779
89	1034
89	1600
90	112
90	182
90	245
90	355
90	900
91	113
91	383
91	496
91	701
92	520
92	727
92	1789
93	313
93	359
93	623
93	720
94	593
94	903
95	119
95	212
95	219
95	600
95	980
96	357
96	845
96	1434
97	131
97	350
97	358
97	786
98	283
98	295
98	352
98	637
98	1591
99	179
99	209
99	304
100	288
100	297
100	357
100	501
100	672
100	774
100	842
100	1732
101	131
101	144
101	172
101	302
101	323
101	475
101	630
101	1298
102	148
102	201
102	236
102	379
102	506
102	570
102	850
102	1772
103	106
103	154
103	234
103	567
103	746
104	153
104	333
104	698
104	1054
105	132
105	165
105	331
105	667
105	721
106	157
106	174
106	196
106	289
106	400
106	534
106	700
106	763
107	382
107	383
107	866
108	352
108	664
108	1890
109	115
109	129
109	377
110	119
110	161
110	198
110	935
111	206
111	730
111	819
112	197
112	226
112	305
112	495
112	743
113	117
113	166
113	204
113	250
114	205
114	271
114	287
114	452
114	619
114	1058
115	139
115	233
115	275
116	140
116	150
116	403
117	342
117	410
117	426
117	913
117	1421
118	155
118	175
118	497
118	800
118	1857
119	169
119	414
119	604
119	938
120	128
120	200
120	301
120	718
120	843
120	906
120	939
120	1174
120	1299
121	161
121	294
121	351
121	553
121	680
121	1830
122	133
122	148
122	353
122	561
122	574
122	678
122	793
123	147
123	159
123	251
123	280
123	487
123	521
124	136
124	443
124	457
124	810
124	1856
125	230
125	252
125	419
125	1060
125	1545
126	162
126	217
126	766
126	931
126	1803
127	420
127	531
127	1193
127	1793
128	502
128	911
128	946
128	965
129	166
129	226
129	1025
130	137
130	303
130	713
130	840
130	1137
130	1380
131	248
131	529
131	692
131	757
132	210
132	390
132	410
132	472
132	745
133	151
133	215
133	262
133	300
133	316
133	389
133	484
134	269
134	427
134	469
134	479
134	487
134	695
134	1053
135	237
136	235
136	288
136	1384
137	238
137	362
137	1238
138	257
138	268
138	307
138	372
138	488
138	559
139	219
139	224
139	806
139	858
139	917
139	1020
140	159
140	255
140	325
140	452
140	685
140	786
140	1823
141	208
141	347
141	380
141	841
141	1752
142	173
142	350
142	467
142	843
142	865
142	1670
143	256
143	428
143	547
143	577
143	989
143	1497
143	1886
144	180
144	251
144	272
144	614
144	620
144	683
145	186
145	223
145	249
145	417
145	446
145	539
146	187
146	1371
147	171
147	244
147	298
147	590
147	638
147	833
147	1231
147	1375
148	195
148	204
148	222
148	497
148	583
149	165
150	541
150	662
150	765
150	867
150	1393
151	184
151	338
151	458
151	776
151	922
152	213
152	388
152	728
153	188
153	364
154	248
154	347
154	663
154	879
154	919
155	163
155	291
155	901
156	425
157	172
157	308
157	564
157	985
158	262
158	456
158	624
158	938
159	1965
160	223
160	293
160	479
160	719
160	1035
161	297
161	306
161	398
161	533
161	687
161	693
161	717
161	956
162	384
162	573
163	183
163	193
163	208
163	220
163	1827
164	229
164	402
164	535
164	557
164	1694
165	192
165	255
165	483
165	809
165	847
165	1699
166	535
167	202
167	240
167	495
167	893
167	1343
168	185
168	246
168	270
168	1374
168	1594
169	829
169	1731
170	195
170	216
170	532
170	1338
171	189
171	273
171	453
171	780
171	1043
171	1309
172	488
172	630
172	794
172	833
172	985
172	1329
173	192
173	341
173	437
173	522
173	1455
174	211
174	310
174	329
174	393
175	301
175	317
175	655
176	923
177	279
177	551
177	645
177	1755
178	191
178	221
178	327
178	624
178	909
179	337
179	465
179	695
179	944
180	249
180	811
180	1163
181	220
181	317
181	322
181	484
182	194
182	321
182	451
182	791
183	313
184	186
184	253
184	696
184	1134
185	209
185	214
185	218
185	601
185	671
185	782
185	842
185	947
185	1128
186	187
186	260
186	340
186	564
187	373
187	408
187	755
188	214
188	307
188	405
188	562
188	589
188	789
188	870
189	199
189	592
189	823
190	230
190	368
190	483
190	566
190	585
190	773
190	1087
190	1279
191	213
191	243
191	296
192	215
192	498
192	512
192	844
193	281
193	550
194	229
194	290
194	432
194	527
195	207
195	258
195	282
195	293
195	1519
196	336
196	409
197	324
197	339
197	515
197	669
197	1755
197	1797
199	265
199	1495
199	1632
200	490
200	720
200	1600
201	284
201	692
201	750
202	344
202	397
203	252
203	273
203	554
204	335
205	212
205	372
205	417
205	474
205	1799
206	326
206	819
207	661
208	221
208	1233
208	1537
209	323
209	510
209	518
209	548
209	820
209	1096
210	259
210	391
210	444
210	481
210	654
210	662
210	1344
211	264
211	801
212	345
213	265
213	496
213	508
213	736
213	988
213	1939
214	1061
215	222
215	407
215	430
215	983
216	1397
217	225
217	256
217	335
217	454
217	455
217	486
217	499
217	756
217	839
219	241
219	295
219	326
219	599
220	253
220	274
220	503
220	530
221	277
221	1249
221	1755
222	299
222	580
222	775
222	2000
223	730
223	1031
224	271
224	598
224	777
224	795
225	718
225	975
226	343
226	401
226	406
227	240
227	378
227	424
227	596
227	812
227	857
228	235
228	450
228	559
229	298
229	327
229	1594
229	1971
230	232
230	268
230	613
231	373
231	641
231	1373
232	243
232	284
232	315
232	375
232	451
232	691
233	402
234	422
235	279
235	291
235	478
235	892
235	1675
236	425
236	457
236	544
236	735
236	737
236	959
236	1880
237	961
237	1568
238	241
238	294
239	257
239	263
239	666
239	828
239	889
239	930
240	906
240	990
240	1666
241	376
241	905
241	1940
242	254
242	270
243	261
243	267
243	724
244	812
245	471
245	850
245	900
245	1469
246	852
247	571
248	507
248	984
249	529
250	657
251	309
251	648
252	263
252	269
252	314
252	460
252	509
252	795
253	358
253	668
254	285
254	330
254	664
254	903
254	1609
255	667
255	910
255	1297
256	365
256	618
257	346
257	1860
258	276
258	622
259	661
259	682
260	299
260	318
260	453
260	492
260	633
260	644
260	856
261	343
261	379
261	517
261	645
261	873
262	504
262	649
263	486
263	807
263	830
263	912
264	332
264	371
264	937
265	404
266	671
266	1184
267	367
267	415
267	440
267	445
267	951
267	971
267	1657
267	1922
268	474
268	552
268	818
268	1644
269	653
269	990
270	400
270	464
270	1527
270	1731
271	471
271	553
271	578
271	709
271	834
271	1352
272	321
272	677
272	732
273	360
273	787
274	363
274	716
274	822
275	278
275	538
276	531
276	969
278	635
279	418
279	787
279	874
280	320
280	528
280	696
280	1508
281	346
281	434
281	1752
282	285
282	494
282	523
282	537
282	657
282	773
282	1085
283	722
283	1536
284	334
284	475
284	646
285	955
286	973
287	312
287	392
287	548
287	762
287	791
288	320
288	525
288	597
289	771
290	466
290	542
291	395
291	1687
292	337
292	468
292	981
292	1633
293	315
293	375
293	642
293	992
293	1969
294	953
295	445
295	516
295	603
295	665
295	768
295	1405
296	322
296	324
296	330
297	329
297	363
298	367
298	555
299	476
300	1169
301	565
301	608
301	1867
302	404
302	603
302	813
303	356
303	448
303	580
305	312
305	797
306	433
306	455
306	604
306	831
307	387
307	389
307	673
308	369
308	1156
308	1348
309	429
309	432
309	716
309	940
309	1010
309	1357
311	443
311	1580
311	1777
312	579
312	723
312	1398
313	332
313	770
313	1490
314	319
314	872
314	934
314	1177
315	1075
316	361
317	333
317	993
317	1354
318	493
318	658
319	409
319	416
319	770
319	837
319	1883
320	406
320	606
320	608
321	364
321	793
322	349
322	446
322	792
322	1018
324	480
324	557
324	1265
324	1798
325	568
326	385
326	433
326	519
326	749
327	1006
327	1356
328	376
328	431
328	435
328	542
328	600
328	1431
328	1955
328	1982
330	388
330	436
330	513
330	556
331	395
331	675
331	967
331	1085
331	1922
332	411
332	915
333	547
333	634
333	754
334	510
334	514
334	524
334	694
334	778
335	371
335	394
335	573
335	619
335	945
335	982
336	463
336	588
336	764
336	1845
337	385
337	492
338	382
338	876
338	973
338	1987
339	381
339	1231
340	905
342	549
343	428
343	462
343	512
343	516
343	907
344	447
344	485
344	507
344	998
346	504
346	569
346	1669
347	438
347	460
347	500
347	707
348	377
348	421
348	1717
349	526
349	550
349	678
349	1466
350	520
350	577
350	653
352	561
352	703
352	768
352	869
353	381
353	753
354	591
355	536
355	1992
356	472
356	1583
357	401
357	413
357	418
357	1960
358	522
358	576
358	677
358	916
359	632
360	440
360	465
360	854
360	1686
360	1843
360	1882
361	411
361	519
362	370
362	454
362	888
362	944
363	684
363	932
364	399
364	708
364	884
365	620
366	469
366	751
367	374
367	838
367	849
367	1583
369	511
369	895
369	942
369	970
370	587
370	674
371	470
371	509
371	1331
372	715
372	844
373	408
373	884
373	930
374	462
375	545
375	902
376	807
377	586
378	1423
379	540
380	802
381	466
381	481
381	537
381	555
381	627
381	710
381	1260
382	534
382	723
382	809
382	813
382	836
382	964
383	421
383	518
383	976
384	521
384	738
385	427
385	448
385	473
385	1366
386	390
386	1595
386	1772
388	491
388	681
388	860
390	670
391	1599
391	1691
392	468
392	958
392	1471
393	1301
393	1645
394	582
394	673
394	828
395	422
395	621
395	1183
396	467
396	563
396	593
397	625
398	429
398	490
399	482
399	1472
399	1859
400	669
400	686
400	703
401	426
401	478
401	679
402	527
402	752
404	811
404	898
404	1879
405	602
405	679
405	952
405	958
405	989
406	1490
407	750
407	801
409	441
409	554
409	855
410	640
410	643
411	482
411	814
411	1580
412	799
412	949
412	1617
413	442
413	477
413	762
413	877
413	1348
414	622
414	1369
415	733
415	744
416	424
416	439
416	709
417	576
418	565
418	705
419	1584
419	1642
419	1700
420	515
420	865
420	888
421	441
421	1247
422	505
422	1141
422	1434
422	1460
423	459
423	591
423	776
423	845
423	1067
424	1750
426	1356
427	536
427	659
427	1251
428	788
428	816
428	1208
429	660
429	839
429	1525
430	612
430	846
430	1412
431	631
431	706
432	1016
433	501
434	1686
434	1693
435	924
435	1035
436	917
436	946
436	1422
437	461
438	598
438	808
438	1071
440	574
440	929
441	831
442	654
442	924
443	546
444	798
445	464
445	826
446	498
446	713
446	1511
447	642
448	994
448	1914
449	570
449	814
449	898
449	997
450	612
450	846
451	830
451	913
451	968
451	1177
452	456
452	848
453	587
453	799
453	1461
454	551
454	857
456	681
456	1205
456	1623
457	517
457	1379
458	613
458	778
460	794
460	832
460	1540
461	590
461	788
462	883
462	919
463	605
463	877
464	760
465	583
465	1518
466	489
466	800
466	856
467	894
467	1541
468	1300
470	615
471	607
472	1969
473	625
473	658
473	864
473	916
473	1895
474	1108
474	1913
476	607
476	1744
477	532
477	748
477	1078
478	928
478	991
478	1677
479	560
479	1189
481	567
481	1072
482	575
482	764
482	986
483	1332
483	1926
484	682
484	725
484	1510
485	493
485	614
485	637
485	745
485	859
485	969
485	1302
486	491
486	993
488	912
490	578
490	869
492	558
492	1075
493	1627
493	1847
494	802
495	652
495	689
495	781
496	601
496	699
496	1807
497	893
498	589
498	693
498	1288
499	687
500	556
501	508
505	511
505	582
505	943
505	1158
506	538
506	1154
507	560
507	758
508	636
508	1566
509	950
510	783
510	895
511	727
512	700
514	617
514	904
515	594
515	1365
516	530
517	558
517	999
518	810
518	1588
520	792
521	767
521	785
521	1873
521	1979
522	568
522	660
522	1915
523	552
523	918
523	966
523	1430
524	931
525	539
525	880
525	891
526	636
526	872
527	586
527	743
527	866
528	748
529	824
529	838
529	995
530	668
530	726
530	965
530	1985
531	579
531	584
531	887
533	820
533	1504
534	602
535	853
535	1075
536	623
537	861
537	926
537	1244
537	1297
537	1906
538	543
538	1271
538	1883
539	1268
540	729
541	1896
542	651
542	779
542	939
543	647
543	818
544	1010
544	1881
545	659
545	721
546	663
546	1110
546	1721
546	1976
547	650
547	942
548	549
550	704
550	1048
552	627
552	955
553	868
553	1050
553	1483
553	1608
554	581
554	739
554	885
557	803
557	1160
558	715
558	733
558	759
558	1902
560	572
560	710
561	726
561	755
561	882
561	1698
561	1909
562	1242
563	908
563	1542
564	732
565	747
566	670
566	1490
567	575
567	594
567	927
568	1784
569	841
569	1801
570	631
570	706
570	729
570	974
571	683
571	697
571	910
572	894
574	835
574	921
575	859
575	1680
576	849
576	963
577	998
577	1424
578	685
579	961
579	972
579	1550
580	1620
580	1729
581	817
583	862
583	1953
584	676
584	1104
584	1758
584	1895
585	688
585	982
586	904
587	714
588	672
590	711
590	803
590	925
591	626
591	741
591	777
591	1330
592	804
592	1206
592	1539
595	615
595	621
595	688
595	817
595	902
595	977
595	1288
599	774
599	1084
600	761
600	1456
602	886
602	1448
603	863
603	1985
607	835
607	1221
607	1423
608	610
608	616
608	754
608	1605
609	626
609	790
609	1542
611	674
611	752
611	979
613	722
613	728
613	757
614	655
614	761
614	1538
614	1913
616	704
617	1546
618	899
618	1390
619	633
620	1662
622	784
622	826
622	1489
623	635
623	987
624	651
625	781
626	736
626	1662
627	860
627	1829
628	739
629	649
629	941
631	684
633	825
633	1294
634	759
634	887
635	914
635	1836
635	1927
636	897
638	789
638	1245
638	1286
639	708
641	1575
643	1357
644	701
645	1054
646	1614
650	1577
651	1311
652	714
653	1139
654	1119
655	1080
656	1171
656	1211
657	853
658	1234
660	925
660	1791
661	933
661	1251
662	889
664	744
665	832
665	963
666	862
666	1416
666	1686
666	1736
668	798
668	918
670	953
671	702
671	1724
672	851
672	864
672	1034
673	751
677	747
677	782
677	897
678	719
678	785
679	915
680	735
681	796
681	1322
683	1713
684	852
685	760
685	769
685	1221
686	892
687	837
687	1115
689	1447
689	1553
691	1444
692	1585
695	861
695	890
696	705
696	765
696	1796
697	1948
698	959
699	929
699	1381
699	1757
700	874
701	790
702	920
702	1034
702	1831
703	896
705	997
706	725
707	1214
708	1093
709	742
709	1341
711	775
712	724
713	737
714	1568
714	1868
715	783
716	772
716	1337
718	749
719	879
719	1834
722	975
725	935
725	1456
727	1437
729	1046
729	1146
729	1706
730	797
730	1171
732	1926
733	1330
739	863
739	933
739	960
740	847
740	1020
742	934
742	954
744	1246
745	873
745	991
745	1378
748	827
748	983
749	1260
750	881
751	806
752	1136
753	891
754	805
754	964
755	1604
755	1753
757	1681
758	771
758	1647
759	784
759	821
760	1389
762	1088
762	1196
763	977
763	1999
764	949
764	1219
765	796
765	1588
766	825
766	1838
768	815
769	851
770	780
770	996
770	1183
770	1682
771	875
773	966
774	1791
774	1999
776	1521
778	816
779	956
779	1821
780	984
780	1484
781	1231
782	1938
784	981
785	878
788	1949
790	815
791	821
791	824
791	848
792	986
795	823
795	1734
798	907
799	1463
800	1294
800	1908
801	827
802	836
802	1353
803	868
806	970
806	1100
809	1795
810	882
811	885
811	923
811	1314
811	1350
812	829
813	978
816	876
816	1526
816	1657
820	881
821	870
825	957
826	834
827	1697
831	947
832	1686
832	1942
832	1983
833	920
833	941
834	1143
834	1746
835	951
836	1034
837	896
837	1771
838	1455
839	1548
839	1780
840	952
844	890
844	943
844	1346
845	1293
846	1586
848	1657
848	1742
850	914
850	1998
853	867
857	967
858	945
858	1287
859	1683
860	871
864	1418
865	871
865	988
865	1042
869	1142
870	954
870	1930
871	1822
873	1871
874	937
875	1062
876	1777
878	1667
881	976
881	1860
884	948
886	1356
889	936
894	1096
894	1442
895	909
895	987
895	1377
897	972
899	1996
900	1704
901	1802
904	1544
905	1075
906	950
906	999
910	1508
913	971
913	1127
914	928
914	1565
916	1301
917	1233
917	1650
918	957
918	1264
918	1610
918	1717
918	1942
919	1813
924	948
924	1269
925	1866
925	1942
926	1944
927	1783
929	1820
930	1155
930	1450
933	1005
935	1078
936	1861
938	1971
941	1602
944	1556
946	1802
947	1502
952	1544
956	1251
957	974
958	994
958	1297
958	1842
958	1966
958	1994
960	1050
967	1403
969	1035
969	1173
969	1933
974	980
974	996
974	1159
976	979
982	1095
987	1965
990	1356
992	1169
993	1142
993	1248
993	1854
996	1469
997	1965
998	1535
1002	1003
1002	1004
1002	1006
1002	1007
1002	1012
1002	1013
1002	1027
1002	1060
1002	1068
1002	1070
1002	1108
1002	1453
1002	1887
1002	1893
1003	1004
1003	1005
1003	1009
1003	1016
1003	1025
1003	1039
1003	1051
1003	1071
1003	1089
1003	1128
1003	1129
1003	1230
1003	1236
1003	1491
1004	1005
1004	1006
1004	1008
1004	1010
1004	1013
1004	1017
1004	1028
1004	1083
1004	1178
1004	1192
1004	1286
1004	1335
1004	1392
1004	1608
1004	1841
1004	1996
1005	1014
1005	1047
1005	1055
1005	1124
1005	1413
1005	1582
1005	1939
1006	1007
1006	1008
1006	1015
1006	1020
1006	1119
1006	1315
1006	1537
1006	1923
1006	1993
1007	1009
1007	1011
1007	1034
1007	1083
1007	1098
1007	1118
1007	1234
1007	1287
1008	1010
1008	1011
1008	1012
1008	1016
1008	1032
1008	1033
1008	1048
1008	1066
1008	1078
1008	1136
1008	1166
1008	1303
1008	1318
1008	1407
1008	1411
1008	1574
1009	1014
1009	1102
1010	1018
1010	1023
1010	1028
1010	1064
1010	1226
1010	1422
1010	1435
1010	1934
1011	1015
1011	1020
1011	1022
1011	1030
1011	1049
1011	1059
1011	1069
1011	1076
1011	1077
1011	1168
1011	1238
1011	1791
1012	1027
1012	1036
1012	1042
1012	1095
1012	1114
1012	1121
1012	1135
1012	1138
1012	1664
1013	1029
1013	1052
1013	1069
1013	1090
1013	1136
1013	1151
1013	1156
1013	1177
1013	1707
1013	1853
1014	1017
1014	1024
1014	1058
1014	1062
1014	1074
1014	1080
1014	1116
1014	1153
1014	1316
1014	1325
1015	1018
1015	1021
1015	1025
1015	1158
1015	1177
1015	1511
1015	1519
1015	1859
1015	1892
1016	1023
1016	1035
1016	1265
1016	1341
1016	1614
1016	1696
1017	1019
1017	1031
1017	1068
1017	1105
1017	1119
1017	1337
1017	1479
1017	1683
1018	1019
1018	1039
1018	1041
1018	1054
1018	1060
1018	1061
1018	1080
1018	1100
1018	1220
1018	1267
1018	1300
1018	1325
1018	1840
1019	1021
1019	1084
1019	1127
1019	1233
1019	1697
1019	1755
1020	1022
1020	1026
1020	1048
1020	1055
1020	1062
1020	1129
1020	1466
1021	1026
1021	1029
1021	1034
1021	1066
1021	1076
1021	1092
1021	1292
1021	1331
1021	1900
1022	1024
1022	1031
1022	1032
1022	1053
1022	1093
1022	1239
1022	1312
1022	1372
1022	1529
1022	1622
1022	1960
1023	1126
1023	1167
1023	1295
1023	1373
1023	1595
1023	1776
1024	1037
1024	1054
1024	1120
1024	1130
1024	1431
1024	1480
1024	1764
1025	1042
1025	1050
1025	1052
1025	1133
1025	1159
1025	1190
1025	1352
1025	1697
1026	1046
1026	1070
1026	1103
1026	1168
1026	1355
1026	1473
1026	1493
1026	1524
1026	1747
1026	1806
1026	1962
1027	1037
1027	1040
1027	1077
1027	1081
1027	1125
1027	1133
1027	1182
1027	1216
1027	1461
1027	1485
1027	1581
1027	1605
1027	1606
1028	1030
1028	1033
1028	1038
1028	1047
1028	1857
1029	1044
1029	1137
1029	1143
1029	1438
1029	1458
1029	1624
1029	1799
1030	1036
1030	1044
1030	1045
1030	1049
1030	1125
1030	1156
1030	1185
1030	1226
1031	1038
1031	1171
1031	1188
1031	1568
1032	1099
1032	1128
1032	1163
1032	1233
1032	1246
1032	1253
1032	1587
1032	1692
1033	1035
1033	1094
1033	1175
1033	1260
1033	1269
1033	1719
1034	1043
1034	1063
1034	1087
1034	1103
1034	1144
1034	1173
1034	1426
1034	1451
1034	1834
1035	1057
1035	1143
1035	1149
1035	1189
1035	1255
1035	1299
1035	1667
1036	1043
1036	1050
1036	1065
1036	1117
1036	1714
1037	1056
1037	1094
1037	1113
1037	1134
1037	1315
1037	1339
1037	1417
1038	1040
1038	1114
1038	1200
1038	1225
1038	1318
1038	1525
1038	1858
1039	1097
1039	1268
1039	1577
1040	1041
1040	1058
1040	1064
1040	1116
1040	1153
1040	1194
1040	1262
1040	1344
1040	1430
1040	1459
1041	1046
1041	1162
1041	1512
1042	1180
1042	1329
1042	1440
1042	1498
1042	1549
1042	1831
1043	1045
1043	1057
1043	1075
1043	1089
1043	1144
1043	1224
1043	1277
1043	1460
1043	1871
1044	1063
1044	1100
1044	1157
1044	1236
1044	1278
1044	1512
1045	1051
1045	1074
1045	1423
1045	1519
1046	1082
1046	1085
1046	1164
1046	1298
1046	1521
1046	1644
1047	1086
1047	1096
1047	1141
1047	1250
1047	1313
1047	1317
1047	1319
1047	1333
1047	1554
1047	1565
1047	1770
1048	1118
1048	1223
1048	1285
1048	1334
1048	1365
1049	1131
1049	1184
1049	1445
1050	1053
1050	1170
1050	1203
1050	1225
1050	1292
1050	1507
1050	1541
1050	1949
1051	1056
1051	1086
1051	1101
1051	1106
1051	1108
1051	1124
1051	1535
1051	1858
1051	1955
1051	1969
1052	1067
1052	1081
1052	1105
1052	1122
1053	1067
1053	1249
1053	1311
1053	1431
1053	1701
1054	1259
1054	1476
1054	1629
1055	1072
1055	1102
1055	1130
1055	1201
1056	1059
1056	1075
1056	1205
1056	1211
1056	1291
1056	1547
1056	1567
1056	1573
1056	1610
1056	1699
1057	1095
1057	1389
1057	1676
1057	1693
1057	1843
1058	1065
1058	1073
1058	1078
1058	1472
1058	1609
1058	1694
1058	1770
1058	1790
1059	1088
1059	1110
1059	1196
1059	1377
1060	1061
1060	1071
1060	1093
1060	1101
1060	1110
1060	1123
1060	1348
1060	1540
1060	1702
1061	1246
1061	1554
1061	1643
1061	1866
1062	1072
1062	1145
1062	1863
1063	1134
1063	1305
1063	1534
1063	1604
1064	1228
1064	1443
1064	1590
1064	1777
1065	1084
1065	1107
1065	1148
1065	1155
1065	1249
1065	1276
1065	1583
1065	1671
1065	1694
1065	1751
1066	1092
1066	1098
1066	1162
1066	1375
1066	1414
1066	1620
1066	1717
1066	1821
1066	1868
1067	1363
1067	1394
1068	1079
1068	1088
1068	1097
1068	1154
1068	1182
1068	1227
1068	1232
1068	1356
1068	1648
1068	1655
1069	1251
1070	1096
1070	1324
1070	1452
1071	1123
1071	1204
1071	1250
1071	1339
1071	1350
1071	1745
1072	1073
1072	1106
1072	1109
1072	1137
1072	1151
1072	1341
1072	1407
1073	1079
1073	1239
1073	1323
1073	1493
1073	1627
1073	1849
1075	1091
1075	1388
1075	1397
1075	1759
1075	1972
1076	1160
1076	1185
1076	1543
1077	1107
1077	1422
1077	1449
1077	1501
1077	1878
1078	1157
1079	1082
1079	1085
1079	1099
1079	1169
1079	1207
1079	1569
1079	1739
1080	1104
1080	1127
1080	1937
1081	1087
1081	1173
1081	1263
1081	1319
1081	1413
1081	1552
1081	1842
1081	1976
1082	1270
1082	1539
1082	1890
1083	1376
1083	1386
1084	1112
1084	1140
1084	1142
1084	1152
1084	1351
1085	1209
1085	1289
1085	1462
1085	1537
1085	1576
1086	1166
1086	1215
1086	1418
1086	1759
1087	1174
1087	1444
1087	1564
1087	1656
1088	1091
1088	1147
1088	1212
1088	1237
1088	1257
1088	1260
1088	1370
1088	1495
1088	1513
1088	1594
1088	1765
1088	1853
1089	1090
1089	1126
1089	1488
1089	1589
1089	1600
1089	1991
1090	1220
1090	1268
1090	1827
1091	1121
1091	1214
1091	1398
1091	1553
1092	1142
1092	1293
1092	1432
1093	1146
1093	1189
1093	1232
1094	1139
1094	1179
1094	1181
1094	1244
1094	1353
1094	1357
1094	1538
1094	1632
1095	1111
1095	1237
1095	1495
1095	1709
1095	1793
1096	1109
1096	1113
1096	1899
1097	1211
1097	1297
1097	1390
1097	1963
1098	1160
1098	1305
1099	1152
1099	1188
1100	1120
1100	1154
1100	1167
1100	1187
1100	1254
1100	1358
1100	1450
1100	1745
1101	1111
1101	1131
1101	1161
1101	1207
1101	1256
1101	1454
1101	1470
1102	1172
1103	1104
1103	1112
1103	1117
1103	1215
1103	1320
1103	1421
1103	1427
1103	1586
1103	1641
1104	1234
1104	1304
1104	1573
1105	1141
1105	1218
1105	1243
1105	1272
1105	1420
1105	1785
1106	1227
1106	1243
1106	1440
1106	1558
1106	1947
1107	1146
1107	1148
1107	1265
1107	1445
1107	1850
1108	1115
1108	1192
1108	1200
1108	1222
1108	1294
1108	1347
1108	1514
1109	1170
1109	1401
1109	1531
1109	1580
1110	1115
1110	1122
1110	1158
1110	1434
1110	1510
1110	1530
1110	1731
1111	1163
1111	1165
1112	1213
1112	1228
1112	1235
1112	1245
1112	1269
1112	1742
1113	1240
1113	1297
1113	1330
1114	1132
1114	1135
1114	1139
1114	1150
1114	1195
1114	1254
1114	1307
1114	1310
1114	1418
1114	1559
1114	1724
1115	1203
1115	1429
1115	1517
1115	1850
1116	1277
1116	1282
1116	1433
1116	1749
1117	1140
1117	1229
1117	1360
1118	1375
1118	1621
1119	1342
1119	1387
1119	1421
1119	1617
1119	1807
1120	1240
1121	1161
1121	1198
1121	1296
1121	1661
1121	1686
1122	1145
1122	1345
1122	1967
1123	1266
1123	1330
1123	1382
1123	1428
1123	1993
1124	1187
1124	1362
1124	1949
1124	1958
1126	1208
1126	1593
1126	1768
1127	1186
1127	1191
1127	1230
1127	1244
1127	1283
1127	1376
1127	1539
1127	1649
1127	1678
1127	1828
1127	1976
1128	1138
1128	1159
1128	1205
1128	1242
1129	1478
1129	1907
1129	1988
1130	1132
1130	1184
1130	1186
1130	1409
1130	1460
1131	1274
1131	1655
1132	1147
1132	1286
1133	1199
1133	1212
1133	1378
1133	1455
1133	1461
1133	1606
1134	1669
1135	1190
1135	1371
1136	1197
1136	1264
1136	1293
1136	1300
1136	1324
1137	1612
1138	1731
1138	1775
1138	1873
1139	1172
1139	1307
1139	1540
1140	1193
1141	1252
1141	1258
1141	1283
1141	1323
1142	1229
1142	1314
1142	1523
1143	1150
1143	1221
1143	1272
1143	1930
1144	1164
1144	1169
1144	1522
1144	1762
1145	1165
1145	1194
1145	1204
1145	1251
1146	1221
1146	1258
1146	1668
1147	1216
1147	1374
1148	1241
1148	1278
1148	1607
1148	1710
1149	1176
1149	1447
1149	1886
1150	1399
1150	1402
1150	1652
1151	1183
1151	1320
1151	1823
1152	1155
1152	1257
1152	1499
1152	1603
1152	1798
1153	1197
1153	1271
1153	1398
1153	1515
1153	1536
1153	1557
1153	1614
1153	1642
1153	1674
1153	1844
1154	1175
1154	1245
1154	1334
1154	1656
1154	1786
1154	1833
1155	1209
1155	1224
1155	1242
1155	1256
1155	1368
1155	1438
1155	1691
1157	1171
1157	1210
1157	1681
1157	1703
1158	1404
1158	1533
1158	1757
1159	1262
1159	1335
1159	1432
1159	1959
1160	1276
1161	1592
1161	1684
1162	1179
1162	1391
1162	1681
1163	1213
1163	1275
1163	1301
1163	1396
1163	1408
1163	1494
1163	1628
1164	1178
1164	1206
1164	1284
1164	1977
1165	1180
1165	1294
1165	1385
1165	1598
1166	1181
1166	1271
1166	1523
1167	1202
1167	1486
1167	1492
1167	1758
1167	1831
1168	1206
1168	1532
1168	1584
1169	1174
1169	1433
1169	1653
1170	1176
1170	1199
1170	1214
1170	1284
1170	1356
1171	1270
1171	1301
1171	1329
1171	1485
1171	1528
1171	1649
1171	1783
1172	1304
1174	1231
1174	1273
1174	1381
1174	1455
1174	1480
1174	1494
1174	1536
1174	1545
1174	1687
1175	1193
1175	1219
1175	1235
1175	1378
1175	1664
1175	1744
1176	1208
1177	1380
1177	1767
1177	1913
1177	1925
1177	1997
1178	1219
1178	1238
1178	1349
1178	1365
1178	1403
1178	1430
1179	1218
1179	1223
1179	1416
1179	1449
1179	1576
1179	1685
1180	1196
1180	1567
1180	1580
1181	1183
1181	1210
1181	1842
1182	1912
1183	1287
1183	1541
1183	1791
1183	1882
1184	1255
1184	1264
1184	1382
1185	1241
1185	1443
1186	1191
1186	1198
1186	1309
1186	1802
1187	1302
1187	1671
1187	1732
1188	1201
1188	1650
1190	1217
1190	1367
1190	1416
1191	1709
1192	1195
1192	1288
1192	1350
1192	1354
1192	1489
1192	1715
1194	1290
1194	1331
1194	1503
1194	1570
1194	1572
1194	1633
1194	1654
1194	1990
1195	1261
1195	1482
1195	1620
1195	1688
1195	1876
1196	1369
1196	1744
1197	1354
1197	1793
1198	1275
1198	1501
1198	1553
1198	1953
1199	1273
1199	1367
1199	1502
1200	1639
1200	1727
1201	1231
1201	1247
1201	1259
1201	1497
1201	1698
1202	1222
1203	1321
1204	1351
1204	1383
1204	1400
1205	1247
1205	1392
1205	1578
1205	1679
1206	1557
1206	1703
1206	1738
1206	1840
1206	1903
1207	1303
1207	1322
1208	1555
1208	1735
1209	1984
1210	1476
1210	1627
1210	1945
1211	1217
1211	1352
1211	1353
1212	1248
1212	1393
1212	1482
1213	1274
1213	1477
1213	1832
1214	1500
1214	1517
1214	1790
1214	1923
1215	1372
1215	1425
1215	1451
1216	1384
1216	1651
1216	1704
1217	1252
1217	1396
1217	1971
1218	1336
1218	1486
1219	1298
1219	1472
1220	1290
1220	1346
1220	1761
1221	1285
1221	1295
1221	1420
1221	1474
1221	1518
1221	1531
1222	1364
1222	1393
1222	1464
1222	1518
1223	1248
1223	1457
1223	1610
1223	1787
1223	1788
1224	1289
1224	1988
1226	1515
1226	1623
1226	1630
1226	1802
1227	1347
1227	1506
1227	1884
1228	1456
1228	1825
1229	1279
1229	1363
1229	1434
1229	1483
1230	1355
1231	1299
1232	1291
1232	1889
1233	1336
1233	1538
1233	1780
1233	1902
1233	1994
1234	1281
1234	1983
1235	1261
1235	1428
1235	1572
1235	1727
1236	1384
1236	1527
1236	1893
1236	1959
1237	1468
1237	1601
1237	1637
1237	1950
1238	1340
1238	1635
1238	1944
1239	1253
1239	1280
1239	1551
1239	1604
1239	1750
1240	1280
1240	1366
1240	1612
1241	1340
1241	1366
1241	1615
1241	1805
1241	1876
1242	1266
1242	1386
1242	1484
1242	1544
1242	1579
1242	1905
1243	1322
1243	1596
1243	1804
1244	1306
1244	1662
1244	1816
1244	1874
1245	1453
1246	1267
1246	1313
1246	1326
1246	1368
1246	1682
1246	1995
1247	1426
1249	1504
1250	1314
1250	1414
1250	1488
1250	1722
1251	1532
1251	1741
1251	1920
1251	1935
1252	1857
1253	1308
1253	1758
1253	1985
1254	1466
1254	1898
1255	1389
1255	1908
1256	1411
1257	1279
1257	1456
1257	1505
1258	1412
1258	1487
1259	1924
1260	1343
1260	1348
1260	1359
1260	1602
1261	1263
1261	1369
1262	1296
1263	1424
1263	1477
1263	1720
1263	1969
1264	1643
1264	1907
1265	1405
1265	1423
1265	1528
1266	1397
1267	1302
1267	1327
1267	1419
1268	1550
1268	1734
1269	1388
1269	1457
1269	1498
1269	1651
1270	1281
1270	1822
1271	1321
1271	1603
1271	1618
1271	1660
1272	1282
1272	1391
1273	1364
1273	1442
1273	1736
1273	1768
1274	1308
1274	1402
1274	1562
1274	1595
1274	1647
1274	1668
1274	1747
1275	1867
1276	1311
1276	1409
1276	1823
1277	1732
1277	1845
1278	1327
1278	1826
1278	1931
1279	1569
1279	1905
1280	1373
1280	1436
1281	1312
1281	1761
1282	1326
1282	1646
1283	1288
1283	1465
1283	1725
1284	1406
1284	1458
1284	1666
1284	1740
1284	1792
1285	1673
1285	1763
1286	1317
1286	1459
1286	1967
1287	1571
1288	1695
1289	1309
1289	1310
1289	1405
1289	1500
1289	1591
1289	1721
1290	1338
1290	1687
1290	1980
1291	1446
1291	1739
1291	1776
1292	1328
1292	1337
1292	1516
1292	1634
1292	1752
1292	1824
1293	1332
1294	1333
1295	1566
1295	1722
1296	1471
1296	1478
1297	1469
1297	1764
1298	1306
1298	1342
1298	1370
1298	1733
1298	1794
1298	1810
1298	1862
1299	1377
1299	1667
1299	1815
1299	1942
1300	1344
1300	1551
1300	1571
1300	1700
1300	1771
1302	1825
1302	1846
1303	1672
1304	1316
1304	1417
1304	1530
1305	1345
1305	1446
1305	1510
1305	1688
1305	1806
1305	1899
1306	1437
1306	1462
1306	1497
1306	1637
1307	1404
1308	1492
1308	1696
1309	1381
1309	1441
1309	1484
1309	1520
1309	1608
1310	1601
1310	1769
1310	1980
1311	1346
1311	1726
1311	1762
1312	1700
1312	1729
1313	1394
1315	1754
1316	1361
1317	1920
1318	1406
1318	1821
1319	1332
1319	1738
1320	1872
1321	1328
1321	1338
1321	1362
1321	1817
1321	1881
1321	1919
1321	1935
1322	1998
1322	1999
1323	1379
1323	1491
1323	1508
1323	1511
1323	1581
1323	1808
1324	1615
1325	1452
1326	1883
1327	1371
1327	1408
1327	1657
1327	1693
1328	1607
1328	1670
1328	1713
1328	1772
1328	1989
1329	1475
1330	1357
1330	1374
1330	1481
1330	1866
1331	1912
1332	1343
1332	1361
1332	1548
1332	1549
1332	1609
1332	1904
1334	1916
1335	1359
1335	1401
1335	1689
1335	1767
1336	1403
1336	1582
1336	1616
1336	1631
1337	1395
1337	1565
1337	1631
1338	1509
1338	1625
1338	1633
1338	1746
1339	1450
1339	1503
1339	1786
1341	1636
1341	1943
1341	1950
1342	1385
1342	1718
1343	1427
1343	1772
1343	1810
1345	1349
1345	1358
1345	1436
1346	1395
1346	1410
1346	1915
1348	1711
1348	1716
1348	1743
1349	1415
1349	1543
1349	1559
1349	1728
1349	1822
1351	1635
1352	1674
1352	1708
1352	1749
1353	1914
1354	1705
1355	1729
1356	1574
1357	1415
1357	1826
1359	1360
1359	1579
1360	1429
1360	2001
1361	1435
1362	1383
1362	1844
1362	1888
1363	1547
1363	1652
1364	1597
1364	1777
1364	1782
1364	1881
1365	1623
1366	1387
1366	1546
1367	1626
1367	1638
1368	1412
1368	1570
1369	1464
1369	1490
1369	1829
1370	1441
1370	1509
1371	1390
1372	1520
1372	1577
1372	1854
1373	1859
1373	1867
1373	1914
1373	1975
1374	1380
1374	1400
1374	1535
1374	1653
1375	1638
1375	1986
1376	1379
1376	1526
1376	1730
1377	1522
1377	1954
1378	1467
1379	1471
1379	1718
1379	1917
1380	1454
1380	1794
1380	1998
1381	1399
1381	1578
1381	1617
1382	1630
1383	1425
1383	1467
1383	1521
1383	1691
1383	1985
1384	1915
1385	1463
1385	1832
1386	1689
1386	1911
1387	1419
1387	1661
1387	1868
1388	1469
1388	1896
1388	1916
1389	1619
1391	1900
1391	1903
1392	1533
1394	1741
1394	1743
1394	1775
1394	1972
1395	1490
1396	1463
1396	1487
1396	1779
1397	1437
1397	1483
1398	1628
1398	1880
1399	1410
1399	1561
1399	1645
1399	1669
1399	1760
1399	1924
1401	1556
1401	1712
1402	1706
1402	1813
1403	1726
1403	1921
1404	1468
1404	1564
1404	1928
1408	1514
1409	1524
1409	1861
1411	1470
1411	1968
1412	1529
1412	1575
1412	1795
1412	2000
1413	1690
1413	1839
1414	1439
1414	1714
1415	1448
1415	1973
1416	1424
1417	1516
1417	1641
1417	1968
1419	1698
1419	1778
1420	1481
1420	1613
1420	1666
1420	1818
1420	1837
1421	1479
1422	1679
1422	1861
1423	1444
1424	1781
1424	1804
1424	1918
1426	1489
1426	1611
1427	1545
1428	1659
1428	1864
1428	1931
1429	1611
1429	1624
1430	1447
1430	1556
1430	1593
1430	1663
1431	1933
1432	1439
1432	1442
1432	1499
1432	1740
1432	1766
1432	1909
1433	1785
1434	1586
1435	1865
1436	1877
1437	1662
1439	1465
1439	1647
1439	1723
1440	1619
1441	1448
1441	1658
1441	1684
1442	1824
1444	1605
1444	1800
1446	1502
1446	1599
1449	1473
1450	1926
1450	1961
1451	1504
1452	1587
1452	1895
1453	1552
1453	1712
1453	1922
1454	1629
1455	1560
1455	1584
1455	1613
1455	1943
1455	1996
1456	1816
1457	1525
1458	1812
1458	1851
1459	1513
1459	1534
1459	1847
1460	1475
1460	1683
1460	1711
1460	1882
1460	1961
1460	1975
1461	1962
1465	1474
1465	1869
1466	1550
1466	1897
1467	1548
1467	1670
1468	1784
1468	1800
1469	1883
1470	1496
1470	1682
1470	1940
1471	1563
1472	1673
1473	1650
1474	1563
1474	1856
1475	1642
1475	1717
1476	1843
1478	1496
1478	1588
1478	1773
1479	1634
1482	1854
1482	1965
1482	1992
1483	1506
1483	1665
1483	1757
1483	1941
1483	2001
1486	1561
1487	1721
1488	1848
1488	1909
1490	1507
1490	1941
1491	1508
1491	1707
1491	1942
1492	1737
1492	1788
1494	1526
1495	1560
1495	1701
1495	1926
1497	1527
1497	1952
1499	1984
1500	1616
1501	1796
1502	1505
1502	1778
1503	1798
1505	1814
1506	1751
1507	1736
1507	1852
1508	1600
1509	1756
1509	1827
1509	1838
1512	1585
1512	1591
1514	1917
1515	1885
1517	1546
1517	1753
1517	1774
1518	1954
1519	1692
1519	1723
1519	1795
1521	1702
1522	1602
1523	1756
1524	1708
1525	1659
1525	1929
1526	1742
1527	1592
1527	1878
1528	1542
1528	1706
1530	1558
1530	1801
1532	1660
1533	1769
1534	1544
1534	1896
1535	1676
1536	1753
1537	1542
1537	1946
1538	1699
1539	1589
1540	1919
1541	1566
1543	1585
1544	1562
1546	1945
1547	1618
1548	1715
1549	1598
1550	1588
1550	1621
1550	1678
1551	1555
1551	1599
1551	1672
1551	1855
1551	1970
1552	1930
1553	1860
1553	1966
1554	1835
1554	1880
1555	1940
1556	1568
1556	1811
1556	1836
1558	1597
1560	1590
1561	1886
1562	1596
1562	1746
1562	1936
1563	1583
1563	1658
1566	1870
1566	1957
1566	1977
1567	1774
1568	1839
1570	1873
1570	1894
1571	1733
1571	1862
1572	1575
1572	1680
1573	1648
1573	1801
1574	1594
1576	1675
1576	1724
1576	1808
1576	1888
1577	1922
1578	1982
1579	1870
1580	1887
1580	1986
1581	1644
1582	1797
1582	1836
1583	1690
1585	1860
1586	1725
1586	1750
1587	1625
1587	1879
1587	1925
1592	1622
1592	1657
1595	1677
1595	1789
1595	1970
1602	1898
1604	1626
1604	1677
1604	1932
1605	1704
1605	1807
1605	1913
1607	1796
1608	1910
1609	1766
1609	1869
1611	1735
1611	1754
1611	1833
1612	1835
1612	1994
1613	1813
1615	1646
1615	1805
1616	1640
1617	1636
1617	1640
1625	1632
1625	1936
1626	1856
1629	1654
1629	1720
1630	1965
1635	1645
1635	1752
1635	1765
1637	1748
1639	1685
1639	1737
1639	1819
1643	1663
1643	1716
1644	1665
1644	1901
1645	1809
1647	1851
1648	1710
1649	1686
1651	1979
1653	1730
1653	1879
1654	1819
1656	1927
1657	1780
1660	1728
1661	1734
1661	1955
1662	1783
1664	1779
1667	1966
1668	1908
1669	1803
1669	1948
1670	1675
1670	1872
1672	1787
1674	1680
1676	1910
1677	1845
1678	1705
1681	1719
1682	1781
1684	1811
1685	1830
1687	1695
1687	1964
1688	1763
1689	1906
1691	1830
1691	1902
1693	1948
1695	1748
1695	1847
1695	1884
1697	1875
1697	1891
1698	1979
1699	1939
1702	1713
1707	1911
1710	1956
1712	1952
1716	1837
1719	1755
1719	1892
1724	1812
1725	1849
1726	1929
1728	1773
1733	1760
1734	1906
1735	1991
1737	1960
1738	1989
1740	1809
1741	1792
1741	1814
1746	1855
1747	1799
1748	1797
1750	1951
1754	1895
1755	1927
1756	1889
1758	1771
1759	1789
1760	1818
1762	1981
1764	1918
1766	1951
1767	1829
1768	1932
1769	1782
1769	1971
1769	1992
1774	1871
1775	1974
1776	1817
1782	1820
1782	1828
1783	1784
1785	1815
1785	1864
1787	1852
1790	1803
1790	1956
1795	1958
1796	1841
1796	1987
1797	1877
1806	1838
1806	1891
1812	1863
1813	1848
1814	1834
1814	1981
1815	1983
1817	2000
1818	1820
1820	1875
1821	1933
1825	1921
1832	1846
1832	1865
1833	1995
1839	1890
1840	1894
1845	1937
1848	1901
1849	1997
1855	1934
1855	1938
1858	1978
1862	1947
1863	1885
1866	1897
1872	1874
1875	1963
1878	1987
1886	1990
1887	1928
1888	1957
1890	1938
1893	1978
1896	1904
1901	1944
1921	1973
1932	1946
1935	1982
1936	1974
1946	1953
1946	1964
