0	0
1	1
2	1
3	1
4	1
5	0
6	1
7	1
8	1
9	1
10	0
11	1
12	1
13	0
14	1
15	1
16	0
17	1
18	0
19	1
20	0
21	1
22	0
23	0
24	0
25	1
26	1
27	0
28	1
29	0
30	0
31	0
32	0
33	0
34	0
35	0
36	0
37	1
38	0
39	0
40	1
41	0
42	1
43	0
44	0
45	1
46	1
47	1
48	0
49	0
50	0
51	1
52	1
53	1
54	1
55	0
56	0
57	0
58	1
59	0
60	0
61	1
62	1
63	1
64	1
65	1
66	1
67	0
68	1
69	0
70	0
71	0
72	0
73	1
74	0
75	1
76	0
77	1
78	0
79	0
80	0
81	0
82	1
83	1
84	1
85	1
86	1
87	1
88	0
89	0
90	1
91	0
92	0
93	1
94	0
95	0
96	0
97	0
98	1
99	1
100	0
101	1
102	0
103	1
104	0
105	1
106	0
107	0
108	0
109	1
110	0
111	0
112	0
113	1
114	0
115	1
116	1
117	1
118	0
119	0
120	1
121	1
122	0
123	0
124	1
125	0
126	1
127	0
128	1
129	0
130	0
131	0
132	1
133	0
134	0
135	0
136	0
137	0
138	0
139	0
140	0
141	1
142	0
143	0
144	1
145	0
146	1
147	0
148	0
149	0
150	1
151	0
152	1
153	1
154	1
155	0
156	1
157	0
158	0
159	0
160	0
161	0
162	0
163	0
164	1
165	1
166	0
167	0
168	0
169	0
170	0
171	0
172	0
173	1
174	0
175	0
176	1
177	0
178	0
179	0
180	0
181	0
182	0
183	1
184	0
185	1
186	0
187	1
188	1
189	0
190	0
191	0
192	1
193	1
194	1
195	0
196	1
197	0
198	1
199	1
200	0
201	1
202	0
203	0
204	1
205	1
206	0
207	1
208	0
209	0
210	1
211	0
212	0
213	0
214	1
215	1
216	0
217	0
218	0
219	1
220	0
221	0
222	0
223	0
224	1
225	0
226	0
227	0
228	0
229	1
230	1
231	0
232	1
233	0
234	0
235	0
236	1
237	1
238	1
239	0
240	1
241	0
242	1
243	1
244	0
245	0
246	0
247	0
248	1
249	1
250	0
251	0
252	0
253	1
254	1
255	1
256	0
257	0
258	1
259	0
260	0
261	1
262	1
263	0
264	1
265	1
266	0
267	0
268	0
269	0
270	0
271	1
272	0
273	1
274	1
275	1
276	0
277	1
278	1
279	0
280	1
281	0
282	0
283	1
284	1
285	1
286	0
287	0
288	1
289	1
290	0
291	1
292	0
293	1
294	1
295	1
296	1
297	0
298	1
299	0
300	0
301	0
302	1
303	1
304	0
305	1
306	0
307	1
308	0
309	1
310	0
311	0
312	0
313	0
314	1
315	1
316	1
317	1
318	0
319	0
320	0
321	0
322	0
323	1
324	0
325	1
326	1
327	1
328	1
329	0
330	0
331	0
332	0
333	1
334	0
335	0
336	1
337	1
338	1
339	1
340	0
341	1
342	1
343	0
344	0
345	1
346	0
347	0
348	0
349	1
350	1
351	0
352	0
353	1
354	0
355	1
356	1
357	1
358	1
359	0
360	0
361	1
362	0
363	0
364	0
365	1
366	0
367	1
368	0
369	1
370	1
371	1
372	0
373	0
374	0
375	1
376	1
377	0
378	0
379	1
380	1
381	1
382	1
383	0
384	0
385	1
386	1
387	0
388	1
389	1
390	1
391	1
392	0
393	1
394	1
395	1
396	0
397	1
398	0
399	1
400	0
401	1
402	0
403	1
404	1
405	1
406	0
407	0
408	0
409	1
410	1
411	1
412	1
413	1
414	0
415	0
416	1
417	1
418	0
419	0
420	0
421	1
422	0
423	0
424	0
425	0
426	1
427	1
428	0
429	0
430	1
431	1
432	1
433	1
434	1
435	1
436	0
437	1
438	0
439	0
440	0
441	1
442	0
443	0
444	1
445	0
446	0
447	1
448	1
449	0
450	1
451	0
452	1
453	1
454	0
455	1
456	1
457	1
458	1
459	0
460	0
461	0
462	0
463	0
464	1
465	1
466	0
467	1
468	0
469	1
470	1
471	0
472	0
473	1
474	1
475	0
476	1
477	0
478	0
479	0
480	1
481	0
482	1
483	1
484	1
485	0
486	0
487	1
488	1
489	1
490	1
491	0
492	1
493	1
494	1
495	1
496	1
497	1
498	1
499	0
500	0
501	0
502	0
503	0
504	1
505	1
506	0
507	1
508	0
509	0
510	1
511	0
512	1
513	0
514	1
515	1
516	0
517	1
518	0
519	0
520	1
521	1
522	0
523	0
524	1
525	0
526	0
527	1
528	1
529	0
530	0
531	1
532	1
533	0
534	1
535	0
536	1
537	0
538	1
539	1
540	0
541	1
542	0
543	1
544	0
545	0
546	0
547	0
548	0
549	1
550	0
551	1
552	0
553	1
554	0
555	1
556	1
557	1
558	1
559	0
560	0
561	1
562	1
563	0
564	1
565	0
566	0
567	0
568	1
569	0
570	1
571	0
572	1
573	1
574	1
575	1
576	1
577	1
578	1
579	1
580	1
581	0
582	0
583	1
584	0
585	1
586	0
587	0
588	0
589	0
590	1
591	1
592	1
593	1
594	1
595	1
596	0
597	0
598	1
599	1
600	0
601	1
602	0
603	1
604	0
605	1
606	1
607	0
608	0
609	1
610	1
611	0
612	0
613	0
614	1
615	1
616	0
617	0
618	0
619	0
620	0
621	0
622	0
623	0
624	1
625	1
626	0
627	1
628	1
629	0
630	1
631	1
632	1
633	1
634	1
635	1
636	1
637	1
638	0
639	1
640	1
641	0
642	1
643	1
644	0
645	0
646	0
647	1
648	0
649	1
650	1
651	1
652	1
653	0
654	1
655	0
656	0
657	1
658	1
659	0
660	0
661	1
662	0
663	0
664	0
665	1
666	1
667	1
668	0
669	1
670	1
671	1
672	1
673	1
674	0
675	1
676	0
677	1
678	1
679	0
680	0
681	0
682	0
683	1
684	1
685	1
686	0
687	0
688	1
689	0
690	0
691	1
692	0
693	1
694	1
695	0
696	0
697	1
698	0
699	1
700	1
701	1
702	1
703	1
704	1
705	1
706	0
707	0
708	1
709	0
710	1
711	0
712	1
713	1
714	0
715	0
716	1
717	1
718	1
719	1
720	0
721	1
722	0
723	1
724	1
725	1
726	1
727	0
728	0
729	0
730	0
731	0
732	0
733	0
734	0
735	0
736	0
737	1
738	1
739	1
740	0
741	1
742	0
743	1
744	0
745	0
746	1
747	1
748	1
749	1
750	0
751	1
752	0
753	1
754	0
755	1
756	1
757	1
758	0
759	1
760	1
761	0
762	0
763	0
764	1
765	1
766	0
767	1
768	1
769	0
770	1
771	0
772	1
773	0
774	0
775	1
776	1
777	0
778	0
779	1
780	0
781	1
782	0
783	1
784	1
785	0
786	1
787	1
788	0
789	0
790	1
791	0
792	1
793	0
794	0
795	0
796	1
797	1
798	1
799	1
800	0
801	0
802	0
803	0
804	0
805	1
806	0
807	0
808	1
809	1
810	0
811	0
812	0
813	0
814	0
815	0
816	0
817	0
818	1
819	1
820	1
821	0
822	0
823	0
824	1
825	0
826	1
827	1
828	0
829	1
830	1
831	1
832	1
833	1
834	0
835	0
836	0
837	1
838	1
839	1
840	1
841	0
842	0
843	1
844	0
845	0
846	0
847	1
848	1
849	0
850	0
851	0
852	0
853	1
854	1
855	1
856	1
857	1
858	0
859	1
860	0
861	1
862	0
863	0
864	1
865	1
866	0
867	1
868	1
869	0
870	0
871	0
872	0
873	1
874	1
875	0
876	1
877	0
878	0
879	1
880	1
881	1
882	1
883	1
884	1
885	1
886	1
887	0
888	1
889	0
890	1
891	1
892	1
893	0
894	0
895	0
896	0
897	0
898	0
899	1
900	1
901	0
902	0
903	0
904	0
905	1
906	0
907	0
908	1
909	1
910	1
911	0
912	1
913	0
914	0
915	0
916	0
917	1
918	0
919	0
920	0
921	1
922	1
923	0
924	0
925	1
926	1
927	0
928	1
929	1
930	1
931	1
932	1
933	0
934	0
935	0
936	1
937	0
938	0
939	0
940	1
941	1
942	1
943	0
944	1
945	1
946	1
947	1
948	0
949	1
950	1
951	1
952	0
953	1
954	1
955	1
956	1
957	0
958	0
959	1
960	1
961	0
962	0
963	0
964	0
965	0
966	0
967	1
968	0
969	1
970	0
971	0
972	0
973	0
974	1
975	1
976	1
977	0
978	0
979	1
980	1
981	1
982	1
983	1
984	1
985	1
986	1
987	0
988	0
989	1
990	0
991	1
992	1
993	0
994	0
995	0
996	0
997	1
998	0
999	1
1002	0
1003	1
1004	1
1005	1
1006	1
1007	1
1008	0
1009	1
1010	0
1011	0
1012	1
1013	0
1014	1
1015	0
1016	0
1017	1
1018	1
1019	1
1020	1
1021	1
1022	0
1023	1
1024	0
1025	0
1026	0
1027	0
1028	0
1029	0
1030	1
1031	1
1032	1
1033	0
1034	1
1035	0
1036	0
1037	0
1038	0
1039	0
1040	0
1041	1
1042	0
1043	1
1044	0
1045	1
1046	1
1047	1
1048	1
1049	1
1050	1
1051	1
1052	0
1053	0
1054	1
1055	0
1056	0
1057	0
1058	0
1059	0
1060	1
1061	0
1062	0
1063	1
1064	0
1065	0
1066	0
1067	0
1068	1
1069	1
1070	1
1071	1
1072	1
1073	0
1074	0
1075	1
1076	1
1077	0
1078	1
1079	1
1080	1
1081	0
1082	1
1083	1
1084	0
1085	0
1086	1
1087	0
1088	0
1089	0
1090	0
1091	0
1092	1
1093	0
1094	0
1095	0
1096	0
1097	1
1098	1
1099	0
1100	1
1101	0
1102	0
1103	1
1104	0
1105	0
1106	1
1107	1
1108	0
1109	0
1110	0
1111	1
1112	1
1113	0
1114	1
1115	0
1116	0
1117	0
1118	0
1119	1
1120	0
1121	0
1122	1
1123	0
1124	1
1125	1
1126	1
1127	1
1128	0
1129	1
1130	1
1131	0
1132	1
1133	0
1134	0
1135	0
1136	1
1137	0
1138	0
1139	0
1140	1
1141	1
1142	1
1143	0
1144	1
1145	0
1146	0
1147	1
1148	1
1149	1
1150	0
1151	0
1152	0
1153	1
1154	0
1155	0
1156	1
1157	1
1158	0
1159	0
1160	1
1161	1
1162	0
1163	1
1164	1
1165	0
1166	0
1167	0
1168	0
1169	1
1170	1
1171	0
1172	1
1173	0
1174	0
1175	0
1176	1
1177	1
1178	1
1179	0
1180	1
1181	0
1182	1
1183	0
1184	1
1185	0
1186	0
1187	1
1188	0
1189	1
1190	0
1191	0
1192	0
1193	1
1194	1
1195	0
1196	1
1197	1
1198	0
1199	0
1200	0
1201	0
1202	1
1203	1
1204	1
1205	1
1206	1
1207	1
1208	1
1209	0
1210	0
1211	0
1212	1
1213	1
1214	1
1215	1
1216	0
1217	0
1218	0
1219	0
1220	1
1221	0
1222	0
1223	0
1224	1
1225	1
1226	1
1227	1
1228	1
1229	1
1230	0
1231	1
1232	1
1233	1
1234	0
1235	0
1236	1
1237	0
1238	0
1239	0
1240	0
1241	0
1242	0
1243	0
1244	1
1245	1
1246	1
1247	0
1248	0
1249	0
1250	0
1251	1
1252	1
1253	1
1254	1
1255	0
1256	1
1257	1
1258	1
1259	0
1260	0
1261	0
1262	1
1263	1
1264	0
1265	0
1266	0
1267	1
1268	1
1269	0
1270	1
1271	1
1272	0
1273	1
1274	1
1275	0
1276	0
1277	1
1278	1
1279	1
1280	1
1281	1
1282	1
1283	1
1284	0
1285	0
1286	1
1287	1
1288	0
1289	1
1290	1
1291	0
1292	1
1293	1
1294	1
1295	1
1296	1
1297	1
1298	0
1299	1
1300	0
1301	1
1302	1
1303	0
1304	0
1305	1
1306	0
1307	0
1308	1
1309	1
1310	0
1311	0
1312	0
1313	1
1314	1
1315	1
1316	0
1317	1
1318	0
1319	0
1320	0
1321	1
1322	0
1323	1
1324	0
1325	1
1326	0
1327	0
1328	1
1329	0
1330	0
1331	0
1332	1
1333	1
1334	1
1335	0
1336	0
1337	1
1338	1
1339	1
1340	1
1341	0
1342	0
1343	0
1344	0
1345	0
1346	1
1347	0
1348	1
1349	1
1350	1
1351	1
1352	0
1353	0
1354	1
1355	0
1356	0
1357	0
1358	1
1359	0
1360	0
1361	0
1362	0
1363	1
1364	1
1365	0
1366	0
1367	1
1368	1
1369	0
1370	1
1371	1
1372	1
1373	1
1374	1
1375	1
1376	1
1377	0
1378	0
1379	1
1380	1
1381	0
1382	1
1383	1
1384	0
1385	1
1386	1
1387	1
1388	0
1389	0
1390	1
1391	0
1392	0
1393	1
1394	1
1395	0
1396	0
1397	1
1398	1
1399	1
1400	1
1401	0
1402	0
1403	0
1404	0
1405	1
1406	1
1407	0
1408	1
1409	1
1410	0
1411	1
1412	1
1413	1
1414	1
1415	1
1416	0
1417	1
1418	0
1419	1
1420	0
1421	0
1422	0
1423	0
1424	1
1425	0
1426	1
1427	1
1428	0
1429	1
1430	1
1431	1
1432	0
1433	0
1434	0
1435	1
1436	1
1437	0
1438	0
1439	0
1440	1
1441	0
1442	1
1443	1
1444	0
1445	0
1446	0
1447	1
1448	1
1449	1
1450	1
1451	1
1452	1
1453	0
1454	1
1455	1
1456	1
1457	1
1458	1
1459	0
1460	0
1461	1
1462	1
1463	1
1464	0
1465	0
1466	1
1467	1
1468	0
1469	0
1470	0
1471	1
1472	1
1473	0
1474	1
1475	0
1476	1
1477	1
1478	1
1479	1
1480	0
1481	0
1482	0
1483	0
1484	0
1485	1
1486	1
1487	0
1488	0
1489	0
1490	1
1491	1
1492	1
1493	1
1494	1
1495	1
1496	1
1497	0
1498	0
1499	1
1500	1
1501	0
1502	1
1503	1
1504	1
1505	1
1506	1
1507	0
1508	0
1509	1
1510	1
1511	0
1512	1
1513	0
1514	0
1515	1
1516	1
1517	1
1518	1
1519	1
1520	1
1521	0
1522	0
1523	0
1524	0
1525	0
1526	0
1527	1
1528	0
1529	0
1530	1
1531	1
1532	0
1533	1
1534	0
1535	0
1536	0
1537	0
1538	0
1539	1
1540	1
1541	0
1542	0
1543	1
1544	1
1545	1
1546	0
1547	1
1548	1
1549	1
1550	0
1551	1
1552	0
1553	1
1554	1
1555	1
1556	1
1557	1
1558	0
1559	1
1560	0
1561	0
1562	0
1563	0
1564	1
1565	1
1566	0
1567	0
1568	0
1569	0
1570	0
1571	0
1572	0
1573	0
1574	0
1575	0
1576	0
1577	1
1578	0
1579	0
1580	0
1581	1
1582	0
1583	1
1584	0
1585	1
1586	1
1587	0
1588	0
1589	1
1590	0
1591	1
1592	1
1593	1
1594	0
1595	1
1596	1
1597	0
1598	1
1599	1
1600	0
1601	1
1602	0
1603	0
1604	0
1605	1
1606	0
1607	0
1608	0
1609	1
1610	1
1611	1
1612	0
1613	1
1614	0
1615	1
1616	1
1617	1
1618	0
1619	0
1620	1
1621	1
1622	1
1623	0
1624	1
1625	1
1626	1
1627	1
1628	1
1629	0
1630	0
1631	0
1632	0
1633	1
1634	1
1635	1
1636	1
1637	0
1638	0
1639	0
1640	0
1641	1
1642	0
1643	1
1644	0
1645	1
1646	0
1647	1
1648	0
1649	1
1650	0
1651	0
1652	0
1653	0
1654	1
1655	1
1656	1
1657	0
1658	0
1659	1
1660	1
1661	0
1662	1
1663	1
1664	1
1665	1
1666	0
1667	1
1668	0
1669	1
1670	1
1671	1
1672	0
1673	0
1674	0
1675	0
1676	1
1677	0
1678	1
1679	0
1680	1
1681	0
1682	1
1683	0
1684	1
1685	0
1686	0
1687	0
1688	0
1689	0
1690	0
1691	0
1692	0
1693	1
1694	0
1695	0
1696	1
1697	1
1698	1
1699	0
1700	0
1701	1
1702	0
1703	0
1704	1
1705	0
1706	1
1707	0
1708	1
1709	1
1710	1
1711	1
1712	1
1713	1
1714	1
1715	1
1716	1
1717	0
1718	1
1719	1
1720	1
1721	0
1722	0
1723	1
1724	1
1725	0
1726	0
1727	1
1728	1
1729	1
1730	1
1731	1
1732	1
1733	0
1734	0
1735	1
1736	1
1737	1
1738	0
1739	1
1740	1
1741	1
1742	1
1743	1
1744	0
1745	0
1746	0
1747	0
1748	1
1749	0
1750	1
1751	1
1752	0
1753	1
1754	0
1755	1
1756	0
1757	1
1758	0
1759	1
1760	1
1761	0
1762	1
1763	0
1764	0
1765	1
1766	1
1767	0
1768	1
1769	0
1770	0
1771	1
1772	0
1773	1
1774	1
1775	1
1776	0
1777	1
1778	1
1779	1
1780	0
1781	1
1782	0
1783	0
1784	1
1785	1
1786	1
1787	1
1788	0
1789	0
1790	1
1791	1
1792	0
1793	0
1794	0
1795	0
1796	1
1797	1
1798	0
1799	1
1800	0
1801	0
1802	0
1803	1
1804	0
1805	1
1806	0
1807	1
1808	0
1809	1
1810	1
1811	0
1812	0
1813	1
1814	0
1815	0
1816	0
1817	1
1818	0
1819	1
1820	0
1821	0
1822	0
1823	1
1824	0
1825	0
1826	1
1827	1
1828	1
1829	1
1830	1
1831	1
1832	1
1833	0
1834	1
1835	0
1836	1
1837	1
1838	1
1839	1
1840	1
1841	1
1842	1
1843	1
1844	1
1845	1
1846	1
1847	1
1848	0
1849	0
1850	0
1851	1
1852	1
1853	0
1854	0
1855	1
1856	0
1857	0
1858	1
1859	0
1860	0
1861	1
1862	1
1863	0
1864	0
1865	0
1866	1
1867	0
1868	1
1869	0
1870	0
1871	0
1872	1
1873	0
1874	0
1875	0
1876	0
1877	0
1878	1
1879	0
1880	0
1881	1
1882	1
1883	0
1884	1
1885	1
1886	0
1887	1
1888	0
1889	0
1890	0
1891	1
1892	1
1893	0
1894	0
1895	0
1896	1
1897	1
1898	1
1899	1
1900	0
1901	0
1902	0
1903	0
1904	0
1905	1
1906	0
1907	1
1908	1
1909	1
1910	1
1911	0
1912	1
1913	1
1914	0
1915	0
1916	1
1917	0
1918	0
1919	0
1920	1
1921	1
1922	0
1923	1
1924	1
1925	1
1926	0
1927	1
1928	1
1929	0
1930	0
1931	0
1932	0
1933	0
1934	0
1935	1
1936	1
1937	0
1938	0
1939	0
1940	0
1941	1
1942	0
1943	0
1944	1
1945	1
1946	1
1947	1
1948	1
1949	1
1950	1
1951	0
1952	1
1953	1
1954	1
1955	1
1956	0
1957	1
1958	0
1959	0
1960	0
1961	0
1962	1
1963	0
1964	1
1965	1
1966	0
1967	1
1968	1
1969	1
1970	0
1971	1
1972	1
1973	0
1974	0
1975	0
1976	1
1977	0
1978	0
1979	0
1980	1
1981	0
1982	1
1983	1
1984	0
1985	1
1986	1
1987	0
1988	0
1989	0
1990	1
1991	0
1992	1
1993	1
1994	0
1995	1
1996	1
1997	0
1998	1
1999	1
2000	1
2001	1
1001	None
