0	0
1	1
2	1
3	1
4	0
5	1
6	0
7	0
8	1
9	0
10	1
11	0
12	1
13	0
14	0
15	1
16	0
17	0
18	0
19	1
20	0
21	1
22	0
23	0
24	0
25	1
26	1
27	1
28	1
29	0
30	1
31	1
32	0
33	1
34	1
35	0
36	0
37	0
38	1
39	0
40	0
41	1
42	1
43	0
44	0
45	0
46	0
47	0
48	0
49	1
50	0
51	1
52	0
53	1
54	0
55	0
56	1
57	0
58	1
59	1
60	1
61	0
62	0
63	0
64	1
65	0
66	0
67	0
68	0
69	0
70	1
71	0
72	1
73	0
74	0
75	1
76	0
77	1
78	1
79	0
80	0
81	1
82	1
83	0
84	0
85	0
86	0
87	0
88	1
89	1
90	1
91	1
92	0
93	1
94	1
95	0
96	0
97	0
98	1
99	1
100	0
101	1
102	0
103	0
104	1
105	1
106	0
107	1
108	0
109	0
110	1
111	0
112	0
113	0
114	0
115	1
116	0
117	0
118	1
119	0
120	0
121	0
122	0
123	0
124	0
125	0
126	1
127	0
128	0
129	0
130	1
131	1
132	0
133	0
134	0
135	1
136	0
137	0
138	0
139	0
140	1
141	0
142	0
143	0
144	0
145	0
146	0
147	1
148	0
149	1
150	1
151	1
152	0
153	0
154	1
155	0
156	0
157	1
158	0
159	1
160	0
161	0
162	0
163	1
164	1
165	0
166	0
167	0
168	1
169	0
170	1
171	0
172	0
173	0
174	0
175	0
176	0
177	1
178	1
179	0
180	0
181	1
182	1
183	1
184	1
185	1
186	1
187	1
188	1
189	1
190	1
191	1
192	1
193	0
194	1
195	0
196	1
197	1
198	0
199	0
200	0
201	0
202	1
203	1
204	0
205	0
206	1
207	1
208	0
209	1
210	0
211	1
212	0
213	0
214	0
215	0
216	1
217	1
218	1
219	1
220	0
221	1
222	0
223	0
224	0
225	0
226	1
227	1
228	0
229	1
230	0
231	0
232	0
233	0
234	0
235	1
236	0
237	0
238	0
239	0
240	1
241	1
242	1
243	1
244	0
245	1
246	1
247	1
248	0
249	1
250	0
251	1
252	0
253	0
254	1
255	0
256	1
257	0
258	0
259	1
260	0
261	1
262	1
263	0
264	0
265	1
266	1
267	0
268	0
269	0
270	0
271	0
272	1
273	0
274	0
275	1
276	0
277	1
278	1
279	0
280	0
281	0
282	0
283	0
284	1
285	0
286	1
287	0
288	1
289	1
290	1
291	1
292	1
293	0
294	1
295	0
296	1
297	1
298	0
299	0
300	0
301	1
302	1
303	0
304	1
305	1
306	1
307	1
308	1
309	0
310	1
311	0
312	1
313	1
314	0
315	0
316	0
317	1
318	1
319	1
320	1
321	0
322	1
323	1
324	0
325	0
326	0
327	0
328	0
329	1
330	0
331	0
332	0
333	1
334	1
335	0
336	1
337	1
338	1
339	0
340	0
341	0
342	0
343	1
344	0
345	0
346	1
347	0
348	0
349	1
350	1
351	0
352	0
353	1
354	1
355	1
356	0
357	1
358	1
359	1
360	0
361	1
362	1
363	0
364	0
365	1
366	1
367	0
368	0
369	1
370	1
371	1
372	0
373	0
374	0
375	1
376	0
377	0
378	0
379	1
380	1
381	1
382	1
383	1
384	0
385	0
386	1
387	0
388	0
389	0
390	0
391	0
392	0
393	0
394	1
395	0
396	1
397	1
398	1
399	1
400	0
401	1
402	0
403	1
404	1
405	1
406	0
407	0
408	1
409	1
410	0
411	0
412	1
413	1
414	0
415	1
416	1
417	1
418	1
419	1
420	1
421	1
422	1
423	0
424	1
425	0
426	0
427	1
428	0
429	1
430	0
431	1
432	0
433	1
434	0
435	0
436	1
437	0
438	1
439	0
440	1
441	1
442	0
443	1
444	1
445	0
446	0
447	0
448	0
449	1
450	0
451	1
452	0
453	0
454	0
455	1
456	0
457	0
458	0
459	0
460	0
461	0
462	1
463	0
464	1
465	1
466	1
467	1
468	1
469	1
470	0
471	0
472	0
473	1
474	1
475	1
476	0
477	0
478	0
479	1
480	1
481	0
482	0
483	1
484	0
485	1
486	1
487	1
488	0
489	1
490	1
491	1
492	1
493	1
494	0
495	1
496	1
497	0
498	0
499	1
500	1
501	0
502	1
503	0
504	0
505	1
506	1
507	1
508	0
509	1
510	1
511	1
512	0
513	0
514	1
515	1
516	1
517	0
518	1
519	1
520	1
521	0
522	1
523	1
524	1
525	0
526	1
527	0
528	1
529	0
530	1
531	1
532	0
533	0
534	1
535	0
536	1
537	0
538	0
539	1
540	1
541	1
542	1
543	1
544	1
545	1
546	0
547	0
548	0
549	1
550	0
551	1
552	1
553	1
554	0
555	1
556	0
557	1
558	1
559	1
560	1
561	1
562	1
563	0
564	0
565	1
566	1
567	0
568	0
569	0
570	0
571	1
572	0
573	1
574	0
575	0
576	1
577	1
578	0
579	0
580	1
581	1
582	0
583	1
584	0
585	0
586	0
587	0
588	1
589	1
590	0
591	1
592	1
593	0
594	1
595	1
596	0
597	0
598	0
599	1
600	0
601	0
602	0
603	1
604	0
605	0
606	1
607	0
608	1
609	1
610	0
611	1
612	0
613	1
614	0
615	0
616	0
617	1
618	1
619	0
620	0
621	0
622	1
623	0
624	1
625	0
626	0
627	1
628	1
629	1
630	1
631	1
632	1
633	1
634	1
635	1
636	0
637	0
638	0
639	0
640	0
641	1
642	0
643	0
644	0
645	1
646	0
647	0
648	0
649	0
650	0
651	0
652	1
653	1
654	1
655	1
656	1
657	1
658	1
659	1
660	1
661	0
662	0
663	1
664	0
665	1
666	1
667	0
668	0
669	0
670	0
671	1
672	0
673	1
674	0
675	1
676	0
677	0
678	0
679	0
680	1
681	0
682	0
683	1
684	1
685	1
686	0
687	1
688	1
689	0
690	0
691	0
692	0
693	0
694	1
695	0
696	0
697	1
698	1
699	0
700	1
701	1
702	0
703	1
704	1
705	1
706	1
707	1
708	0
709	0
710	0
711	1
712	0
713	0
714	0
715	0
716	1
717	0
718	1
719	0
720	1
721	1
722	1
723	0
724	0
725	0
726	1
727	1
728	1
729	0
730	1
731	0
732	1
733	1
734	0
735	0
736	1
737	0
738	0
739	0
740	1
741	0
742	0
743	1
744	1
745	1
746	0
747	1
748	0
749	0
750	1
751	0
752	0
753	0
754	0
755	0
756	1
757	0
758	1
759	1
760	0
761	1
762	0
763	1
764	1
765	0
766	1
767	1
768	0
769	0
770	0
771	1
772	0
773	0
774	1
775	1
776	1
777	0
778	0
779	1
780	1
781	1
782	1
783	1
784	0
785	0
786	0
787	0
788	1
789	0
790	1
791	0
792	1
793	1
794	1
795	1
796	0
797	0
798	0
799	0
800	1
801	0
802	1
803	0
804	1
805	1
806	0
807	0
808	0
809	0
810	0
811	1
812	0
813	0
814	1
815	1
816	1
817	1
818	0
819	1
820	0
821	1
822	1
823	1
824	0
825	0
826	1
827	1
828	0
829	1
830	1
831	1
832	1
833	0
834	0
835	0
836	0
837	1
838	0
839	0
840	1
841	1
842	1
843	0
844	0
845	0
846	0
847	1
848	0
849	0
850	1
851	0
852	1
853	1
854	1
855	1
856	0
857	0
858	0
859	1
860	1
861	1
862	0
863	0
864	1
865	1
866	0
867	0
868	1
869	0
870	1
871	0
872	1
873	0
874	0
875	0
876	1
877	0
878	1
879	0
880	0
881	0
882	0
883	0
884	0
885	1
886	0
887	0
888	1
889	0
890	1
891	0
892	1
893	1
894	0
895	0
896	0
897	0
898	0
899	1
900	1
901	0
902	1
903	0
904	0
905	0
906	0
907	1
908	0
909	0
910	0
911	0
912	1
913	1
914	0
915	1
916	0
917	0
918	0
919	0
920	1
921	1
922	1
923	0
924	1
925	1
926	1
927	1
928	0
929	0
930	1
931	1
932	0
933	1
934	0
935	0
936	1
937	1
938	1
939	1
940	1
941	0
942	0
943	0
944	0
945	0
946	0
947	1
948	1
949	1
950	1
951	0
952	1
953	1
954	0
955	1
956	1
957	0
958	0
959	0
960	1
961	1
962	0
963	1
964	0
965	0
966	0
967	1
968	0
969	1
970	0
971	0
972	0
973	1
974	0
975	1
976	0
977	1
978	1
979	0
980	1
981	0
982	0
983	0
984	0
985	1
986	1
987	1
988	0
989	0
990	1
991	0
992	1
993	1
994	1
995	1
996	0
997	1
998	1
999	1
1002	0
1003	1
1004	1
1005	0
1006	0
1007	0
1008	1
1009	1
1010	0
1011	1
1012	1
1013	1
1014	0
1015	0
1016	1
1017	0
1018	0
1019	0
1020	1
1021	1
1022	1
1023	0
1024	1
1025	0
1026	1
1027	0
1028	1
1029	0
1030	1
1031	0
1032	1
1033	1
1034	0
1035	0
1036	1
1037	0
1038	1
1039	1
1040	1
1041	0
1042	1
1043	0
1044	0
1045	0
1046	1
1047	0
1048	1
1049	1
1050	1
1051	0
1052	1
1053	1
1054	0
1055	1
1056	0
1057	0
1058	1
1059	0
1060	1
1061	1
1062	0
1063	1
1064	1
1065	1
1066	1
1067	0
1068	0
1069	0
1070	0
1071	1
1072	1
1073	0
1074	1
1075	1
1076	0
1077	0
1078	0
1079	1
1080	0
1081	0
1082	0
1083	0
1084	1
1085	1
1086	0
1087	1
1088	1
1089	0
1090	1
1091	1
1092	0
1093	1
1094	0
1095	0
1096	1
1097	1
1098	1
1099	0
1100	0
1101	1
1102	0
1103	0
1104	1
1105	0
1106	1
1107	0
1108	0
1109	1
1110	0
1111	1
1112	1
1113	1
1114	1
1115	1
1116	1
1117	1
1118	0
1119	0
1120	1
1121	0
1122	0
1123	0
1124	0
1125	1
1126	0
1127	1
1128	1
1129	0
1130	1
1131	1
1132	1
1133	1
1134	0
1135	1
1136	1
1137	1
1138	0
1139	1
1140	0
1141	0
1142	1
1143	1
1144	0
1145	0
1146	0
1147	0
1148	1
1149	1
1150	1
1151	0
1152	1
1153	0
1154	1
1155	0
1156	0
1157	1
1158	1
1159	0
1160	1
1161	1
1162	0
1163	0
1164	1
1165	1
1166	1
1167	1
1168	0
1169	0
1170	1
1171	1
1172	1
1173	0
1174	0
1175	0
1176	0
1177	1
1178	1
1179	1
1180	1
1181	0
1182	0
1183	1
1184	0
1185	1
1186	1
1187	0
1188	0
1189	1
1190	1
1191	0
1192	0
1193	0
1194	0
1195	0
1196	0
1197	1
1198	1
1199	1
1200	1
1201	1
1202	0
1203	1
1204	1
1205	0
1206	0
1207	1
1208	1
1209	0
1210	1
1211	0
1212	0
1213	1
1214	0
1215	1
1216	1
1217	1
1218	0
1219	0
1220	0
1221	0
1222	0
1223	0
1224	1
1225	1
1226	0
1227	1
1228	0
1229	0
1230	1
1231	0
1232	0
1233	0
1234	1
1235	0
1236	1
1237	1
1238	0
1239	1
1240	1
1241	0
1242	1
1243	1
1244	1
1245	0
1246	0
1247	1
1248	1
1249	0
1250	0
1251	1
1252	0
1253	0
1254	0
1255	1
1256	1
1257	1
1258	1
1259	0
1260	0
1261	0
1262	0
1263	1
1264	0
1265	0
1266	1
1267	1
1268	1
1269	1
1270	0
1271	0
1272	0
1273	0
1274	0
1275	1
1276	0
1277	0
1278	1
1279	0
1280	1
1281	1
1282	0
1283	1
1284	0
1285	0
1286	1
1287	0
1288	0
1289	1
1290	0
1291	0
1292	1
1293	0
1294	1
1295	1
1296	0
1297	1
1298	1
1299	0
1300	1
1301	0
1302	0
1303	0
1304	0
1305	1
1306	1
1307	0
1308	1
1309	1
1310	0
1311	0
1312	1
1313	1
1314	0
1315	1
1316	0
1317	1
1318	0
1319	0
1320	0
1321	1
1322	1
1323	0
1324	0
1325	0
1326	1
1327	1
1328	1
1329	1
1330	1
1331	0
1332	0
1333	0
1334	0
1335	1
1336	0
1337	1
1338	1
1339	0
1340	1
1341	0
1342	1
1343	0
1344	1
1345	0
1346	1
1347	0
1348	1
1349	0
1350	0
1351	0
1352	1
1353	1
1354	1
1355	1
1356	1
1357	1
1358	0
1359	1
1360	1
1361	0
1362	0
1363	1
1364	0
1365	1
1366	1
1367	0
1368	0
1369	1
1370	0
1371	1
1372	1
1373	1
1374	0
1375	1
1376	1
1377	0
1378	1
1379	1
1380	0
1381	1
1382	1
1383	0
1384	1
1385	1
1386	1
1387	1
1388	0
1389	0
1390	0
1391	0
1392	1
1393	1
1394	0
1395	0
1396	0
1397	1
1398	0
1399	1
1400	1
1401	0
1402	0
1403	0
1404	1
1405	0
1406	0
1407	1
1408	0
1409	0
1410	1
1411	0
1412	0
1413	1
1414	0
1415	0
1416	1
1417	1
1418	0
1419	1
1420	0
1421	1
1422	1
1423	1
1424	1
1425	0
1426	1
1427	1
1428	1
1429	1
1430	1
1431	0
1432	0
1433	1
1434	0
1435	0
1436	1
1437	1
1438	1
1439	1
1440	0
1441	1
1442	0
1443	1
1444	1
1445	0
1446	1
1447	0
1448	1
1449	1
1450	0
1451	0
1452	0
1453	0
1454	0
1455	0
1456	1
1457	0
1458	1
1459	1
1460	0
1461	1
1462	0
1463	0
1464	1
1465	0
1466	1
1467	0
1468	1
1469	0
1470	0
1471	0
1472	0
1473	0
1474	0
1475	0
1476	0
1477	0
1478	1
1479	0
1480	0
1481	1
1482	0
1483	1
1484	1
1485	0
1486	1
1487	1
1488	0
1489	0
1490	1
1491	0
1492	1
1493	0
1494	1
1495	1
1496	0
1497	1
1498	0
1499	1
1500	0
1501	1
1502	1
1503	0
1504	0
1505	1
1506	1
1507	0
1508	0
1509	1
1510	1
1511	0
1512	1
1513	0
1514	1
1515	1
1516	0
1517	1
1518	0
1519	1
1520	0
1521	0
1522	0
1523	0
1524	0
1525	1
1526	0
1527	0
1528	1
1529	1
1530	1
1531	0
1532	0
1533	1
1534	0
1535	1
1536	1
1537	1
1538	0
1539	0
1540	1
1541	1
1542	1
1543	0
1544	0
1545	1
1546	0
1547	1
1548	1
1549	0
1550	0
1551	0
1552	1
1553	1
1554	0
1555	1
1556	0
1557	1
1558	0
1559	1
1560	0
1561	1
1562	0
1563	0
1564	1
1565	0
1566	0
1567	1
1568	0
1569	1
1570	1
1571	0
1572	1
1573	1
1574	0
1575	0
1576	0
1577	1
1578	1
1579	1
1580	1
1581	0
1582	0
1583	1
1584	1
1585	1
1586	1
1587	1
1588	0
1589	0
1590	1
1591	1
1592	1
1593	1
1594	0
1595	0
1596	1
1597	1
1598	0
1599	0
1600	0
1601	1
1602	0
1603	0
1604	0
1605	1
1606	0
1607	1
1608	0
1609	0
1610	0
1611	0
1612	0
1613	1
1614	0
1615	0
1616	0
1617	1
1618	1
1619	0
1620	1
1621	1
1622	1
1623	1
1624	0
1625	1
1626	0
1627	0
1628	0
1629	0
1630	0
1631	0
1632	0
1633	1
1634	1
1635	1
1636	0
1637	1
1638	1
1639	0
1640	0
1641	0
1642	1
1643	1
1644	0
1645	0
1646	1
1647	1
1648	0
1649	1
1650	1
1651	0
1652	1
1653	0
1654	1
1655	0
1656	1
1657	0
1658	1
1659	1
1660	0
1661	0
1662	1
1663	1
1664	1
1665	0
1666	1
1667	1
1668	1
1669	0
1670	1
1671	1
1672	0
1673	1
1674	1
1675	0
1676	1
1677	0
1678	0
1679	1
1680	1
1681	1
1682	0
1683	0
1684	1
1685	0
1686	1
1687	1
1688	0
1689	1
1690	0
1691	1
1692	1
1693	0
1694	1
1695	1
1696	0
1697	0
1698	1
1699	1
1700	0
1701	0
1702	1
1703	0
1704	1
1705	1
1706	1
1707	1
1708	0
1709	1
1710	1
1711	0
1712	0
1713	1
1714	1
1715	0
1716	1
1717	0
1718	0
1719	0
1720	0
1721	0
1722	1
1723	0
1724	1
1725	0
1726	1
1727	1
1728	1
1729	0
1730	0
1731	0
1732	1
1733	0
1734	0
1735	0
1736	0
1737	0
1738	0
1739	1
1740	1
1741	1
1742	0
1743	0
1744	1
1745	0
1746	1
1747	0
1748	0
1749	0
1750	1
1751	0
1752	0
1753	1
1754	0
1755	0
1756	0
1757	0
1758	0
1759	1
1760	0
1761	0
1762	0
1763	0
1764	1
1765	0
1766	1
1767	0
1768	0
1769	0
1770	1
1771	0
1772	0
1773	0
1774	0
1775	1
1776	1
1777	1
1778	1
1779	1
1780	0
1781	0
1782	0
1783	1
1784	0
1785	1
1786	0
1787	1
1788	0
1789	1
1790	1
1791	0
1792	1
1793	0
1794	0
1795	1
1796	1
1797	0
1798	1
1799	1
1800	0
1801	0
1802	1
1803	0
1804	0
1805	1
1806	0
1807	0
1808	1
1809	1
1810	0
1811	1
1812	1
1813	1
1814	0
1815	0
1816	1
1817	1
1818	0
1819	1
1820	0
1821	0
1822	0
1823	1
1824	0
1825	1
1826	0
1827	1
1828	0
1829	1
1830	0
1831	0
1832	0
1833	1
1834	1
1835	0
1836	1
1837	0
1838	1
1839	1
1840	0
1841	1
1842	1
1843	0
1844	0
1845	1
1846	1
1847	0
1848	0
1849	0
1850	0
1851	1
1852	1
1853	0
1854	1
1855	1
1856	0
1857	0
1858	1
1859	1
1860	1
1861	0
1862	0
1863	1
1864	1
1865	1
1866	0
1867	0
1868	0
1869	0
1870	0
1871	0
1872	1
1873	1
1874	1
1875	1
1876	0
1877	1
1878	0
1879	0
1880	1
1881	1
1882	0
1883	0
1884	0
1885	1
1886	1
1887	1
1888	0
1889	1
1890	0
1891	1
1892	1
1893	0
1894	1
1895	0
1896	0
1897	0
1898	0
1899	0
1900	0
1901	0
1902	1
1903	1
1904	0
1905	1
1906	0
1907	0
1908	0
1909	0
1910	0
1911	1
1912	1
1913	0
1914	1
1915	1
1916	1
1917	0
1918	1
1919	0
1920	1
1921	1
1922	0
1923	1
1924	0
1925	1
1926	0
1927	0
1928	0
1929	0
1930	0
1931	0
1932	0
1933	0
1934	0
1935	0
1936	1
1937	1
1938	1
1939	0
1940	0
1941	0
1942	1
1943	1
1944	1
1945	1
1946	1
1947	1
1948	0
1949	0
1950	0
1951	0
1952	1
1953	0
1954	0
1955	0
1956	1
1957	0
1958	1
1959	1
1960	0
1961	1
1962	1
1963	1
1964	1
1965	1
1966	0
1967	1
1968	0
1969	1
1970	0
1971	1
1972	1
1973	0
1974	0
1975	1
1976	0
1977	1
1978	1
1979	0
1980	0
1981	1
1982	0
1983	0
1984	1
1985	1
1986	1
1987	1
1988	0
1989	1
1990	1
1991	0
1992	0
1993	0
1994	1
1995	0
1996	1
1997	1
1998	0
1999	1
2000	0
2001	1
1001	None
