2002	0
0	1
0	3
0	21
0	27
0	37
0	44
0	57
0	81
0	153
0	256
0	269
1	2
1	5
1	7
1	10
1	32
1	155
1	268
1	356
1	380
1	428
1	490
1	854
1	999
2	3
2	4
2	6
2	11
2	17
2	36
2	321
3	4
3	6
3	8
3	13
3	172
3	234
3	738
4	5
4	7
4	9
4	14
4	23
4	28
4	70
4	224
4	569
4	976
5	16
5	26
5	34
5	48
5	60
5	79
5	103
5	163
5	214
5	428
6	8
6	15
6	28
6	42
6	61
6	71
6	327
6	375
7	10
7	20
7	81
7	97
7	166
7	184
7	188
7	327
7	564
7	635
7	809
8	9
8	18
8	92
8	467
8	699
8	839
8	949
8	968
8	979
9	11
9	63
9	90
9	117
9	192
9	400
9	528
9	687
9	835
10	12
10	22
10	47
10	48
10	237
10	311
10	328
10	466
11	14
11	35
11	40
11	53
11	55
11	83
11	100
11	124
11	145
11	162
11	181
11	184
11	326
12	15
12	16
12	19
12	21
12	31
12	59
12	106
12	205
12	489
12	582
12	861
13	19
13	20
13	26
13	40
13	116
13	288
13	300
13	371
13	465
13	491
13	549
14	24
14	25
14	38
14	46
14	55
14	67
14	68
14	103
14	125
14	224
14	347
14	361
14	492
14	560
14	654
14	1578
14	1656
15	25
15	58
15	69
15	343
15	772
15	830
16	17
16	22
16	44
16	49
16	52
16	99
16	126
16	176
16	218
16	449
16	881
17	18
17	60
17	135
17	154
17	270
17	286
17	741
18	30
18	51
18	57
18	157
18	779
18	913
18	1691
19	32
19	45
19	54
19	63
19	132
19	550
19	584
20	23
20	27
20	39
20	140
20	354
20	546
21	33
21	52
21	260
21	286
21	906
21	1299
22	24
22	29
22	91
22	128
22	339
22	375
22	558
22	826
22	1750
23	29
23	36
23	42
23	62
23	80
23	87
23	98
23	101
23	118
23	141
23	182
23	198
23	207
23	291
23	301
23	340
23	563
24	34
24	65
24	191
24	296
24	325
24	412
24	655
24	674
24	808
24	943
24	1901
25	43
25	167
25	253
25	484
26	49
26	143
26	215
27	35
27	54
27	147
27	303
27	457
27	1140
28	30
28	69
28	152
28	185
28	264
28	466
28	1716
29	180
29	348
29	614
29	685
29	763
29	863
29	1354
30	31
30	100
30	264
30	442
30	669
31	33
31	41
31	111
31	159
31	363
32	76
32	158
32	173
32	311
32	399
32	437
32	524
32	997
33	37
33	39
33	50
33	65
33	104
33	136
33	180
33	195
33	317
33	368
33	405
33	467
33	472
33	613
33	1021
34	38
34	402
34	675
34	858
34	1082
34	1314
34	1454
35	73
35	110
35	228
35	304
35	648
35	717
35	1003
35	1143
36	56
36	59
36	95
36	113
36	154
36	341
36	461
36	464
36	503
36	634
37	71
37	75
37	78
37	116
37	443
37	459
37	782
38	43
38	64
38	80
38	88
38	91
38	129
38	194
38	255
38	258
38	259
38	284
38	610
38	777
38	888
38	1071
38	1795
39	41
39	45
39	233
39	243
39	270
39	958
40	190
40	320
40	333
40	486
40	519
40	698
41	66
41	89
41	102
41	199
41	324
41	461
41	920
41	1560
41	1841
42	47
42	203
42	410
42	614
42	706
42	1937
43	51
43	53
43	66
43	175
43	262
43	313
43	451
43	933
44	58
44	113
44	200
44	227
44	444
44	475
44	1544
45	102
45	187
45	213
45	1833
46	119
46	209
46	550
46	764
46	931
47	62
47	70
47	109
47	134
47	395
47	762
48	75
48	241
49	67
49	74
49	160
49	225
49	318
49	713
49	804
49	928
49	1303
50	138
50	244
50	246
50	304
50	539
50	1683
50	1951
51	61
51	112
51	146
51	244
51	254
51	294
51	344
51	385
51	465
52	94
52	120
52	126
52	177
52	553
53	56
53	84
53	133
53	235
53	378
53	469
53	494
53	1466
54	77
54	136
54	168
54	457
54	892
54	970
54	1567
55	121
55	123
55	252
55	334
55	336
55	1846
56	64
56	93
56	225
56	230
56	316
56	911
57	68
57	85
57	226
57	287
57	519
58	98
58	105
58	109
58	164
58	1648
59	73
59	74
59	96
59	295
59	523
59	676
59	834
59	836
59	1492
60	77
60	112
60	156
60	202
60	206
60	347
60	455
60	556
60	616
60	812
61	142
61	322
61	323
61	674
61	729
61	811
61	1420
62	189
62	212
62	273
62	278
62	295
62	319
62	485
62	1133
63	170
63	216
63	433
63	805
63	1850
64	72
64	76
64	83
64	119
64	213
65	89
65	118
65	287
65	299
65	498
65	1859
66	72
66	117
66	125
66	139
66	238
66	671
66	1231
66	1985
67	105
67	107
67	632
67	817
67	1070
67	1761
68	82
68	127
68	130
68	249
68	407
69	175
69	215
69	423
70	82
70	86
70	92
70	152
70	165
70	275
70	326
71	107
71	114
71	258
71	659
71	694
72	86
72	95
72	96
72	183
72	194
72	473
72	530
72	1657
73	110
73	131
73	174
73	207
73	292
73	456
73	459
73	662
74	129
74	163
74	186
74	190
74	730
74	923
75	78
75	84
75	166
75	218
75	229
75	439
75	985
75	1757
76	151
76	391
76	679
76	1243
77	85
77	220
77	223
77	268
77	471
77	478
77	567
78	79
78	122
78	159
78	182
78	197
78	254
78	429
78	514
78	583
78	631
78	929
78	1273
79	122
79	261
79	392
80	149
80	187
81	137
81	265
81	521
81	561
81	613
81	615
81	972
82	262
82	318
82	537
82	671
83	87
83	111
83	123
83	476
83	482
83	570
83	696
83	727
83	904
83	1246
84	128
84	137
84	397
84	915
85	93
85	134
85	146
85	395
85	617
85	747
85	975
85	1719
86	88
86	90
86	124
86	139
86	408
86	436
86	601
86	839
86	1378
87	317
87	321
87	366
88	99
88	141
88	314
88	701
88	965
88	999
89	725
89	871
89	1150
90	94
90	114
90	144
90	169
90	174
90	189
90	338
90	533
90	574
90	905
90	1953
91	145
91	178
91	186
91	297
91	454
91	656
91	705
92	106
92	115
92	305
92	359
93	284
93	332
93	879
94	140
94	183
94	282
94	565
94	573
95	97
95	104
95	148
95	149
95	257
95	416
95	547
96	989
96	1618
97	101
97	108
97	206
97	498
97	810
98	155
98	240
98	616
98	629
98	677
99	108
99	130
99	161
99	370
99	580
99	760
99	1359
99	1490
100	150
100	153
100	217
100	288
100	333
100	537
101	120
101	313
101	420
101	488
101	506
102	151
102	203
102	217
102	471
103	127
103	227
104	156
104	298
104	585
104	1799
104	1905
105	178
105	267
105	336
105	389
105	668
105	806
105	823
105	1784
106	248
106	479
106	527
106	849
106	1760
107	143
107	276
107	279
107	448
107	469
107	643
107	837
108	211
108	858
109	173
109	196
109	281
109	355
109	426
110	325
110	438
111	192
112	115
112	231
112	267
112	344
112	403
112	427
113	205
113	305
113	310
113	363
113	400
113	880
113	977
113	1322
114	381
114	411
114	431
114	532
114	694
115	179
115	221
115	239
115	732
115	847
115	1459
116	138
116	1317
117	259
117	397
117	982
117	1841
118	162
118	239
118	289
118	312
118	909
119	272
119	324
119	444
120	121
120	150
120	373
120	399
120	689
120	710
120	1611
121	135
121	266
121	361
121	452
121	725
122	131
122	248
122	263
122	308
122	552
122	812
123	148
123	515
123	595
123	706
124	133
124	216
124	611
125	279
125	462
125	642
125	664
125	666
126	142
126	172
126	232
126	332
127	132
128	193
128	356
128	419
128	422
128	692
128	698
128	984
128	1087
128	1812
129	144
129	158
129	615
129	1529
130	191
130	230
130	274
130	446
130	866
131	240
131	276
131	388
131	441
131	1606
132	275
132	377
132	630
132	664
132	1920
133	157
133	161
133	246
133	351
133	382
133	385
133	499
133	512
133	766
133	1463
134	334
134	417
134	453
135	168
135	236
135	266
135	407
135	456
135	760
136	176
136	638
136	742
136	888
136	1231
137	272
138	410
138	495
138	1821
139	198
140	147
140	199
140	245
140	277
141	167
141	460
141	636
141	855
142	269
142	339
142	1139
142	1404
143	516
143	548
143	558
143	579
143	942
144	165
144	171
144	450
144	769
144	1130
145	204
145	283
145	1605
145	1916
146	171
146	221
146	633
146	688
146	709
146	816
148	160
148	366
148	435
148	508
148	548
148	597
148	599
149	204
149	377
149	413
149	747
150	250
150	365
150	970
150	1290
151	422
152	415
152	685
152	691
153	200
153	349
153	1064
153	1680
154	181
154	350
154	374
154	443
154	768
154	857
154	962
155	201
155	211
155	222
155	649
155	987
156	169
156	335
156	345
156	386
156	490
157	197
158	170
158	242
158	283
158	421
158	680
159	424
159	475
159	908
159	1916
160	185
160	251
160	291
160	991
161	164
161	352
161	406
161	450
162	177
162	188
162	712
163	271
163	300
163	362
163	641
163	995
164	257
164	357
164	378
164	384
164	538
164	551
164	635
165	341
165	440
165	528
166	219
166	376
166	511
167	231
167	277
168	432
168	735
169	208
169	562
170	179
170	202
170	384
170	513
170	648
170	660
170	1806
171	310
171	329
171	372
171	494
171	526
171	1422
172	274
172	351
172	990
173	196
173	322
173	1535
174	214
174	280
174	293
174	1941
175	243
175	247
175	297
175	1160
176	193
176	235
176	238
176	946
177	236
177	506
177	705
178	232
178	338
178	1422
178	1730
179	700
179	857
180	440
180	517
180	525
180	659
181	289
181	743
181	1147
182	312
183	609
183	720
183	879
184	195
184	430
184	542
184	653
184	886
184	1153
185	201
185	229
185	369
185	370
185	404
185	508
186	302
187	915
187	960
188	210
188	242
188	315
188	372
188	452
188	726
188	914
189	722
189	1256
190	315
190	335
190	353
190	618
190	905
191	886
191	891
191	913
191	1065
191	1520
192	253
192	665
192	1601
193	208
193	247
193	425
193	789
194	219
194	500
194	922
194	1964
195	212
195	524
195	749
195	862
195	1537
195	1731
196	337
196	612
197	271
197	413
198	364
198	922
198	1756
199	222
199	226
199	285
199	716
199	940
200	220
200	496
201	263
201	285
201	309
201	331
201	458
201	598
202	209
202	505
202	602
202	856
203	223
204	249
204	992
205	228
205	349
205	515
205	520
205	841
206	404
206	423
206	559
206	574
206	1180
206	1510
206	1919
206	1971
207	210
207	486
207	925
208	345
208	714
208	1988
209	273
209	414
209	523
209	703
209	865
209	1023
209	1574
209	1851
210	234
210	281
211	374
212	439
212	787
212	1317
212	1325
213	278
213	379
213	412
213	424
213	822
213	939
213	1582
214	237
214	256
214	663
214	997
215	252
215	416
215	707
216	306
216	620
216	633
216	846
217	280
217	394
217	611
217	680
217	693
218	387
218	449
218	623
218	825
218	935
218	1147
219	233
219	255
219	362
219	419
219	867
219	891
219	1160
220	241
220	430
220	445
220	472
220	682
220	719
220	829
220	1193
221	260
221	485
221	637
222	1730
224	408
224	873
224	971
224	1673
225	290
225	603
225	875
225	948
225	1045
227	580
227	918
227	936
228	1861
229	386
229	483
229	733
229	844
230	414
230	458
230	686
231	545
231	758
231	1465
232	497
232	593
233	314
233	596
234	787
234	877
235	651
236	346
237	245
238	323
238	535
238	593
239	293
239	600
239	848
239	979
239	1030
240	396
241	298
241	734
242	307
242	367
242	383
242	427
242	1082
242	1837
243	755
243	1026
244	358
244	405
244	483
244	643
244	892
244	1679
245	734
245	1243
247	329
247	383
247	501
247	590
247	973
248	250
248	251
248	348
248	360
248	364
248	609
248	709
249	301
249	303
249	431
249	495
249	859
250	878
250	1785
251	507
251	604
252	316
252	620
252	731
253	331
253	507
253	509
254	401
255	261
255	302
255	737
255	1132
255	1687
256	594
256	646
256	1131
256	1390
257	342
257	564
258	282
258	658
258	717
259	881
259	1731
260	319
260	342
260	689
260	939
261	292
261	683
261	953
261	1956
262	387
263	265
263	369
263	803
264	521
264	534
265	535
265	1103
265	1506
265	1533
266	388
266	437
266	487
267	411
267	602
267	658
268	853
268	950
269	294
270	299
270	382
270	392
271	290
271	306
271	622
272	1925
273	343
273	566
273	744
273	901
274	380
274	673
274	777
275	308
275	719
275	871
276	1827
276	1989
277	454
278	398
278	650
279	470
279	514
279	669
279	1544
280	644
280	885
281	352
281	488
282	320
282	553
282	780
282	828
283	520
283	557
283	589
283	754
283	804
284	815
284	819
285	552
285	652
285	807
285	1864
286	438
286	774
286	885
287	732
287	1056
288	296
288	350
288	753
288	973
289	445
289	634
289	774
290	371
290	724
290	826
291	393
291	409
291	510
291	863
292	396
292	541
292	579
292	631
292	1045
294	1328
295	307
295	406
295	660
295	805
295	1344
296	381
297	402
297	436
298	1584
299	358
299	814
299	927
299	1355
299	1574
299	1629
300	401
300	707
300	845
301	561
302	1612
302	1708
303	480
303	742
303	931
304	1386
304	1784
305	625
306	309
306	328
306	353
306	595
307	359
307	418
307	568
307	1331
307	1768
308	390
308	484
308	491
308	571
308	678
308	696
309	368
309	1578
310	497
310	816
311	389
311	785
312	354
312	657
312	665
312	1077
313	493
313	912
314	704
314	767
315	330
315	340
315	474
315	538
316	346
317	513
317	690
317	723
317	1218
319	426
319	681
319	961
319	1308
320	337
320	596
320	703
320	775
321	557
321	758
321	781
321	932
321	1649
322	330
322	639
322	865
323	477
323	672
323	904
323	965
323	1828
324	673
324	919
324	1180
324	1460
325	468
325	473
325	476
325	1086
325	1264
325	1859
326	365
327	420
327	1445
327	1496
328	802
329	432
329	942
330	1733
332	355
332	367
332	600
332	625
332	721
332	852
333	543
333	860
334	642
334	840
334	1454
336	360
336	607
336	684
336	712
337	667
337	934
337	1445
338	357
338	376
338	1027
340	1817
342	489
342	697
342	708
342	1510
343	653
343	704
343	811
343	1819
343	1921
344	429
345	765
345	1491
346	745
346	899
346	1453
348	640
348	722
349	510
349	618
349	797
349	914
349	1522
350	379
350	447
350	509
350	575
350	893
350	1162
350	1171
350	1399
351	435
351	517
351	518
351	1964
352	417
352	421
352	448
353	451
353	460
353	1117
353	1938
354	601
354	750
354	850
354	856
354	1985
355	390
355	626
355	1652
357	418
357	511
357	795
357	869
358	409
358	1547
359	504
359	746
360	1151
360	1471
361	373
361	391
361	605
362	543
362	621
363	477
363	582
363	626
363	1986
364	393
364	492
364	529
364	546
364	586
364	845
364	984
365	1719
366	792
368	772
368	1469
369	434
369	531
369	962
370	718
371	434
371	710
371	821
372	398
373	542
373	573
373	662
373	1250
374	577
374	632
375	590
375	628
375	663
377	748
377	822
378	478
378	874
378	944
378	1018
378	1142
378	1641
379	403
379	531
379	928
379	1253
379	1409
381	576
382	446
382	646
383	394
383	690
383	792
384	464
384	889
384	1897
385	661
385	678
385	738
385	824
385	996
386	592
386	818
387	463
388	547
388	934
388	1100
389	496
390	715
390	1619
391	567
391	793
391	986
392	624
392	1218
393	757
393	993
393	1744
394	480
394	583
395	433
395	453
395	776
395	929
396	554
396	832
397	656
398	873
398	988
398	992
399	771
399	1220
400	512
401	724
402	474
402	1142
403	647
403	764
403	824
403	1319
404	608
404	638
404	977
404	1464
406	544
406	759
407	455
407	876
407	994
408	587
408	606
410	505
410	545
411	1656
411	1916
412	447
412	554
412	711
413	415
413	482
413	693
413	752
414	645
414	711
414	933
415	425
415	737
415	1820
416	533
417	441
418	442
418	500
418	527
418	575
418	843
419	731
420	627
421	572
421	896
421	1412
422	539
422	773
422	1128
422	1612
422	1674
423	1322
424	1366
424	1447
425	463
425	1090
425	1908
426	784
427	544
427	645
427	791
428	504
428	566
428	754
428	1920
429	875
429	1683
429	1981
430	481
430	1074
431	556
432	462
432	598
432	739
433	534
433	1315
434	661
434	1514
435	571
435	781
436	668
437	795
438	516
438	568
438	716
438	1819
439	501
439	682
439	761
439	1053
440	715
440	730
440	1577
441	540
442	959
442	1791
443	667
443	920
443	936
443	956
445	481
445	499
445	621
445	775
445	887
446	1274
447	470
447	525
447	766
447	890
447	1479
447	1588
448	518
448	529
448	1525
448	1789
451	594
451	630
451	1319
452	570
452	1267
453	825
453	983
455	479
456	846
457	969
457	1761
458	610
459	468
459	588
459	649
459	1701
462	821
462	1557
463	605
463	745
464	536
464	540
464	700
464	898
464	1613
465	569
465	982
465	1184
466	770
468	502
468	581
468	640
469	584
469	651
470	588
470	699
470	779
470	801
471	1014
471	1491
472	493
472	1313
473	617
474	591
474	729
474	874
474	1590
475	559
475	756
475	932
476	765
476	776
476	840
476	966
477	555
477	619
477	623
479	587
479	1412
480	487
481	503
481	555
481	612
481	1688
482	647
482	964
482	1950
483	780
483	847
483	1902
485	592
485	1435
487	599
487	1161
488	565
488	1681
489	672
489	791
489	827
489	924
491	910
492	1463
493	864
493	926
494	1478
496	522
498	502
498	1052
498	1807
499	526
499	783
500	577
500	894
501	735
502	893
502	1096
503	945
503	953
503	1860
504	560
504	628
505	951
505	1449
506	532
506	578
506	749
506	1568
507	759
508	927
508	1061
509	650
509	1222
510	578
510	771
510	1445
510	1816
511	530
511	562
511	597
511	1344
512	832
512	867
513	589
513	1727
513	1738
514	536
515	629
515	981
515	1132
516	551
516	627
516	655
516	853
517	522
517	750
518	654
518	1348
519	541
519	585
519	666
519	784
519	987
520	876
521	679
521	1248
522	1094
524	607
524	1538
525	941
526	702
526	833
526	851
526	963
528	918
528	1974
529	1363
530	746
530	788
531	1085
531	1525
532	702
532	895
533	675
533	985
533	990
535	686
535	723
535	808
535	836
537	563
537	1087
537	1782
538	751
538	794
538	819
538	1008
538	1874
539	572
540	549
540	961
543	657
543	866
544	641
544	882
544	969
545	576
545	619
545	767
546	1478
548	624
548	1584
549	644
549	1968
551	974
552	636
552	855
552	945
553	1005
554	581
554	2000
556	783
556	1803
557	728
557	744
558	586
558	637
558	1815
559	1005
560	944
561	608
561	851
562	639
562	1717
564	591
564	768
565	606
565	844
566	736
566	798
567	1754
570	1927
571	697
571	1814
572	799
572	900
573	807
573	1745
575	728
575	838
575	1825
577	1841
578	670
578	740
578	761
578	762
579	1014
580	684
580	692
582	842
582	964
583	1227
583	1565
584	1224
585	796
585	955
585	959
586	683
587	708
587	937
588	800
588	803
588	1140
591	801
591	830
591	1513
592	603
592	800
592	813
592	967
592	1647
593	1606
594	755
595	713
598	1787
599	872
599	1978
600	956
600	1199
600	1422
601	884
602	721
603	604
604	741
604	883
604	974
605	1184
606	948
607	720
608	770
609	972
609	1087
611	833
612	991
613	622
613	976
614	733
614	788
616	652
620	902
620	1669
621	718
622	823
622	952
622	1005
624	687
624	797
626	793
626	1878
628	1439
628	1902
630	854
633	753
633	1044
633	1732
634	1457
634	1687
635	1966
636	941
637	957
637	1121
638	852
639	790
642	688
642	954
645	681
645	878
646	1264
647	820
648	726
648	1367
649	1259
650	1409
651	739
651	757
651	898
651	911
652	691
653	773
653	778
654	880
656	714
656	1044
657	695
657	763
657	1950
658	1620
660	670
660	1946
661	827
661	921
661	926
662	756
665	943
666	1998
668	862
668	1092
669	769
669	782
669	916
671	889
673	1206
674	676
676	677
676	870
676	1827
677	861
678	882
679	818
679	993
679	1331
680	809
680	1694
681	727
681	1744
682	695
684	930
686	1941
687	736
687	859
687	1805
688	1587
688	1624
689	802
689	995
689	1430
689	1709
690	1122
695	701
695	785
696	903
697	1855
698	796
698	829
699	884
699	1181
701	810
701	837
701	1144
701	1395
701	1618
702	740
703	1987
704	786
706	917
708	921
710	748
710	1740
711	848
711	938
712	980
712	1320
713	1096
714	798
714	897
715	1840
716	902
717	1216
717	1263
717	1802
718	1711
722	841
725	794
725	820
725	860
725	1334
725	1365
725	1850
727	1121
728	1636
729	963
730	967
732	947
734	743
734	994
735	1797
736	923
738	789
739	1240
740	752
740	864
741	835
742	814
743	1455
744	1126
745	751
745	901
746	877
746	1840
747	950
748	868
748	1421
750	1323
751	1636
753	834
753	907
753	958
753	1815
755	1232
756	813
757	1182
757	1411
759	1658
761	1706
763	1658
764	838
765	790
765	897
766	1684
768	778
770	806
770	1435
771	872
772	919
772	1207
773	1611
774	849
774	909
774	1499
777	1721
778	887
778	1295
779	981
781	890
781	971
782	1751
783	786
783	817
784	906
785	1799
786	1596
786	1785
787	799
787	831
787	1797
788	1156
790	924
791	1124
792	1201
796	815
796	1084
796	1978
797	894
797	1914
798	938
798	986
798	1359
799	1584
800	842
801	957
802	903
803	1359
804	912
806	1867
808	869
810	998
810	1408
811	978
811	1817
812	1373
813	870
813	960
813	1750
815	828
815	883
815	978
817	968
819	988
821	1200
821	1696
822	930
822	1790
823	1100
824	1990
825	831
825	850
825	1775
828	1808
829	1895
830	1958
831	1391
831	1703
831	1716
832	916
833	1171
833	1541
834	1213
837	843
841	996
841	1725
842	1831
843	899
845	868
845	1632
846	896
848	935
848	1838
849	1324
850	1033
850	1877
852	1433
853	954
854	1132
856	1347
861	1173
862	900
863	1001
863	1005
863	1256
865	975
869	998
870	910
871	1926
873	966
873	1203
873	1354
874	1988
875	952
876	895
876	1683
876	1742
878	1946
879	955
879	1650
880	937
881	1762
883	1879
885	1430
886	1419
888	1407
890	907
891	908
891	983
891	1024
894	1218
894	1425
895	940
895	947
895	1172
895	1616
896	917
896	1856
897	1781
898	1414
898	1619
900	951
903	1096
903	1247
903	1578
904	1643
904	1825
905	1630
908	980
910	1838
910	1972
911	1289
911	1618
913	1874
916	1836
922	1328
923	1119
927	1302
929	1753
930	1115
935	1127
936	1804
937	946
937	1022
938	1782
939	1717
939	1966
941	1776
942	989
945	1074
946	1836
947	1820
948	949
948	1338
950	1809
955	1305
955	1318
957	1595
957	1627
960	1409
961	1553
965	1452
966	1070
967	1769
974	1438
974	1975
978	1348
979	1093
979	1815
983	1578
985	1624
985	1992
986	1652
986	1922
990	1815
994	1776
995	1520
996	1102
998	1505
998	1664
999	1001
1002	1003
1002	1004
1002	1005
1002	1023
1002	1024
1002	1026
1002	1052
1002	1230
1002	1343
1002	1382
1002	1394
1002	1398
1002	1448
1002	1483
1002	1606
1002	1788
1003	1005
1003	1006
1003	1010
1003	1012
1003	1041
1003	1121
1003	1396
1003	1399
1003	1416
1003	1781
1004	1007
1004	1010
1004	1011
1004	1018
1004	1027
1004	1059
1004	1072
1004	1104
1004	1182
1004	1197
1005	1006
1005	1007
1005	1017
1005	1024
1005	1030
1005	1044
1005	1056
1005	1068
1005	1091
1005	1130
1005	1457
1005	1693
1005	1932
1006	1009
1006	1016
1006	1031
1006	1053
1006	1076
1006	1080
1006	1084
1006	1153
1006	1154
1006	1156
1006	1414
1006	1722
1007	1008
1007	1054
1007	1067
1007	1105
1007	1148
1007	1378
1007	1556
1007	1768
1008	1011
1008	1013
1008	1019
1008	1020
1008	1043
1008	1046
1008	1078
1008	1927
1009	1013
1009	1021
1009	1056
1009	1077
1009	1143
1009	1158
1009	1244
1009	1389
1009	1517
1009	1549
1010	1012
1010	1030
1010	1047
1010	1098
1010	1249
1010	1324
1010	1355
1010	1831
1011	1014
1011	1015
1011	1017
1011	1018
1011	1026
1011	1042
1011	1076
1011	1102
1011	1187
1011	1200
1012	1014
1012	1021
1012	1022
1012	1046
1012	1058
1012	1064
1012	1083
1012	1132
1012	1504
1012	1568
1012	1641
1013	1015
1013	1022
1013	1025
1013	1029
1013	1049
1013	1161
1013	1341
1013	1808
1013	1823
1014	1028
1014	1119
1014	1183
1014	1219
1014	1231
1014	1330
1014	1544
1014	1669
1014	1703
1014	1817
1014	1853
1015	1016
1015	1039
1015	1042
1015	1055
1015	1101
1015	1177
1015	1226
1015	1306
1015	1373
1016	1054
1016	1086
1016	1145
1016	1150
1016	1155
1016	1215
1016	1234
1016	1318
1016	1337
1016	1487
1016	1794
1016	1863
1016	1899
1016	2000
1017	1057
1017	1064
1017	1087
1017	1108
1017	1824
1018	1019
1018	1023
1018	1031
1018	1040
1018	1174
1018	1236
1018	1429
1018	1914
1019	1020
1019	1048
1019	1082
1019	1104
1019	1173
1019	1465
1020	1025
1020	1068
1020	1081
1020	1123
1020	1141
1020	1198
1020	1239
1020	1435
1021	1039
1021	1041
1021	1071
1021	1086
1021	1133
1021	1141
1021	1178
1021	1235
1021	1652
1021	1813
1022	1028
1022	1033
1022	1038
1022	1050
1022	1073
1022	1096
1022	1117
1022	1162
1022	1167
1023	1036
1023	1050
1023	1091
1023	1103
1023	1256
1023	1338
1023	1439
1023	1444
1023	1628
1024	1027
1024	1035
1024	1071
1024	1079
1024	1175
1024	1350
1024	1385
1024	1724
1025	1116
1025	1205
1025	1440
1025	1467
1025	1478
1025	1790
1025	1918
1026	1073
1026	1112
1026	1121
1026	1277
1026	1299
1026	1934
1027	1034
1027	1037
1027	1047
1027	1057
1027	1060
1027	1087
1027	1157
1027	1171
1027	1174
1027	1741
1028	1055
1028	1063
1028	1191
1028	1262
1028	1663
1029	1033
1029	1040
1029	1062
1029	1199
1029	1811
1029	1887
1030	1077
1030	1089
1030	1146
1030	1417
1030	1571
1030	1956
1031	1032
1031	1081
1031	1085
1031	1279
1031	1390
1031	1561
1031	1857
1032	1048
1032	1075
1032	1097
1032	1115
1032	1338
1032	1473
1032	1576
1032	1814
1032	1883
1033	1034
1033	1053
1033	1120
1033	1250
1033	1566
1034	1035
1034	1036
1034	1038
1034	1093
1034	1124
1034	1126
1034	1226
1034	1260
1034	1280
1034	1399
1034	1546
1034	1672
1035	1058
1035	1107
1035	1160
1035	1165
1035	1201
1035	1369
1035	1372
1035	1471
1036	1037
1036	1049
1036	1075
1036	1120
1036	1133
1036	1281
1036	1458
1036	1515
1037	1045
1037	1059
1037	1131
1037	1257
1037	1330
1037	1386
1038	1044
1038	1045
1038	1151
1038	1315
1038	1384
1038	1403
1039	1051
1039	1123
1039	1314
1039	1662
1039	1760
1040	1043
1040	1051
1040	1100
1040	1110
1040	1142
1040	1232
1040	1346
1041	1092
1041	1100
1041	1119
1041	1241
1041	1495
1042	1065
1042	1069
1042	1079
1042	1084
1042	1286
1042	1532
1042	1654
1042	1784
1043	1172
1043	1707
1043	1807
1044	1052
1044	1060
1044	1085
1044	1296
1044	1342
1044	1431
1044	1475
1045	1088
1045	1127
1045	1184
1045	1840
1046	1206
1046	1354
1047	1061
1047	1063
1047	1070
1047	1094
1047	1098
1047	1136
1047	1165
1047	1215
1047	1346
1047	1968
1048	1061
1048	1129
1048	1284
1048	1288
1048	1449
1048	1480
1048	1565
1048	1584
1048	1660
1048	1783
1049	1097
1049	1149
1049	1190
1049	1194
1049	1238
1049	1311
1049	1679
1049	1690
1050	1080
1050	1128
1050	1326
1050	1484
1050	1599
1051	1105
1051	1206
1051	1262
1051	1402
1051	1683
1052	1070
1052	1074
1052	1113
1052	1333
1052	1758
1052	1871
1052	1892
1053	1148
1053	1662
1054	1066
1054	1067
1054	1069
1054	1237
1054	1242
1054	1300
1054	1333
1055	1072
1055	1122
1056	1090
1056	1096
1056	1103
1056	1138
1056	1850
1056	1928
1057	1169
1057	1237
1057	1312
1058	1062
1058	1090
1058	1161
1058	1191
1058	1365
1058	1991
1059	1065
1059	1089
1059	1125
1059	1186
1059	1225
1059	1233
1059	1447
1059	1670
1059	1927
1060	1169
1060	1240
1060	1562
1061	1095
1061	1114
1061	1243
1061	1298
1061	1437
1061	1475
1061	1550
1061	1631
1061	1860
1061	1975
1062	1083
1062	1264
1062	1292
1063	1109
1063	1157
1063	1185
1063	1189
1063	1217
1063	1239
1063	1273
1063	1482
1063	1525
1063	1538
1063	1802
1063	1852
1064	1066
1064	1111
1064	1154
1064	1163
1064	1175
1064	1952
1065	1112
1065	1150
1065	1344
1065	1530
1065	1588
1066	1108
1066	1139
1066	1159
1066	1179
1066	1181
1066	1303
1066	1345
1066	1360
1066	1644
1067	1094
1067	1135
1067	1137
1067	1219
1067	1291
1067	1478
1067	1524
1067	1615
1067	1731
1068	1074
1068	1093
1068	1166
1068	1390
1068	1845
1069	1396
1069	1709
1070	1107
1070	1134
1070	1285
1070	1569
1070	1775
1071	1102
1071	1129
1071	1198
1071	1248
1071	1353
1071	1370
1071	1418
1071	1684
1072	1095
1072	1101
1072	1142
1072	1196
1072	1229
1072	1623
1073	1106
1073	1145
1073	1167
1073	1247
1073	1266
1073	1839
1074	1078
1074	1168
1074	1254
1074	1268
1074	1318
1074	1982
1075	1122
1075	1151
1075	1275
1075	1313
1075	1594
1076	1111
1076	1139
1076	1207
1076	1222
1076	1301
1076	1309
1076	1676
1077	1088
1077	1092
1077	1552
1077	1608
1078	1164
1078	1176
1078	1182
1078	1324
1078	1400
1079	1110
1079	1502
1079	1959
1080	1082
1080	1155
1081	1420
1081	1636
1081	1829
1082	1113
1082	1503
1082	1577
1083	1190
1083	1310
1083	1679
1084	1124
1084	1140
1084	1211
1084	1245
1084	1466
1084	1499
1084	1600
1085	1172
1085	1825
1086	1127
1086	1164
1086	1551
1087	1114
1087	1115
1087	1192
1088	1099
1088	1160
1088	1274
1088	1895
1088	1955
1089	1147
1089	1234
1089	1309
1089	1543
1090	1283
1090	1314
1090	1593
1090	1631
1091	1117
1091	1210
1091	1356
1092	1138
1092	1276
1092	1691
1093	1106
1093	1245
1094	1214
1094	1319
1094	1323
1094	1979
1095	1099
1095	1403
1095	1607
1095	1656
1096	1204
1096	1276
1096	1921
1097	1176
1097	1223
1097	1411
1097	1567
1097	1630
1097	1685
1098	1152
1098	1177
1098	1200
1098	1232
1098	1242
1098	1349
1098	1747
1099	1134
1099	1511
1099	1599
1100	1130
1100	1465
1100	1684
1101	1326
1101	1504
1101	1730
1101	1812
1102	1159
1102	1202
1102	1492
1102	1696
1102	1752
1103	1194
1103	1418
1103	1754
1104	1109
1104	1955
1104	1959
1105	1269
1105	1718
1105	1889
1106	1116
1106	1118
1106	1221
1106	1381
1107	1235
1107	1539
1108	1118
1108	1144
1108	1286
1109	1193
1109	1932
1110	1125
1110	1131
1110	1137
1110	1152
1110	1153
1110	1179
1110	1187
1110	1366
1110	1513
1111	1240
1111	1506
1111	1563
1111	1570
1112	1452
1113	1135
1113	1251
1113	1405
1113	1966
1114	1136
1114	1156
1114	1579
1114	1866
1114	1963
1115	1166
1115	1180
1115	1216
1115	1247
1115	1258
1115	1266
1115	1566
1115	1719
1115	1863
1116	1147
1116	1688
1116	1811
1117	1201
1117	1293
1117	1427
1117	1627
1117	1799
1118	1128
1118	1397
1118	1494
1118	1805
1119	1140
1119	1207
1119	1567
1119	1661
1120	1228
1120	1295
1121	1236
1121	1307
1121	1389
1121	1681
1121	1780
1121	1812
1121	1945
1121	1000
1122	1520
1123	1230
1123	1283
1123	1288
1123	1745
1124	1297
1124	1368
1125	1126
1125	1146
1125	1195
1125	1312
1125	1530
1126	1168
1126	1224
1126	1321
1126	1508
1126	1626
1127	1208
1127	1209
1127	1699
1127	1828
1128	1144
1128	1199
1128	1212
1128	1264
1128	1311
1128	1336
1129	1481
1129	1750
1130	1429
1130	1473
1130	1634
1131	1335
1131	1445
1131	1474
1132	1170
1132	1203
1132	1211
1132	1320
1132	1332
1133	1218
1133	1271
1134	1181
1134	1241
1135	1208
1135	1392
1135	1804
1136	1149
1136	1188
1136	1196
1136	1344
1136	1380
1136	1436
1136	1498
1136	1524
1136	1868
1137	1210
1137	1213
1137	1269
1137	1470
1137	1572
1137	1792
1138	1143
1138	1380
1138	1592
1138	1749
1139	1180
1139	1265
1139	1272
1139	1357
1140	1231
1140	1248
1140	1583
1141	1162
1141	1307
1141	1411
1141	1670
1142	1349
1142	1425
1142	1448
1142	1612
1142	1980
1143	1471
1143	1665
1143	1978
1144	1171
1144	1209
1144	1426
1144	1629
1144	1773
1145	1334
1145	1388
1145	1490
1146	1455
1146	1675
1147	1285
1148	1158
1148	1290
1148	1494
1148	1585
1148	1728
1149	1257
1149	1905
1150	1173
1150	1188
1150	1202
1150	1275
1150	1287
1150	1383
1150	1724
1151	1605
1152	1184
1152	1398
1153	1203
1153	1991
1154	1220
1154	1888
1155	1163
1155	1823
1156	1632
1157	1327
1157	1440
1158	1298
1158	1416
1158	1710
1159	1461
1159	1563
1160	1220
1160	1358
1160	1446
1160	1498
1161	1185
1161	1228
1161	1238
1161	1255
1161	1292
1161	1371
1161	1834
1162	1261
1162	1277
1162	1477
1163	1170
1163	1192
1163	1260
1163	1290
1163	1746
1164	1412
1164	1496
1165	1178
1165	1395
1165	1507
1166	1222
1166	1319
1166	1340
1166	1371
1167	1246
1167	1751
1167	1935
1168	1195
1168	1221
1168	1302
1168	1483
1168	1651
1168	1929
1169	1282
1169	1548
1169	1549
1169	1615
1169	1643
1169	1981
1170	1296
1170	1328
1170	1331
1170	1361
1170	1553
1170	1603
1170	1735
1171	1186
1171	1224
1171	1227
1171	1250
1171	1301
1172	1217
1172	1424
1173	1214
1173	1410
1173	1864
1174	1223
1174	1400
1174	1875
1175	1197
1175	1408
1175	1425
1175	1459
1175	1950
1175	1966
1176	1649
1176	1810
1176	1819
1177	1189
1177	1193
1177	1213
1177	1225
1177	1263
1177	1370
1177	1505
1177	1613
1177	1706
1178	1249
1178	1391
1179	1325
1179	1488
1180	1320
1181	1183
1181	1261
1181	1798
1182	1291
1182	1379
1182	1424
1182	1564
1182	1628
1184	1258
1184	1278
1184	1315
1184	1778
1185	1529
1185	1562
1185	1953
1186	1204
1186	1352
1186	1584
1186	1867
1187	1279
1187	1516
1187	1574
1187	1640
1187	1743
1187	1801
1188	1340
1188	2000
1189	1347
1189	1643
1190	1716
1191	1218
1191	1297
1191	1410
1191	1521
1192	1268
1192	1332
1193	1568
1193	1777
1193	1996
1194	1270
1194	1386
1194	1557
1195	1678
1196	1274
1196	1289
1196	1701
1197	1355
1197	1442
1197	1645
1197	1819
1198	1406
1198	1419
1198	1591
1198	1617
1198	1765
1199	1205
1199	1212
1199	1305
1199	1727
1199	1734
1200	1540
1200	1558
1200	1619
1200	1953
1201	1216
1201	1871
1202	1246
1202	1359
1202	1923
1203	1514
1204	1518
1204	1635
1205	1280
1206	1233
1206	1322
1206	1426
1206	1638
1206	1803
1206	1958
1207	1367
1207	1374
1207	1533
1207	1776
1208	1271
1208	1595
1208	1739
1209	1243
1209	1244
1209	1373
1209	1503
1209	1689
1209	1714
1210	1259
1210	1964
1211	1322
1211	1765
1212	1254
1212	1704
1212	1705
1212	1958
1213	1544
1213	1557
1213	1751
1214	1253
1215	1270
1215	1757
1215	1780
1216	1582
1217	1255
1217	1329
1217	1695
1218	1256
1218	1273
1218	1363
1218	1367
1218	1490
1218	1878
1219	1229
1219	1381
1219	1909
1219	1960
1220	1252
1220	1422
1220	1589
1220	1677
1221	1227
1221	1252
1221	1363
1221	1364
1221	1701
1222	1447
1222	1470
1222	1495
1222	1692
1222	1843
1222	1952
1223	1888
1223	1943
1224	1939
1224	1967
1225	1251
1225	1372
1226	1284
1226	1325
1226	1358
1226	1387
1226	1639
1227	1267
1227	1497
1228	1293
1228	1673
1229	1287
1229	1341
1229	1573
1229	1865
1230	1263
1230	1282
1230	1345
1230	1507
1230	1526
1230	1794
1231	1294
1231	1421
1231	1831
1232	1295
1232	1366
1232	1467
1232	1505
1232	1600
1232	1764
1233	1253
1233	1331
1233	1510
1233	1796
1234	1343
1234	1542
1234	1609
1234	1641
1234	1721
1234	1946
1234	1990
1235	1334
1235	1622
1236	1281
1236	1294
1236	1356
1236	1624
1236	1663
1237	1289
1237	1412
1238	1722
1239	1267
1239	1302
1239	1419
1239	1472
1239	1513
1239	1519
1239	1673
1239	1737
1241	1337
1242	1376
1242	1401
1242	1417
1242	1511
1243	1408
1243	1423
1243	1546
1243	1705
1245	1316
1245	1339
1245	1441
1246	1265
1246	1351
1246	1456
1246	1573
1246	1677
1247	1851
1248	1432
1249	1321
1249	1375
1249	1395
1249	1476
1249	1949
1252	1611
1252	1820
1253	1362
1253	1655
1253	1797
1254	1259
1254	1585
1254	1905
1255	1278
1255	1348
1255	1382
1255	1415
1255	1438
1255	1606
1255	1746
1256	1300
1256	1675
1256	1900
1257	1405
1257	1621
1257	1695
1258	1317
1258	1427
1258	1569
1259	1351
1260	1590
1260	1712
1260	1965
1260	1992
1261	1305
1261	1782
1261	1917
1262	1316
1263	1415
1263	1592
1265	1306
1265	1339
1266	1621
1267	1377
1267	1775
1268	1394
1268	1683
1269	1308
1270	1272
1270	1559
1271	1972
1272	1361
1272	1401
1272	1404
1273	1434
1273	1858
1275	1374
1275	1479
1275	1876
1276	1993
1277	1414
1277	1442
1277	1525
1277	1548
1278	1313
1278	1376
1278	1894
1279	1317
1280	1359
1280	1369
1281	1357
1281	1360
1281	1537
1282	1327
1283	1407
1283	1591
1283	1702
1283	1755
1283	1864
1284	1328
1284	1348
1284	1510
1285	1304
1285	1452
1285	1608
1286	1347
1286	1466
1286	1484
1286	1759
1286	1776
1287	1323
1287	1529
1287	1848
1287	1891
1287	1906
1288	1491
1288	1877
1290	1336
1290	1460
1290	1578
1290	1645
1290	1787
1290	1818
1290	1836
1292	1589
1292	1713
1293	1464
1294	1299
1294	1920
1295	1379
1295	1587
1295	1680
1296	1501
1296	1874
1296	1942
1297	1364
1298	1304
1298	1602
1298	1624
1298	1880
1299	1493
1299	1668
1300	1387
1300	1501
1300	1638
1301	1303
1301	1329
1301	1692
1301	1735
1301	1740
1301	1937
1302	1308
1302	1464
1302	1854
1303	1420
1303	1647
1303	1916
1304	1393
1304	1587
1304	1691
1304	1753
1305	1488
1306	1531
1306	1625
1307	1413
1308	1310
1308	1397
1308	1898
1308	1919
1310	1352
1310	1437
1310	1545
1310	1636
1311	1436
1311	1977
1312	1564
1313	1455
1313	1499
1313	1527
1313	1660
1313	1842
1313	1855
1315	1938
1316	1526
1316	1807
1317	1487
1319	1534
1319	1666
1319	1838
1320	1350
1320	1522
1320	1671
1320	1901
1321	1428
1321	1594
1321	1815
1322	1402
1322	1597
1322	1736
1323	1342
1323	1377
1323	1391
1324	1353
1324	1506
1324	1678
1325	1368
1325	1458
1325	1522
1325	1528
1325	1730
1326	1335
1326	1768
1327	1457
1328	1767
1328	1939
1328	1942
1329	1393
1329	1623
1330	1590
1330	1649
1332	1454
1332	1547
1332	1597
1332	1685
1332	1937
1333	1407
1333	1485
1333	1827
1334	1435
1334	1709
1334	1876
1334	2001
1336	1354
1336	1633
1336	1787
1336	1931
1337	1924
1338	1849
1338	1881
1339	1392
1339	1518
1339	1555
1339	1622
1339	1689
1339	1813
1340	1602
1340	1659
1341	1639
1342	1476
1342	1977
1343	1451
1343	1790
1343	1835
1344	1509
1344	1575
1344	1586
1344	1693
1344	1696
1344	1983
1345	1409
1345	1940
1347	1441
1347	1443
1347	1642
1347	1785
1347	1985
1348	1362
1348	1491
1348	1539
1349	1434
1349	1528
1349	1532
1349	1821
1349	1903
1351	1385
1351	1541
1352	1468
1353	1502
1354	1582
1356	1365
1356	1432
1357	1808
1358	1430
1359	1388
1359	1627
1360	1647
1361	1826
1362	1453
1362	1523
1362	1581
1362	1833
1363	1512
1364	1605
1364	1750
1365	1517
1365	1870
1367	1454
1367	1772
1368	1578
1368	1926
1369	1422
1369	1697
1369	1703
1369	1781
1369	1930
1369	1941
1370	1378
1370	1463
1370	1481
1370	1598
1370	1894
1370	1925
1370	1930
1372	1925
1373	1375
1373	1428
1373	1461
1373	1500
1374	1572
1374	1601
1376	1443
1376	1885
1377	1886
1378	1409
1378	1519
1378	1554
1378	1933
1379	1445
1379	1570
1380	1844
1380	1860
1381	1421
1381	1451
1381	1629
1381	1840
1382	1384
1382	1793
1383	1945
1384	1404
1384	1413
1384	1469
1384	1760
1384	1761
1384	1818
1385	1655
1385	1774
1386	1561
1386	1632
1387	1406
1387	1469
1387	1731
1388	1652
1389	1700
1389	1918
1390	1789
1390	1829
1390	1869
1391	1509
1391	1859
1392	1559
1392	1604
1392	1620
1392	1630
1393	1954
1393	1000
1394	1486
1394	1614
1394	1796
1396	1601
1397	1554
1398	1581
1398	1873
1399	1430
1399	1433
1401	1450
1402	1521
1402	1736
1402	1984
1403	1497
1403	1613
1403	1783
1404	1446
1404	1534
1405	1849
1405	1868
1405	1943
1406	1721
1406	1786
1407	1439
1407	1485
1407	1626
1407	1910
1408	1754
1408	1973
1409	1444
1410	1537
1410	1658
1411	1423
1411	1474
1411	1884
1411	1997
1412	1453
1412	1671
1412	1855
1413	1541
1413	1859
1414	1792
1414	1919
1415	1527
1415	1784
1416	1472
1416	1988
1417	1543
1417	1697
1417	1708
1417	1766
1417	1798
1418	1535
1418	1565
1419	1616
1419	1658
1419	1948
1420	1459
1422	1449
1422	1450
1423	1489
1423	1739
1424	1431
1424	1433
1424	1555
1424	1653
1427	1462
1427	1762
1428	1774
1429	1438
1429	1667
1429	1915
1430	1542
1430	1682
1430	1770
1431	1486
1432	1973
1433	1480
1433	1545
1433	1560
1433	1711
1433	1928
1434	1514
1434	1633
1434	1744
1434	1944
1437	1651
1437	1763
1438	1688
1438	1910
1439	1580
1439	1593
1439	1882
1441	1646
1441	1844
1442	1536
1442	1634
1443	1612
1443	1664
1443	1886
1444	1644
1445	1861
1446	1733
1447	1460
1447	1468
1447	1523
1447	1553
1447	1946
1448	1558
1449	1456
1449	1516
1449	1598
1450	1482
1450	1911
1451	1512
1451	1822
1452	1718
1453	1535
1454	1717
1454	1830
1454	1951
1455	1463
1456	1712
1456	1854
1457	1496
1457	1596
1459	1637
1460	1603
1460	1619
1460	1723
1461	1462
1461	1500
1461	1842
1462	1753
1463	1479
1463	1717
1463	1846
1463	1890
1464	1929
1465	1755
1465	1861
1466	1648
1470	1477
1470	1492
1470	1540
1470	1616
1473	1865
1476	1661
1476	1920
1476	1961
1478	1574
1478	1654
1479	1579
1481	1897
1482	1586
1482	1716
1483	1493
1484	1862
1485	1536
1485	1733
1486	1489
1486	1552
1487	1922
1488	1682
1488	1879
1489	1515
1490	1726
1490	1764
1490	1771
1490	1974
1491	1668
1494	1550
1495	1710
1496	1680
1500	1508
1501	1657
1502	1803
1502	1962
1503	1793
1506	1538
1506	1576
1506	1904
1507	1618
1507	1694
1509	1748
1510	1727
1511	1853
1512	1998
1514	1551
1514	1596
1514	1610
1515	1533
1515	1706
1515	1720
1515	1907
1516	1520
1516	1620
1516	1749
1516	1996
1519	1575
1519	1895
1520	1725
1520	1769
1520	1791
1521	1686
1521	1732
1522	1702
1522	1738
1522	1744
1524	1531
1525	1646
1525	1742
1525	1848
1525	1887
1526	1748
1527	1669
1529	1850
1529	1976
1532	1556
1532	1892
1533	1560
1535	1782
1536	1637
1537	1657
1539	1896
1540	1777
1540	1801
1543	1800
1544	1715
1544	1814
1545	1571
1547	1998
1549	1957
1552	1674
1553	1681
1554	1903
1555	1810
1557	1577
1559	1674
1560	1804
1560	1978
1561	1970
1562	1686
1562	1763
1562	1797
1566	1770
1566	1866
1567	1912
1568	1846
1568	1984
1569	1847
1569	1950
1572	1756
1575	1609
1575	1676
1575	1729
1575	1820
1575	1874
1577	1588
1578	1618
1579	1583
1581	1961
1582	1867
1583	1882
1583	1985
1584	1595
1584	1834
1585	1747
1585	1771
1585	1872
1586	1879
1587	1756
1588	1604
1588	1833
1589	1614
1589	1759
1591	1708
1592	1949
1594	1757
1595	1607
1596	1625
1596	1666
1596	1931
1598	1841
1598	1857
1600	1642
1600	1650
1601	1690
1602	1611
1602	1964
1604	1617
1604	1766
1605	1909
1606	1963
1607	1795
1607	1852
1608	1610
1608	1815
1608	1893
1610	1635
1611	1653
1611	1989
1614	1873
1615	1987
1617	1640
1617	1779
1617	1884
1619	1656
1620	1994
1624	1665
1624	1816
1624	1828
1625	1648
1626	1667
1626	1694
1628	1659
1628	1816
1629	1956
1629	1982
1630	1650
1630	1769
1630	1773
1632	1960
1633	1827
1634	1711
1635	1862
1635	1938
1637	1664
1637	1968
1639	1851
1640	1715
1643	1806
1643	1992
1645	1687
1645	1732
1645	1915
1646	1707
1649	1737
1649	1994
1650	1734
1653	1821
1653	1836
1658	1672
1659	1745
1659	1877
1660	1704
1660	1805
1661	1936
1661	1970
1663	1785
1664	1832
1667	1762
1667	1870
1668	1698
1668	1725
1668	1983
1671	1698
1671	1740
1672	1700
1672	1789
1675	1742
1677	1986
1680	1687
1681	1719
1682	1791
1684	1713
1685	1912
1687	1837
1689	1720
1690	1741
1691	1989
1695	1997
1696	1901
1697	1699
1697	1728
1697	1979
1699	1847
1701	1971
1705	1799
1706	1738
1706	1869
1706	1908
1707	1772
1707	1795
1708	1743
1708	1904
1709	1987
1712	1990
1714	1723
1714	1993
1715	1809
1715	1902
1716	1934
1719	1835
1720	1726
1720	1980
1723	1761
1723	1817
1723	1880
1725	1986
1726	1729
1726	1778
1726	1900
1726	1906
1730	1752
1730	1897
1736	1809
1736	1999
1737	1941
1738	1767
1738	1917
1740	1907
1741	1802
1742	1779
1743	1916
1747	1758
1752	1788
1752	1974
1754	1845
1758	2001
1759	1878
1762	1898
1764	1822
1766	1896
1767	1806
1767	1843
1767	1957
1771	1875
1780	1976
1781	1841
1781	1923
1782	1893
1785	1786
1786	1824
1787	1825
1788	1972
1789	1965
1791	1830
1791	1838
1791	1885
1791	1971
1792	1872
1793	1826
1794	1800
1797	1832
1801	1881
1812	1837
1812	1969
1813	1899
1813	1935
1815	1839
1815	1890
1815	1981
1816	1858
1817	1856
1818	1914
1820	1936
1824	1926
1828	1856
1839	1962
1845	1883
1848	1891
1849	1947
1852	1908
1856	1988
1865	1922
1870	1933
1872	1902
1872	1913
1874	1995
1876	1889
1886	1913
1887	1911
1888	1954
1889	1969
1895	1924
1900	1921
1903	1940
1910	1947
1910	1948
1926	1975
1928	1944
1937	1951
1940	1967
1980	1995
1991	1999
