2000	0
0	29
0	59
0	77
0	137
0	172
0	472
0	575
0	581
0	675
0	789
0	888
0	952
1	138
1	327
1	335
1	499
1	541
1	675
1	739
1	790
1	942
1	954
2	122
2	278
2	422
2	634
2	835
2	842
2	863
2	928
2	933
2	948
2	1242
3	67
3	107
3	109
3	139
3	265
3	281
3	283
3	299
3	467
3	780
3	798
3	834
3	959
4	64
4	105
4	253
4	287
4	374
4	441
4	452
4	484
4	526
4	762
4	829
4	945
5	120
5	129
5	292
5	452
5	525
5	556
5	576
5	590
5	643
5	714
5	757
5	815
5	1358
6	14
6	21
6	26
6	338
6	559
6	579
6	580
6	609
6	622
6	678
6	693
6	781
6	884
6	889
7	85
7	104
7	144
7	294
7	447
7	698
7	776
8	36
8	130
8	174
8	290
8	298
8	459
8	486
8	595
8	640
8	739
9	11
9	69
9	235
9	328
9	408
9	804
9	834
9	975
10	40
10	67
10	80
10	174
10	328
10	405
10	430
10	438
10	600
10	768
10	937
11	103
11	317
11	366
11	443
11	471
11	585
11	591
11	652
11	966
11	1471
12	414
12	457
12	462
12	525
12	673
12	691
12	720
12	892
12	969
13	19
13	42
13	460
13	492
13	550
13	558
13	609
13	736
13	749
13	752
13	839
13	847
13	903
13	981
14	24
14	38
14	142
14	239
14	374
14	405
14	576
14	704
14	848
14	944
14	993
15	21
15	70
15	116
15	258
15	550
15	599
15	644
15	803
15	897
15	998
16	34
16	123
16	258
16	327
16	587
16	604
16	989
17	59
17	82
17	167
17	316
17	325
17	392
17	518
17	527
17	742
17	864
17	903
18	54
18	99
18	223
18	254
18	301
18	304
18	416
18	513
18	554
18	557
18	703
18	780
18	854
18	896
19	84
19	174
19	257
19	546
19	684
19	697
19	701
19	898
20	55
20	251
20	282
20	392
20	493
20	668
20	678
20	930
21	156
21	206
21	221
21	332
21	333
21	367
21	375
21	598
21	680
21	857
21	886
21	947
21	961
22	86
22	203
22	373
22	534
22	711
22	925
23	208
23	216
23	363
23	558
23	721
23	737
23	794
23	821
23	901
23	982
24	141
24	222
24	360
24	372
24	447
24	467
24	530
24	612
24	770
24	801
24	805
24	895
25	187
25	197
25	326
25	369
25	402
25	507
25	582
25	612
25	723
25	768
26	167
26	211
26	304
26	537
26	643
26	734
26	875
26	954
26	993
27	131
27	139
27	186
27	415
27	427
27	460
27	729
27	763
27	844
27	904
28	253
28	360
28	371
28	380
28	481
28	495
28	519
28	530
28	601
28	890
29	164
29	644
29	905
30	44
30	97
30	169
30	174
30	225
30	235
30	283
30	337
30	387
30	413
30	416
30	619
30	632
30	675
30	725
30	753
30	781
30	830
30	910
30	981
31	45
31	111
31	121
31	276
31	359
31	411
31	462
31	690
31	770
31	863
31	890
31	1908
32	95
32	288
32	533
32	550
32	558
32	687
32	702
33	143
33	152
33	244
33	267
33	304
33	337
33	388
33	615
33	628
33	729
34	68
34	178
34	187
34	191
34	385
34	405
34	413
34	454
34	501
34	701
34	746
35	211
35	349
35	362
35	385
35	431
35	504
35	518
35	554
35	754
35	764
35	807
35	937
36	400
36	429
36	493
36	662
36	746
36	873
36	987
37	107
37	121
37	143
37	273
37	317
37	351
37	377
37	473
37	719
37	727
37	753
38	208
38	230
38	361
38	398
38	664
38	684
38	953
39	55
39	136
39	418
39	495
39	526
39	545
39	644
39	656
39	759
39	805
39	942
40	111
40	183
40	409
40	427
40	437
40	464
40	769
40	776
40	807
41	89
41	208
41	348
41	394
41	532
41	663
41	675
41	982
42	75
42	101
42	109
42	179
42	290
42	309
42	391
42	434
42	438
42	537
42	870
42	910
42	927
43	86
43	131
43	322
43	425
43	438
43	591
43	795
43	943
44	87
44	95
44	301
44	389
44	401
44	454
44	627
44	671
44	910
44	920
45	147
45	250
45	609
45	620
45	707
45	709
45	765
45	835
46	167
46	170
46	243
46	264
46	281
46	313
46	407
46	419
46	504
46	562
46	765
46	794
46	955
47	64
47	68
47	395
47	599
47	621
47	653
47	992
48	244
48	297
48	530
48	631
48	714
48	997
49	64
49	231
49	258
49	298
49	318
49	932
50	312
50	476
50	484
50	501
50	593
50	824
50	932
51	176
51	280
51	285
51	399
51	405
51	433
51	458
51	515
51	597
51	706
51	763
51	766
51	786
51	829
51	848
51	919
52	158
52	383
52	462
52	605
52	787
52	912
52	923
53	435
53	882
53	1002
54	127
54	128
54	161
54	223
54	234
54	280
54	504
54	628
54	775
54	895
54	979
55	167
55	446
55	473
55	506
55	555
55	806
55	820
55	914
56	100
56	212
56	413
56	654
56	701
56	725
56	926
56	941
57	139
57	192
57	324
57	563
57	610
57	779
57	796
57	891
57	895
58	164
58	263
58	352
58	428
58	521
58	553
58	592
58	619
58	809
58	857
58	983
59	263
59	665
59	795
59	919
60	155
60	520
60	528
60	900
60	999
61	185
61	190
61	247
61	466
61	523
61	620
61	647
61	863
61	1768
62	264
62	404
62	405
62	479
62	524
62	636
62	895
63	64
63	171
63	435
63	653
63	676
63	708
63	719
63	880
63	922
64	84
64	138
64	519
64	596
65	115
65	369
65	375
65	441
65	524
65	563
65	633
65	662
65	714
65	746
65	968
66	352
66	430
66	576
66	803
66	985
67	94
67	100
67	218
67	236
67	337
67	438
67	443
67	659
67	810
67	977
68	214
68	252
68	325
68	415
68	518
68	589
68	618
68	739
68	753
68	790
69	85
69	159
69	270
69	290
69	371
69	378
69	426
69	493
69	640
69	643
69	664
69	929
70	137
70	205
70	264
70	522
70	844
71	76
71	81
71	129
71	228
71	230
71	287
71	298
71	339
71	384
71	451
71	568
71	872
71	969
72	178
72	526
72	562
72	569
72	620
72	676
72	711
72	729
72	782
73	152
73	209
73	235
73	482
73	543
73	752
73	856
73	878
73	911
73	954
74	112
74	139
74	148
74	318
74	385
74	391
74	466
74	517
74	525
74	569
74	661
74	741
74	742
74	825
74	848
74	915
74	991
74	999
75	88
75	130
75	273
75	625
75	854
75	860
75	867
75	948
76	152
76	422
76	466
76	495
76	561
76	656
76	716
76	951
76	999
77	331
77	517
77	522
77	540
77	675
77	800
77	975
77	983
78	163
78	289
78	328
78	336
78	365
78	577
78	582
78	777
78	800
78	964
79	178
79	201
79	323
79	373
79	398
79	408
79	446
79	513
79	784
79	828
80	124
80	146
80	503
80	534
80	555
80	593
80	755
80	857
80	977
81	136
81	140
81	400
81	729
81	744
81	748
81	890
81	894
82	143
82	174
82	325
82	330
82	394
82	457
82	538
82	601
82	894
82	903
82	928
83	181
83	427
83	443
83	663
83	668
83	718
83	987
83	1553
84	137
84	219
84	226
84	251
84	254
84	266
84	512
84	540
84	557
84	572
84	736
84	823
84	873
85	300
85	427
85	513
85	519
85	551
85	800
85	906
85	957
86	202
86	349
86	678
86	775
86	780
86	849
86	935
86	981
87	224
87	359
87	463
87	503
87	570
87	585
87	590
87	600
87	729
87	853
87	934
87	1815
88	190
88	204
88	299
88	632
88	862
88	954
88	986
89	138
89	175
89	191
89	218
89	274
89	291
89	421
89	468
89	530
89	680
89	766
89	782
89	852
89	853
89	884
90	109
90	275
90	597
90	616
90	618
90	800
90	974
90	992
91	194
91	379
91	398
91	531
91	543
91	606
91	626
91	627
91	658
91	698
91	717
91	860
91	959
92	464
92	711
92	784
92	943
92	985
93	384
93	472
93	571
93	582
93	635
93	644
93	679
93	683
93	725
93	886
94	100
94	432
94	459
94	487
94	535
94	693
95	117
95	320
95	506
95	805
95	855
96	113
96	140
96	163
96	216
96	341
96	416
96	777
96	779
96	860
96	937
97	234
97	252
97	358
97	469
97	511
97	594
97	676
97	838
97	848
97	860
97	912
98	209
98	275
98	403
98	627
98	883
98	887
98	965
99	110
99	141
99	253
99	283
99	309
99	388
99	446
99	468
99	561
99	582
99	649
99	967
99	994
99	995
100	188
100	432
100	452
100	486
100	650
100	676
100	760
100	781
100	884
101	321
101	516
101	534
101	757
102	235
102	396
102	460
102	492
102	540
102	703
102	927
103	158
103	177
103	201
103	292
103	368
103	511
103	575
103	629
103	973
104	151
104	414
104	420
104	551
104	599
104	613
104	620
104	940
105	189
105	399
105	538
105	573
105	694
105	717
105	776
105	813
106	384
106	406
106	456
106	538
106	926
106	1340
107	189
107	194
107	725
107	785
108	268
108	453
108	463
108	596
108	680
108	709
108	719
108	797
108	836
108	897
108	942
109	298
109	316
109	447
109	499
109	605
109	612
109	751
109	793
109	992
110	588
110	802
110	809
110	872
110	930
110	941
110	1269
110	1531
111	135
111	283
111	309
111	449
111	554
111	588
111	617
111	696
111	721
111	724
111	768
111	891
111	983
112	118
112	359
112	416
112	437
112	554
112	569
112	957
112	977
113	144
113	248
113	308
113	528
113	532
113	548
113	687
113	828
113	863
113	962
114	232
114	390
114	469
114	610
114	692
114	701
114	798
114	988
115	124
115	183
115	190
115	293
115	364
115	501
115	558
115	689
115	942
116	179
116	185
116	227
116	231
116	437
116	523
116	616
116	681
116	698
116	755
116	802
116	806
116	827
116	936
116	969
116	979
117	141
117	149
117	216
117	231
117	255
117	276
117	290
117	488
117	510
117	644
117	758
117	819
117	866
117	926
117	945
118	635
118	658
118	978
119	137
119	211
119	533
119	683
119	709
119	717
119	741
119	778
119	953
120	314
120	333
120	339
120	465
120	483
120	747
120	876
120	901
121	371
121	442
121	543
121	545
121	576
121	585
121	608
121	695
121	730
121	752
121	777
121	927
122	174
122	185
122	236
122	312
122	581
122	683
122	849
122	905
122	1232
123	242
123	249
123	350
123	569
123	683
123	730
123	911
123	1442
124	187
124	343
124	421
124	425
124	582
124	613
124	693
124	731
124	749
124	828
124	850
125	391
125	395
125	565
125	689
125	852
125	859
125	901
125	948
126	235
126	330
126	334
126	340
126	427
126	439
126	573
126	621
126	659
126	744
126	808
126	832
126	958
127	280
127	320
127	764
127	992
127	1305
127	1333
128	296
128	308
128	444
128	479
128	485
128	589
128	661
128	781
128	890
129	332
129	405
129	491
129	497
129	499
129	524
129	607
129	621
129	630
129	637
130	362
130	392
130	404
130	464
130	479
130	514
130	630
131	350
131	370
131	406
131	527
131	593
131	606
131	830
131	849
131	858
131	931
131	963
131	989
131	1716
132	191
132	278
132	407
132	466
132	586
132	758
132	804
133	148
133	177
133	199
133	390
133	430
133	734
133	790
133	843
133	956
134	807
134	831
134	984
134	1480
135	342
135	443
135	463
135	504
135	584
135	642
135	720
136	155
136	646
136	705
136	777
136	872
137	147
137	149
137	452
137	681
137	705
137	807
137	980
137	987
138	184
138	243
138	284
138	566
138	623
138	887
138	957
139	378
139	391
139	464
139	465
139	598
139	704
139	778
139	909
140	158
140	209
140	257
140	296
140	297
140	357
140	389
140	680
140	720
141	143
141	838
141	917
142	536
142	648
142	673
142	873
142	900
143	208
143	428
143	544
143	545
143	603
143	714
143	764
143	817
143	849
144	192
144	321
144	527
144	528
144	631
144	781
145	183
145	197
145	234
145	275
145	296
145	428
145	573
145	607
145	631
145	651
145	942
145	987
145	991
145	1973
146	355
146	439
146	456
146	513
146	534
146	550
146	565
146	647
146	674
146	691
146	797
146	1281
147	294
147	470
147	580
147	586
147	649
147	979
148	239
148	240
148	299
148	447
148	505
148	584
148	680
148	809
148	945
149	168
149	275
149	417
149	419
149	435
149	506
149	517
149	523
149	560
149	621
149	691
149	865
149	886
150	195
150	263
150	378
150	483
150	513
150	576
150	802
150	840
150	880
150	952
151	188
151	207
151	263
151	298
151	411
151	479
151	506
151	512
151	587
151	786
151	957
151	963
151	969
152	233
152	440
152	481
152	500
152	598
152	607
152	629
152	812
152	852
152	919
152	950
152	956
152	963
152	981
153	155
153	180
153	214
153	390
153	435
153	443
153	458
153	469
153	476
153	512
153	538
153	666
153	938
154	262
154	351
154	358
154	416
154	451
154	913
154	980
155	224
155	367
155	382
155	440
155	524
155	620
155	642
155	722
155	814
155	929
155	956
156	173
156	403
156	411
156	482
156	565
156	738
156	741
156	743
156	861
156	915
156	921
157	403
157	442
157	461
157	468
157	478
157	493
157	683
157	740
157	754
157	889
157	937
157	966
157	969
158	205
158	217
158	330
158	394
158	771
158	893
159	264
159	276
159	452
159	843
159	890
159	962
160	271
160	359
160	376
160	388
160	431
160	528
160	605
160	688
160	916
160	1234
161	243
161	471
161	835
161	851
161	971
161	982
162	184
162	221
162	640
162	642
162	863
163	182
163	255
163	263
163	271
163	645
163	686
163	792
163	921
163	924
163	941
163	1571
164	353
164	359
164	391
164	405
164	468
164	502
164	526
164	564
164	673
164	709
164	711
164	853
165	202
165	371
165	406
165	407
165	438
165	558
165	747
165	792
165	932
166	266
166	476
166	605
166	631
166	715
166	870
167	214
167	227
167	279
167	308
167	360
167	518
167	574
167	601
167	618
167	717
167	720
167	932
167	999
168	447
168	494
168	596
168	698
168	899
168	957
169	282
169	327
169	391
169	429
169	474
169	517
169	617
169	695
169	792
169	796
169	805
169	830
169	833
170	189
170	245
170	350
170	386
170	399
170	434
170	659
170	721
170	802
170	914
171	405
171	552
171	582
171	594
171	856
171	907
171	975
172	224
172	250
172	449
172	473
172	611
172	788
172	811
172	945
172	951
172	970
173	338
173	399
173	427
173	492
173	688
173	760
173	776
173	801
173	861
173	963
174	384
174	676
174	799
174	811
174	984
175	259
175	265
175	358
175	391
175	505
175	574
175	741
175	775
175	830
175	932
176	195
176	755
177	295
177	417
177	505
177	521
177	684
177	739
177	771
177	788
177	838
177	961
178	314
178	342
178	358
178	663
179	358
179	371
179	432
179	497
179	734
179	800
179	920
180	331
180	334
180	383
180	620
180	666
180	711
180	730
180	806
180	918
181	189
181	283
181	404
181	440
181	581
181	730
181	766
181	799
181	962
181	989
182	299
182	306
182	425
182	571
182	606
182	615
182	632
182	980
183	461
183	510
183	564
183	570
183	592
183	789
183	796
183	843
183	959
184	194
184	214
184	327
184	431
184	686
184	774
184	781
184	835
184	837
185	244
185	251
185	491
185	500
185	563
185	570
185	658
185	772
185	793
186	209
186	335
186	399
186	506
186	661
186	694
186	727
186	764
186	789
186	891
186	904
186	917
186	934
186	963
186	998
187	320
187	534
187	751
187	804
187	855
188	329
188	409
188	569
188	592
188	603
188	683
188	810
188	982
189	194
189	274
189	281
189	378
189	595
189	694
189	701
189	776
189	820
189	838
190	235
190	317
190	494
190	510
190	542
190	574
190	801
190	962
191	255
191	296
191	820
191	849
191	859
191	868
191	995
192	264
192	298
192	329
192	435
192	539
192	697
192	825
192	956
193	214
193	488
193	641
193	769
193	807
193	917
193	975
193	985
194	199
194	445
194	480
194	544
194	601
194	613
194	931
194	963
195	207
195	273
195	289
195	458
195	649
195	736
195	853
196	561
196	757
196	847
197	300
197	308
197	359
197	496
197	601
197	611
197	739
197	810
197	851
197	906
198	372
198	373
198	381
198	423
198	495
198	546
198	656
198	729
198	746
198	779
199	415
199	604
199	770
199	823
199	833
199	879
199	907
199	991
199	1219
200	272
200	302
200	395
200	433
200	455
200	479
200	502
200	513
200	533
200	649
200	658
200	874
200	881
200	1515
201	349
201	451
201	542
201	673
201	792
201	862
202	214
202	263
202	320
202	374
202	457
202	480
202	503
202	742
202	825
202	830
203	297
203	426
203	497
203	537
203	746
204	488
204	542
204	581
204	817
204	868
204	920
205	524
205	613
205	634
205	790
205	838
206	209
206	215
206	275
206	450
206	493
206	574
206	652
206	872
206	939
207	227
207	472
207	723
207	761
207	834
207	878
207	893
207	1717
208	261
208	325
208	346
208	376
208	429
208	671
208	1150
209	248
209	268
209	304
209	314
209	353
209	373
209	460
209	479
209	526
209	581
209	626
209	680
209	800
209	813
210	227
210	388
210	405
210	514
210	677
210	891
210	954
211	573
211	611
211	649
211	652
211	704
211	796
212	474
212	627
212	708
212	829
212	908
212	974
212	988
213	487
213	530
213	579
213	591
213	616
213	745
213	811
213	830
214	336
214	412
214	474
214	548
214	742
214	954
214	963
215	585
215	594
215	605
215	653
215	729
215	886
215	926
216	247
216	273
216	291
216	376
216	448
216	675
216	681
216	767
216	858
217	299
217	332
217	664
217	758
217	801
217	901
217	980
218	258
218	272
218	382
218	614
218	673
218	694
219	296
219	424
219	494
219	599
219	743
220	255
220	320
220	508
220	541
220	558
220	717
220	745
221	368
221	404
221	409
221	597
221	733
221	949
221	956
221	1556
222	365
222	386
222	518
222	615
222	621
222	780
222	857
222	965
222	1214
223	242
223	325
223	360
223	708
223	768
223	799
223	901
224	263
224	306
224	475
224	525
224	707
224	923
225	325
225	547
225	607
225	647
225	806
225	877
225	894
225	905
226	297
226	313
226	389
226	631
226	773
226	797
226	896
227	540
227	692
227	776
228	346
228	464
228	478
228	545
228	780
228	995
229	332
229	376
229	406
229	418
229	531
229	707
229	734
229	747
229	908
229	924
229	989
230	263
230	304
230	499
230	737
230	862
230	959
231	344
231	501
231	559
231	578
231	579
232	308
232	376
232	404
232	515
232	534
232	624
232	665
232	695
232	738
232	776
232	807
232	925
233	407
233	435
233	448
233	523
233	815
233	827
233	876
234	608
234	625
234	739
234	800
234	912
234	925
235	576
235	791
235	929
235	935
236	356
236	448
236	556
236	559
236	650
236	723
236	729
236	833
236	866
236	979
236	980
237	272
237	313
237	345
237	411
237	439
237	521
237	547
237	557
237	724
237	813
237	833
237	843
237	851
237	908
237	995
238	253
238	306
238	383
238	632
238	667
238	721
238	764
238	794
238	956
238	989
239	243
239	329
239	655
239	660
239	678
239	734
239	815
239	817
239	834
239	975
239	992
240	304
240	623
240	624
240	661
240	716
240	811
240	833
240	845
240	921
240	984
241	399
241	558
241	830
241	875
241	957
241	1263
242	643
242	745
242	766
242	893
243	257
243	457
243	495
243	502
243	585
243	594
243	645
243	732
243	820
243	840
243	873
243	915
244	756
244	760
244	800
244	810
244	899
244	936
244	937
244	989
245	554
245	574
245	674
245	784
245	919
245	939
246	341
246	382
246	537
246	681
246	692
246	789
246	841
246	914
246	915
246	948
247	343
247	808
247	881
247	917
247	974
248	334
248	363
248	370
248	453
248	475
248	491
248	512
248	544
248	582
248	701
248	803
248	955
249	342
249	410
249	475
249	760
249	846
249	954
250	257
250	317
250	507
250	595
250	596
250	602
250	912
250	969
251	361
251	452
251	498
251	510
251	555
251	886
251	932
251	972
252	565
252	638
252	794
252	850
252	881
252	914
253	266
253	289
253	441
253	479
253	539
253	550
253	628
253	655
253	806
253	828
253	852
253	921
254	327
254	333
254	490
254	574
254	590
254	614
254	688
254	798
254	870
254	899
254	931
255	361
255	593
255	983
256	606
256	651
256	813
257	317
257	326
257	350
257	425
257	429
257	436
257	591
257	607
257	775
258	294
258	335
258	429
258	439
258	596
258	609
258	734
258	800
258	837
258	838
258	840
258	845
258	893
258	940
258	978
259	281
259	420
259	582
259	882
259	885
260	469
260	498
260	530
260	683
260	685
260	788
261	343
261	519
261	521
261	747
261	969
262	272
262	462
262	598
262	983
263	426
263	566
263	720
263	839
263	859
263	934
263	967
263	986
264	284
264	298
264	302
264	458
264	598
264	672
264	742
264	787
264	834
264	837
264	1201
265	378
265	488
265	575
265	905
265	906
265	916
265	917
265	922
266	350
266	524
266	568
266	915
266	985
267	864
267	918
268	280
268	412
268	431
268	449
268	493
268	587
268	693
268	726
268	782
268	831
269	298
269	308
269	347
269	388
269	407
269	518
269	605
269	658
269	666
269	829
269	854
269	869
269	900
269	945
269	962
269	963
270	357
270	372
270	402
270	528
270	631
270	746
270	794
270	951
271	279
271	584
271	604
271	644
271	775
271	958
272	340
272	541
272	588
272	595
272	780
272	899
273	346
273	347
273	366
273	396
273	479
273	488
273	623
273	757
273	867
273	882
273	967
273	1818
274	607
274	651
274	732
274	777
275	280
275	306
275	500
275	600
275	626
275	902
275	951
276	443
276	447
276	487
276	518
276	893
277	281
277	316
277	423
277	464
277	605
277	646
277	658
277	676
277	841
277	886
278	362
278	385
278	406
278	411
278	570
278	598
278	843
278	858
278	956
278	972
279	337
279	432
279	495
279	508
279	806
279	811
279	831
280	366
280	401
280	482
280	603
280	718
280	732
280	806
281	665
281	702
281	726
281	768
282	381
282	792
282	815
283	323
283	446
283	559
283	576
283	611
283	620
283	655
283	661
283	679
283	781
283	789
283	900
283	905
284	286
284	302
284	342
284	501
284	624
284	755
285	363
285	372
285	479
285	650
285	799
285	921
286	342
286	480
286	706
286	732
286	789
286	831
286	903
287	327
287	363
287	494
287	592
287	648
287	779
287	952
288	290
288	412
288	470
288	557
288	605
288	633
288	682
288	783
288	795
288	885
289	406
289	422
289	468
289	549
289	700
289	834
289	862
289	891
289	997
290	295
290	533
290	648
290	686
290	709
290	949
290	977
291	333
291	706
291	907
291	992
292	312
292	440
292	460
292	538
292	583
292	670
292	686
292	758
292	814
292	858
293	337
293	457
293	548
293	634
293	646
293	663
293	666
294	353
294	427
294	508
294	874
294	928
294	950
295	337
295	415
295	424
295	759
295	912
296	595
296	628
296	784
296	824
296	899
296	961
297	452
297	462
297	509
297	664
297	691
297	777
297	843
298	334
298	770
298	848
299	406
299	434
299	441
299	654
299	717
299	789
299	847
300	345
300	644
300	760
300	786
300	1821
301	414
301	495
301	605
301	666
301	802
302	397
302	738
302	785
303	315
303	376
303	449
303	583
303	689
303	726
303	796
304	563
304	611
304	636
304	863
304	970
304	976
305	343
305	430
305	528
305	591
305	717
305	782
305	995
306	370
306	386
306	397
306	530
306	731
306	983
307	345
307	422
307	866
307	908
308	403
308	404
308	444
308	738
308	832
308	834
308	868
308	870
308	872
308	905
308	946
308	949
309	514
309	576
309	606
309	658
309	749
309	770
310	368
310	433
310	502
310	584
310	684
310	865
310	888
310	935
310	948
311	465
311	635
311	986
312	360
312	490
312	585
312	624
312	666
312	794
313	362
313	530
313	570
313	668
313	742
313	783
313	951
313	1258
314	448
314	538
314	615
314	616
314	755
314	866
314	888
314	918
315	346
315	387
315	559
315	730
316	317
316	458
316	476
316	534
316	640
316	663
316	865
316	928
316	967
316	1366
317	592
317	629
317	685
317	962
318	357
318	562
318	662
318	683
318	685
318	873
318	908
319	322
319	481
319	588
319	779
319	882
319	980
320	747
320	828
320	832
320	854
320	902
321	404
321	538
321	644
321	854
321	951
322	406
322	484
322	650
322	695
322	753
322	801
322	847
322	982
323	467
323	541
323	646
323	849
323	910
323	936
323	992
325	439
325	592
325	655
325	663
325	774
325	795
325	803
325	885
325	887
325	958
325	972
326	400
326	484
326	584
326	587
326	657
326	729
326	876
326	1836
327	438
327	497
327	799
327	998
328	333
328	376
328	515
328	529
328	885
328	886
329	377
329	423
329	452
329	569
329	736
329	895
329	934
330	411
330	475
330	493
330	842
330	868
330	891
330	912
331	474
331	704
331	822
331	905
331	953
331	973
331	974
332	343
332	404
332	414
332	469
332	587
332	618
332	724
332	959
333	430
333	821
333	834
333	891
333	951
334	423
334	498
334	873
335	344
335	407
335	560
335	595
335	604
335	689
335	848
336	496
336	969
337	453
337	584
337	661
337	694
337	703
337	771
338	340
338	350
338	353
338	471
338	531
338	814
338	901
339	345
339	364
339	437
339	462
339	807
339	841
339	886
339	910
340	479
340	713
340	838
340	897
340	942
340	965
340	970
341	413
341	548
341	586
341	746
342	355
342	368
342	595
342	630
342	958
342	976
343	458
343	475
343	520
343	625
343	786
343	800
343	805
343	806
343	869
343	879
343	881
343	939
343	953
344	412
344	497
344	516
344	529
344	685
344	687
345	518
345	587
345	661
345	832
346	363
346	370
346	421
346	475
346	487
346	510
346	565
346	816
346	877
347	351
347	571
347	984
347	1313
348	554
348	715
348	809
348	933
348	936
349	461
349	507
349	914
350	423
350	557
350	665
350	927
351	460
351	467
351	500
351	549
351	630
351	793
351	837
351	841
351	922
352	362
352	400
352	486
352	729
352	744
352	816
353	366
353	375
353	610
353	689
353	787
353	885
353	894
353	983
354	740
354	785
354	869
354	967
354	982
354	998
355	401
355	608
355	895
356	768
356	890
357	560
357	624
357	705
357	800
357	849
357	926
358	446
358	460
358	472
358	522
358	577
358	705
358	737
358	745
359	488
359	502
359	544
359	611
359	689
359	691
359	789
359	947
359	982
359	1698
360	395
360	550
360	558
360	699
360	807
360	808
360	917
361	370
361	396
361	413
361	427
361	594
361	705
361	713
361	802
361	855
361	908
362	503
362	527
362	612
362	679
362	879
362	920
362	934
362	959
363	398
363	417
363	605
363	657
363	816
363	819
363	963
363	984
364	397
364	495
364	632
364	716
364	980
365	504
365	625
365	677
365	768
365	789
365	880
365	996
366	394
366	415
366	461
366	523
366	559
366	599
366	604
366	659
367	839
367	925
368	385
368	467
368	580
368	751
368	865
368	868
368	886
368	913
368	970
368	995
369	429
369	466
369	478
369	493
369	737
369	806
369	949
370	432
370	449
370	518
370	542
370	558
370	595
370	622
371	375
371	562
371	694
371	887
372	431
372	432
372	545
372	550
372	596
372	622
372	653
372	825
372	851
372	987
373	424
373	514
373	569
373	593
373	751
373	886
374	432
374	480
374	496
374	616
374	771
374	791
374	819
375	430
375	496
375	534
375	717
375	720
375	843
376	472
376	520
376	553
376	565
376	581
376	626
376	682
376	733
376	897
376	914
376	966
377	505
377	785
377	883
377	887
377	912
377	933
378	395
378	592
378	663
378	902
379	383
379	414
379	483
379	524
379	538
379	569
379	584
379	697
379	744
379	781
379	830
379	844
379	887
380	447
380	542
380	638
380	759
380	779
380	789
380	819
380	879
380	918
381	483
381	514
381	671
381	798
381	825
381	897
381	914
381	924
381	948
382	413
382	421
382	461
382	727
382	758
382	799
382	893
382	958
383	457
383	658
383	738
383	948
383	984
383	990
383	999
384	542
384	572
384	601
384	636
384	771
384	874
384	899
384	971
384	974
385	414
385	433
385	477
385	493
385	723
385	754
386	523
386	583
386	653
386	773
386	796
386	994
387	483
387	581
387	644
387	693
387	696
387	814
387	864
387	877
388	415
388	464
388	512
388	582
388	602
388	836
388	914
389	571
389	599
389	674
389	728
389	736
389	985
390	405
390	498
390	582
390	591
390	650
390	813
390	905
391	480
391	755
391	867
392	421
392	670
393	628
393	657
394	451
394	796
394	842
394	858
395	679
395	730
395	746
395	780
395	806
395	1536
395	1885
396	522
396	573
396	720
396	850
396	881
396	933
396	977
397	407
397	546
397	612
397	613
397	664
397	848
397	862
397	932
397	979
397	994
398	420
398	485
398	555
398	569
398	602
398	605
398	626
398	737
398	838
398	847
398	892
398	931
398	993
398	1248
399	407
399	433
399	717
399	771
399	800
399	932
399	984
400	615
400	643
400	745
400	949
401	404
401	491
401	688
401	716
401	763
401	781
401	810
401	848
401	878
402	409
402	725
402	763
402	768
402	817
402	917
402	941
402	962
402	1027
403	465
403	494
403	516
403	550
403	713
403	790
404	706
404	757
404	917
405	525
405	587
405	592
405	637
405	656
405	751
405	908
405	957
406	473
406	544
406	731
406	828
406	863
406	907
407	549
407	558
408	453
408	480
408	595
408	616
408	658
408	678
408	798
408	899
409	439
409	512
409	569
409	807
409	860
409	953
410	460
410	524
410	530
410	613
410	677
410	770
410	846
410	851
410	994
411	530
411	642
411	763
411	771
411	826
411	995
412	752
412	770
412	814
412	925
413	507
413	540
413	740
413	832
413	860
414	463
414	490
414	744
414	926
415	503
415	554
415	633
415	830
415	855
416	617
416	695
417	439
417	523
417	586
417	632
417	687
417	764
417	779
417	815
417	869
417	935
418	675
418	727
418	877
418	886
418	926
418	954
418	1088
419	490
419	566
419	769
419	1001
420	486
420	503
420	568
420	761
420	795
421	788
421	838
421	947
421	953
421	1271
422	440
422	528
422	657
422	677
422	853
423	446
423	545
423	672
423	773
423	810
423	883
423	942
424	461
424	557
424	643
424	692
424	715
424	939
425	477
425	521
425	707
425	864
425	910
425	914
425	921
425	990
426	434
426	494
426	607
426	631
426	844
426	904
427	435
427	493
427	500
427	522
427	561
427	687
427	740
427	749
427	780
427	782
427	880
427	965
427	982
428	456
428	538
428	579
428	618
428	760
428	844
428	850
429	436
429	465
429	482
429	491
429	520
429	600
429	756
430	446
430	494
430	528
430	682
430	766
431	575
431	732
431	901
432	520
432	541
432	647
432	919
433	582
433	637
433	723
433	733
433	802
433	922
433	946
434	440
434	782
434	985
435	572
435	1136
436	462
436	466
436	469
436	477
436	582
436	650
436	830
436	928
437	439
437	797
437	978
438	445
438	734
438	761
438	834
438	945
439	533
439	677
439	802
439	827
439	913
440	491
440	507
440	729
440	775
440	845
440	933
440	952
440	981
440	1718
441	537
441	681
441	821
441	892
441	954
442	580
442	669
442	863
442	975
443	551
443	682
443	838
443	926
443	959
443	1344
444	593
444	743
444	776
444	989
445	454
445	600
445	650
445	673
445	794
446	721
446	761
446	815
447	511
447	641
447	810
448	481
448	548
448	569
448	766
448	796
448	840
448	857
448	902
448	924
449	593
449	666
449	767
450	492
450	579
450	587
450	841
450	962
450	1473
451	593
451	675
451	708
451	869
451	907
451	1445
452	471
452	510
452	552
452	705
452	757
452	901
452	907
453	499
453	596
453	604
453	626
453	749
453	802
453	823
454	619
454	733
454	985
455	496
455	578
455	621
455	645
455	662
455	698
456	767
456	892
456	1678
457	502
457	603
457	754
457	840
458	508
458	520
458	555
458	624
458	629
458	656
458	851
459	469
459	626
459	656
459	671
459	749
459	775
459	816
459	870
459	898
460	492
460	584
460	656
460	837
461	479
461	553
461	738
461	801
461	847
461	880
461	901
462	559
462	569
462	680
462	784
462	962
463	484
463	634
463	694
463	725
463	733
463	760
464	490
464	630
464	823
464	935
465	560
465	585
465	638
465	655
465	668
465	737
465	799
465	836
465	841
465	899
465	983
466	483
466	596
466	654
467	484
467	533
467	611
467	687
467	713
467	717
467	889
468	473
468	608
468	672
469	540
469	596
469	763
469	830
470	963
470	976
471	522
471	594
471	752
471	811
471	864
471	932
471	948
471	956
472	521
472	585
472	657
472	669
472	746
472	938
472	961
473	497
473	554
473	561
473	644
473	783
473	930
473	966
473	989
474	494
474	537
474	687
475	481
475	503
475	736
475	739
475	920
475	1990
476	503
476	581
476	620
476	729
477	545
477	562
477	590
477	763
477	946
477	1841
478	839
478	994
479	565
479	641
479	690
479	907
479	919
479	924
479	944
479	960
480	481
480	508
480	524
480	819
480	871
481	533
481	537
481	579
481	591
481	802
482	775
482	905
482	983
482	1546
483	522
483	629
484	625
484	684
484	743
485	789
485	900
485	933
485	1239
485	1528
486	578
486	580
486	976
487	575
487	593
487	647
487	715
487	746
487	828
487	830
487	881
487	996
488	541
488	603
488	634
488	671
488	885
488	911
489	654
489	659
489	660
489	729
489	754
489	835
489	847
489	1896
490	534
490	685
490	824
490	907
490	919
490	949
490	967
491	587
491	591
491	638
491	684
491	725
491	760
491	800
492	510
492	556
492	613
492	788
492	798
492	835
492	973
493	567
493	613
493	685
493	807
493	864
494	604
494	665
494	760
494	771
494	824
494	827
494	927
494	971
495	525
495	807
495	996
496	667
496	777
496	901
497	520
497	553
497	570
497	591
497	695
497	738
497	825
497	872
498	647
498	659
498	668
498	719
498	766
498	846
498	910
499	504
499	506
499	752
499	754
499	938
500	678
500	683
500	842
501	634
501	919
502	506
502	515
502	540
502	732
502	780
502	813
502	894
503	744
503	828
503	898
504	649
504	701
504	787
504	921
505	592
505	746
505	854
505	957
505	971
506	587
506	613
506	643
506	840
506	924
506	983
507	728
507	793
507	842
508	577
508	588
508	607
508	611
508	771
509	534
509	670
509	944
510	740
510	825
510	839
511	730
511	811
511	915
512	544
512	580
512	709
512	781
512	803
512	885
512	928
512	933
512	937
512	969
512	983
513	554
513	582
513	599
513	663
513	679
513	879
513	1716
514	518
514	628
514	766
515	571
515	681
515	732
515	835
516	585
516	603
516	706
516	822
516	892
517	595
517	597
517	742
517	827
517	897
518	558
518	770
518	812
518	858
519	582
519	607
520	814
521	627
521	738
521	815
522	652
522	659
522	729
522	822
523	582
523	633
523	723
523	931
524	643
524	679
524	837
524	854
525	664
525	690
525	726
525	776
525	847
525	921
525	923
525	1329
526	533
526	689
526	789
526	791
526	830
526	837
526	851
527	633
527	643
527	788
527	879
527	985
529	650
529	695
529	760
529	875
529	886
529	900
529	905
529	910
529	943
529	1671
530	535
530	616
530	690
530	700
530	724
530	733
530	823
530	962
530	976
530	1833
531	680
531	758
531	849
532	546
532	615
532	681
532	788
532	876
532	921
532	927
532	1710
533	651
533	777
534	651
534	698
534	730
535	576
535	603
535	790
536	628
536	731
536	1637
537	667
537	905
537	984
537	1243
538	634
538	775
538	841
538	911
538	931
539	575
539	594
539	615
539	750
539	791
539	804
539	835
539	864
539	918
539	970
540	685
540	697
540	898
540	988
541	705
542	693
542	753
542	875
543	712
543	776
543	810
543	823
543	872
544	624
544	660
544	878
545	570
545	864
545	884
546	579
546	804
546	881
546	993
547	560
547	566
547	634
547	836
547	879
547	930
547	937
547	970
547	983
548	593
548	737
549	578
549	600
549	626
549	711
549	718
549	797
549	798
549	909
549	920
549	985
550	763
550	830
550	883
551	583
551	637
551	698
551	738
551	804
551	825
552	655
552	773
552	787
552	832
552	846
552	893
553	582
554	696
555	615
555	618
555	625
555	654
555	671
555	850
555	874
555	980
556	618
556	730
556	830
556	831
557	642
557	781
557	801
558	614
558	662
558	751
558	862
559	660
559	805
559	854
559	939
560	738
560	768
560	815
561	574
561	592
561	705
561	718
561	886
561	945
562	786
562	801
562	834
562	939
563	788
563	947
564	574
564	586
564	595
564	698
564	714
564	749
564	857
564	903
564	956
565	687
565	762
565	773
565	919
565	954
566	602
567	600
567	644
567	737
567	829
567	837
567	879
567	900
567	910
567	950
567	953
568	624
568	655
568	685
568	759
568	1023
569	699
570	719
571	592
571	618
571	703
571	775
571	803
571	805
571	818
572	689
572	716
572	770
572	938
572	1193
573	769
573	850
573	973
574	884
574	921
574	932
575	852
575	916
576	581
576	701
576	771
576	804
576	813
576	864
576	874
577	618
577	627
577	723
578	601
578	841
578	872
578	959
578	978
578	1684
580	607
580	650
580	714
580	717
581	596
581	680
581	693
581	830
581	860
581	864
581	945
581	976
581	984
581	1373
582	619
582	826
582	880
582	930
583	631
583	665
583	683
583	785
583	822
583	922
583	972
584	659
584	669
584	671
584	864
584	874
585	798
585	874
585	875
585	889
585	972
586	620
586	632
586	643
586	663
586	760
586	844
587	674
587	751
587	770
587	783
587	862
588	665
588	670
588	801
588	851
588	884
589	653
589	739
589	741
589	773
589	852
590	794
590	825
590	956
591	857
591	962
591	970
592	634
592	694
592	742
592	751
592	841
592	888
592	955
593	636
593	794
593	887
593	940
593	952
593	983
594	608
594	663
594	838
594	862
594	960
594	973
595	760
595	825
595	899
596	792
596	830
596	895
597	666
597	680
597	806
597	889
597	925
597	937
597	962
598	891
598	899
599	602
599	603
599	625
599	655
599	657
599	788
599	910
599	932
601	765
601	832
601	943
602	996
603	730
603	849
603	850
603	858
603	995
604	606
604	640
604	692
604	705
604	861
604	875
604	895
604	920
605	814
605	844
605	885
605	966
605	977
606	686
606	885
606	892
607	805
607	829
607	866
608	675
608	854
609	652
609	990
610	688
610	952
610	969
611	937
613	680
613	841
615	879
616	688
616	892
616	927
617	744
617	761
617	773
617	924
617	984
617	1948
618	622
618	770
618	872
618	987
619	635
619	653
619	663
619	721
619	1100
619	1737
620	634
620	709
620	798
621	739
621	797
621	981
621	991
622	667
622	671
622	714
622	752
623	688
623	812
623	867
624	801
624	808
624	840
624	849
624	920
625	627
625	704
625	897
625	927
625	960
626	822
626	910
626	925
626	930
627	654
627	668
627	832
627	868
627	933
628	693
628	860
628	879
628	972
629	637
629	731
629	868
629	941
630	657
630	716
630	811
630	862
630	887
631	718
631	764
631	779
631	852
631	966
632	793
632	808
632	955
633	660
633	728
633	783
633	842
633	912
633	995
634	658
634	753
634	784
634	891
634	910
634	976
635	664
635	687
635	877
636	661
636	832
636	840
636	923
636	943
638	687
638	703
638	815
638	864
638	925
639	650
639	706
639	754
639	831
639	880
639	896
640	648
640	722
640	762
640	772
640	906
641	656
641	684
641	842
641	946
642	699
642	701
642	988
643	794
643	811
643	964
644	706
644	915
644	983
644	1710
645	889
645	910
645	996
645	998
645	1960
646	746
646	880
646	895
646	951
647	650
647	728
647	739
647	791
647	989
648	671
648	745
648	861
648	866
648	879
648	944
649	670
649	835
649	862
649	932
649	1225
650	855
650	911
650	983
650	1925
651	729
651	784
651	909
651	938
651	988
652	782
652	1881
653	676
653	739
653	777
653	828
654	731
654	774
654	919
655	720
655	750
656	672
656	680
656	956
657	748
657	774
657	872
658	904
659	842
659	931
659	986
660	737
661	780
661	997
662	700
662	826
662	864
662	942
662	954
662	990
663	757
663	999
664	763
665	702
665	933
665	969
665	991
665	995
665	999
666	707
666	901
666	923
667	758
667	827
667	889
668	778
668	833
668	880
668	993
669	705
669	733
669	756
669	760
669	903
670	690
670	843
670	893
671	704
671	849
671	878
671	989
671	1263
672	870
672	885
673	885
673	894
673	947
674	723
674	830
675	685
676	743
676	790
676	916
677	820
677	875
677	892
677	895
677	898
677	946
678	681
678	738
678	817
678	850
678	880
679	696
679	706
679	752
680	741
680	772
680	819
680	908
680	994
681	864
681	947
681	950
681	963
681	994
682	690
682	716
682	814
682	961
682	1835
683	706
683	801
683	922
683	978
684	695
684	725
684	785
684	911
684	933
684	965
685	797
685	866
685	869
685	884
685	986
685	991
686	756
686	876
687	760
687	991
688	764
688	815
688	884
688	958
689	884
689	941
690	771
690	807
690	941
691	806
691	902
691	938
691	960
692	837
692	858
692	898
692	926
692	982
693	968
694	866
694	971
695	774
695	791
696	728
696	848
697	756
697	954
698	858
698	878
698	879
698	1913
699	736
699	823
699	924
700	731
700	774
700	829
700	876
700	904
700	988
700	989
701	836
701	858
702	919
703	729
703	758
703	783
703	853
703	855
703	872
704	839
705	798
705	817
705	995
706	780
706	855
706	933
706	1570
707	828
707	907
707	1424
708	729
708	771
708	939
708	999
709	743
710	940
710	941
711	958
711	961
712	794
712	821
712	990
713	736
713	806
713	861
713	948
714	740
714	788
714	891
715	809
715	858
715	1245
716	767
716	818
716	902
716	920
716	1865
717	719
717	789
717	831
717	871
717	944
718	736
718	751
718	832
718	835
718	986
719	835
719	903
719	940
720	739
720	870
720	961
720	999
721	780
722	731
722	886
722	958
722	961
723	870
723	914
723	940
723	981
724	921
724	950
724	998
725	774
725	813
725	916
725	953
726	737
726	796
726	835
726	867
726	884
726	890
727	759
727	988
728	781
728	802
728	856
728	859
728	911
728	1752
729	974
730	859
730	876
730	892
730	996
731	767
731	833
732	788
732	793
732	831
732	951
733	816
733	1267
734	748
734	769
734	836
734	847
734	952
734	955
734	963
734	970
735	780
735	800
736	823
737	804
738	897
738	902
738	934
739	784
739	808
740	790
740	861
740	949
740	953
741	744
741	767
741	962
742	765
742	994
743	823
743	828
743	942
744	825
744	844
744	902
744	914
744	971
745	768
745	805
745	873
745	984
746	768
746	783
746	988
747	859
747	872
747	908
747	953
748	857
748	1617
750	837
750	955
751	850
751	859
751	879
751	908
752	804
752	885
752	979
752	990
753	810
753	993
754	879
754	930
754	957
754	960
755	812
755	831
755	1435
756	961
756	971
757	864
757	916
759	873
759	890
760	761
760	866
760	933
760	941
761	771
761	794
761	815
761	829
761	965
762	789
763	796
763	905
763	1533
765	819
765	861
765	909
765	973
765	980
766	975
767	985
769	791
769	841
769	849
769	877
769	879
769	972
770	844
770	943
770	989
771	772
771	794
772	794
772	860
772	971
773	790
774	884
774	1179
774	1693
775	859
775	894
775	897
775	986
775	994
776	809
776	927
776	932
776	933
777	901
778	909
778	957
779	795
780	880
780	982
781	816
781	868
781	887
781	921
782	909
783	804
783	929
785	848
785	861
786	833
786	952
787	954
789	880
789	959
789	992
789	1850
790	826
790	1436
791	805
791	934
792	856
792	865
793	852
795	862
795	910
796	872
796	948
797	870
798	804
798	830
798	838
799	807
800	927
801	876
801	896
801	939
801	998
802	812
802	959
803	945
804	843
804	915
804	919
804	924
804	1608
805	846
805	982
806	816
806	834
807	922
807	988
808	838
808	855
808	897
809	873
810	902
811	849
811	904
811	937
812	989
813	843
815	871
815	930
816	830
816	851
816	852
816	886
816	956
817	951
818	976
818	998
819	955
820	912
820	959
821	853
821	874
822	847
822	893
822	950
823	925
823	937
824	842
824	868
824	875
824	972
824	981
825	828
826	954
828	851
828	856
828	894
828	946
828	1724
829	901
829	930
830	993
830	1022
831	858
831	899
831	924
831	962
831	966
832	910
833	925
834	859
835	958
836	899
837	863
837	887
838	841
838	920
842	881
842	898
842	1505
843	869
843	895
843	954
844	942
844	970
845	869
845	922
845	961
845	990
846	896
846	945
846	967
847	1188
848	866
849	851
849	870
849	888
849	932
850	964
851	896
851	964
851	998
852	926
852	957
853	862
853	974
853	987
854	899
854	928
854	990
856	961
857	907
857	976
859	896
859	1844
861	911
862	961
863	945
865	974
867	883
868	879
868	881
868	978
868	990
869	927
869	980
869	985
870	968
870	1028
872	921
873	922
873	934
874	999
875	893
875	903
876	914
876	982
877	934
878	934
878	948
878	970
879	974
879	995
880	897
880	903
880	908
880	909
880	911
881	951
883	913
884	944
884	970
884	991
885	956
886	958
886	984
887	995
888	976
889	934
890	996
891	989
893	921
896	898
897	910
898	928
899	931
900	914
900	949
900	987
901	946
902	919
902	920
904	959
904	1858
905	951
907	990
908	968
910	933
910	944
911	914
911	947
911	987
911	1438
913	1214
917	962
918	991
919	1960
921	971
921	974
921	977
923	972
924	953
925	948
927	978
928	964
929	940
929	941
930	978
932	990
933	966
933	981
936	939
937	959
937	998
937	1214
942	971
946	990
947	985
947	997
947	1397
948	980
948	995
950	957
954	985
956	961
958	987
958	1011
966	981
968	977
974	979
1000	1166
1000	1170
1000	1199
1000	1258
1000	1547
1000	1818
1000	1924
1001	1012
1001	1352
1001	1409
1001	1507
1001	1566
1001	1641
1001	1844
1001	1917
1001	1971
1002	1092
1002	1365
1002	1399
1002	1475
1002	1861
1002	1878
1002	1934
1002	1971
1002	1996
1003	1052
1003	1098
1003	1136
1003	1232
1003	1379
1003	1521
1003	1550
1003	1625
1003	1652
1003	1667
1003	1731
1003	1832
1003	1851
1003	1911
1003	1942
1003	1971
1003	1972
1004	1122
1004	1147
1004	1176
1004	1231
1004	1243
1004	1257
1004	1307
1004	1386
1004	1399
1004	1554
1004	1690
1004	1693
1004	1916
1004	1942
1004	1946
1005	1103
1005	1247
1005	1260
1005	1277
1005	1392
1005	1433
1005	1522
1005	1582
1005	1665
1005	1727
1005	1855
1005	1867
1005	1995
1006	1109
1006	1119
1006	1233
1006	1581
1006	1751
1006	1928
1007	1200
1007	1316
1007	1361
1007	1433
1007	1566
1007	1802
1007	1877
1007	1927
1008	1080
1008	1134
1008	1195
1008	1221
1008	1239
1008	1705
1008	1724
1008	1766
1008	1801
1008	1837
1009	1027
1009	1167
1009	1175
1009	1470
1009	1478
1009	1576
1009	1683
1009	1893
1009	1994
1010	1192
1010	1242
1010	1273
1010	1487
1010	1497
1010	1516
1010	1771
1010	1969
1011	1080
1011	1246
1011	1274
1011	1299
1011	1327
1011	1582
1011	1706
1011	1833
1012	1049
1012	1074
1012	1109
1012	1216
1012	1721
1012	1918
1012	1980
1013	1426
1013	1458
1013	1512
1013	1563
1013	1609
1013	1666
1013	1695
1013	1697
1013	1783
1013	1832
1013	1885
1013	1975
1013	1987
1014	1026
1014	1124
1014	1149
1014	1243
1014	1323
1014	1509
1014	1717
1014	1882
1014	1947
1015	1018
1015	1031
1015	1298
1015	1744
1015	1767
1015	1836
1015	1858
1016	1095
1016	1197
1016	1252
1016	1307
1016	1714
1016	1726
1016	1949
1016	1964
1017	1294
1017	1395
1017	1399
1017	1502
1017	1642
1018	1305
1018	1453
1018	1604
1018	1631
1018	1658
1018	1739
1019	1257
1019	1356
1019	1443
1019	1459
1019	1661
1019	1665
1019	1838
1019	1875
1019	1909
1019	1979
1020	1073
1020	1126
1020	1204
1020	1393
1020	1449
1020	1459
1020	1550
1020	1750
1020	1919
1020	1979
1020	1995
1021	1085
1021	1092
1021	1120
1021	1169
1021	1188
1021	1512
1021	1581
1021	1615
1021	1964
1021	1988
1022	1070
1022	1127
1022	1158
1022	1401
1022	1406
1022	1408
1022	1696
1023	1189
1023	1252
1023	1334
1023	1336
1023	1536
1023	1636
1023	1957
1023	1964
1023	1999
1024	1044
1024	1147
1024	1454
1024	1540
1024	1708
1024	1868
1024	1971
1024	1975
1024	1994
1025	1079
1025	1524
1025	1599
1025	1642
1025	1646
1025	1901
1025	1943
1026	1126
1026	1173
1026	1174
1026	1263
1026	1538
1026	1701
1026	1708
1026	1808
1026	1932
1026	1946
1026	1992
1027	1117
1027	1121
1027	1191
1027	1252
1027	1356
1027	1493
1027	1528
1027	1537
1027	1638
1027	1640
1027	1694
1027	1858
1027	1928
1028	1111
1028	1143
1028	1179
1028	1283
1028	1468
1028	1998
1029	1037
1029	1155
1029	1193
1029	1378
1029	1476
1029	1513
1029	1630
1029	1758
1029	1938
1030	1036
1030	1091
1030	1106
1030	1142
1030	1166
1030	1221
1030	1376
1030	1686
1030	1713
1030	1741
1030	1870
1030	1981
1030	1985
1031	1094
1031	1394
1031	1400
1031	1469
1031	1493
1031	1571
1031	1656
1031	1880
1032	1497
1032	1707
1032	1766
1032	1784
1032	1840
1033	1045
1033	1107
1033	1129
1033	1228
1033	1239
1033	1288
1033	1492
1033	1519
1033	1659
1033	1748
1033	1788
1033	1823
1033	1873
1033	1904
1033	1921
1033	1974
1034	1082
1034	1148
1034	1173
1034	1448
1034	1530
1034	1852
1034	1932
1035	1126
1035	1246
1035	1254
1035	1318
1035	1498
1035	1524
1035	1678
1035	1722
1035	1740
1035	1841
1035	1967
1035	1989
1036	1039
1036	1118
1036	1238
1036	1239
1036	1321
1036	1398
1036	1441
1036	1699
1036	1826
1036	1853
1036	1952
1037	1139
1037	1148
1037	1320
1037	1424
1037	1438
1037	1517
1037	1703
1037	1847
1037	1873
1037	1906
1037	1952
1038	1153
1038	1300
1038	1359
1038	1364
1038	1506
1038	1637
1038	1712
1038	1848
1038	1922
1038	1959
1039	1041
1039	1717
1039	1808
1039	1893
1039	1948
1040	1190
1040	1234
1040	1280
1040	1352
1040	1614
1040	1662
1040	1808
1040	1926
1040	1965
1041	1088
1041	1130
1041	1525
1041	1792
1041	1819
1041	1856
1041	1915
1041	1954
1042	1247
1042	1366
1042	1436
1042	1472
1042	1483
1042	1563
1042	1656
1042	1658
1042	1812
1042	1837
1042	1895
1043	1138
1043	1259
1043	1270
1043	1302
1043	1349
1043	1374
1043	1411
1043	1413
1043	1600
1043	1857
1044	1151
1044	1213
1044	1456
1044	1463
1044	1578
1044	1689
1044	1764
1044	1780
1044	1921
1044	1956
1044	1957
1045	1301
1045	1342
1045	1390
1045	1455
1045	1734
1045	1942
1045	1947
1045	1955
1045	1974
1046	1089
1046	1169
1046	1179
1046	1268
1046	1457
1046	1756
1046	1941
1047	1202
1047	1960
1048	1161
1048	1274
1048	1292
1048	1297
1048	1336
1048	1506
1048	1564
1048	1599
1048	1609
1048	1641
1048	1736
1048	1908
1049	1184
1049	1272
1049	1303
1049	1370
1049	1497
1049	1565
1049	1577
1049	1578
1049	1625
1049	1718
1049	1967
1049	1986
1050	1253
1050	1347
1050	1363
1050	1596
1050	1724
1050	1743
1050	1846
1050	1932
1050	1957
1051	1131
1051	1161
1051	1184
1051	1270
1051	1339
1051	1357
1051	1423
1051	1589
1051	1677
1051	1695
1051	1797
1052	1242
1052	1532
1052	1707
1052	1730
1052	1855
1052	1899
1052	1901
1053	1117
1053	1181
1053	1222
1053	1250
1053	1399
1053	1737
1053	1764
1053	1765
1054	1284
1054	1538
1054	1683
1054	1859
1055	1064
1055	1066
1055	1087
1055	1227
1055	1395
1055	1407
1055	1422
1055	1569
1055	1747
1055	1767
1055	1972
1056	1254
1056	1264
1056	1268
1056	1287
1056	1372
1056	1442
1056	1619
1056	1671
1056	1827
1056	1830
1056	1887
1057	1094
1057	1230
1057	1322
1057	1393
1057	1946
1058	1299
1058	1323
1058	1349
1058	1391
1058	1648
1058	1649
1058	1778
1058	1873
1058	1882
1059	1182
1059	1214
1059	1225
1059	1237
1059	1285
1059	1400
1059	1402
1059	1442
1059	1453
1059	1494
1059	1519
1059	1706
1059	1733
1059	1756
1059	1853
1060	1119
1060	1172
1060	1222
1060	1262
1060	1290
1060	1329
1060	1381
1060	1567
1060	1568
1060	1645
1060	1675
1060	1893
1060	1938
1061	1449
1061	1635
1061	1654
1061	1692
1061	1750
1061	1759
1062	1236
1062	1260
1062	1341
1062	1355
1062	1389
1062	1418
1062	1426
1062	1449
1062	1549
1062	1570
1062	1839
1062	1899
1062	1917
1062	1981
1063	1114
1063	1153
1063	1160
1063	1219
1063	1263
1063	1322
1063	1451
1063	1501
1063	1637
1063	1719
1063	1745
1063	1880
1064	1146
1064	1246
1064	1278
1064	1385
1064	1413
1064	1511
1064	1526
1064	1566
1064	1605
1064	1659
1064	1705
1064	1706
1064	1709
1064	1772
1064	1829
1065	1124
1065	1310
1065	1438
1065	1510
1065	1648
1065	1761
1065	1807
1065	1812
1065	1814
1065	1955
1066	1346
1066	1389
1066	1706
1066	1725
1066	1784
1066	1978
1067	1169
1067	1180
1067	1785
1068	1086
1068	1093
1068	1151
1068	1295
1068	1437
1068	1482
1068	1825
1068	1898
1069	1159
1069	1163
1069	1400
1069	1554
1069	1598
1069	1828
1069	1888
1069	1908
1070	1197
1070	1330
1070	1419
1070	1503
1070	1548
1070	1655
1070	1752
1071	1156
1071	1191
1071	1232
1071	1238
1071	1361
1071	1386
1071	1390
1071	1495
1071	1496
1071	1640
1071	1852
1071	1865
1071	1911
1071	1942
1072	1078
1072	1245
1072	1631
1072	1639
1072	1743
1072	1764
1072	1858
1072	1985
1072	1989
1073	1371
1073	1430
1073	1569
1073	1599
1073	1805
1074	1136
1074	1170
1074	1254
1074	1286
1074	1516
1074	1548
1074	1623
1074	1710
1074	1845
1074	1864
1074	1970
1075	1275
1075	1779
1075	1818
1076	1237
1076	1303
1076	1411
1076	1489
1076	1592
1076	1685
1076	1690
1076	1819
1076	1833
1076	1882
1076	1925
1076	1993
1077	1292
1077	1449
1077	1478
1078	1123
1078	1372
1078	1392
1078	1411
1078	1541
1078	1573
1078	1638
1078	1674
1078	1741
1078	1817
1078	1915
1079	1208
1079	1361
1079	1532
1079	1635
1079	1793
1079	1810
1080	1161
1080	1171
1080	1221
1080	1342
1080	1397
1080	1749
1080	1931
1080	1953
1081	1160
1081	1234
1081	1244
1081	1282
1081	1327
1081	1480
1081	1492
1081	1812
1081	1831
1081	1881
1081	1886
1081	1951
1082	1166
1082	1243
1082	1376
1082	1396
1082	1498
1082	1522
1082	1665
1082	1669
1082	1723
1082	1976
1083	1216
1083	1345
1083	1367
1083	1431
1083	1562
1083	1595
1083	1896
1083	1923
1083	1974
1084	1102
1084	1110
1084	1325
1084	1403
1084	1512
1084	1591
1084	1649
1084	1682
1085	1156
1085	1234
1085	1390
1085	1401
1085	1415
1085	1423
1085	1572
1085	1584
1085	1640
1085	1897
1086	1137
1086	1388
1086	1426
1086	1474
1086	1491
1086	1551
1086	1613
1086	1683
1086	1733
1086	1822
1086	1917
1086	1935
1086	1971
1087	1168
1087	1205
1087	1399
1087	1450
1087	1499
1087	1646
1088	1172
1088	1389
1088	1577
1088	1650
1088	1700
1088	1801
1088	1907
1089	1159
1089	1171
1089	1292
1089	1401
1089	1442
1089	1444
1089	1451
1089	1619
1089	1673
1089	1708
1089	1772
1089	1778
1089	1788
1089	1826
1089	1991
1090	1218
1090	1363
1090	1386
1090	1390
1090	1485
1090	1491
1090	1625
1090	1727
1090	1783
1090	1831
1091	1255
1091	1302
1091	1313
1091	1353
1091	1373
1091	1562
1091	1617
1091	1681
1091	1821
1091	1999
1092	1133
1092	1229
1092	1231
1092	1272
1092	1273
1092	1329
1092	1349
1092	1397
1092	1412
1092	1420
1092	1595
1092	1700
1092	1725
1092	1851
1092	1950
1092	1951
1093	1132
1093	1166
1093	1172
1093	1261
1093	1269
1093	1449
1093	1565
1093	1598
1093	1732
1094	1120
1094	1302
1094	1337
1094	1429
1094	1600
1094	1775
1095	1116
1095	1214
1095	1260
1095	1381
1095	1405
1095	1406
1095	1529
1095	1556
1095	1598
1095	1667
1095	1945
1096	1193
1096	1256
1096	1268
1096	1322
1096	1468
1096	1660
1096	1714
1096	1754
1096	1776
1096	1796
1096	1818
1096	1892
1097	1533
1097	1620
1097	1775
1097	1858
1097	1890
1098	1186
1098	1210
1098	1230
1098	1251
1098	1390
1098	1501
1098	1509
1098	1520
1098	1636
1098	1788
1099	1147
1099	1247
1099	1617
1099	1700
1099	1746
1100	1471
1100	1541
1100	1543
1100	1598
1100	1603
1100	1656
1100	1769
1100	1998
1101	1187
1101	1597
1101	1687
1101	1722
1101	1765
1101	1813
1101	1965
1102	1299
1102	1339
1102	1433
1102	1459
1102	1558
1102	1564
1102	1568
1102	1607
1102	1736
1102	1785
1102	1831
1102	1942
1103	1225
1103	1306
1103	1363
1103	1448
1103	1587
1103	1602
1103	1705
1103	1710
1103	1893
1103	1896
1104	1181
1104	1597
1104	1611
1104	1633
1104	1709
1104	1838
1104	1853
1104	1885
1105	1145
1105	1334
1105	1457
1105	1685
1105	1720
1105	1737
1105	1743
1105	1827
1105	1849
1105	1884
1105	1889
1106	1113
1106	1214
1106	1651
1106	1711
1107	1108
1107	1131
1107	1139
1107	1163
1107	1249
1107	1304
1107	1442
1107	1519
1107	1661
1107	1723
1107	1767
1107	1792
1107	1811
1107	1888
1107	1913
1107	1923
1107	1974
1108	1110
1108	1320
1108	1460
1108	1516
1108	1603
1108	1904
1108	1928
1108	1974
1109	1225
1109	1266
1109	1290
1109	1412
1109	1445
1109	1553
1109	1554
1109	1650
1109	1769
1109	1802
1109	1891
1110	1219
1110	1366
1110	1478
1110	1514
1110	1716
1110	1718
1110	1852
1110	1998
1111	1199
1111	1662
1111	1736
1111	1761
1111	1775
1111	1824
1112	1520
1112	1733
1112	1828
1112	1855
1112	1872
1112	1889
1113	1175
1113	1336
1113	1681
1113	1698
1113	1775
1113	1827
1113	1945
1113	1972
1113	1993
1114	1328
1114	1694
1114	1827
1114	1857
1114	1958
1115	1467
1115	1630
1115	1720
1115	1732
1115	1791
1115	1816
1115	1903
1115	1910
1116	1151
1116	1220
1116	1457
1116	1544
1116	1621
1116	1699
1116	1753
1116	1889
1117	1390
1117	1524
1117	1677
1117	1755
1118	1197
1118	1201
1118	1259
1118	1327
1118	1491
1118	1667
1118	1673
1118	1921
1119	1209
1119	1459
1119	1604
1119	1811
1119	1893
1119	1904
1119	1913
1120	1263
1120	1304
1120	1314
1120	1419
1120	1471
1120	1486
1120	1574
1120	1684
1120	1696
1120	1925
1121	1195
1121	1216
1121	1262
1121	1405
1121	1411
1121	1449
1121	1523
1121	1716
1121	1783
1122	1138
1122	1295
1122	1712
1122	1753
1123	1251
1123	1479
1123	1566
1123	1594
1123	1611
1123	1618
1123	1671
1123	1864
1123	1944
1123	1973
1124	1223
1124	1255
1124	1608
1124	1678
1124	1683
1125	1150
1125	1292
1125	1325
1125	1449
1125	1548
1125	1565
1125	1610
1125	1831
1125	1858
1125	1870
1125	1892
1126	1211
1126	1369
1126	1399
1126	1539
1126	1832
1126	1887
1126	1909
1126	1929
1127	1160
1127	1295
1127	1475
1127	1483
1127	1484
1127	1543
1127	1759
1128	1221
1128	1267
1128	1298
1128	1355
1128	1536
1128	1600
1128	1717
1128	1829
1128	1947
1129	1144
1129	1286
1129	1287
1129	1332
1129	1479
1129	1712
1129	1783
1129	1852
1130	1136
1130	1189
1130	1225
1130	1319
1130	1347
1130	1651
1130	1709
1130	1822
1131	1132
1131	1381
1131	1469
1131	1499
1131	1544
1131	1686
1131	1708
1131	1790
1131	1980
1132	1201
1132	1243
1132	1413
1132	1427
1132	1440
1132	1563
1132	1574
1132	1605
1132	1718
1132	1729
1132	1841
1133	1152
1133	1348
1133	1577
1133	1620
1133	1750
1133	1774
1133	1838
1133	1942
1134	1292
1134	1342
1134	1461
1134	1782
1135	1141
1135	1352
1135	1397
1135	1468
1135	1490
1135	1860
1135	1997
1136	1137
1136	1162
1136	1282
1136	1431
1136	1450
1136	1489
1136	1532
1136	1654
1136	1655
1136	1661
1136	1681
1136	1732
1136	1749
1136	1764
1136	1765
1137	1278
1137	1313
1137	1510
1137	1632
1137	1663
1137	1680
1137	1857
1137	1896
1138	1180
1138	1340
1138	1481
1138	1552
1138	1825
1138	1859
1138	1885
1138	1927
1139	1140
1139	1167
1139	1230
1139	1366
1139	1373
1139	1427
1139	1455
1139	1650
1139	1747
1139	1919
1139	1962
1140	1195
1140	1198
1140	1208
1140	1240
1140	1397
1140	1438
1140	1600
1140	1695
1141	1313
1141	1384
1141	1457
1141	1690
1141	1857
1142	1198
1142	1598
1142	1850
1142	1903
1143	1154
1143	1225
1143	1444
1143	1497
1143	1593
1143	1636
1143	1675
1143	1947
1143	1968
1144	1322
1144	1517
1144	1931
1144	1959
1145	1374
1145	1652
1145	1653
1145	1945
1145	1954
1146	1175
1146	1200
1146	1331
1146	1392
1146	1416
1146	1452
1146	1502
1146	1706
1146	1759
1147	1397
1147	1434
1147	1500
1147	1509
1147	1801
1148	1194
1148	1272
1148	1299
1148	1504
1148	1654
1148	1709
1148	1745
1148	1888
1148	1979
1148	1985
1148	1995
1149	1414
1149	1427
1149	1460
1149	1647
1149	1923
1150	1204
1150	1338
1150	1366
1150	1374
1150	1397
1150	1527
1150	1606
1150	1616
1150	1867
1150	1902
1151	1239
1151	1327
1151	1393
1151	1543
1151	1563
1151	1634
1151	1646
1151	1775
1151	1838
1151	1862
1151	1875
1151	1946
1152	1175
1152	1327
1152	1330
1152	1577
1152	1626
1152	1869
1152	1977
1153	1157
1153	1352
1153	1609
1153	1635
1153	1649
1153	1746
1153	1866
1153	1987
1154	1180
1154	1321
1154	1363
1154	1657
1154	1667
1154	1743
1154	1745
1154	1988
1155	1185
1155	1208
1155	1275
1155	1540
1155	1563
1155	1596
1155	1759
1155	1859
1155	1925
1156	1175
1156	1273
1156	1366
1156	1470
1156	1529
1156	1588
1156	1591
1156	1880
1156	1913
1157	1474
1157	1607
1157	1631
1157	1818
1157	1864
1157	1867
1158	1212
1158	1259
1158	1306
1158	1500
1158	1504
1158	1639
1158	1674
1158	1759
1158	1839
1158	1932
1159	1272
1159	1395
1159	1529
1159	1694
1159	1787
1159	1981
1160	1221
1160	1240
1160	1341
1160	1416
1160	1788
1161	1220
1161	1273
1161	1278
1161	1374
1161	1386
1161	1601
1161	1767
1161	1971
1162	1226
1162	1327
1162	1437
1162	1512
1162	1530
1162	1602
1162	1697
1162	1716
1162	1822
1163	1280
1163	1303
1163	1304
1163	1458
1163	1503
1163	1653
1163	1794
1164	1207
1164	1636
1164	1658
1164	1682
1164	1783
1164	1917
1164	1966
1164	1989
1165	1687
1165	1699
1165	1778
1165	1805
1165	1898
1165	1961
1166	1242
1166	1403
1166	1516
1166	1633
1166	1723
1166	1827
1166	1849
1166	1850
1166	1897
1166	1936
1167	1176
1167	1199
1167	1216
1167	1272
1167	1400
1167	1502
1167	1573
1167	1576
1167	1592
1167	1662
1167	1819
1167	1953
1167	1961
1168	1179
1168	1403
1168	1537
1168	1554
1168	1587
1168	1590
1168	1648
1168	1805
1168	1819
1168	1948
1168	1996
1169	1277
1169	1349
1169	1424
1169	1430
1169	1519
1169	1651
1169	1693
1169	1764
1169	1814
1169	1829
1169	1841
1169	1896
1169	1933
1170	1304
1170	1345
1170	1424
1170	1498
1170	1499
1170	1551
1170	1872
1170	1880
1171	1201
1171	1278
1171	1279
1171	1282
1171	1291
1171	1412
1171	1425
1171	1617
1171	1639
1171	1722
1171	1807
1171	1902
1171	1964
1172	1303
1172	1405
1172	1539
1172	1636
1172	1681
1172	1715
1172	1759
1172	1788
1172	1858
1172	1884
1173	1178
1173	1502
1173	1613
1173	1674
1173	1764
1173	1866
1173	1905
1173	1974
1174	1221
1174	1227
1174	1436
1174	1464
1174	1519
1174	1581
1174	1583
1174	1679
1174	1744
1175	1301
1175	1445
1175	1569
1175	1692
1175	1752
1175	1905
1175	1989
1176	1191
1176	1232
1176	1306
1176	1416
1176	1440
1176	1571
1176	1786
1176	1855
1176	1995
1177	1245
1177	1407
1177	1455
1177	1574
1177	1672
1177	1796
1177	1808
1177	1820
1177	1841
1177	1901
1178	1212
1178	1379
1178	1412
1178	1658
1178	1736
1178	1980
1179	1297
1179	1460
1179	1644
1179	1647
1179	1712
1179	1778
1179	1927
1180	1187
1180	1283
1180	1320
1180	1375
1180	1401
1180	1549
1180	1570
1180	1613
1180	1917
1180	1932
1181	1280
1181	1331
1181	1632
1181	1800
1181	1835
1181	1939
1181	1990
1182	1254
1182	1368
1182	1374
1182	1379
1182	1717
1182	1721
1182	1880
1182	1956
1183	1517
1183	1565
1183	1599
1183	1731
1183	1957
1183	1961
1184	1338
1184	1373
1184	1617
1184	1665
1184	1774
1185	1188
1185	1224
1185	1250
1185	1286
1185	1482
1185	1555
1185	1682
1185	1861
1186	1196
1186	1199
1186	1225
1186	1337
1186	1407
1186	1455
1186	1505
1186	1612
1186	1616
1186	1617
1186	1747
1186	1751
1186	1811
1186	1847
1186	1851
1188	1227
1188	1238
1188	1277
1188	1476
1188	1499
1188	1528
1188	1560
1188	1591
1188	1697
1189	1209
1189	1544
1189	1741
1189	1828
1189	1947
1189	1954
1189	1983
1190	1451
1190	1578
1190	1717
1190	1977
1190	1981
1191	1251
1191	1307
1191	1369
1191	1557
1191	1626
1191	1971
1192	1387
1192	1455
1192	1528
1192	1764
1192	1897
1193	1201
1193	1214
1193	1581
1193	1689
1193	1693
1193	1891
1193	1988
1194	1222
1194	1244
1194	1252
1194	1413
1194	1425
1194	1509
1194	1562
1194	1569
1194	1754
1194	1871
1194	1872
1194	1979
1195	1332
1195	1395
1195	1440
1195	1463
1195	1464
1195	1517
1195	1544
1195	1763
1195	1881
1195	1997
1196	1274
1196	1721
1196	1911
1196	1974
1196	1976
1197	1225
1197	1368
1197	1480
1197	1644
1197	1707
1197	1807
1198	1204
1198	1265
1198	1313
1198	1361
1198	1394
1198	1397
1198	1482
1198	1550
1198	1555
1198	1635
1198	1734
1198	1780
1198	1866
1198	1878
1198	1970
1199	1328
1199	1727
1199	1747
1199	1933
1199	1947
1200	1204
1200	1286
1200	1326
1200	1390
1200	1623
1200	1675
1200	1769
1200	1932
1200	1988
1201	1622
1201	1696
1201	1753
1201	1894
1202	1263
1202	1332
1202	1374
1202	1416
1202	1418
1202	1465
1202	1832
1202	1846
1202	1924
1203	1296
1203	1315
1203	1914
1204	1294
1204	1363
1204	1386
1204	1403
1204	1441
1204	1499
1204	1540
1204	1791
1204	1904
1204	1967
1205	1251
1205	1313
1205	1479
1205	1536
1205	1605
1206	1262
1206	1431
1206	1495
1206	1501
1206	1604
1206	1650
1206	1836
1206	1918
1206	1925
1207	1565
1207	1747
1207	1751
1207	1899
1207	1945
1207	1997
1208	1650
1208	1670
1208	1777
1208	1825
1208	1842
1208	1891
1209	1210
1209	1372
1209	1671
1210	1432
1210	1613
1210	1712
1210	1766
1210	1796
1210	1835
1211	1223
1211	1225
1211	1301
1211	1352
1211	1465
1211	1609
1211	1660
1211	1783
1211	1838
1212	1485
1212	1577
1212	1867
1212	1875
1212	1942
1212	1992
1213	1258
1213	1368
1213	1372
1213	1521
1213	1675
1214	1217
1214	1489
1214	1535
1214	1567
1214	1737
1214	1776
1214	1843
1215	1352
1215	1391
1215	1406
1215	1484
1215	1614
1215	1667
1215	1878
1215	1966
1216	1225
1216	1231
1216	1257
1216	1308
1216	1312
1216	1645
1216	1665
1216	1687
1216	1785
1216	1823
1216	1892
1217	1291
1217	1368
1217	1616
1217	1996
1218	1232
1218	1373
1218	1458
1218	1485
1219	1241
1219	1382
1219	1458
1219	1648
1219	1700
1219	1732
1219	1799
1219	1924
1220	1303
1220	1317
1220	1353
1220	1364
1220	1445
1220	1567
1220	1600
1220	1603
1220	1947
1220	1977
1221	1294
1221	1585
1221	1589
1221	1672
1221	1699
1221	1800
1221	1963
1222	1286
1222	1326
1222	1415
1222	1773
1222	1850
1222	1860
1222	1877
1223	1314
1223	1560
1223	1586
1223	1593
1223	1698
1223	1716
1223	1842
1223	1860
1223	1946
1224	1334
1224	1409
1224	1410
1224	1430
1224	1463
1224	1482
1224	1675
1224	1775
1224	1824
1224	1913
1224	1925
1224	1971
1225	1312
1225	1342
1225	1638
1225	1690
1225	1745
1225	1762
1225	1773
1225	1878
1225	1929
1225	1941
1226	1308
1226	1353
1226	1651
1226	1778
1226	1794
1226	1958
1227	1354
1227	1489
1227	1556
1227	1559
1227	1646
1227	1944
1228	1291
1228	1647
1228	1656
1228	1754
1228	1827
1229	1333
1229	1345
1229	1414
1229	1504
1229	1546
1229	1795
1230	1245
1230	1374
1230	1483
1230	1484
1230	1541
1230	1558
1230	1633
1231	1240
1231	1331
1231	1456
1231	1575
1231	1625
1231	1737
1231	1825
1231	1876
1231	1940
1232	1454
1232	1765
1232	1863
1232	1952
1233	1252
1233	1256
1233	1333
1233	1542
1233	1571
1233	1624
1233	1627
1233	1786
1233	1889
1234	1252
1234	1358
1234	1521
1234	1567
1234	1739
1234	1818
1234	1978
1235	1293
1235	1381
1236	1292
1236	1322
1236	1434
1236	1559
1236	1787
1236	1814
1236	1930
1237	1320
1237	1324
1237	1408
1237	1785
1237	1795
1237	1854
1238	1587
1238	1765
1238	1790
1238	1878
1238	1957
1239	1511
1239	1674
1239	1791
1240	1251
1240	1267
1240	1293
1240	1347
1240	1361
1240	1403
1240	1551
1240	1724
1240	1794
1240	1854
1241	1278
1241	1327
1241	1354
1241	1451
1241	1489
1241	1604
1241	1677
1241	1746
1241	1805
1241	1842
1242	1249
1242	1366
1242	1411
1242	1451
1242	1474
1242	1577
1242	1625
1242	1790
1242	1816
1242	1833
1242	1978
1243	1282
1243	1343
1243	1458
1243	1571
1243	1591
1243	1788
1243	1822
1243	1849
1243	1870
1244	1457
1244	1498
1244	1787
1245	1278
1245	1294
1245	1366
1245	1559
1245	1691
1245	1713
1245	1783
1246	1441
1246	1473
1246	1544
1246	1601
1246	1764
1246	1774
1246	1875
1246	1880
1246	1897
1246	1923
1247	1315
1247	1780
1247	1784
1247	1802
1247	1963
1248	1257
1248	1263
1248	1380
1248	1425
1248	1504
1248	1816
1248	1849
1248	1915
1248	1977
1249	1329
1249	1432
1249	1869
1250	1358
1250	1391
1250	1423
1250	1558
1250	1597
1250	1869
1251	1264
1251	1299
1251	1634
1251	1809
1251	1845
1251	1940
1251	1978
1251	1989
1252	1335
1252	1502
1252	1513
1252	1546
1252	1973
1253	1437
1253	1531
1253	1646
1253	1666
1253	1707
1253	1774
1253	1814
1253	1953
1254	1408
1254	1421
1254	1425
1254	1457
1254	1664
1254	1665
1254	1725
1254	1776
1254	1826
1254	1835
1254	1908
1254	1958
1254	1982
1255	1281
1255	1295
1255	1348
1255	1350
1255	1509
1255	1552
1255	1572
1255	1947
1256	1313
1256	1627
1256	1679
1257	1305
1257	1337
1257	1652
1257	1933
1258	1281
1258	1351
1258	1445
1258	1517
1258	1546
1258	1688
1258	1772
1258	1816
1259	1280
1259	1570
1259	1960
1259	1975
1259	1993
1259	1995
1260	1304
1260	1422
1260	1435
1260	1491
1260	1546
1260	1602
1260	1625
1260	1839
1260	1905
1261	1297
1261	1309
1261	1828
1262	1356
1262	1377
1262	1458
1262	1488
1262	1621
1262	1668
1262	1711
1262	1803
1262	1880
1262	1884
1262	1931
1263	1423
1263	1499
1263	1670
1263	1768
1263	1792
1263	1829
1263	1916
1263	1968
1264	1498
1264	1519
1264	1524
1264	1603
1264	1791
1264	1974
1265	1408
1265	1508
1265	1721
1265	1807
1265	1882
1265	1989
1266	1602
1266	1689
1266	1810
1266	1850
1266	1894
1267	1312
1267	1389
1267	1472
1267	1496
1267	1517
1267	1553
1267	1573
1268	1282
1268	1296
1268	1297
1268	1336
1268	1494
1268	1547
1268	1572
1268	1573
1268	1633
1268	1689
1268	1745
1268	1852
1268	1950
1269	1350
1269	1540
1269	1788
1269	1842
1269	1910
1270	1315
1270	1408
1270	1412
1270	1589
1270	1635
1270	1767
1270	1814
1270	1843
1271	1405
1271	1473
1271	1856
1271	1957
1271	1964
1272	1399
1272	1454
1272	1463
1272	1658
1272	1660
1272	1744
1272	1831
1272	1946
1273	1293
1273	1382
1273	1681
1273	1752
1273	1794
1273	1805
1273	1838
1274	1451
1274	1537
1274	1582
1274	1616
1274	1718
1274	1725
1274	1930
1275	1857
1275	1960
1276	1650
1276	1882
1276	1908
1277	1334
1277	1481
1277	1620
1277	1808
1277	1810
1277	1896
1277	1937
1277	1967
1278	1345
1278	1465
1278	1478
1278	1520
1278	1678
1278	1718
1278	1967
1279	1459
1279	1477
1279	1552
1279	1561
1279	1642
1279	1986
1280	1379
1280	1392
1280	1471
1280	1496
1280	1521
1280	1669
1280	1690
1280	1711
1280	1784
1280	1839
1280	1911
1281	1323
1281	1328
1281	1536
1281	1622
1281	1706
1281	1762
1281	1858
1281	1901
1281	1948
1282	1355
1282	1424
1282	1455
1282	1544
1282	1569
1282	1627
1282	1765
1282	1849
1283	1408
1283	1496
1283	1531
1283	1747
1283	1785
1283	1877
1284	1361
1284	1412
1284	1425
1284	1633
1284	1646
1284	1662
1284	1677
1284	1694
1284	1806
1284	1817
1284	1832
1285	1324
1285	1345
1285	1391
1285	1495
1285	1580
1285	1647
1285	1760
1285	1800
1285	1906
1286	1320
1286	1447
1286	1504
1286	1507
1286	1514
1286	1588
1286	1625
1286	1753
1286	1776
1286	1852
1286	1861
1287	1384
1287	1399
1287	1432
1287	1504
1287	1819
1287	1852
1288	1290
1288	1303
1288	1338
1288	1661
1288	1891
1289	1570
1289	1618
1289	1966
1290	1340
1290	1426
1290	1445
1290	1670
1290	1777
1290	1803
1290	1869
1290	1974
1291	1385
1291	1510
1291	1598
1291	1682
1291	1728
1291	1881
1292	1467
1292	1540
1292	1610
1292	1722
1292	1731
1292	1736
1292	1791
1293	1415
1293	1443
1293	1446
1293	1879
1293	1924
1294	1410
1294	1411
1294	1570
1294	1905
1294	1949
1295	1319
1295	1579
1295	1600
1295	1704
1295	1744
1295	1755
1295	1862
1296	1400
1296	1461
1296	1506
1296	1587
1296	1645
1296	1887
1297	1347
1297	1392
1297	1486
1297	1990
1298	1326
1298	1414
1298	1659
1298	1832
1299	1593
1299	1777
1299	1824
1299	1912
1299	1953
1300	1548
1300	1703
1300	1930
1300	1982
1301	1309
1301	1407
1301	1437
1301	1458
1301	1530
1301	1684
1301	1687
1301	1792
1301	1979
1301	1990
1302	1306
1302	1357
1302	1561
1302	1562
1302	1622
1302	1867
1302	1955
1303	1382
1303	1456
1303	1639
1303	1684
1303	1691
1303	1694
1303	1816
1303	1989
1304	1381
1304	1491
1304	1536
1304	1558
1304	1565
1304	1987
1305	1350
1305	1380
1305	1399
1305	1402
1305	1444
1305	1447
1305	1513
1305	1821
1305	1828
1305	1966
1306	1509
1306	1556
1306	1609
1306	1622
1306	1624
1306	1963
1306	1975
1307	1360
1307	1424
1307	1426
1307	1429
1307	1498
1307	1864
1307	1979
1308	1342
1308	1581
1308	1685
1308	1799
1308	1967
1309	1570
1309	1791
1309	1861
1309	1862
1309	1874
1310	1562
1310	1624
1310	1784
1310	1832
1310	1881
1310	1900
1310	1968
1311	1407
1311	1426
1311	1504
1311	1604
1311	1664
1311	1687
1311	1764
1311	1767
1311	1800
1312	1384
1312	1433
1312	1562
1312	1615
1312	1803
1312	1899
1313	1324
1313	1481
1313	1490
1313	1692
1313	1773
1313	1789
1313	1841
1313	1948
1314	1744
1314	1768
1314	1794
1314	1825
1314	1891
1315	1371
1315	1509
1315	1668
1315	1674
1315	1676
1315	1705
1315	1718
1315	1953
1315	1982
1315	1995
1316	1479
1316	1505
1316	1649
1317	1389
1317	1424
1317	1529
1317	1541
1317	1765
1317	1779
1317	1830
1317	1864
1317	1866
1317	1867
1317	1922
1317	1923
1317	1926
1317	1929
1317	1961
1318	1398
1318	1487
1318	1595
1318	1645
1318	1650
1318	1787
1319	1333
1320	1503
1320	1505
1320	1622
1320	1848
1320	1871
1320	1906
1321	1326
1321	1335
1321	1615
1321	1626
1321	1645
1321	1787
1321	1861
1321	1922
1322	1416
1322	1618
1322	1655
1322	1807
1322	1816
1323	1342
1323	1468
1323	1635
1323	1800
1323	1898
1323	1920
1324	1423
1324	1531
1324	1559
1324	1575
1324	1613
1324	1739
1324	1742
1324	1743
1324	1780
1324	1868
1324	1892
1324	1949
1324	1951
1324	1955
1325	1350
1325	1564
1325	1791
1325	1806
1325	1837
1325	1838
1325	1864
1325	1910
1325	1929
1325	1948
1326	1482
1326	1537
1326	1572
1326	1600
1326	1745
1326	1762
1326	1809
1326	1915
1327	1435
1327	1491
1327	1499
1327	1588
1327	1859
1327	1871
1327	1935
1328	1360
1328	1410
1328	1475
1328	1654
1328	1669
1328	1725
1328	1767
1328	1865
1328	1890
1328	1958
1328	1964
1329	1384
1329	1492
1329	1541
1329	1694
1329	1811
1329	1885
1329	1923
1330	1387
1330	1461
1330	1615
1330	1705
1330	1750
1330	1808
1330	1831
1330	1843
1331	1374
1331	1474
1331	1767
1331	1868
1332	1362
1332	1421
1332	1449
1332	1456
1332	1599
1332	1703
1332	1745
1332	1746
1332	1882
1332	1977
1332	1986
1333	1439
1333	1521
1333	1525
1333	1737
1333	1743
1333	1905
1334	1402
1334	1729
1334	1808
1334	1900
1335	1348
1335	1634
1335	1649
1335	1718
1335	1729
1335	1761
1335	1837
1336	1360
1336	1389
1336	1466
1336	1535
1336	1558
1336	1573
1336	1727
1336	1772
1336	1780
1336	1839
1337	1367
1337	1374
1337	1414
1337	1471
1337	1568
1337	1607
1337	1632
1337	1789
1337	1867
1337	1911
1337	1913
1338	1554
1338	1594
1338	1616
1338	1726
1338	1735
1338	1921
1339	1390
1339	1398
1339	1522
1339	1553
1339	1619
1339	1689
1339	1717
1339	1764
1339	1885
1340	1417
1340	1721
1340	1738
1340	1974
1341	1567
1341	1591
1341	1800
1341	1975
1342	1390
1342	1545
1342	1612
1342	1822
1342	1864
1342	1905
1342	1963
1342	1977
1343	1353
1343	1449
1343	1455
1343	1491
1343	1525
1343	1650
1343	1697
1343	1730
1343	1834
1344	1381
1344	1500
1344	1576
1344	1711
1344	1806
1344	1854
1345	1420
1345	1428
1345	1505
1345	1521
1345	1524
1345	1529
1345	1586
1345	1684
1345	1837
1345	1876
1345	1892
1345	1914
1345	1948
1346	1348
1346	1590
1346	1691
1346	1860
1346	1870
1346	1991
1347	1380
1347	1413
1347	1542
1347	1574
1347	1786
1347	1835
1348	1502
1348	1514
1348	1584
1348	1700
1348	1898
1348	1938
1349	1427
1349	1507
1349	1556
1349	1604
1349	1773
1349	1807
1349	1858
1350	1369
1350	1465
1350	1469
1350	1606
1350	1624
1350	1724
1350	1812
1351	1387
1351	1649
1351	1709
1351	1762
1351	1908
1351	1936
1352	1385
1352	1627
1352	1631
1352	1646
1352	1685
1352	1689
1352	1839
1353	1382
1353	1393
1353	1436
1353	1507
1353	1718
1353	1746
1353	1843
1353	1860
1354	1484
1354	1545
1354	1576
1354	1654
1354	1669
1354	1858
1354	1972
1355	1593
1355	1604
1355	1763
1355	1808
1355	1873
1355	1990
1356	1453
1356	1530
1356	1736
1356	1756
1356	1840
1356	1877
1356	1921
1357	1388
1357	1486
1357	1585
1357	1629
1357	1864
1357	1899
1358	1373
1358	1384
1358	1397
1358	1522
1358	1543
1358	1656
1358	1930
1358	1942
1359	1390
1359	1452
1359	1501
1359	1705
1360	1365
1360	1539
1360	1761
1360	1803
1360	1809
1360	1856
1360	1862
1360	1868
1360	1989
1361	1458
1361	1655
1361	1799
1361	1819
1361	1845
1361	1928
1361	1934
1362	1390
1362	1401
1362	1501
1362	1800
1362	1831
1362	1850
1362	1894
1362	1900
1362	1942
1363	1734
1363	1749
1363	1888
1364	1378
1364	1402
1364	1473
1364	1553
1365	1383
1365	1451
1365	1686
1365	1729
1365	1884
1365	1886
1365	1987
1366	1586
1366	1668
1366	1671
1366	1867
1366	1899
1366	1932
1366	1975
1366	1993
1367	1446
1367	1489
1367	1522
1367	1563
1367	1880
1367	1937
1368	1411
1368	1601
1368	1738
1368	1775
1368	1784
1369	1508
1369	1768
1369	1877
1369	1927
1369	1948
1369	1985
1370	1399
1370	1448
1370	1464
1370	1489
1370	1500
1370	1573
1370	1748
1370	1788
1370	1808
1371	1399
1371	1426
1371	1606
1371	1819
1371	1970
1371	1981
1372	1433
1372	1614
1372	1977
1373	1478
1373	1523
1373	1642
1373	1650
1373	1704
1373	1733
1373	1792
1373	1841
1374	1496
1374	1538
1374	1676
1374	1727
1374	1891
1375	1390
1375	1609
1375	1684
1375	1911
1376	1439
1376	1445
1376	1487
1376	1596
1376	1731
1376	1786
1376	1922
1376	1955
1376	1981
1377	1519
1377	1646
1377	1820
1377	1868
1377	1959
1378	1477
1378	1546
1378	1577
1378	1702
1378	1833
1378	1835
1378	1919
1379	1428
1379	1486
1379	1832
1379	1836
1379	1872
1379	1877
1379	1920
1379	1927
1380	1779
1380	1782
1380	1883
1380	1900
1380	1950
1380	1956
1380	1982
1381	1490
1381	1529
1381	1844
1381	1860
1381	1883
1381	1925
1381	1965
1381	1992
1382	1822
1382	1914
1383	1520
1383	1554
1383	1557
1383	1569
1383	1606
1383	1660
1383	1705
1383	1788
1383	1798
1383	1823
1383	1846
1383	1932
1384	1415
1384	1515
1384	1580
1384	1623
1384	1744
1384	1975
1385	1781
1385	1820
1385	1837
1385	1900
1385	1987
1386	1442
1386	1461
1386	1698
1386	1734
1386	1738
1386	1757
1386	1834
1386	1844
1386	1912
1386	1921
1387	1458
1387	1613
1387	1647
1387	1723
1387	1732
1387	1753
1387	1884
1387	1888
1387	1914
1387	1937
1387	1962
1388	1617
1388	1681
1388	1733
1388	1867
1388	1910
1388	1925
1389	1432
1389	1485
1389	1506
1389	1799
1390	1473
1390	1501
1390	1521
1390	1567
1390	1868
1390	1937
1391	1418
1391	1608
1391	1611
1391	1641
1391	1690
1391	1837
1391	1954
1391	1977
1392	1454
1392	1512
1392	1600
1392	1605
1392	1657
1392	1693
1392	1707
1392	1831
1392	1965
1392	1993
1393	1437
1393	1572
1393	1612
1393	1615
1393	1616
1393	1683
1393	1685
1393	1744
1393	1782
1393	1928
1393	1942
1394	1405
1394	1481
1394	1578
1394	1760
1394	1788
1394	1823
1394	1834
1395	1475
1395	1500
1395	1736
1395	1754
1395	1912
1396	1434
1396	1498
1396	1520
1396	1814
1396	1849
1396	1931
1396	1947
1396	1984
1397	1598
1397	1655
1397	1708
1397	1773
1397	1937
1398	1475
1398	1611
1398	1951
1398	1971
1398	1996
1399	1477
1399	1481
1399	1633
1399	1753
1399	1779
1399	1977
1400	1444
1400	1620
1400	1667
1400	1688
1400	1777
1400	1858
1400	1926
1401	1406
1401	1435
1401	1443
1401	1448
1401	1663
1401	1689
1401	1692
1401	1797
1401	1815
1401	1859
1401	1884
1401	1931
1401	1945
1402	1492
1402	1644
1402	1879
1402	1964
1402	1983
1403	1623
1403	1710
1404	1496
1404	1549
1404	1552
1404	1556
1404	1643
1404	1726
1404	1802
1404	1825
1404	1923
1405	1577
1405	1628
1405	1806
1405	1825
1405	1918
1405	1964
1405	1983
1405	1998
1406	1414
1406	1615
1406	1632
1406	1755
1406	1810
1407	1463
1407	1522
1407	1566
1407	1582
1407	1625
1407	1638
1407	1657
1407	1978
1408	1421
1408	1447
1408	1464
1408	1571
1408	1597
1408	1633
1409	1463
1409	1829
1409	1877
1410	1457
1410	1519
1410	1545
1410	1549
1410	1567
1410	1614
1410	1665
1410	1718
1410	1835
1410	1941
1411	1437
1411	1448
1411	1799
1412	1464
1412	1714
1412	1793
1412	1810
1412	1877
1412	1918
1412	1942
1412	1984
1413	1430
1413	1529
1413	1650
1413	1749
1413	1773
1414	1538
1414	1674
1414	1727
1414	1821
1414	1823
1414	1856
1414	1969
1415	1426
1415	1564
1415	1596
1415	1745
1415	1810
1415	1811
1415	1881
1415	1892
1416	1432
1416	1470
1416	1878
1417	1518
1417	1629
1417	1725
1417	1775
1417	1862
1418	1490
1418	1513
1418	1613
1418	1890
1419	1512
1419	1520
1419	1684
1419	1728
1419	1901
1419	1907
1419	1911
1419	1978
1420	1430
1420	1467
1420	1471
1420	1524
1420	1580
1420	1678
1420	1716
1420	1809
1420	1867
1420	1896
1420	1906
1421	1506
1421	1509
1421	1514
1421	1657
1421	1701
1421	1855
1422	1444
1422	1536
1422	1992
1423	1483
1423	1567
1423	1924
1423	1942
1424	1625
1424	1988
1425	1489
1425	1579
1425	1608
1425	1718
1425	1759
1425	1958
1426	1636
1426	1774
1426	1794
1426	1918
1427	1444
1427	1448
1427	1481
1427	1505
1427	1619
1427	1629
1427	1669
1427	1699
1427	1736
1427	1791
1427	1833
1427	1850
1427	1958
1428	1689
1428	1726
1428	1816
1429	1456
1429	1501
1429	1715
1429	1746
1429	1884
1430	1630
1430	1686
1430	1687
1430	1698
1431	1483
1431	1517
1431	1527
1431	1672
1431	1707
1431	1728
1431	1751
1431	1827
1431	1899
1431	1911
1431	1962
1432	1606
1432	1737
1432	1950
1432	1986
1433	1757
1433	1847
1434	1452
1434	1466
1434	1572
1434	1695
1434	1720
1434	1772
1435	1526
1435	1632
1435	1821
1435	1940
1436	1461
1436	1515
1436	1625
1436	1786
1436	1801
1436	1816
1436	1935
1436	1999
1437	1515
1437	1621
1437	1850
1437	1870
1438	1458
1438	1506
1438	1531
1438	1681
1438	1751
1438	1955
1439	1466
1439	1580
1439	1633
1439	1683
1439	1693
1439	1767
1440	1608
1440	1611
1440	1638
1440	1673
1440	1888
1441	1469
1441	1479
1441	1533
1441	1659
1441	1885
1441	1891
1441	1954
1441	1998
1442	1508
1442	1511
1442	1594
1442	1677
1442	1691
1442	1699
1442	1802
1442	1994
1442	1997
1442	1999
1443	1452
1443	1519
1443	1714
1444	1462
1444	1518
1444	1619
1444	1703
1444	1789
1445	1486
1445	1716
1445	1763
1445	1789
1445	1944
1445	1987
1446	1690
1446	1697
1446	1701
1446	1716
1446	1734
1446	1785
1446	1807
1446	1816
1447	1451
1447	1487
1447	1539
1447	1552
1447	1607
1447	1968
1448	1486
1448	1541
1448	1659
1448	1750
1448	1887
1449	1779
1450	1560
1450	1889
1451	1476
1451	1483
1451	1627
1451	1682
1451	1791
1451	1814
1451	1987
1451	1997
1452	1466
1452	1503
1452	1752
1452	1778
1452	1787
1452	1861
1452	1917
1452	1959
1453	1502
1453	1810
1453	1821
1453	1958
1453	1992
1454	1509
1454	1595
1454	1695
1454	1702
1454	1746
1454	1894
1454	1929
1454	1995
1455	1470
1455	1476
1455	1530
1455	1566
1455	1688
1455	1733
1455	1868
1455	1887
1455	1957
1455	1985
1456	1466
1456	1559
1456	1783
1456	1811
1456	1836
1456	1866
1456	1913
1456	1951
1456	1991
1457	1461
1457	1767
1457	1842
1457	1872
1457	1893
1458	1534
1458	1612
1458	1710
1458	1718
1458	1931
1459	1493
1460	1589
1460	1790
1460	1810
1460	1839
1460	1970
1461	1552
1461	1677
1461	1718
1461	1783
1462	1807
1462	1889
1462	1937
1463	1469
1463	1498
1463	1706
1463	1977
1464	1955
1465	1523
1465	1712
1465	1853
1465	1861
1465	1949
1465	1999
1466	1474
1466	1549
1466	1571
1466	1610
1466	1726
1466	1858
1466	1931
1466	1953
1467	1773
1467	1867
1467	1892
1467	1935
1468	1710
1468	1746
1468	1769
1468	1828
1468	1836
1468	1887
1468	1903
1468	1923
1468	1958
1468	1964
1468	1990
1469	1670
1469	1781
1469	1992
1470	1512
1470	1699
1470	1837
1470	1938
1470	1982
1471	1627
1471	1697
1471	1777
1471	1783
1471	1891
1471	1920
1472	1632
1472	1742
1472	1846
1472	1867
1472	1916
1473	1474
1473	1618
1473	1652
1473	1664
1473	1829
1473	1987
1474	1502
1474	1508
1474	1666
1474	1683
1474	1748
1474	1852
1474	1914
1474	1940
1475	1604
1475	1715
1475	1742
1475	1747
1475	1767
1475	1911
1476	1604
1476	1694
1476	1774
1476	1823
1476	1896
1477	1614
1477	1622
1477	1638
1477	1673
1477	1709
1477	1791
1477	1936
1477	1967
1478	1528
1478	1602
1478	1621
1478	1708
1478	1808
1478	1891
1479	1520
1479	1559
1479	1569
1479	1763
1479	1821
1479	1901
1480	1545
1480	1595
1480	1938
1481	1566
1481	1573
1481	1702
1481	1790
1481	1853
1481	1866
1481	1891
1481	1964
1481	1975
1482	1692
1482	1768
1482	1885
1483	1671
1483	1731
1483	1869
1483	1956
1483	1966
1483	1976
1484	1597
1484	1635
1484	1640
1484	1697
1484	1851
1484	1883
1484	1886
1484	1892
1485	1713
1485	1721
1485	1788
1485	1803
1485	1951
1486	1840
1486	1894
1486	1927
1486	1936
1486	1962
1487	1574
1487	1641
1487	1839
1487	1850
1487	1856
1488	1510
1488	1733
1488	1764
1488	1858
1488	1976
1489	1659
1489	1745
1489	1760
1489	1992
1490	1814
1490	1851
1490	1945
1491	1647
1491	1699
1491	1773
1491	1866
1492	1763
1492	1881
1492	1902
1492	1909
1493	1523
1493	1595
1493	1839
1493	1882
1494	1589
1494	1611
1494	1916
1494	1988
1495	1662
1495	1686
1495	1760
1495	1979
1495	1994
1496	1541
1496	1586
1496	1587
1496	1666
1496	1866
1497	1513
1497	1794
1497	1799
1497	1949
1498	1641
1498	1743
1498	1876
1499	1616
1499	1738
1499	1804
1499	1902
1499	1991
1500	1537
1500	1666
1500	1756
1500	1820
1500	1864
1500	1910
1500	1977
1501	1573
1501	1574
1501	1845
1501	1950
1502	1652
1502	1707
1502	1760
1502	1826
1502	1868
1503	1507
1503	1810
1503	1885
1504	1611
1504	1634
1504	1872
1504	1930
1505	1664
1505	1670
1505	1754
1505	1806
1505	1837
1505	1886
1506	1543
1506	1574
1506	1746
1506	1783
1506	1843
1506	1880
1506	1894
1507	1521
1507	1554
1507	1577
1507	1580
1507	1929
1508	1536
1508	1627
1508	1672
1508	1691
1508	1859
1508	1871
1509	1510
1509	1823
1509	1934
1509	1968
1509	1999
1510	1516
1510	1707
1510	1732
1511	1543
1511	1578
1511	1735
1511	1760
1511	1867
1512	1638
1512	1641
1512	1690
1512	1847
1512	1935
1513	1611
1513	1650
1513	1765
1513	1896
1513	1998
1514	1532
1514	1599
1514	1642
1514	1734
1514	1832
1515	1517
1515	1568
1515	1596
1515	1612
1515	1694
1515	1852
1516	1569
1516	1654
1516	1672
1516	1695
1516	1772
1516	1870
1516	1890
1517	1563
1517	1682
1517	1707
1517	1817
1517	1824
1517	1888
1517	1900
1517	1960
1518	1885
1518	1963
1518	1989
1519	1536
1519	1762
1520	1630
1520	1711
1520	1817
1520	1827
1521	1780
1521	1928
1521	1942
1522	1643
1522	1916
1523	1620
1523	1681
1523	1765
1523	1849
1523	1947
1524	1557
1524	1822
1524	1956
1524	1964
1525	1598
1525	1679
1525	1772
1525	1981
1526	1672
1526	1679
1526	1820
1526	1954
1526	1964
1527	1542
1527	1629
1527	1865
1527	1894
1527	1945
1528	1707
1528	1727
1528	1884
1528	1898
1529	1604
1529	1725
1529	1789
1529	1852
1529	1956
1530	1689
1530	1755
1530	1806
1531	1577
1531	1723
1531	1826
1531	1827
1531	1858
1531	1939
1532	1878
1533	1675
1533	1709
1533	1759
1533	1815
1533	1901
1534	1566
1534	1595
1534	1618
1534	1645
1534	1810
1534	1917
1534	1919
1535	1677
1535	1682
1535	1853
1535	1941
1535	1989
1536	1579
1536	1618
1536	1913
1537	1591
1537	1732
1537	1804
1537	1817
1537	1862
1539	1699
1539	1718
1539	1846
1539	1885
1539	1959
1540	1614
1540	1749
1540	1750
1540	1752
1540	1790
1541	1746
1541	1774
1541	1854
1541	1933
1542	1671
1542	1838
1543	1644
1543	1687
1543	1698
1543	1802
1543	1830
1543	1931
1543	1989
1544	1813
1544	1825
1544	1957
1545	1607
1545	1611
1545	1621
1545	1630
1545	1651
1545	1680
1545	1724
1545	1770
1545	1782
1545	1986
1545	1988
1546	1704
1546	1742
1546	1773
1546	1826
1546	1998
1547	1760
1547	1817
1547	1861
1547	1928
1548	1621
1548	1661
1548	1889
1549	1606
1549	1607
1549	1722
1549	1806
1549	1881
1550	1574
1550	1862
1550	1899
1550	1990
1551	1599
1551	1708
1551	1884
1551	1891
1551	1970
1552	1590
1552	1659
1552	1715
1552	1727
1552	1809
1552	1842
1553	1623
1553	1703
1553	1912
1553	1968
1554	1852
1554	1868
1554	1878
1555	1822
1556	1676
1556	1728
1556	1939
1557	1617
1557	1662
1557	1865
1557	1929
1558	1565
1558	1617
1558	1695
1558	1703
1558	1706
1558	1707
1558	1724
1559	1732
1559	1772
1559	1901
1559	1981
1559	1982
1560	1705
1560	1758
1560	1769
1560	1843
1560	1899
1561	1592
1561	1600
1561	1724
1561	1974
1562	1912
1563	1673
1563	1760
1563	1930
1563	1961
1564	1586
1564	1701
1565	1697
1565	1827
1566	1577
1566	1706
1566	1864
1566	1893
1566	1943
1567	1599
1567	1944
1569	1621
1569	1703
1569	1742
1569	1790
1569	1872
1569	1937
1569	1957
1570	1614
1571	1831
1571	1866
1571	1908
1571	1926
1572	1666
1572	1672
1572	1688
1572	1725
1572	1738
1572	1757
1572	1800
1572	1811
1572	1917
1573	1747
1573	1762
1573	1765
1573	1840
1573	1844
1574	1611
1574	1785
1574	1938
1574	1950
1574	1990
1575	1635
1575	1868
1575	1887
1575	1940
1576	1627
1576	1637
1576	1705
1576	1861
1577	1694
1577	1869
1578	1665
1578	1772
1578	1927
1579	1605
1579	1668
1579	1935
1579	1956
1580	1638
1580	1750
1580	1845
1580	1950
1581	1897
1581	1926
1581	1978
1582	1587
1582	1652
1582	1766
1582	1903
1582	1937
1582	1981
1583	1664
1583	1667
1583	1846
1584	1642
1584	1701
1584	1827
1584	1942
1585	1597
1585	1822
1585	1833
1586	1638
1586	1734
1586	1808
1586	1831
1586	1879
1586	1921
1587	1622
1587	1648
1587	1697
1587	1743
1587	1843
1587	1848
1587	1861
1587	1969
1587	1996
1588	1656
1588	1890
1589	1662
1589	1715
1589	1732
1590	1592
1590	1675
1590	1747
1590	1845
1590	1932
1590	1977
1591	1597
1591	1654
1591	1670
1591	1704
1592	1638
1593	1728
1593	1736
1594	1679
1594	1939
1595	1714
1595	1770
1595	1803
1595	1837
1595	1851
1595	1968
1595	1998
1596	1674
1596	1716
1596	1771
1596	1854
1596	1924
1597	1956
1598	1749
1598	1906
1598	1967
1598	1999
1599	1636
1599	1645
1599	1807
1599	1839
1599	1891
1599	1949
1600	1614
1600	1716
1600	1725
1600	1791
1600	1880
1600	1928
1600	1962
1600	1978
1601	1615
1601	1633
1601	1737
1601	1748
1601	1804
1601	1817
1601	1846
1601	1903
1601	1936
1601	1986
1602	1612
1602	1782
1602	1849
1602	1862
1603	1720
1603	1739
1603	1875
1603	1986
1604	1670
1604	1917
1605	1809
1605	1846
1605	1964
1606	1655
1607	1639
1607	1689
1607	1739
1607	1751
1607	1893
1607	1921
1608	1647
1608	1702
1608	1731
1608	1746
1608	1813
1608	1845
1608	1936
1608	1983
1609	1669
1609	1706
1609	1855
1609	1902
1609	1942
1610	1667
1610	1751
1610	1817
1610	1827
1610	1893
1610	1918
1611	1687
1611	1850
1611	1991
1612	1720
1612	1739
1612	1746
1612	1773
1612	1999
1613	1628
1613	1653
1613	1791
1614	1939
1615	1663
1615	1716
1615	1803
1616	1628
1616	1759
1616	1832
1616	1848
1616	1891
1616	1996
1617	1622
1617	1677
1617	1731
1617	1820
1618	1752
1618	1811
1618	1852
1619	1652
1619	1690
1619	1720
1619	1767
1619	1837
1620	1662
1620	1829
1620	1833
1620	1857
1620	1950
1621	1634
1621	1737
1621	1745
1621	1931
1622	1677
1622	1681
1623	1669
1623	1734
1623	1844
1624	1679
1624	1743
1624	1855
1625	1693
1625	1730
1625	1849
1625	1938
1625	1988
1626	1813
1626	1851
1626	1853
1627	1819
1627	1836
1628	1648
1628	1728
1628	1974
1629	1685
1629	1917
1629	1948
1630	1777
1630	1991
1630	1993
1631	1749
1631	1908
1632	1758
1632	1800
1632	1907
1632	1980
1633	1643
1633	1798
1633	1912
1633	1916
1634	1635
1634	1719
1634	1725
1634	1784
1635	1895
1635	1992
1636	1750
1636	1783
1636	1901
1637	1733
1637	1882
1638	1760
1638	1801
1638	1875
1638	1989
1639	1693
1639	1733
1639	1945
1639	1993
1640	1664
1640	1707
1640	1823
1641	1783
1641	1905
1641	1933
1641	1942
1641	1980
1642	1746
1642	1967
1643	1649
1643	1684
1643	1730
1643	1771
1643	1811
1643	1938
1644	1766
1644	1824
1644	1949
1645	1649
1645	1783
1645	1793
1645	1798
1645	1842
1646	1723
1646	1752
1646	1871
1646	1924
1647	1801
1648	1713
1648	1846
1649	1692
1649	1709
1649	1909
1649	1955
1649	1984
1649	1995
1650	1657
1651	1735
1651	1822
1651	1867
1651	1878
1652	1654
1652	1839
1653	1766
1653	1821
1653	1922
1654	1958
1655	1697
1656	1660
1656	1790
1656	1903
1659	1701
1659	1712
1659	1910
1660	1927
1661	1718
1661	1730
1661	1811
1661	1877
1662	1767
1663	1723
1663	1888
1664	1671
1664	1775
1664	1834
1664	1935
1664	1975
1665	1709
1665	1749
1665	1751
1665	1795
1665	1827
1666	1835
1666	1952
1667	1671
1667	1754
1667	1947
1668	1757
1668	1776
1668	1972
1669	1706
1669	1769
1669	1948
1669	1966
1670	1800
1670	1818
1670	1921
1670	1923
1671	1823
1671	1903
1671	1924
1672	1801
1672	1912
1673	1784
1673	1798
1673	1904
1673	1914
1673	1960
1674	1729
1674	1735
1674	1788
1674	1825
1675	1898
1676	1838
1676	1863
1677	1785
1677	1822
1677	1861
1678	1681
1678	1706
1678	1846
1678	1968
1679	1686
1679	1806
1679	1933
1680	1706
1681	1865
1681	1933
1681	1953
1681	1966
1682	1704
1682	1766
1682	1795
1682	1833
1682	1930
1682	1931
1683	1744
1683	1822
1683	1847
1683	1904
1683	1981
1683	1984
1684	1765
1685	1818
1686	1693
1686	1699
1686	1831
1686	1965
1686	1979
1686	1990
1687	1688
1687	1834
1689	1696
1689	1827
1689	1935
1690	1715
1690	1849
1690	1920
1690	1981
1691	1707
1691	1723
1691	1750
1691	1831
1691	1912
1692	1733
1692	1862
1692	1918
1692	1920
1692	1927
1693	1703
1693	1713
1693	1715
1693	1726
1693	1767
1693	1829
1693	1996
1694	1697
1694	1737
1694	1794
1695	1700
1695	1703
1695	1729
1696	1700
1696	1787
1696	1864
1696	1932
1697	1707
1697	1734
1697	1810
1697	1958
1698	1928
1698	1969
1699	1725
1699	1772
1699	1783
1699	1887
1699	1917
1700	1844
1700	1876
1701	1840
1702	1778
1702	1884
1702	1887
1703	1706
1703	1753
1703	1767
1703	1779
1703	1794
1703	1795
1703	1819
1704	1881
1704	1948
1704	1997
1705	1812
1705	1949
1706	1713
1706	1768
1706	1961
1706	1976
1707	1750
1707	1984
1708	1787
1708	1793
1708	1869
1709	1786
1710	1806
1710	1920
1710	1966
1711	1835
1711	1902
1711	1907
1712	1832
1712	1894
1712	1914
1712	1999
1713	1792
1713	1933
1714	1855
1714	1889
1715	1841
1715	1900
1715	1918
1715	1927
1716	1934
1717	1815
1717	1857
1717	1981
1718	1803
1718	1848
1718	1861
1718	1958
1719	1817
1719	1846
1720	1799
1720	1969
1722	1774
1722	1985
1723	1903
1725	1895
1725	1998
1726	1875
1727	1731
1727	1818
1727	1832
1727	1878
1727	1906
1727	1916
1728	1860
1728	1930
1728	1960
1729	1811
1730	1819
1730	1882
1730	1942
1730	1985
1731	1862
1731	1960
1732	1826
1735	1748
1735	1763
1735	1769
1735	1839
1735	1873
1735	1971
1736	1829
1736	1863
1737	1854
1738	1794
1738	1811
1738	1886
1738	1932
1738	1961
1739	1963
1740	1833
1740	1898
1740	1959
1740	1994
1741	1820
1741	1976
1742	1780
1742	1803
1742	1804
1742	1893
1743	1848
1743	1965
1744	1788
1744	1894
1744	1951
1745	1832
1745	1843
1745	1920
1746	1856
1747	1801
1747	1818
1747	1878
1747	1882
1747	1903
1747	1941
1748	1749
1748	1847
1748	1851
1748	1853
1748	1960
1749	1854
1749	1864
1750	1818
1750	1829
1750	1881
1750	1889
1751	1982
1752	1806
1752	1857
1752	1884
1752	1889
1752	1981
1753	1811
1753	1842
1753	1991
1754	1774
1754	1916
1754	1939
1755	1832
1755	1961
1757	1850
1758	1887
1758	1966
1758	1978
1759	1824
1760	1844
1760	1933
1761	1852
1761	1959
1762	1873
1763	1919
1763	1924
1764	1854
1765	1986
1766	1989
1767	1977
1769	1850
1769	1885
1769	1986
1770	1919
1770	1971
1770	1979
1771	1832
1771	1946
1772	1901
1772	1960
1772	1969
1773	1881
1774	1880
1774	1881
1775	1824
1775	1881
1775	1925
1776	1815
1776	1884
1776	1903
1776	1961
1776	1997
1777	1790
1777	1817
1777	1844
1777	1857
1777	1874
1778	1837
1778	1859
1778	1878
1779	1896
1779	1990
1780	1783
1780	1858
1780	1933
1780	1946
1781	1874
1782	1832
1782	1844
1783	1997
1784	1839
1784	1919
1785	1881
1785	1894
1785	1965
1785	1972
1787	1793
1787	1798
1787	1816
1787	1880
1787	1962
1788	1828
1788	1882
1789	1984
1790	1920
1790	1936
1791	1814
1791	1858
1791	1872
1792	1802
1792	1903
1792	1969
1793	1851
1793	1960
1793	1995
1794	1801
1794	1972
1796	1799
1796	1805
1796	1818
1796	1862
1796	1933
1797	1823
1797	1935
1797	1996
1798	1875
1798	1894
1798	1978
1799	1953
1799	1994
1800	1858
1800	1974
1800	1998
1801	1923
1802	1898
1803	1860
1803	1877
1803	1902
1803	1916
1803	1974
1804	1912
1805	1952
1806	1986
1807	1829
1807	1871
1807	1903
1808	1819
1809	1860
1809	1947
1812	1841
1812	1904
1812	1974
1813	1858
1813	1867
1813	1906
1813	1909
1813	1958
1813	1963
1814	1830
1814	1898
1814	1943
1814	1964
1815	1820
1815	1892
1815	1951
1817	1866
1818	1832
1818	1836
1818	1857
1818	1921
1819	1942
1820	1965
1821	1847
1821	1894
1821	1921
1823	1895
1823	1932
1823	1973
1824	1900
1824	1959
1824	1962
1824	1965
1825	1918
1826	1891
1827	1866
1828	1880
1828	1977
1828	1989
1830	1923
1831	1910
1833	1846
1833	1932
1833	1959
1833	1968
1834	1981
1834	1992
1834	1998
1835	1994
1836	1857
1836	1916
1836	1923
1837	1900
1839	1912
1840	1991
1841	1844
1841	1934
1843	1844
1844	1968
1846	1934
1846	1941
1846	1949
1846	1964
1847	1968
1847	1998
1848	1850
1848	1935
1849	1876
1849	1907
1850	1866
1851	1859
1851	1873
1853	1928
1855	1878
1855	1959
1856	1994
1858	1953
1858	1976
1859	1899
1861	1862
1861	1975
1861	1985
1862	1902
1862	1925
1863	1910
1863	1913
1864	1866
1864	1968
1864	1978
1865	1976
1866	1872
1866	1925
1868	1869
1868	1962
1869	1943
1869	1951
1869	1989
1870	1937
1872	1969
1872	1995
1873	1885
1873	1893
1873	1990
1874	1915
1874	1941
1874	1981
1875	1884
1875	1924
1876	1989
1877	1902
1878	1905
1878	1985
1878	1988
1879	1909
1881	1887
1881	1992
1882	1953
1882	1955
1882	1972
1883	1917
1883	1968
1884	1897
1884	1934
1886	1902
1887	1976
1888	1929
1888	1963
1888	1990
1890	1891
1890	1995
1892	1935
1894	1931
1894	1957
1894	1994
1897	1944
1897	1967
1897	1980
1897	1982
1898	1923
1898	1976
1903	1911
1904	1920
1904	1944
1907	1954
1908	1946
1908	1997
1909	1917
1909	1965
1909	1983
1910	1924
1910	1949
1911	1980
1912	1936
1912	1982
1914	1944
1916	1973
1918	1998
1919	1930
1923	1927
1925	1961
1927	1931
1927	1961
1928	1957
1931	1979
1933	1978
1934	1944
1934	1963
1934	1991
1936	1948
1938	1987
1940	1964
1941	1949
1942	1968
1942	1972
1945	1976
1945	1996
1950	1966
1952	1980
1954	1994
1956	1997
1959	1979
1961	1969
1964	1973
1964	1976
1965	1970
1969	1988
1987	1995
1996	1998
