2000	0
0	207
0	318
0	347
0	383
0	410
0	432
0	450
0	473
0	693
0	726
0	974
1	161
1	164
1	477
2	7
2	84
2	147
2	213
2	254
2	307
2	347
2	750
2	802
2	892
3	125
3	138
3	331
3	332
3	562
3	594
3	623
3	647
3	747
3	799
3	814
3	980
4	6
4	48
4	149
4	152
4	240
4	371
4	393
4	501
4	535
4	559
4	627
4	713
4	714
4	718
4	751
4	854
4	855
5	442
5	443
5	827
6	26
6	65
6	180
6	194
6	302
6	373
6	445
6	468
6	833
6	915
7	63
7	196
7	221
7	226
7	267
7	286
7	320
7	337
7	389
7	534
7	573
7	783
8	91
8	196
8	201
8	296
8	367
8	545
8	561
8	633
8	681
8	712
8	763
8	809
8	813
8	864
8	922
8	933
8	985
9	16
9	182
9	184
9	262
9	315
9	327
9	422
9	429
9	443
9	446
9	459
9	641
9	678
9	793
10	54
10	83
10	300
10	618
10	897
11	98
11	376
11	535
11	912
12	196
12	246
12	279
12	300
12	307
12	312
12	395
12	496
12	571
12	818
12	974
13	23
13	149
13	161
13	403
13	534
13	606
13	638
13	695
13	700
13	890
14	202
14	211
14	364
14	527
14	585
14	592
14	733
14	850
15	22
15	35
15	227
15	273
15	493
15	597
15	755
15	763
15	782
15	852
15	904
15	964
16	25
16	50
16	92
16	287
16	446
16	507
16	560
16	584
16	607
16	682
16	687
16	711
16	778
16	794
16	795
16	814
16	815
16	985
17	188
17	196
17	225
17	245
17	262
17	304
17	415
17	461
17	490
17	677
17	720
17	814
18	74
18	150
18	199
18	481
18	487
18	598
18	666
18	715
18	722
18	986
18	1051
19	47
19	103
19	172
19	207
19	210
19	492
19	576
19	604
19	621
19	654
19	749
19	758
19	779
19	783
19	884
19	888
19	956
20	476
20	617
20	666
20	716
20	718
20	731
20	775
20	900
21	93
21	151
21	181
21	323
21	861
21	865
21	943
21	1349
22	32
22	84
22	98
22	279
22	437
22	820
22	830
22	1566
23	143
23	207
23	271
23	277
23	545
23	692
23	698
23	945
23	993
24	161
24	215
24	218
24	420
24	463
24	897
25	28
25	82
25	160
25	204
25	549
25	703
25	738
25	783
25	900
26	177
26	244
26	404
26	417
26	481
26	532
26	832
26	883
26	919
27	224
27	264
27	299
27	325
27	421
27	422
27	761
27	922
27	938
27	990
27	1744
28	189
28	546
28	570
28	705
29	70
29	315
29	392
29	406
29	440
29	583
29	656
29	845
29	957
29	994
30	146
30	243
30	248
30	487
30	529
30	588
30	679
30	724
30	816
30	829
30	860
30	887
30	956
31	76
31	280
31	425
31	471
31	503
31	535
31	549
31	578
31	649
31	660
31	692
31	843
31	870
31	936
31	937
31	941
32	258
32	445
32	449
32	635
32	665
32	717
32	822
32	919
32	958
33	44
33	150
33	211
33	245
33	291
33	486
33	624
33	737
33	742
33	923
33	970
34	223
34	292
34	324
34	703
34	797
34	815
34	822
34	935
34	984
35	125
35	198
35	227
35	345
35	440
35	453
35	571
35	575
35	648
35	676
35	766
36	119
36	261
36	467
36	489
36	497
36	535
36	640
36	708
36	836
37	124
37	211
37	237
37	495
37	498
37	634
37	704
37	706
37	747
37	925
37	955
38	94
38	166
38	511
38	584
38	658
38	740
38	743
38	885
38	951
39	102
39	121
39	735
39	828
39	851
40	50
40	226
40	280
40	294
40	389
40	690
40	954
40	1057
41	55
41	324
41	863
41	897
41	910
42	186
42	218
42	242
42	285
42	301
42	328
42	331
42	362
42	547
42	573
42	631
42	711
42	746
42	798
42	841
42	860
42	885
43	44
43	203
43	353
43	517
43	564
43	657
43	693
43	784
43	874
44	278
44	477
44	483
44	548
44	598
44	609
44	651
44	764
44	775
45	81
45	154
45	183
45	590
45	712
45	809
45	837
45	1597
46	126
46	154
46	236
46	264
46	278
46	325
46	363
46	411
46	490
46	732
46	851
46	853
46	976
47	120
47	195
47	546
47	625
47	664
48	86
48	122
48	127
48	136
48	334
48	560
48	922
48	940
48	941
48	960
49	183
49	446
49	454
49	671
49	673
49	896
49	906
49	931
49	982
50	208
50	363
50	392
50	505
50	581
50	969
50	1281
51	89
51	294
51	303
51	317
51	428
51	502
51	676
52	60
52	80
52	97
52	272
52	360
52	698
52	923
52	951
53	57
53	246
53	386
53	534
53	791
53	876
53	934
53	984
53	995
54	119
54	275
54	338
54	345
54	571
54	639
54	641
54	656
54	742
54	747
55	115
55	152
55	187
55	191
55	335
55	619
55	667
55	732
55	843
55	851
55	891
55	966
55	986
56	230
56	558
56	686
56	849
56	858
56	875
57	126
57	144
57	165
57	167
57	261
57	284
57	302
57	341
57	361
57	457
57	474
57	548
57	626
58	69
58	233
58	337
58	372
58	441
58	452
58	453
58	535
58	784
58	958
59	96
59	256
59	291
59	380
59	491
59	686
59	775
59	820
59	905
59	942
59	998
59	1312
60	221
60	392
60	437
60	661
60	681
60	738
60	765
60	899
61	158
61	185
61	261
61	601
61	693
61	902
61	931
61	986
61	991
62	210
62	314
62	588
62	784
62	796
63	91
63	117
63	118
63	152
63	221
63	289
63	523
63	568
63	618
63	704
63	721
64	78
64	95
64	217
64	307
64	422
64	439
64	506
64	516
64	845
64	875
64	883
65	84
65	245
65	273
65	289
65	340
65	563
65	634
65	664
65	677
65	899
65	931
66	189
66	298
66	314
66	364
66	412
66	519
66	584
66	730
66	765
66	799
66	889
67	114
67	129
67	316
67	341
67	348
67	385
67	409
67	422
67	430
67	485
67	531
67	584
67	713
67	770
67	1513
68	202
68	328
68	375
68	396
68	577
68	578
68	662
68	663
68	807
68	860
69	163
69	284
69	385
69	407
69	427
69	440
69	537
69	589
69	625
69	687
69	795
69	827
69	833
69	876
70	172
70	429
70	514
70	551
70	811
70	822
70	823
70	875
70	876
70	912
70	915
70	968
71	133
71	180
71	292
71	416
71	454
71	470
71	603
71	690
71	826
71	830
71	922
71	925
71	977
71	986
72	90
72	161
73	113
73	190
73	213
73	422
73	465
73	535
73	561
73	635
73	878
73	987
74	212
74	299
74	351
74	791
74	804
74	909
74	971
74	987
74	996
75	238
75	283
75	353
75	409
75	502
75	554
75	765
75	796
75	838
75	871
75	909
75	912
75	976
76	84
76	275
76	453
76	482
76	644
76	865
76	916
76	989
77	206
77	245
77	291
77	461
77	466
77	467
77	556
77	767
77	811
77	889
78	123
78	137
78	376
78	487
78	561
78	723
78	735
78	753
78	905
78	973
79	129
79	158
79	285
79	294
79	357
79	645
79	680
79	817
80	123
80	125
80	267
80	289
80	343
80	438
80	448
80	591
80	749
80	780
80	903
80	945
81	185
81	394
81	411
81	468
81	573
81	659
81	791
81	938
81	974
82	222
82	256
82	270
82	299
82	376
82	412
82	416
82	664
82	775
83	188
83	351
83	493
83	524
83	537
83	634
83	896
84	137
84	204
84	623
84	631
84	744
84	942
85	148
85	353
85	396
85	409
85	488
85	538
85	632
85	645
85	648
85	705
85	952
86	249
86	561
86	659
86	678
86	915
87	145
87	223
87	226
87	249
87	353
87	643
87	809
88	203
88	294
88	403
88	466
88	579
88	964
88	965
89	95
89	107
89	141
89	383
89	402
89	403
89	496
89	537
89	666
89	719
90	282
90	463
90	652
90	711
90	919
91	183
91	416
91	528
91	681
91	733
91	822
91	823
91	952
91	994
92	258
92	350
92	364
92	502
92	601
92	616
92	715
92	811
92	862
92	966
92	1167
93	109
93	158
93	340
93	369
93	381
93	435
93	492
93	494
93	650
93	787
93	888
94	300
94	345
94	786
94	795
94	906
94	907
94	910
95	97
95	121
95	142
95	163
95	271
95	321
95	376
95	451
95	557
95	560
95	663
95	814
95	823
95	949
96	119
96	251
96	272
96	373
96	462
96	601
96	606
96	630
96	680
96	707
96	915
96	969
96	992
96	1494
97	120
97	171
97	292
97	381
97	899
97	929
97	957
97	960
98	114
98	136
98	397
98	420
98	457
98	649
98	656
98	832
98	957
98	980
99	236
99	305
99	340
99	397
99	524
99	580
99	806
99	856
99	864
99	927
100	419
100	579
100	635
100	826
100	833
100	834
100	991
101	159
101	253
101	281
101	322
101	340
101	374
101	419
101	535
101	671
101	740
101	909
102	149
102	389
102	422
102	787
102	799
102	987
103	380
103	504
103	525
103	532
103	612
103	645
103	665
103	699
103	736
103	981
103	998
104	114
104	276
104	487
104	638
104	853
104	903
104	938
105	118
105	229
105	236
105	252
105	295
105	345
105	383
105	388
105	421
105	540
105	565
105	590
105	616
105	658
105	716
105	870
105	899
105	924
106	150
106	292
106	369
106	928
106	1579
106	1937
107	182
107	249
107	265
107	473
107	608
107	636
107	783
107	829
107	867
107	951
107	960
108	192
108	474
108	618
108	670
108	683
108	774
108	953
108	1008
109	277
109	419
109	540
109	915
109	1868
110	234
110	252
110	263
110	338
110	362
110	368
110	450
110	601
110	701
110	711
110	862
110	869
111	115
111	262
111	290
111	398
111	471
111	526
111	615
111	621
111	678
111	720
111	875
111	908
112	124
112	314
112	498
112	633
112	674
112	800
112	855
112	941
113	281
113	322
113	615
113	781
113	922
113	972
114	296
114	386
114	486
114	495
114	593
114	670
114	671
114	756
114	816
115	183
115	189
115	228
115	294
115	328
115	361
115	479
115	633
115	733
115	811
116	160
116	301
116	378
116	451
116	467
116	480
116	650
116	701
116	713
116	781
116	904
116	909
116	973
117	226
117	415
117	417
117	462
117	475
117	680
117	868
117	878
118	301
118	379
118	391
118	412
118	435
118	570
118	612
118	715
118	769
118	842
118	880
118	947
119	289
119	494
119	534
119	555
119	591
119	618
119	795
119	849
119	850
119	885
119	928
119	944
120	294
120	456
120	491
120	583
120	587
120	676
120	687
120	711
120	731
120	771
120	820
120	855
121	373
121	382
121	388
121	570
121	608
121	615
121	865
122	177
122	503
122	597
122	600
122	768
122	814
122	908
123	129
123	246
123	344
123	348
123	437
123	519
123	741
123	764
124	170
124	171
124	225
124	260
124	329
124	415
124	606
124	632
124	740
124	858
124	890
124	951
124	954
124	961
124	1530
125	261
125	266
125	309
125	468
125	505
125	532
125	558
125	672
125	678
125	743
125	838
125	901
126	258
126	342
126	395
126	413
126	654
126	672
126	785
126	889
126	939
127	180
127	200
127	401
127	475
127	515
127	652
127	675
127	732
127	792
127	810
127	829
127	920
128	276
128	295
128	340
128	491
128	607
128	706
128	758
128	769
128	784
128	867
129	173
129	285
129	310
129	420
129	657
130	497
130	601
131	355
131	410
131	419
131	834
131	856
131	891
131	928
132	144
132	167
132	201
132	314
132	334
132	508
132	967
133	246
133	415
134	299
135	202
135	203
135	646
135	729
135	825
136	189
136	506
136	619
136	901
136	938
137	257
137	266
137	294
137	301
137	427
137	531
137	655
137	697
137	748
137	976
137	1767
138	142
138	345
138	578
138	699
138	727
138	770
138	806
138	814
138	829
138	878
138	906
139	178
139	194
139	271
139	538
139	680
139	710
139	753
139	785
139	895
139	922
139	964
139	1548
140	231
140	276
140	327
140	328
140	477
140	637
140	642
140	668
140	773
140	775
140	829
140	896
140	917
140	965
141	196
141	308
141	338
141	415
141	426
141	603
141	662
141	714
141	765
141	805
141	851
142	217
142	385
142	521
142	583
142	622
142	677
142	799
142	957
142	966
143	167
143	276
143	307
143	472
143	619
143	734
143	847
143	948
143	1840
144	182
144	299
144	300
144	352
144	357
144	596
144	753
145	155
145	327
145	667
145	671
145	852
145	1157
145	1370
146	297
146	323
146	402
146	406
146	431
146	432
146	504
146	508
146	544
146	603
146	631
146	715
146	937
146	956
146	987
147	262
147	366
147	528
147	607
147	729
147	833
148	373
148	468
148	501
148	524
148	541
148	571
148	823
148	864
149	177
149	468
149	474
149	519
149	573
149	605
149	920
150	524
150	826
150	830
150	849
150	934
151	242
151	301
151	359
151	555
151	587
151	670
151	705
151	720
151	751
151	822
151	956
152	229
152	232
152	423
152	473
152	568
152	634
152	658
152	678
152	895
152	956
153	235
153	346
153	359
153	446
153	521
153	533
153	544
153	677
153	747
153	759
153	810
153	856
153	920
154	233
154	447
154	502
154	530
154	541
154	572
154	637
154	646
154	940
155	526
155	573
155	636
155	674
155	854
155	855
155	878
155	1497
156	412
156	453
156	476
156	651
156	705
156	908
156	1989
157	286
157	357
157	528
157	532
157	626
157	812
157	882
158	255
158	337
158	413
158	669
158	713
158	868
158	915
159	181
159	236
159	366
159	768
159	829
159	980
160	165
160	250
160	303
160	364
160	425
160	489
160	603
161	172
161	281
161	363
161	367
161	397
161	613
161	752
162	197
162	261
162	281
162	296
162	326
162	341
162	449
162	607
162	744
162	878
162	882
163	188
163	257
163	521
163	607
163	818
163	839
163	931
164	175
164	176
164	282
164	431
164	436
164	442
164	508
164	779
164	881
164	895
165	203
165	316
165	464
165	498
165	600
165	643
165	663
165	703
165	735
165	771
166	180
166	206
166	249
166	262
166	355
166	357
166	400
166	578
166	645
166	782
166	826
166	863
166	877
167	200
167	201
167	288
167	369
167	452
167	517
167	781
167	838
167	920
167	937
167	951
168	266
168	350
168	417
168	426
168	432
168	470
168	614
168	687
168	761
168	803
168	825
168	833
168	910
169	183
169	404
169	630
169	930
169	998
170	312
170	373
170	396
170	523
170	550
170	559
170	569
171	172
171	364
171	375
171	422
171	504
171	538
171	566
171	638
171	754
171	972
171	995
172	173
172	188
172	438
172	613
172	677
172	744
172	772
172	835
172	916
173	360
173	433
173	543
173	690
173	708
173	857
173	975
174	330
174	416
174	463
174	515
174	640
174	686
174	712
174	781
174	843
174	930
174	939
175	464
175	524
175	539
175	607
175	646
175	765
175	774
175	928
175	980
175	991
176	202
176	453
176	533
176	761
176	791
176	870
176	944
176	993
177	306
177	315
177	478
177	566
177	595
178	231
178	270
178	285
178	321
178	418
178	580
178	766
178	905
178	942
179	263
179	444
179	468
179	646
179	679
179	730
179	752
179	776
179	853
180	502
180	509
180	569
180	578
180	607
180	621
180	762
180	900
180	949
181	238
181	250
181	904
182	212
182	491
182	523
182	566
182	704
182	757
182	796
182	851
183	327
183	558
183	610
183	706
183	771
183	884
183	930
184	197
184	262
184	287
184	317
184	496
184	519
184	625
184	740
184	764
184	880
185	435
185	495
185	518
185	715
185	746
185	841
186	198
186	260
186	386
186	502
186	528
186	641
186	806
186	909
187	340
187	465
187	576
187	585
187	788
187	932
188	319
188	331
188	782
188	862
189	272
189	352
189	384
189	634
189	773
189	927
189	1531
190	200
190	220
190	221
190	249
190	486
190	788
190	932
190	940
191	217
191	288
191	369
191	476
191	551
191	754
191	918
191	967
192	337
192	366
192	398
192	551
192	583
192	601
192	801
192	817
192	827
192	839
193	227
193	265
193	286
193	289
193	294
193	332
193	522
193	672
193	696
193	810
193	845
193	880
194	284
194	298
194	508
194	622
194	684
194	732
194	902
194	950
195	216
195	362
195	379
195	449
195	523
195	566
195	619
195	748
195	891
195	989
196	518
196	616
196	784
196	937
196	1126
197	243
197	394
197	487
197	523
197	559
197	671
197	687
197	720
197	727
197	885
197	951
197	954
198	210
198	296
198	300
198	317
198	417
198	444
198	497
198	573
198	747
198	795
198	809
198	907
198	908
199	283
199	305
199	351
199	382
199	407
199	414
199	423
199	466
199	474
199	630
199	705
199	817
199	947
199	981
199	993
200	256
200	329
200	331
200	457
200	562
200	623
200	692
200	731
200	854
201	269
201	386
201	492
201	507
201	512
201	660
201	685
201	705
201	722
201	771
201	790
201	793
201	801
202	256
202	668
202	698
202	707
202	765
202	905
202	935
202	958
202	975
202	994
202	996
203	327
203	366
203	441
203	523
203	631
203	665
203	719
203	769
203	878
203	887
203	944
203	957
203	970
203	1049
204	641
204	894
204	952
205	225
205	516
205	593
205	608
205	695
205	709
205	751
205	752
205	949
206	244
206	293
206	306
206	431
206	490
206	799
206	835
206	994
207	392
207	472
207	493
207	497
207	513
207	529
207	628
207	705
207	735
207	896
207	975
208	221
208	267
208	333
208	371
208	414
208	467
208	538
208	569
208	806
209	289
209	334
209	385
209	630
209	768
209	839
209	886
209	927
209	1121
210	240
210	644
210	718
210	779
210	824
211	225
211	343
211	542
211	570
211	605
211	680
211	718
211	840
211	955
211	1130
211	1957
212	215
212	286
212	415
212	460
212	466
212	875
212	886
212	918
212	930
212	936
213	502
213	817
213	892
214	268
214	345
214	436
214	447
214	451
214	459
214	495
214	532
214	607
214	609
214	642
214	677
214	815
214	929
214	990
215	229
215	446
215	478
215	522
215	561
215	596
215	626
215	800
215	939
216	265
216	327
216	368
216	610
216	622
216	687
216	858
217	219
217	255
217	513
217	531
217	751
217	917
217	966
218	274
218	365
218	372
218	388
218	492
218	571
218	906
218	939
219	260
219	314
219	325
219	559
219	581
219	674
219	704
219	841
219	933
219	972
220	281
220	344
220	371
220	419
220	460
220	473
220	665
220	742
220	772
220	926
220	996
221	447
221	489
221	772
221	781
221	830
221	869
221	888
222	312
222	420
222	544
222	749
222	792
222	915
223	321
223	364
223	462
223	656
223	673
223	828
223	830
223	856
223	882
224	408
224	444
224	460
224	553
224	605
224	674
224	731
224	798
225	304
225	329
225	378
225	424
225	493
225	603
225	655
225	685
225	687
225	800
225	810
225	845
226	326
226	374
226	381
226	418
226	488
226	662
226	715
226	777
226	828
226	987
227	438
227	463
227	700
227	740
227	767
227	863
227	894
227	934
228	236
228	438
228	485
228	501
228	546
228	846
229	485
229	649
229	912
230	379
230	558
230	767
230	781
230	783
230	862
230	873
230	919
230	922
230	1283
231	281
231	284
231	363
231	566
231	593
231	735
231	869
231	887
231	967
232	438
232	593
232	874
233	341
233	346
233	469
233	514
233	526
233	568
233	718
233	869
234	370
234	403
234	450
234	483
234	554
234	628
234	746
234	785
234	788
234	922
235	282
235	325
235	380
235	522
235	556
235	590
235	661
235	740
235	756
235	852
236	242
236	265
236	420
236	558
236	752
236	867
237	295
237	476
237	769
237	799
237	951
238	572
238	583
238	706
238	719
238	741
238	764
238	961
239	242
239	250
239	351
239	405
239	417
239	589
239	641
239	672
239	741
239	904
239	948
239	964
240	269
240	284
240	316
240	384
240	393
240	405
240	442
240	563
240	571
240	672
240	711
240	765
240	866
241	289
241	319
241	380
241	553
241	586
241	686
241	749
242	245
242	436
242	600
242	660
242	700
242	792
242	938
242	950
242	996
243	393
243	403
243	415
243	451
243	598
243	817
243	1231
244	353
244	505
244	527
244	629
244	673
244	1482
245	255
245	389
245	396
245	603
245	614
245	688
245	746
245	757
245	901
246	309
246	491
246	570
246	597
246	773
246	793
246	838
246	881
247	287
247	356
247	633
247	764
247	803
247	816
248	318
248	385
248	390
248	454
248	587
248	607
248	672
248	901
248	968
249	363
249	366
249	417
249	521
249	535
249	643
249	733
249	833
249	835
249	915
250	308
250	347
250	396
250	562
250	758
250	914
250	994
251	325
251	393
251	456
251	502
251	549
251	643
251	711
251	767
251	895
252	305
252	473
252	479
252	717
252	760
252	766
252	928
253	319
253	348
253	421
253	595
253	752
253	762
253	816
253	842
253	844
253	890
254	332
254	348
254	617
254	669
254	705
254	830
254	884
254	928
255	382
255	475
255	476
255	644
255	694
255	948
256	542
256	587
256	613
256	661
256	883
256	949
257	318
257	589
257	611
257	635
257	1474
258	485
258	640
258	712
258	749
258	763
258	873
258	892
258	957
259	275
259	302
259	360
259	428
259	464
259	561
259	588
259	589
259	701
259	811
259	928
260	306
260	416
260	427
260	476
260	560
260	580
260	603
260	694
260	721
260	731
260	779
260	848
260	957
261	510
261	567
261	632
261	637
261	750
261	770
261	890
261	934
262	267
262	303
262	309
263	894
263	921
263	925
263	979
264	375
264	425
264	964
264	991
264	1213
265	373
265	506
265	520
265	626
265	627
265	684
265	720
265	872
265	897
265	904
266	407
266	628
266	769
266	773
266	937
266	975
267	270
267	795
267	894
267	931
267	990
268	283
268	696
268	764
268	767
268	857
269	328
269	410
269	557
269	559
269	592
269	608
269	643
269	690
269	692
269	832
269	972
269	1498
270	313
270	325
270	617
270	736
270	884
270	887
271	522
271	753
271	779
271	790
271	891
272	303
272	317
272	319
272	355
272	419
272	486
272	626
272	643
272	857
273	335
273	365
273	401
273	404
273	768
273	776
273	907
274	562
274	725
274	946
275	421
275	483
275	539
275	576
275	580
275	652
275	673
275	919
275	1045
276	558
276	657
276	661
276	748
276	931
276	938
277	475
277	535
277	552
277	629
277	632
277	655
277	661
277	689
277	767
277	908
277	984
278	424
278	490
278	541
278	659
278	881
279	574
279	727
279	741
279	778
279	779
279	877
279	944
280	323
280	328
280	409
280	445
280	478
280	640
280	667
280	911
280	942
281	355
281	481
281	712
281	801
281	810
281	816
281	862
281	968
282	606
282	609
282	639
282	642
282	698
282	699
282	795
282	911
283	362
283	453
283	683
283	946
284	447
284	614
284	672
284	878
284	887
285	496
285	590
285	615
285	623
285	784
286	383
286	422
286	580
286	593
286	702
286	786
286	788
286	894
286	900
287	302
287	488
287	575
287	678
287	727
287	818
287	835
287	871
287	940
288	372
288	509
288	687
288	901
288	935
288	993
289	380
289	479
289	609
289	620
289	621
289	741
289	908
289	981
290	339
290	445
290	657
290	825
290	983
291	447
291	557
291	595
291	655
291	979
291	998
292	309
292	333
292	415
292	522
292	554
292	574
292	735
292	739
292	783
292	859
292	860
292	987
293	299
293	479
293	572
293	592
293	626
293	726
293	779
293	810
293	906
293	923
293	964
294	380
294	403
294	417
294	532
294	820
295	391
295	406
295	475
295	775
295	872
296	376
296	444
296	458
296	464
296	861
296	869
296	942
297	357
297	391
297	449
297	587
297	864
298	511
298	547
298	645
298	715
298	927
299	386
299	690
299	712
299	878
300	376
300	491
300	494
300	570
300	602
300	714
300	761
300	791
300	913
301	514
301	567
301	605
301	614
301	641
301	658
301	897
302	451
302	493
302	798
302	807
302	856
302	868
302	950
303	407
303	509
303	528
303	530
303	532
303	724
303	831
304	354
304	425
304	437
304	535
304	721
304	723
304	838
305	360
305	434
305	460
305	525
305	897
305	960
306	317
306	401
306	467
306	502
306	643
306	687
306	730
306	961
306	971
307	324
307	519
307	693
308	386
308	413
308	538
308	565
308	714
308	827
308	836
308	869
308	918
309	398
309	419
309	438
309	645
309	711
309	738
309	864
310	336
310	340
310	515
310	542
310	546
310	552
310	863
310	903
311	469
311	553
311	836
312	328
312	411
312	621
312	692
312	802
312	911
312	1186
313	327
313	331
313	488
313	634
313	659
313	801
314	362
314	593
314	748
314	776
314	908
314	945
315	345
315	358
315	480
315	499
315	617
315	646
315	809
315	925
316	427
316	470
316	513
316	593
316	605
316	709
316	855
317	358
317	364
317	538
317	542
317	685
317	895
317	947
318	382
318	495
318	582
318	595
318	667
318	764
318	987
318	993
319	376
319	388
319	411
319	541
319	544
319	677
319	711
319	723
319	920
320	355
320	616
320	664
320	702
321	407
321	667
321	751
321	816
322	340
322	349
322	430
322	487
322	505
322	570
322	681
322	709
322	717
322	800
322	839
322	868
322	1250
323	495
323	519
323	523
323	609
323	651
323	685
323	704
324	486
324	640
324	668
324	708
324	811
324	943
325	521
325	794
325	819
325	955
326	423
326	478
326	543
326	582
326	743
326	968
327	433
327	505
327	669
327	772
327	951
327	1195
328	349
328	385
328	582
328	609
328	615
328	646
328	690
328	691
328	820
328	997
329	365
329	369
329	488
329	502
329	554
329	574
329	656
329	682
329	816
329	874
329	879
329	936
329	971
330	448
330	696
330	714
330	718
330	733
330	738
330	998
331	533
331	647
331	844
331	866
331	884
331	921
331	982
332	536
332	670
332	864
332	889
332	951
332	963
333	416
333	522
333	585
333	628
333	743
333	800
334	451
334	539
334	548
334	589
334	719
334	793
334	999
334	1033
335	336
335	526
335	709
335	715
335	739
335	833
336	468
336	618
336	661
336	837
337	370
337	373
337	458
337	515
337	576
337	607
337	669
337	709
337	753
337	914
337	966
338	365
338	376
338	497
338	622
339	368
339	551
339	718
339	727
339	755
339	854
339	885
340	393
340	573
340	605
340	697
340	747
340	953
340	964
341	371
341	596
341	694
341	786
341	912
342	357
342	358
342	451
342	537
342	590
342	693
342	698
342	816
342	922
343	480
343	622
344	370
344	397
344	457
344	577
344	826
344	924
345	346
345	706
345	708
345	747
345	777
345	818
345	847
346	455
346	579
346	670
346	715
346	721
346	811
346	906
346	912
346	943
346	947
347	441
347	539
347	714
347	779
347	780
347	798
347	871
348	436
348	552
348	611
348	708
348	877
348	936
348	941
348	972
349	657
349	745
349	849
349	964
350	351
350	354
350	470
350	521
350	626
350	748
350	804
351	794
351	815
351	821
351	866
351	929
351	943
351	965
352	444
352	448
352	568
352	838
352	859
352	922
353	539
353	640
353	653
353	706
353	707
353	753
353	889
354	401
354	520
354	553
354	667
354	748
354	798
354	832
355	395
355	428
355	600
355	728
355	953
356	474
356	639
356	823
356	868
357	359
357	360
357	647
357	736
357	818
357	920
358	416
358	533
358	560
358	635
358	653
358	774
358	805
358	880
358	883
358	926
358	988
359	366
359	406
359	438
359	529
359	549
359	668
359	749
359	799
359	848
359	859
359	944
360	524
360	566
360	639
360	644
360	661
361	394
361	401
361	481
361	525
361	547
361	554
361	637
361	674
361	682
361	746
361	901
361	979
361	1128
362	470
362	687
362	704
362	726
362	738
362	833
362	857
363	466
363	805
364	401
364	403
364	455
364	463
364	594
364	780
364	911
364	991
365	431
365	465
365	495
365	567
365	632
365	876
365	954
366	388
366	417
366	493
366	561
366	567
366	592
366	672
366	700
366	805
366	895
366	902
366	934
367	506
367	591
367	660
367	668
367	672
367	870
368	535
368	596
368	931
369	481
369	636
369	877
369	951
370	383
370	472
370	475
370	628
370	907
371	421
371	437
371	450
371	470
371	528
371	549
371	640
371	797
371	810
371	837
372	520
373	431
373	567
373	637
373	820
373	907
373	979
374	443
374	563
374	788
375	419
375	757
375	804
375	809
375	820
375	826
376	511
376	763
376	985
377	499
377	582
377	896
378	461
378	497
378	517
378	630
378	650
378	673
378	810
378	840
378	865
379	396
379	425
379	445
379	523
379	562
379	695
379	773
379	862
379	878
379	994
380	633
380	711
380	714
381	530
381	735
381	780
381	783
381	923
382	502
382	649
382	882
382	889
382	994
383	386
383	455
383	629
383	668
383	770
383	885
383	889
384	488
384	499
384	510
384	589
384	634
384	671
384	715
384	802
384	863
384	906
384	936
385	421
385	461
385	499
385	719
385	780
385	828
385	946
386	486
386	585
386	657
386	659
386	722
386	769
386	874
386	885
386	917
387	441
387	471
387	525
387	554
387	620
387	662
387	696
387	703
387	969
387	974
388	467
388	513
388	766
388	931
388	947
389	402
389	461
389	509
389	732
389	757
389	796
390	717
390	864
390	907
390	935
390	960
390	999
391	436
391	526
391	696
391	871
391	882
391	919
391	988
392	397
392	644
392	663
392	716
392	837
393	417
393	432
393	588
393	724
393	843
393	870
393	918
393	991
394	536
394	566
394	597
394	608
394	676
394	727
394	764
394	945
394	984
394	1330
395	608
395	660
395	782
395	903
395	977
396	410
396	425
396	476
396	635
396	649
396	883
397	837
397	939
398	462
398	565
398	595
398	607
398	688
398	741
398	800
398	840
398	947
399	489
399	585
399	598
399	617
399	890
399	958
399	959
399	978
400	402
400	569
400	676
400	715
400	827
400	845
400	865
401	422
401	479
401	480
401	690
401	791
401	796
401	857
401	990
401	991
401	1442
402	431
402	469
402	474
402	486
402	627
402	721
403	572
403	631
403	642
403	767
403	967
404	552
404	569
404	576
404	812
405	472
405	643
405	770
405	976
406	458
406	465
406	485
406	487
406	519
406	619
406	690
406	728
406	807
406	983
406	995
407	541
407	618
407	831
408	504
408	584
408	590
408	686
408	811
408	869
409	418
409	427
409	437
409	501
409	883
409	991
410	435
410	691
410	969
411	524
411	670
412	463
412	498
412	551
412	587
412	869
412	971
413	428
413	583
413	661
413	983
413	1788
413	1981
414	473
414	596
414	602
414	618
414	737
415	427
415	524
415	638
415	738
415	806
415	960
416	435
416	540
416	711
416	823
416	869
416	922
417	501
417	521
417	624
417	709
417	763
417	877
417	903
417	980
418	477
418	505
418	559
418	612
418	744
418	797
418	837
418	895
419	476
419	517
419	631
419	673
419	752
419	777
419	884
420	507
420	548
420	887
421	528
421	569
421	594
421	626
421	869
422	432
422	518
422	541
422	672
422	675
422	864
422	939
423	513
423	613
423	634
423	662
424	592
424	725
424	971
425	448
425	526
425	556
425	725
425	750
425	817
425	889
425	971
426	481
426	593
426	634
426	820
426	822
426	864
426	886
427	540
427	592
427	736
427	773
427	819
428	632
428	703
428	775
428	811
428	830
428	845
429	469
429	529
429	538
429	852
429	1252
430	457
430	617
430	838
430	1820
431	683
431	965
432	489
432	514
432	545
432	548
432	560
432	906
432	976
433	487
433	700
433	780
433	828
433	873
433	965
434	441
434	641
434	644
434	727
434	733
434	782
434	920
435	437
435	449
435	637
435	703
435	761
435	894
435	991
436	438
436	595
436	632
436	644
436	707
436	977
437	560
437	564
437	600
437	637
437	739
437	750
437	797
437	805
437	848
437	849
437	918
437	926
437	953
438	615
438	668
438	766
438	771
438	930
438	994
439	447
439	564
439	583
439	594
439	651
439	700
439	753
439	777
439	843
439	860
439	941
439	980
440	442
440	462
440	482
440	791
440	938
441	524
441	619
441	686
441	790
441	839
441	968
442	476
442	491
442	593
442	668
442	709
442	710
442	913
442	1076
443	562
443	668
443	758
444	476
444	482
444	550
444	638
444	783
444	899
445	617
445	810
445	826
446	469
446	625
446	701
446	904
446	937
446	966
447	475
447	616
447	642
447	745
447	888
447	922
448	648
448	814
448	988
449	550
449	589
449	688
449	734
449	740
449	752
449	889
450	516
450	949
451	731
452	473
452	706
452	853
452	864
452	917
452	1533
453	457
453	482
453	565
453	656
453	819
453	859
453	951
454	475
454	509
454	643
454	709
454	722
454	771
454	804
454	932
455	591
455	677
455	793
455	831
455	880
455	888
455	941
455	970
456	470
456	754
456	817
457	819
457	899
458	579
458	598
458	608
458	671
458	742
458	824
458	954
459	498
459	929
459	944
460	485
460	489
460	953
461	498
461	545
461	619
461	628
461	776
461	919
461	942
461	971
461	992
461	1875
462	534
462	541
462	671
462	693
462	769
462	846
462	933
463	720
463	748
463	803
463	872
463	883
463	984
464	479
464	743
464	988
464	1266
465	470
465	767
466	475
466	662
466	733
466	819
466	892
467	597
467	823
468	558
469	627
470	475
470	499
470	513
470	730
470	832
470	849
470	934
470	937
470	964
471	563
471	908
471	1398
472	536
472	645
472	1243
473	482
473	500
473	741
473	796
473	921
473	935
473	949
474	536
474	720
474	769
474	822
474	894
474	978
474	1877
475	508
475	517
475	526
475	675
475	793
475	800
475	853
475	896
475	1254
476	524
476	599
476	607
476	686
476	796
476	854
476	939
476	952
476	985
477	666
477	711
477	753
477	841
477	990
478	480
478	574
478	644
478	718
478	725
478	747
478	848
478	974
478	975
479	483
479	526
479	541
479	560
479	582
479	794
479	836
479	910
479	923
479	984
480	556
480	829
480	879
481	495
481	517
481	562
481	615
481	626
481	635
481	760
481	765
481	938
481	943
482	552
482	597
482	659
482	699
482	718
482	955
482	999
483	488
483	532
483	688
483	914
484	512
484	578
484	616
484	716
484	835
484	876
484	987
485	486
485	559
485	705
485	775
485	825
485	999
486	660
486	769
486	904
486	934
487	521
487	725
487	957
488	722
488	912
488	967
488	980
488	981
489	491
489	548
489	866
489	916
489	996
490	533
490	551
490	618
490	819
490	913
490	1176
491	516
491	623
491	658
491	674
492	566
492	587
492	779
492	893
492	943
492	1987
493	509
493	582
493	737
493	929
493	963
493	992
494	587
494	692
494	740
494	756
494	888
495	556
495	652
495	699
496	540
496	788
496	848
497	909
498	650
498	682
498	700
498	730
498	843
498	982
498	1328
499	578
499	616
499	731
499	733
500	505
500	644
500	655
500	665
500	678
500	716
500	747
500	768
500	881
501	521
501	637
501	661
501	813
501	817
502	790
502	801
502	910
503	800
503	994
504	642
504	768
504	795
504	878
504	900
505	639
505	667
505	699
505	715
505	720
505	889
505	914
506	715
506	864
508	592
508	642
508	685
508	734
508	810
508	836
508	849
508	936
508	1154
509	654
509	781
509	902
510	524
510	831
511	585
511	681
511	761
511	770
511	809
511	874
512	911
513	519
513	615
513	644
513	964
513	974
514	558
515	538
515	630
515	699
515	778
516	553
516	628
516	840
517	692
517	763
517	827
517	940
517	972
518	622
518	653
518	711
518	951
519	835
519	875
519	891
520	532
520	583
520	590
520	668
520	674
520	780
520	809
520	914
521	576
521	777
521	899
521	962
521	964
522	552
522	741
522	770
522	771
522	815
522	1359
523	566
523	629
523	768
523	877
524	715
524	738
524	827
525	594
525	738
525	852
525	880
526	558
526	564
526	588
526	631
526	702
526	808
526	815
526	893
527	691
527	711
527	764
527	805
527	854
527	993
528	596
528	698
528	725
528	732
528	779
528	980
530	631
530	747
530	846
530	866
531	625
531	885
532	556
532	574
532	701
533	651
533	719
533	725
533	729
533	799
533	823
533	863
533	878
533	889
533	925
534	628
534	703
534	823
534	916
535	895
535	993
536	616
536	842
536	878
536	917
536	937
537	690
537	695
537	710
537	760
537	859
538	564
538	639
538	723
538	951
538	974
538	1959
539	851
539	931
539	989
540	855
540	997
541	582
541	720
541	735
541	838
541	863
541	945
542	690
542	840
542	841
542	934
542	940
543	710
543	789
543	821
543	842
544	564
544	574
544	691
544	759
545	772
545	919
545	975
545	989
546	744
546	798
547	572
547	580
547	604
547	640
547	671
547	700
547	754
547	776
547	899
547	959
547	1038
548	567
548	636
548	668
548	680
548	702
548	834
548	933
549	551
549	604
549	679
549	826
549	941
549	1954
551	573
551	741
551	823
551	943
552	661
552	964
553	587
553	800
553	934
553	993
554	628
554	887
555	656
555	663
555	802
555	928
556	558
556	757
556	963
556	998
557	590
557	764
557	777
557	976
557	993
558	749
558	778
558	790
558	883
558	911
558	937
559	583
559	791
559	963
559	990
559	997
560	652
560	660
560	777
560	880
560	889
560	962
560	991
562	582
562	662
562	737
562	826
562	864
562	912
563	866
563	950
564	661
565	585
565	587
565	637
565	793
565	998
566	587
566	639
566	809
567	822
567	897
567	937
567	995
568	637
568	665
568	703
568	913
569	659
569	696
569	803
570	579
570	692
570	811
570	830
570	834
570	889
570	931
571	673
571	787
571	870
571	941
571	971
572	642
572	845
572	917
572	937
572	963
572	987
573	702
573	869
573	875
573	965
574	614
574	625
574	636
574	677
574	702
574	721
574	823
574	877
574	884
575	679
575	813
575	971
575	981
576	647
576	744
576	772
576	780
576	969
577	652
577	707
577	783
577	795
577	889
577	916
577	937
577	969
578	721
578	771
578	873
578	961
578	969
579	635
579	671
579	694
579	798
579	850
579	853
579	930
580	581
580	850
581	660
581	763
581	913
581	1287
582	651
582	686
582	787
582	877
582	952
583	590
583	620
583	650
583	664
583	741
583	781
583	795
583	825
583	993
584	614
584	635
584	672
584	706
584	838
584	909
584	932
584	956
584	985
584	988
584	996
584	1546
585	713
585	941
585	997
586	875
586	904
587	876
587	947
588	912
588	956
588	968
588	977
589	590
589	652
589	695
589	698
589	717
589	780
589	822
589	859
589	941
589	949
590	763
590	815
590	859
590	906
591	637
591	641
591	711
591	729
591	751
591	817
591	876
591	1257
592	680
592	829
592	978
593	664
593	972
594	640
594	709
594	783
594	837
594	841
595	618
595	717
595	744
595	767
595	826
595	931
595	957
595	958
596	668
596	696
596	721
596	781
597	702
597	726
597	847
597	901
597	972
598	655
598	666
598	699
598	709
598	748
598	845
598	982
598	994
599	653
599	671
600	724
600	727
600	785
600	865
600	961
601	682
601	801
601	878
601	910
601	935
601	986
602	832
602	886
603	752
603	886
603	974
604	713
604	717
604	882
604	884
605	899
605	935
606	634
606	806
606	872
606	952
606	953
607	765
607	779
607	865
608	656
608	681
608	754
608	996
609	612
609	681
609	827
609	874
609	987
610	675
610	687
610	688
611	622
611	668
611	736
611	748
611	849
611	893
612	658
612	941
613	629
613	754
613	797
613	840
613	876
613	881
614	857
614	1256
615	726
615	806
615	906
616	689
616	734
616	859
616	885
617	622
617	939
617	953
618	688
618	723
618	758
618	772
618	835
618	857
619	772
619	977
620	651
620	836
621	644
621	656
621	693
621	744
621	843
621	865
622	738
622	781
622	813
622	834
623	715
623	733
623	801
623	943
624	720
624	733
624	854
624	924
625	643
625	649
625	823
625	868
625	878
626	709
626	781
626	791
626	819
626	875
627	639
627	699
627	727
627	810
627	946
628	714
628	786
628	830
628	951
628	1829
629	630
629	634
629	638
630	675
630	687
630	914
631	694
631	838
631	845
632	766
632	922
633	746
633	778
633	853
633	878
633	900
634	658
635	661
635	914
636	736
636	821
637	664
637	682
637	901
637	909
638	931
639	753
639	798
639	831
639	903
639	985
640	654
640	747
640	754
640	850
641	765
641	863
641	963
641	972
642	744
642	771
642	958
643	946
644	753
644	848
644	905
644	914
644	943
645	695
645	808
645	816
645	953
645	997
646	764
646	864
646	907
646	974
647	650
648	709
648	771
648	854
648	881
648	957
649	727
649	759
649	836
649	877
650	675
650	689
650	741
650	745
650	748
650	839
651	853
651	980
651	996
651	1757
652	701
652	743
652	750
653	734
653	741
653	789
653	830
654	670
654	769
654	813
654	842
654	958
654	969
654	979
655	810
655	830
656	720
656	918
656	941
656	1325
657	685
657	755
657	764
657	765
657	923
657	963
658	677
658	766
658	891
658	964
658	971
659	679
659	716
659	805
659	902
659	915
660	691
660	829
661	782
661	822
661	927
661	934
661	974
662	705
662	940
663	886
663	889
663	931
663	951
664	893
664	976
664	996
665	690
665	719
665	743
665	823
665	945
665	970
665	996
666	793
666	850
667	764
667	856
667	971
668	804
668	879
669	767
669	833
670	701
671	725
672	674
672	760
672	799
672	936
672	943
672	971
672	981
673	775
673	783
673	903
673	964
674	837
674	891
674	920
674	950
674	1448
675	824
675	925
675	994
675	998
676	716
676	935
677	701
677	900
677	903
677	948
678	783
679	712
679	764
679	794
679	935
679	984
680	727
680	747
681	863
681	983
682	989
683	755
683	805
683	832
683	837
683	971
685	932
686	766
686	816
686	857
686	865
686	881
686	921
687	796
687	910
688	856
688	865
688	983
688	1330
689	802
689	846
689	964
690	746
690	779
690	1148
691	784
692	911
692	929
692	989
693	792
693	818
693	947
694	724
694	963
695	745
695	900
696	998
696	1615
697	733
697	778
697	1125
697	1321
698	699
698	758
698	791
698	906
699	718
699	914
700	724
700	766
700	984
701	913
701	983
701	997
702	705
702	789
703	985
704	739
705	895
706	860
706	912
706	978
707	719
707	760
708	788
708	958
709	769
709	864
709	969
710	738
710	833
710	842
711	904
711	905
711	913
711	953
712	734
712	837
712	953
713	719
713	734
713	770
713	778
713	876
714	745
714	869
715	831
715	993
716	734
716	759
716	924
718	915
720	744
720	772
720	829
720	849
720	964
721	747
721	777
721	793
721	827
721	935
722	793
722	932
722	976
723	845
723	913
723	921
724	871
724	922
724	971
724	977
725	751
725	875
725	951
726	866
726	950
726	973
727	760
728	759
728	785
728	787
728	789
728	870
728	874
728	954
729	786
729	828
729	987
730	813
730	821
730	920
730	961
731	758
731	809
731	894
732	750
732	770
732	870
733	737
733	984
734	852
734	882
735	829
735	917
735	927
736	924
737	747
737	798
737	948
737	971
738	752
738	875
738	979
739	782
739	980
739	990
740	794
740	844
740	880
740	954
741	918
741	1114
742	770
742	832
742	851
742	872
742	994
743	795
743	858
744	821
744	853
745	835
745	883
745	992
746	833
746	931
747	771
747	960
748	799
748	857
748	899
749	804
749	897
750	853
750	909
751	792
751	794
751	850
752	808
752	809
753	755
753	994
754	808
755	800
755	850
756	769
756	807
756	833
756	873
756	928
756	996
757	830
757	993
758	974
758	995
759	791
759	900
759	968
759	1994
760	792
760	976
762	940
762	944
763	791
763	919
764	801
764	851
766	857
766	874
767	778
767	814
767	942
768	901
768	977
769	771
769	847
769	992
770	854
770	873
772	891
773	790
773	1808
774	936
774	987
774	990
775	818
776	779
776	793
776	819
776	852
776	902
776	926
776	993
777	826
777	956
777	989
778	887
778	924
779	791
779	847
779	907
780	929
780	948
780	982
780	995
781	1043
782	909
782	973
782	994
783	802
783	821
784	843
784	845
784	946
784	971
785	817
785	867
785	982
786	885
786	1019
787	860
787	883
787	988
788	806
788	863
788	985
789	870
789	955
789	969
790	813
790	860
790	901
791	870
791	877
791	915
791	923
792	818
792	968
792	994
793	905
793	935
793	957
793	1949
794	864
794	866
795	884
795	942
796	878
796	940
796	947
797	942
798	800
798	826
798	873
799	1936
800	888
800	899
800	1239
801	804
801	910
801	939
801	956
802	906
802	934
802	988
803	828
804	846
804	900
804	923
805	838
805	862
805	865
805	997
806	882
807	930
809	819
809	840
809	848
809	850
809	944
810	855
811	964
812	856
813	816
813	855
813	898
813	951
814	941
815	965
815	973
816	919
816	968
816	983
817	832
817	916
818	911
818	980
819	922
819	924
819	953
819	998
820	837
820	930
821	838
822	912
823	942
823	993
825	839
825	960
826	991
827	920
827	951
828	848
828	889
828	953
828	1073
829	905
830	844
830	869
830	942
830	960
831	887
831	998
832	998
833	844
833	861
833	928
833	944
835	841
836	905
836	924
837	995
838	927
838	966
839	845
839	859
839	976
839	995
839	1222
839	1375
840	921
840	940
840	986
841	869
841	887
841	983
842	1124
843	879
843	905
844	849
845	937
845	954
846	934
848	871
849	939
849	953
849	973
850	958
850	975
851	996
852	882
852	896
852	907
853	895
856	1195
858	883
858	976
859	911
859	969
859	977
859	980
859	989
860	867
860	1126
861	867
861	893
861	922
861	984
862	964
863	954
863	958
865	938
866	874
866	945
866	955
868	883
868	891
868	926
869	918
869	982
870	912
870	918
874	932
874	937
876	946
879	917
879	929
880	965
881	929
882	886
884	917
884	971
884	996
885	968
886	899
886	986
887	889
888	931
888	949
888	981
889	915
889	934
890	914
890	938
890	957
892	943
894	992
895	900
895	969
896	954
898	979
899	963
901	910
901	954
902	934
903	933
903	935
903	938
904	919
904	939
904	953
904	956
905	995
906	940
906	944
908	920
908	972
908	989
912	922
913	999
914	926
914	946
914	950
915	953
916	985
917	984
923	945
924	961
925	933
925	953
927	988
934	969
937	952
937	960
937	983
937	990
938	979
939	991
941	969
942	970
942	999
945	984
949	1363
950	980
951	991
952	986
954	962
954	1560
955	992
958	976
959	964
959	1317
961	992
963	964
964	976
964	997
967	979
969	1323
973	1935
978	987
982	992
983	995
993	1193
1000	1125
1000	1173
1000	1444
1000	1610
1000	1662
1000	1682
1000	1801
1000	1835
1000	1902
1001	1009
1001	1268
1001	1323
1001	1410
1001	1480
1001	1734
1001	1832
1002	1018
1002	1120
1002	1248
1002	1344
1002	1511
1002	1623
1002	1748
1002	1835
1002	1965
1003	1045
1003	1116
1003	1134
1003	1427
1003	1511
1003	1523
1003	1532
1003	1681
1003	1803
1003	1807
1003	1893
1003	1919
1003	1991
1004	1099
1004	1144
1004	1173
1004	1277
1004	1361
1004	1505
1004	1527
1004	1728
1004	1943
1004	1969
1005	1037
1005	1128
1005	1309
1005	1375
1005	1472
1005	1496
1005	1528
1005	1630
1005	1638
1005	1711
1005	1881
1005	1894
1005	1896
1005	1942
1005	1965
1005	1983
1005	1984
1006	1123
1006	1204
1006	1276
1006	1771
1006	1797
1006	1805
1006	1939
1006	1963
1007	1133
1007	1462
1007	1621
1007	1686
1007	1704
1007	1751
1007	1780
1007	1928
1008	1144
1008	1458
1008	1467
1008	1765
1009	1076
1009	1080
1009	1261
1009	1282
1009	1296
1009	1330
1009	1432
1009	1577
1009	1640
1009	1783
1009	1848
1009	1999
1010	1051
1010	1128
1010	1680
1010	1699
1010	1719
1010	1761
1010	1800
1010	1942
1011	1045
1011	1105
1011	1117
1011	1132
1011	1167
1011	1188
1011	1275
1011	1650
1011	1733
1011	1777
1011	1942
1011	1973
1012	1017
1012	1043
1012	1167
1012	1209
1012	1483
1012	1667
1012	1722
1012	1790
1012	1905
1013	1271
1013	1342
1013	1361
1013	1363
1013	1402
1013	1441
1013	1648
1013	1658
1013	1942
1014	1084
1014	1186
1014	1234
1014	1271
1014	1313
1014	1360
1014	1702
1014	1769
1014	1786
1014	1866
1015	1053
1015	1080
1015	1204
1015	1298
1015	1330
1015	1600
1015	1604
1015	1777
1015	1836
1015	1848
1016	1040
1016	1061
1016	1080
1016	1250
1016	1264
1016	1269
1016	1452
1016	1534
1016	1541
1016	1683
1016	1724
1016	1762
1017	1182
1017	1188
1017	1534
1017	1545
1017	1784
1018	1158
1018	1210
1018	1428
1018	1429
1018	1534
1018	1873
1018	1911
1019	1090
1019	1127
1019	1193
1019	1280
1019	1285
1019	1464
1019	1802
1019	1811
1019	1891
1020	1132
1020	1254
1020	1270
1020	1301
1020	1333
1020	1383
1020	1502
1020	1582
1020	1629
1020	1637
1020	1647
1020	1672
1020	1867
1020	1897
1021	1107
1021	1136
1021	1141
1021	1180
1021	1418
1021	1434
1021	1590
1021	1826
1021	1908
1021	1959
1021	1968
1022	1220
1022	1235
1022	1536
1022	1578
1022	1707
1022	1738
1022	1815
1022	1911
1023	1162
1023	1186
1023	1207
1023	1414
1023	1427
1023	1602
1023	1817
1023	1818
1023	1865
1024	1058
1024	1109
1024	1119
1024	1393
1024	1640
1024	1816
1024	1938
1025	1086
1025	1182
1025	1284
1025	1369
1025	1458
1025	1922
1025	1937
1026	1120
1026	1369
1026	1421
1026	1499
1026	1551
1026	1596
1026	1644
1026	1741
1026	1759
1026	1778
1026	1799
1027	1270
1027	1406
1027	1519
1027	1710
1027	1726
1028	1157
1028	1362
1028	1437
1028	1550
1028	1609
1028	1653
1028	1690
1028	1799
1028	1800
1028	1829
1028	1883
1028	1919
1028	1956
1029	1070
1029	1122
1029	1157
1029	1387
1029	1519
1029	1593
1029	1678
1029	1721
1029	1921
1029	1948
1030	1049
1030	1102
1030	1107
1030	1174
1030	1262
1030	1348
1030	1378
1030	1440
1030	1566
1030	1577
1030	1676
1030	1682
1030	1746
1030	1788
1031	1131
1031	1242
1031	1350
1031	1635
1031	1661
1031	1714
1031	1767
1031	1829
1031	1848
1032	1061
1032	1143
1032	1197
1032	1303
1032	1399
1032	1408
1032	1597
1032	1885
1032	1981
1033	1053
1033	1422
1033	1564
1033	1592
1033	1614
1033	1956
1034	1095
1034	1271
1034	1305
1034	1364
1034	1459
1034	1481
1034	1501
1034	1531
1034	1584
1034	1601
1034	1715
1034	1778
1034	1887
1034	1936
1035	1223
1035	1225
1035	1231
1035	1237
1035	1276
1035	1379
1035	1484
1035	1488
1035	1673
1035	1905
1036	1094
1036	1267
1036	1406
1036	1435
1036	1564
1036	1583
1036	1855
1036	1873
1036	1886
1036	1943
1037	1059
1037	1256
1037	1376
1037	1643
1037	1822
1037	1869
1037	1881
1037	1940
1038	1074
1038	1146
1038	1388
1038	1512
1038	1657
1038	1760
1039	1079
1039	1349
1039	1456
1039	1539
1039	1629
1039	1670
1039	1907
1040	1070
1040	1108
1040	1342
1040	1592
1040	1693
1040	1860
1040	1899
1040	1914
1041	1121
1041	1137
1041	1154
1041	1173
1041	1243
1041	1483
1041	1489
1041	1538
1041	1757
1041	1815
1041	1828
1041	1851
1042	1284
1042	1324
1042	1436
1042	1467
1042	1796
1042	1869
1043	1094
1043	1134
1043	1171
1043	1174
1043	1232
1043	1526
1043	1715
1043	1728
1043	1743
1043	1745
1043	1858
1044	1113
1044	1465
1044	1710
1044	1778
1044	1784
1044	1865
1044	1950
1045	1318
1045	1397
1045	1403
1045	1463
1045	1561
1045	1611
1045	1659
1046	1128
1046	1320
1046	1391
1046	1472
1046	1579
1046	1706
1046	1743
1046	1775
1046	1929
1046	1962
1046	1967
1046	1988
1047	1070
1047	1148
1047	1282
1047	1329
1047	1453
1047	1501
1047	1537
1047	1548
1047	1554
1047	1558
1047	1897
1048	1398
1048	1499
1048	1504
1048	1548
1048	1994
1049	1200
1049	1212
1049	1241
1049	1277
1049	1353
1049	1463
1049	1639
1049	1658
1049	1780
1049	1818
1049	1842
1049	1851
1049	1971
1049	1978
1050	1180
1050	1219
1050	1321
1050	1329
1050	1765
1050	1862
1050	1931
1051	1054
1051	1090
1051	1202
1051	1260
1051	1296
1051	1332
1051	1419
1051	1448
1051	1616
1051	1801
1052	1070
1052	1127
1052	1186
1052	1230
1052	1383
1052	1386
1052	1931
1052	1937
1053	1094
1053	1268
1053	1279
1053	1412
1053	1448
1053	1544
1053	1585
1053	1591
1053	1646
1053	1664
1053	1765
1053	1875
1053	1891
1053	1976
1053	1998
1054	1192
1054	1232
1054	1250
1054	1310
1054	1613
1054	1700
1054	1755
1054	1836
1054	1849
1055	1057
1055	1116
1055	1158
1055	1255
1055	1264
1055	1277
1055	1689
1055	1703
1055	1759
1055	1818
1055	1827
1055	1959
1056	1218
1056	1260
1056	1261
1056	1385
1056	1455
1056	1540
1056	1722
1056	1814
1056	1827
1056	1881
1056	1918
1057	1293
1057	1328
1057	1376
1057	1398
1057	1459
1057	1473
1057	1570
1057	1629
1057	1681
1057	1705
1057	1776
1057	1997
1058	1109
1058	1113
1058	1287
1058	1324
1058	1549
1058	1740
1058	1744
1058	1752
1058	1818
1058	1825
1058	1902
1058	1960
1058	1976
1058	1981
1059	1061
1059	1110
1059	1112
1059	1357
1059	1492
1059	1539
1059	1587
1059	1757
1059	1832
1059	1978
1060	1218
1060	1243
1060	1317
1060	1365
1060	1397
1060	1752
1060	1788
1060	1890
1060	1898
1060	1972
1060	1982
1061	1216
1061	1221
1061	1259
1061	1312
1061	1624
1061	1747
1062	1160
1062	1200
1062	1356
1062	1407
1062	1434
1062	1667
1062	1689
1062	1732
1062	1759
1062	1804
1063	1064
1063	1088
1063	1191
1063	1241
1063	1330
1063	1473
1063	1713
1063	1805
1063	1998
1064	1126
1064	1271
1064	1275
1064	1437
1064	1473
1064	1486
1064	1487
1064	1670
1064	1888
1065	1238
1065	1354
1065	1360
1065	1396
1065	1436
1065	1468
1065	1502
1065	1582
1065	1704
1065	1735
1065	1802
1065	1894
1065	1995
1066	1079
1066	1093
1066	1193
1066	1216
1066	1236
1066	1483
1066	1551
1066	1702
1066	1880
1066	1910
1066	1923
1067	1319
1067	1362
1067	1388
1067	1477
1067	1482
1067	1595
1067	1760
1067	1765
1067	1913
1068	1128
1068	1179
1068	1472
1068	1499
1068	1616
1068	1617
1068	1625
1068	1772
1068	1831
1068	1875
1068	1923
1069	1089
1069	1112
1069	1164
1069	1207
1069	1222
1069	1284
1069	1288
1069	1646
1069	1797
1069	1850
1069	1949
1069	1998
1070	1289
1070	1374
1070	1500
1070	1696
1070	1897
1070	1971
1071	1121
1071	1127
1071	1196
1071	1548
1071	1697
1071	1768
1071	1799
1071	1849
1072	1121
1072	1209
1072	1325
1072	1393
1072	1429
1072	1451
1072	1455
1072	1527
1072	1705
1072	1798
1072	1851
1072	1862
1072	1887
1072	1947
1072	1959
1073	1302
1073	1373
1073	1548
1073	1644
1073	1779
1073	1833
1073	1834
1074	1168
1074	1598
1074	1811
1074	1828
1075	1117
1075	1119
1075	1120
1075	1192
1075	1256
1075	1417
1075	1477
1075	1606
1075	1767
1075	1787
1075	1822
1075	1846
1075	1847
1075	1902
1075	1988
1076	1162
1076	1214
1076	1411
1076	1526
1076	1643
1076	1667
1076	1750
1076	1894
1077	1213
1077	1218
1077	1286
1077	1681
1077	1894
1078	1208
1078	1260
1078	1402
1078	1465
1078	1636
1078	1640
1078	1653
1078	1874
1078	1928
1078	1984
1079	1354
1079	1361
1079	1405
1079	1651
1079	1825
1079	1842
1079	1873
1080	1135
1080	1137
1080	1199
1080	1255
1080	1258
1080	1285
1080	1331
1080	1429
1080	1481
1080	1555
1080	1607
1080	1742
1080	1817
1080	1833
1080	1999
1081	1206
1081	1240
1081	1280
1081	1602
1081	1684
1081	1754
1081	1821
1081	1865
1081	1988
1082	1337
1082	1587
1082	1685
1082	1721
1082	1849
1082	1860
1083	1132
1083	1141
1083	1142
1083	1589
1083	1639
1083	1803
1083	1804
1083	1904
1083	1925
1083	1954
1084	1106
1084	1242
1084	1256
1084	1297
1084	1304
1084	1357
1084	1394
1084	1782
1084	1839
1084	1900
1084	1957
1085	1254
1085	1353
1085	1412
1085	1465
1085	1555
1085	1566
1085	1580
1085	1630
1085	1638
1085	1739
1085	1817
1085	1857
1085	1861
1086	1115
1086	1304
1086	1352
1086	1491
1086	1698
1086	1794
1086	1970
1087	1140
1087	1170
1087	1436
1087	1468
1087	1551
1087	1777
1087	1786
1087	1870
1088	1128
1088	1138
1088	1144
1088	1210
1088	1375
1088	1438
1088	1548
1088	1585
1088	1848
1088	1894
1089	1109
1089	1147
1089	1226
1089	1421
1089	1523
1089	1627
1089	1668
1089	1686
1089	1737
1089	1771
1089	1824
1089	1910
1090	1118
1090	1134
1090	1365
1090	1389
1090	1570
1090	1588
1090	1600
1090	1784
1090	1851
1090	1919
1090	1962
1091	1137
1091	1194
1091	1293
1091	1561
1091	1781
1091	1816
1091	1957
1092	1139
1092	1192
1092	1248
1092	1353
1092	1354
1092	1441
1092	1612
1092	1827
1092	1920
1093	1147
1093	1259
1093	1278
1093	1697
1094	1564
1094	1655
1094	1701
1094	1875
1094	1993
1095	1182
1095	1242
1095	1276
1095	1313
1095	1462
1095	1659
1095	1843
1095	1881
1096	1106
1096	1274
1096	1282
1096	1370
1096	1440
1096	1474
1096	1527
1096	1628
1096	1676
1096	1755
1096	1893
1096	1952
1097	1280
1097	1359
1097	1452
1097	1458
1097	1546
1097	1687
1097	1833
1097	1838
1097	1883
1097	1960
1098	1119
1098	1151
1098	1333
1098	1360
1098	1485
1098	1701
1098	1838
1098	1849
1098	1859
1098	1862
1098	1950
1098	1951
1098	1956
1099	1130
1099	1234
1099	1284
1099	1330
1099	1496
1099	1636
1099	1638
1099	1658
1099	1704
1099	1838
1099	1839
1099	1885
1100	1150
1100	1410
1100	1522
1100	1601
1100	1665
1101	1276
1101	1293
1101	1394
1101	1451
1101	1458
1101	1481
1101	1608
1101	1682
1101	1705
1101	1838
1101	1880
1101	1909
1101	1915
1101	1931
1101	1986
1102	1294
1102	1342
1102	1389
1102	1494
1102	1495
1102	1657
1102	1684
1102	1778
1102	1820
1103	1305
1103	1334
1103	1506
1103	1552
1103	1649
1103	1650
1103	1665
1103	1675
1103	1736
1103	1822
1103	1891
1104	1132
1104	1307
1104	1362
1104	1374
1104	1380
1104	1405
1104	1471
1104	1782
1104	1893
1104	1946
1105	1187
1105	1339
1105	1572
1105	1763
1105	1991
1106	1139
1106	1161
1106	1305
1106	1422
1106	1507
1106	1600
1106	1741
1106	1761
1106	1762
1106	1877
1107	1119
1107	1202
1107	1224
1107	1303
1107	1321
1107	1404
1107	1571
1107	1610
1107	1646
1107	1647
1107	1804
1107	1960
1108	1189
1108	1229
1108	1436
1108	1437
1109	1446
1109	1518
1109	1545
1109	1567
1109	1579
1110	1136
1110	1203
1110	1231
1110	1284
1110	1373
1110	1414
1110	1642
1110	1820
1110	1833
1110	1853
1110	1905
1110	1908
1110	1917
1111	1175
1111	1299
1111	1457
1111	1659
1111	1814
1111	1847
1112	1129
1112	1164
1112	1370
1112	1405
1112	1436
1112	1502
1112	1506
1112	1561
1112	1567
1112	1592
1112	1705
1112	1770
1112	1778
1112	1808
1112	1831
1112	1837
1112	1867
1112	1870
1112	1895
1112	1963
1112	1983
1112	1986
1112	1990
1113	1331
1113	1332
1113	1537
1113	1616
1113	1709
1113	1750
1114	1282
1114	1576
1114	1615
1114	1801
1115	1508
1115	1694
1115	1869
1115	1911
1115	1920
1115	1926
1115	1951
1116	1271
1116	1290
1116	1313
1116	1384
1116	1719
1116	1784
1116	1997
1117	1375
1117	1624
1117	1625
1117	1630
1117	1695
1117	1920
1118	1153
1118	1462
1118	1500
1118	1644
1118	1686
1118	1687
1118	1757
1118	1817
1118	1851
1118	1903
1118	1925
1118	1942
1118	1995
1119	1143
1119	1229
1119	1235
1119	1251
1119	1455
1119	1480
1119	1555
1119	1630
1119	1658
1119	1836
1119	1864
1120	1198
1120	1383
1120	1678
1120	1709
1121	1223
1121	1424
1121	1681
1121	1712
1121	1814
1121	1881
1122	1124
1122	1302
1122	1312
1122	1503
1122	1520
1122	1535
1122	1552
1122	1663
1122	1726
1122	1858
1123	1222
1123	1300
1123	1362
1123	1562
1123	1662
1123	1683
1123	1760
1123	1890
1123	1896
1123	1936
1123	1940
1124	1129
1124	1246
1124	1510
1124	1656
1124	1681
1124	1687
1125	1156
1125	1292
1125	1300
1125	1410
1125	1521
1125	1716
1125	1801
1125	1856
1126	1210
1126	1224
1126	1227
1126	1255
1126	1275
1126	1512
1126	1717
1126	1819
1126	1883
1126	1940
1127	1150
1127	1274
1127	1393
1127	1467
1127	1484
1127	1652
1127	1813
1127	1852
1128	1166
1128	1185
1128	1188
1128	1328
1128	1587
1128	1612
1128	1814
1128	1945
1128	1975
1128	1989
1128	1994
1129	1233
1129	1241
1129	1246
1129	1381
1129	1440
1129	1451
1129	1498
1129	1691
1129	1786
1129	1907
1129	1968
1130	1137
1130	1192
1130	1245
1130	1342
1130	1433
1130	1510
1130	1600
1130	1966
1131	1281
1131	1299
1131	1638
1131	1653
1131	1735
1131	1737
1131	1949
1132	1138
1132	1175
1132	1373
1132	1518
1132	1535
1132	1762
1132	1781
1132	1899
1133	1243
1133	1312
1133	1530
1133	1689
1133	1835
1133	1907
1134	1240
1134	1259
1134	1369
1134	1374
1134	1415
1134	1674
1134	1754
1134	1908
1134	1939
1134	1946
1134	1947
1134	1950
1135	1260
1135	1311
1135	1514
1135	1677
1135	1758
1135	1771
1135	1831
1136	1151
1136	1198
1136	1235
1136	1335
1136	1382
1136	1438
1136	1525
1136	1572
1136	1628
1136	1815
1136	1944
1137	1200
1137	1427
1137	1461
1137	1481
1137	1636
1138	1156
1138	1396
1138	1560
1138	1567
1138	1599
1138	1743
1138	1949
1139	1143
1139	1215
1139	1409
1139	1567
1139	1635
1139	1660
1139	1719
1139	1828
1140	1400
1140	1464
1140	1475
1140	1823
1140	1909
1140	1963
1141	1215
1141	1229
1141	1232
1141	1248
1141	1313
1141	1381
1141	1478
1141	1713
1141	1745
1141	1840
1141	1860
1141	1911
1141	1991
1142	1197
1142	1269
1142	1285
1142	1431
1142	1561
1142	1693
1142	1940
1143	1156
1143	1300
1143	1311
1143	1435
1143	1543
1143	1748
1144	1224
1144	1332
1144	1378
1144	1419
1144	1423
1144	1662
1144	1667
1144	1801
1144	1850
1144	1969
1145	1236
1145	1306
1145	1562
1145	1696
1145	1897
1146	1197
1146	1253
1146	1259
1146	1314
1146	1407
1146	1550
1146	1569
1146	1603
1146	1665
1146	1901
1146	1918
1146	1936
1146	1982
1147	1214
1147	1327
1147	1469
1147	1566
1147	1631
1147	1679
1147	1687
1147	1693
1147	1920
1148	1166
1148	1217
1148	1242
1148	1268
1148	1488
1148	1500
1148	1575
1148	1645
1148	1708
1148	1849
1148	1883
1149	1289
1149	1298
1149	1459
1149	1470
1149	1476
1149	1505
1149	1600
1149	1637
1149	1690
1149	1742
1149	1785
1150	1296
1150	1316
1150	1379
1150	1392
1150	1584
1150	1624
1150	1694
1150	1943
1150	1973
1151	1356
1151	1373
1151	1465
1151	1495
1151	1975
1152	1213
1152	1340
1152	1359
1152	1363
1152	1398
1152	1433
1152	1734
1152	1786
1152	1851
1153	1431
1153	1519
1153	1619
1153	1646
1153	1926
1153	1982
1154	1406
1154	1466
1154	1575
1154	1600
1154	1641
1155	1203
1155	1210
1155	1268
1155	1422
1155	1542
1155	1701
1155	1814
1155	1895
1155	1926
1156	1207
1156	1262
1156	1327
1156	1396
1156	1480
1156	1630
1156	1806
1156	1859
1156	1950
1156	1997
1157	1163
1157	1206
1157	1252
1157	1367
1157	1385
1157	1399
1157	1462
1157	1510
1157	1659
1157	1772
1157	1924
1157	1986
1158	1207
1158	1369
1158	1440
1158	1459
1158	1618
1158	1639
1158	1681
1158	1715
1158	1806
1158	1878
1159	1235
1159	1432
1159	1435
1159	1737
1159	1774
1159	1896
1159	1944
1159	1982
1160	1240
1160	1451
1160	1529
1161	1229
1161	1384
1161	1465
1161	1476
1161	1605
1161	1637
1161	1707
1161	1786
1161	1829
1161	1892
1161	1987
1162	1231
1162	1386
1162	1522
1162	1702
1162	1847
1162	1891
1162	1907
1162	1911
1162	1919
1163	1267
1163	1659
1163	1772
1163	1788
1164	1192
1164	1209
1164	1216
1164	1263
1164	1349
1164	1411
1164	1429
1164	1662
1164	1732
1164	1813
1164	1978
1164	1996
1165	1239
1165	1540
1165	1711
1165	1784
1165	1802
1165	1824
1165	1832
1165	1866
1165	1914
1166	1178
1166	1361
1166	1450
1166	1473
1166	1609
1166	1717
1166	1848
1167	1400
1167	1580
1167	1653
1167	1709
1167	1813
1167	1828
1167	1834
1167	1988
1168	1218
1168	1670
1168	1868
1168	1914
1168	1932
1169	1217
1169	1250
1169	1366
1169	1474
1169	1524
1169	1641
1169	1802
1169	1932
1170	1325
1170	1534
1170	1562
1170	1787
1170	1801
1171	1179
1171	1513
1171	1700
1171	1723
1171	1959
1172	1176
1172	1184
1172	1211
1172	1370
1172	1490
1172	1497
1172	1524
1172	1534
1172	1558
1172	1587
1172	1602
1172	1665
1172	1669
1172	1703
1172	1760
1172	1786
1172	1893
1172	1907
1173	1214
1173	1240
1173	1375
1173	1449
1173	1491
1173	1573
1173	1589
1173	1903
1173	1911
1173	1933
1174	1393
1174	1540
1174	1664
1174	1675
1174	1700
1174	1752
1174	1806
1174	1814
1174	1917
1174	1937
1175	1182
1175	1199
1175	1241
1175	1282
1175	1320
1175	1517
1175	1748
1175	1855
1176	1223
1176	1231
1176	1272
1176	1282
1176	1317
1176	1331
1176	1382
1176	1486
1176	1490
1176	1657
1176	1709
1176	1785
1176	1805
1177	1200
1177	1238
1177	1380
1177	1400
1177	1546
1177	1738
1177	1743
1177	1746
1177	1842
1177	1850
1177	1898
1178	1459
1178	1500
1178	1530
1178	1637
1178	1715
1178	1903
1178	1923
1179	1536
1179	1617
1179	1633
1179	1805
1179	1988
1180	1220
1180	1262
1180	1276
1180	1376
1180	1469
1180	1470
1180	1606
1180	1652
1180	1689
1180	1717
1180	1747
1180	1795
1180	1853
1180	1931
1180	1952
1181	1182
1181	1199
1181	1241
1181	1443
1181	1527
1181	1781
1182	1227
1182	1318
1182	1447
1182	1539
1182	1631
1182	1703
1182	1819
1183	1206
1183	1212
1183	1243
1183	1268
1183	1620
1183	1628
1183	1706
1183	1900
1184	1237
1184	1268
1184	1270
1184	1369
1184	1419
1184	1428
1184	1495
1184	1566
1184	1582
1184	1866
1184	1885
1184	1895
1184	1964
1185	1233
1185	1430
1185	1443
1185	1505
1185	1945
1185	1967
1186	1570
1186	1597
1186	1914
1187	1717
1187	1720
1187	1721
1187	1874
1187	1896
1188	1234
1188	1250
1188	1345
1188	1490
1188	1581
1188	1646
1188	1653
1188	1765
1188	1879
1189	1269
1189	1278
1189	1601
1189	1649
1189	1779
1189	1905
1190	1241
1190	1333
1190	1531
1190	1600
1190	1694
1190	1791
1190	1860
1190	1861
1191	1210
1191	1214
1191	1418
1191	1458
1191	1507
1191	1513
1191	1588
1191	1669
1191	1838
1191	1860
1191	1866
1191	1893
1192	1369
1192	1603
1192	1629
1192	1659
1192	1670
1192	1803
1192	1838
1192	1874
1193	1285
1193	1301
1193	1316
1193	1379
1193	1468
1193	1525
1193	1558
1193	1716
1193	1816
1193	1829
1193	1865
1193	1940
1194	1317
1194	1458
1194	1477
1194	1520
1194	1564
1194	1654
1194	1769
1194	1784
1194	1911
1194	1959
1195	1203
1195	1339
1195	1377
1195	1415
1195	1503
1195	1513
1195	1557
1195	1558
1195	1669
1195	1780
1195	1781
1195	1878
1195	1903
1196	1355
1196	1394
1196	1601
1196	1623
1196	1624
1196	1683
1196	1699
1196	1733
1196	1816
1196	1822
1196	1920
1196	1936
1197	1438
1197	1762
1197	1879
1197	1962
1198	1227
1198	1286
1198	1310
1198	1396
1198	1695
1198	1983
1199	1389
1199	1463
1199	1645
1199	1655
1199	1917
1200	1387
1200	1601
1200	1731
1200	1734
1200	1752
1200	1838
1200	1850
1200	1941
1201	1217
1201	1405
1201	1420
1201	1455
1201	1670
1201	1996
1202	1303
1202	1307
1202	1320
1202	1372
1202	1400
1202	1402
1202	1505
1202	1529
1202	1576
1202	1745
1202	1796
1202	1866
1203	1333
1203	1393
1203	1477
1203	1557
1203	1573
1203	1632
1203	1664
1203	1772
1203	1880
1203	1955
1203	1972
1203	1996
1204	1230
1204	1526
1204	1539
1204	1608
1204	1628
1204	1674
1204	1789
1204	1816
1204	1913
1204	1922
1205	1347
1205	1429
1205	1965
1206	1389
1206	1593
1206	1711
1206	1772
1206	1805
1206	1937
1206	1945
1207	1291
1207	1505
1207	1621
1207	1651
1207	1718
1207	1862
1207	1891
1207	1960
1207	1989
1208	1218
1208	1257
1208	1260
1208	1326
1208	1342
1208	1389
1208	1521
1208	1533
1208	1640
1208	1777
1208	1817
1208	1822
1209	1213
1209	1351
1209	1426
1209	1656
1209	1777
1209	1846
1210	1268
1210	1330
1210	1487
1210	1793
1211	1324
1211	1413
1211	1518
1211	1731
1211	1738
1211	1830
1211	1905
1211	1983
1212	1306
1212	1307
1212	1346
1212	1449
1212	1518
1212	1593
1212	1831
1212	1889
1212	1947
1213	1302
1213	1502
1213	1594
1213	1830
1213	1848
1214	1284
1214	1303
1214	1325
1214	1422
1214	1522
1214	1696
1214	1728
1214	1781
1214	1829
1214	1902
1214	1925
1215	1289
1215	1439
1215	1543
1215	1610
1215	1853
1215	1871
1215	1940
1216	1266
1216	1325
1216	1604
1216	1673
1216	1923
1217	1282
1217	1320
1217	1408
1217	1571
1217	1581
1217	1661
1217	1700
1217	1705
1217	1874
1218	1221
1218	1352
1218	1360
1218	1407
1218	1558
1218	1763
1218	1788
1218	1881
1218	1891
1219	1397
1219	1519
1219	1565
1219	1659
1219	1668
1219	1710
1219	1741
1220	1221
1220	1271
1220	1312
1220	1570
1220	1749
1220	1821
1220	1857
1221	1312
1221	1331
1221	1404
1221	1446
1221	1487
1221	1697
1221	1803
1222	1296
1222	1352
1222	1376
1222	1828
1222	1890
1223	1374
1223	1428
1223	1450
1223	1518
1223	1656
1223	1954
1224	1225
1224	1270
1224	1376
1224	1448
1224	1624
1224	1656
1224	1808
1224	1897
1224	1915
1225	1331
1225	1347
1225	1348
1225	1468
1225	1473
1225	1507
1225	1590
1225	1678
1225	1679
1225	1722
1225	1858
1225	1952
1226	1335
1226	1342
1226	1411
1226	1715
1226	1718
1226	1720
1226	1876
1227	1248
1227	1272
1227	1443
1227	1682
1227	1706
1227	1709
1227	1715
1228	1447
1228	1473
1228	1474
1228	1551
1228	1572
1228	1653
1228	1837
1229	1407
1229	1470
1229	1601
1229	1752
1229	1753
1229	1792
1229	1865
1229	1973
1230	1330
1230	1590
1230	1788
1230	1810
1230	1826
1230	1835
1230	1912
1230	1954
1231	1411
1231	1417
1231	1626
1231	1672
1231	1762
1231	1791
1231	1806
1231	1847
1232	1294
1232	1569
1232	1583
1232	1682
1232	1698
1232	1863
1233	1468
1233	1539
1233	1691
1233	1741
1233	1814
1233	1828
1233	1846
1233	1897
1233	1917
1233	1951
1233	1980
1234	1318
1234	1362
1234	1366
1234	1418
1234	1455
1234	1491
1234	1492
1234	1674
1234	1775
1234	1980
1235	1375
1235	1745
1235	1772
1235	1815
1235	1905
1236	1299
1236	1350
1236	1411
1236	1570
1236	1706
1236	1813
1236	1857
1236	1963
1237	1408
1237	1409
1237	1421
1237	1440
1237	1446
1237	1571
1237	1594
1237	1609
1237	1616
1237	1695
1237	1728
1237	1747
1237	1825
1238	1270
1238	1383
1238	1517
1238	1557
1238	1571
1238	1581
1238	1586
1238	1623
1238	1684
1238	1775
1238	1803
1238	1805
1238	1815
1238	1908
1238	1925
1239	1365
1239	1423
1239	1707
1239	1759
1239	1797
1239	1853
1239	1876
1239	1941
1239	1958
1240	1277
1240	1317
1240	1395
1240	1493
1240	1688
1240	1864
1240	1878
1241	1380
1241	1483
1241	1656
1241	1691
1241	1823
1242	1267
1242	1349
1242	1371
1242	1472
1242	1486
1242	1555
1242	1660
1242	1676
1242	1713
1242	1743
1242	1856
1242	1957
1243	1258
1243	1302
1243	1371
1243	1428
1243	1501
1243	1672
1243	1725
1243	1745
1243	1782
1243	1890
1243	1913
1243	1947
1244	1290
1244	1430
1244	1542
1244	1646
1244	1739
1245	1411
1245	1527
1245	1662
1245	1716
1245	1757
1245	1771
1245	1935
1245	1952
1246	1249
1246	1420
1246	1651
1246	1699
1246	1748
1246	1756
1246	1811
1246	1981
1246	1987
1247	1395
1247	1593
1247	1609
1247	1679
1247	1708
1247	1750
1247	1830
1247	1843
1247	1957
1248	1251
1248	1350
1248	1397
1248	1486
1248	1497
1248	1572
1248	1630
1248	1730
1248	1778
1248	1843
1249	1273
1249	1350
1249	1480
1249	1657
1249	1808
1250	1253
1250	1318
1250	1344
1250	1374
1250	1408
1250	1464
1250	1557
1250	1643
1250	1910
1250	1966
1251	1267
1251	1378
1251	1397
1251	1476
1251	1497
1251	1606
1251	1681
1251	1712
1251	1722
1251	1743
1251	1799
1251	1880
1251	1945
1251	1993
1252	1444
1252	1456
1252	1488
1252	1552
1252	1590
1252	1630
1252	1798
1252	1807
1252	1910
1252	1951
1252	1962
1253	1305
1253	1315
1253	1477
1253	1481
1253	1529
1253	1653
1253	1708
1253	1780
1253	1795
1253	1837
1254	1280
1254	1303
1254	1308
1254	1404
1254	1411
1254	1543
1254	1629
1254	1745
1254	1768
1254	1923
1254	1970
1255	1344
1255	1454
1255	1640
1255	1703
1255	1733
1255	1823
1256	1296
1256	1352
1256	1419
1256	1485
1256	1538
1256	1637
1256	1664
1256	1720
1256	1807
1256	1847
1256	1980
1257	1331
1257	1403
1257	1422
1257	1550
1257	1561
1257	1869
1258	1363
1258	1460
1258	1562
1258	1571
1258	1677
1258	1745
1258	1797
1258	1856
1258	1897
1258	1974
1259	1444
1259	1581
1259	1605
1259	1628
1259	1679
1259	1883
1259	1886
1260	1272
1260	1326
1260	1413
1260	1446
1260	1626
1260	1902
1260	1921
1261	1320
1261	1371
1261	1417
1261	1496
1261	1656
1261	1733
1261	1765
1262	1312
1262	1349
1262	1420
1262	1448
1262	1558
1262	1636
1262	1787
1262	1808
1263	1301
1263	1890
1264	1592
1264	1815
1264	1897
1265	1269
1265	1322
1265	1385
1265	1401
1265	1453
1265	1471
1265	1499
1265	1648
1265	1931
1266	1437
1266	1484
1266	1664
1266	1699
1266	1714
1266	1761
1266	1818
1266	1885
1266	1985
1267	1339
1267	1703
1267	1814
1267	1857
1267	1985
1268	1347
1268	1364
1268	1410
1268	1478
1268	1695
1268	1699
1268	1747
1269	1275
1269	1385
1269	1487
1269	1594
1269	1670
1269	1755
1269	1990
1270	1304
1270	1437
1270	1647
1270	1761
1270	1768
1270	1784
1270	1917
1270	1950
1270	1988
1271	1337
1271	1389
1271	1481
1271	1544
1271	1591
1271	1637
1271	1658
1271	1772
1271	1780
1271	1970
1271	1988
1272	1273
1272	1346
1272	1541
1272	1569
1272	1605
1272	1657
1272	1913
1272	1961
1272	1989
1273	1419
1273	1430
1273	1477
1273	1694
1273	1732
1273	1738
1273	1743
1273	1903
1274	1286
1274	1373
1274	1567
1274	1630
1274	1835
1275	1357
1275	1422
1275	1713
1275	1735
1275	1858
1275	1875
1275	1946
1275	1983
1275	1991
1276	1520
1276	1781
1276	1876
1276	1896
1277	1307
1277	1813
1277	1999
1278	1306
1278	1359
1278	1658
1278	1688
1279	1317
1279	1681
1279	1692
1279	1698
1279	1797
1279	1816
1279	1945
1279	1992
1280	1355
1280	1432
1280	1450
1280	1569
1281	1328
1281	1354
1281	1505
1281	1603
1281	1675
1281	1770
1281	1824
1281	1964
1282	1325
1282	1390
1282	1428
1282	1453
1282	1521
1282	1550
1282	1554
1282	1575
1282	1732
1282	1895
1282	1908
1283	1578
1283	1583
1283	1701
1283	1732
1283	1773
1283	1871
1284	1302
1284	1332
1284	1349
1284	1456
1284	1461
1284	1552
1284	1853
1284	1957
1285	1332
1285	1436
1285	1478
1285	1587
1285	1590
1285	1642
1285	1675
1285	1700
1285	1742
1285	1878
1285	1891
1286	1293
1286	1422
1286	1520
1286	1560
1286	1598
1286	1880
1286	1916
1286	1967
1286	1998
1287	1970
1288	1325
1288	1597
1288	1599
1288	1621
1288	1682
1288	1828
1288	1932
1289	1295
1289	1303
1289	1321
1289	1331
1289	1564
1289	1582
1289	1655
1289	1662
1289	1708
1289	1729
1289	1812
1289	1852
1289	1889
1289	1951
1289	1968
1290	1304
1290	1351
1290	1465
1290	1477
1290	1600
1290	1894
1290	1905
1290	1916
1291	1723
1291	1782
1291	1843
1291	1851
1292	1303
1292	1311
1292	1371
1292	1427
1292	1492
1292	1525
1292	1801
1292	1814
1292	1950
1293	1310
1293	1335
1293	1376
1293	1381
1293	1499
1293	1534
1293	1562
1293	1691
1293	1710
1293	1751
1293	1863
1293	1877
1293	1896
1293	1907
1293	1926
1293	1980
1294	1322
1294	1409
1294	1453
1294	1457
1294	1580
1294	1680
1294	1865
1294	1997
1295	1394
1295	1409
1295	1488
1295	1674
1295	1687
1295	1717
1295	1892
1295	1931
1296	1389
1296	1487
1296	1592
1296	1784
1296	1940
1297	1476
1297	1627
1297	1738
1297	1788
1297	1967
1297	1979
1298	1372
1298	1584
1298	1705
1298	1749
1298	1761
1298	1834
1298	1893
1298	1956
1299	1306
1299	1386
1299	1397
1299	1473
1299	1600
1299	1669
1299	1699
1299	1751
1299	1777
1299	1860
1299	1881
1299	1895
1300	1303
1300	1378
1300	1399
1300	1414
1300	1432
1300	1498
1300	1628
1300	1632
1300	1725
1301	1370
1301	1420
1301	1637
1301	1916
1302	1465
1302	1608
1302	1629
1302	1817
1302	1856
1302	1889
1302	1938
1302	1965
1302	1977
1303	1564
1303	1623
1303	1638
1303	1754
1303	1820
1303	1881
1303	1960
1304	1589
1304	1734
1304	1982
1305	1339
1305	1414
1305	1424
1305	1491
1305	1628
1305	1699
1305	1762
1305	1804
1305	1859
1305	1897
1306	1336
1306	1390
1306	1670
1306	1727
1306	1909
1306	1957
1307	1400
1307	1440
1307	1443
1307	1502
1307	1630
1307	1726
1307	1882
1307	1977
1308	1537
1309	1462
1309	1463
1309	1494
1309	1566
1309	1927
1310	1401
1310	1742
1310	1859
1310	1956
1311	1423
1311	1527
1311	1559
1311	1561
1311	1645
1311	1755
1311	1822
1311	1861
1311	1862
1311	1896
1311	1921
1312	1480
1312	1506
1312	1518
1312	1561
1312	1652
1312	1659
1312	1755
1312	1765
1312	1788
1312	1839
1313	1681
1313	1711
1313	1740
1313	1817
1313	1820
1313	1860
1313	1892
1313	1971
1314	1409
1314	1496
1314	1541
1314	1699
1314	1849
1314	1940
1314	1950
1314	1957
1314	1971
1314	1992
1315	1360
1315	1934
1316	1381
1316	1739
1316	1953
1316	1961
1316	1987
1317	1346
1317	1757
1317	1830
1317	1835
1318	1338
1318	1677
1318	1797
1319	1329
1319	1355
1319	1417
1319	1578
1319	1580
1319	1707
1319	1823
1319	1877
1319	1897
1320	1350
1320	1398
1320	1442
1320	1457
1320	1609
1320	1615
1320	1657
1320	1708
1320	1731
1320	1913
1320	1974
1321	1384
1321	1393
1321	1538
1321	1976
1322	1356
1322	1359
1322	1638
1322	1639
1322	1653
1322	1683
1322	1888
1323	1332
1323	1390
1323	1423
1323	1436
1323	1456
1323	1719
1323	1821
1323	1904
1323	1934
1324	1326
1324	1350
1324	1381
1324	1473
1324	1604
1324	1719
1324	1897
1324	1992
1325	1486
1325	1493
1325	1569
1325	1632
1325	1675
1325	1741
1325	1926
1326	1385
1326	1398
1326	1507
1326	1654
1326	1746
1326	1757
1327	1362
1327	1385
1327	1510
1327	1593
1327	1615
1328	1381
1328	1443
1328	1486
1328	1531
1328	1652
1328	1839
1328	1843
1328	1898
1329	1366
1329	1489
1329	1508
1329	1513
1329	1694
1329	1758
1329	1985
1330	1473
1330	1679
1330	1766
1330	1819
1330	1853
1331	1372
1331	1687
1331	1793
1331	1888
1331	1957
1332	1351
1332	1413
1332	1428
1332	1678
1332	1875
1332	1915
1332	1978
1333	1388
1333	1565
1333	1765
1333	1794
1333	1903
1333	1907
1334	1384
1334	1469
1334	1505
1334	1626
1334	1630
1334	1658
1334	1698
1334	1703
1334	1728
1334	1879
1334	1976
1334	1994
1335	1398
1335	1596
1335	1615
1335	1846
1335	1952
1335	1959
1336	1490
1336	1512
1336	1595
1336	1638
1336	1665
1337	1472
1337	1577
1337	1586
1337	1633
1337	1682
1337	1983
1338	1375
1338	1393
1338	1464
1338	1567
1338	1659
1338	1875
1338	1996
1339	1413
1339	1437
1339	1455
1339	1514
1339	1644
1339	1757
1339	1806
1339	1914
1339	1987
1340	1365
1340	1459
1340	1993
1341	1342
1341	1534
1341	1617
1341	1670
1341	1701
1341	1799
1341	1812
1341	1823
1341	1855
1341	1954
1341	1959
1342	1388
1342	1481
1342	1485
1342	1809
1343	1398
1343	1426
1343	1496
1343	1568
1343	1601
1343	1961
1344	1464
1344	1506
1344	1536
1344	1563
1344	1653
1344	1669
1344	1672
1344	1843
1344	1875
1345	1420
1345	1465
1345	1544
1345	1610
1345	1726
1345	1868
1346	1634
1346	1775
1346	1804
1346	1924
1347	1383
1347	1384
1347	1475
1347	1642
1347	1766
1347	1772
1347	1792
1347	1806
1347	1915
1347	1938
1348	1392
1348	1496
1348	1552
1348	1639
1348	1649
1348	1668
1348	1795
1348	1806
1348	1905
1348	1910
1349	1414
1349	1463
1349	1780
1350	1456
1350	1489
1350	1500
1350	1527
1350	1559
1350	1576
1350	1597
1350	1700
1350	1895
1350	1938
1350	1951
1351	1371
1351	1384
1351	1394
1351	1430
1351	1679
1351	1776
1351	1936
1351	1994
1352	1477
1352	1510
1352	1522
1352	1672
1352	1861
1352	1967
1353	1372
1353	1478
1353	1493
1353	1551
1353	1564
1353	1644
1353	1860
1353	1948
1353	1972
1354	1364
1354	1427
1354	1478
1354	1795
1354	1833
1354	1962
1355	1431
1355	1582
1355	1619
1355	1680
1355	1688
1355	1782
1355	1793
1355	1872
1355	1901
1355	1926
1356	1358
1356	1476
1356	1628
1356	1649
1356	1922
1356	1932
1357	1395
1357	1533
1357	1742
1357	1788
1357	1940
1357	1944
1357	1975
1358	1419
1358	1425
1358	1438
1358	1615
1358	1667
1358	1859
1358	1936
1359	1558
1359	1594
1359	1793
1359	1879
1359	1932
1360	1404
1360	1468
1360	1488
1360	1511
1360	1522
1360	1688
1360	1884
1360	1909
1360	1916
1361	1564
1361	1573
1361	1574
1361	1612
1362	1483
1362	1542
1362	1574
1362	1624
1362	1737
1362	1787
1362	1907
1362	1910
1362	1928
1362	1944
1363	1458
1363	1488
1363	1502
1363	1562
1363	1628
1363	1695
1363	1743
1363	1755
1363	1774
1363	1815
1363	1876
1363	1973
1363	1983
1364	1540
1364	1542
1364	1677
1364	1756
1364	1777
1364	1780
1364	1880
1364	1928
1364	1978
1365	1389
1365	1566
1365	1589
1365	1673
1365	1723
1365	1750
1365	1812
1365	1820
1365	1885
1365	1917
1366	1368
1366	1426
1366	1499
1366	1648
1366	1875
1366	1913
1367	1373
1367	1427
1367	1669
1367	1717
1367	1753
1367	1859
1368	1548
1368	1679
1368	1691
1368	1805
1368	1808
1368	1817
1368	1870
1369	1432
1369	1464
1369	1667
1369	1709
1369	1834
1369	1915
1370	1390
1370	1484
1370	1525
1370	1756
1370	1765
1370	1853
1370	1941
1371	1469
1371	1500
1371	1512
1371	1598
1371	1617
1371	1808
1371	1872
1372	1400
1372	1422
1372	1651
1372	1684
1372	1749
1372	1765
1372	1830
1372	1864
1373	1397
1373	1554
1373	1563
1373	1581
1373	1596
1373	1885
1374	1483
1374	1860
1374	1895
1374	1919
1375	1661
1375	1674
1375	1789
1375	1878
1375	1965
1376	1420
1376	1647
1376	1959
1377	1382
1377	1478
1377	1601
1377	1831
1377	1893
1378	1440
1378	1591
1378	1630
1378	1711
1378	1783
1378	1852
1378	1868
1378	1881
1379	1517
1379	1650
1379	1718
1379	1801
1379	1884
1380	1411
1380	1584
1380	1822
1380	1872
1381	1482
1381	1539
1381	1629
1381	1688
1381	1724
1381	1903
1381	1942
1381	1980
1382	1599
1382	1622
1382	1660
1382	1887
1383	1448
1383	1576
1383	1625
1383	1715
1383	1768
1383	1778
1383	1920
1383	1975
1384	1590
1384	1593
1384	1623
1384	1661
1384	1682
1384	1703
1384	1720
1384	1771
1384	1779
1385	1578
1385	1835
1385	1852
1386	1388
1386	1463
1386	1464
1386	1576
1386	1653
1386	1762
1386	1881
1386	1974
1387	1389
1387	1504
1387	1506
1387	1608
1387	1665
1387	1720
1387	1853
1387	1917
1387	1985
1388	1450
1388	1610
1388	1829
1388	1896
1389	1433
1389	1438
1389	1604
1389	1729
1389	1932
1390	1763
1390	1789
1391	1417
1391	1425
1391	1454
1391	1594
1391	1609
1391	1754
1391	1834
1391	1899
1391	1933
1392	1437
1392	1571
1392	1611
1392	1659
1392	1671
1392	1721
1392	1793
1392	1803
1392	1804
1392	1943
1392	1962
1393	1427
1393	1454
1393	1519
1393	1557
1393	1627
1393	1630
1393	1638
1393	1684
1394	1452
1394	1529
1394	1535
1394	1636
1394	1686
1394	1696
1394	1776
1394	1820
1394	1861
1395	1517
1395	1553
1395	1557
1395	1664
1395	1674
1395	1730
1395	1811
1395	1843
1396	1600
1396	1668
1396	1890
1396	1963
1397	1521
1397	1579
1397	1635
1397	1824
1397	1873
1397	1910
1398	1454
1398	1506
1398	1572
1398	1650
1398	1658
1398	1844
1398	1940
1398	1964
1399	1559
1399	1589
1399	1693
1399	1825
1399	1932
1399	1998
1400	1538
1400	1681
1400	1812
1400	1834
1400	1989
1400	1992
1401	1432
1401	1440
1401	1894
1402	1447
1402	1543
1402	1648
1402	1696
1402	1965
1402	1990
1402	1996
1403	1847
1403	1930
1404	1455
1404	1494
1404	1656
1404	1685
1404	1750
1404	1798
1404	1870
1405	1423
1405	1456
1405	1633
1405	1745
1405	1840
1406	1422
1406	1461
1406	1640
1406	1683
1406	1811
1406	1894
1407	1584
1407	1686
1407	1715
1407	1772
1407	1893
1408	1532
1408	1737
1408	1781
1408	1789
1408	1818
1408	1885
1408	1989
1409	1590
1409	1599
1409	1686
1409	1735
1409	1788
1409	1823
1409	1835
1410	1419
1410	1540
1410	1583
1410	1706
1410	1725
1410	1778
1410	1835
1410	1869
1410	1904
1411	1428
1411	1506
1411	1608
1411	1745
1411	1791
1411	1916
1412	1531
1412	1551
1412	1557
1412	1648
1412	1804
1413	1418
1413	1511
1413	1610
1413	1755
1413	1877
1413	1930
1414	1481
1414	1623
1414	1714
1414	1849
1414	1922
1414	1960
1414	1980
1415	1586
1415	1631
1415	1929
1415	1952
1416	1484
1416	1488
1416	1599
1416	1665
1416	1753
1416	1894
1416	1978
1417	1511
1417	1521
1417	1526
1417	1662
1417	1698
1417	1913
1418	1569
1418	1827
1418	1909
1418	1955
1419	1434
1419	1448
1419	1485
1419	1577
1419	1634
1419	1721
1419	1737
1419	1954
1420	1442
1420	1450
1420	1555
1420	1581
1420	1586
1420	1648
1420	1678
1421	1493
1421	1588
1421	1799
1421	1887
1421	1910
1421	1931
1422	1457
1422	1639
1422	1710
1422	1719
1422	1753
1422	1778
1422	1921
1422	1927
1423	1426
1423	1440
1423	1448
1423	1503
1423	1518
1423	1594
1423	1762
1423	1796
1424	1461
1424	1549
1424	1591
1424	1810
1424	1858
1424	1898
1424	1901
1424	1976
1425	1523
1425	1576
1425	1594
1425	1627
1425	1773
1425	1845
1425	1848
1425	1934
1426	1447
1426	1481
1426	1548
1426	1717
1426	1745
1426	1841
1426	1893
1427	1498
1427	1602
1427	1697
1427	1731
1427	1770
1427	1799
1427	1896
1427	1951
1428	1615
1428	1658
1428	1671
1428	1688
1428	1899
1428	1986
1429	1441
1429	1513
1429	1593
1429	1894
1429	1918
1430	1466
1430	1575
1430	1796
1430	1917
1431	1556
1431	1624
1431	1773
1431	1776
1431	1965
1431	1999
1432	1437
1432	1458
1432	1570
1432	1804
1433	1596
1433	1693
1433	1765
1433	1799
1433	1873
1434	1595
1434	1614
1434	1678
1435	1441
1435	1560
1435	1589
1435	1594
1435	1628
1435	1641
1435	1659
1435	1664
1435	1702
1435	1731
1435	1780
1435	1826
1435	1835
1436	1493
1436	1511
1436	1532
1436	1536
1436	1654
1436	1701
1436	1706
1436	1766
1436	1815
1437	1441
1437	1466
1437	1604
1438	1513
1438	1525
1438	1793
1438	1808
1438	1927
1438	1938
1439	1682
1439	1946
1440	1489
1440	1809
1440	1837
1440	1901
1441	1569
1441	1690
1441	1797
1441	1814
1441	1823
1441	1831
1442	1498
1442	1560
1442	1606
1443	1486
1443	1672
1443	1700
1444	1594
1444	1775
1444	1894
1445	1449
1445	1474
1445	1496
1445	1607
1445	1760
1446	1668
1446	1759
1446	1828
1447	1878
1447	1895
1447	1979
1447	1988
1448	1495
1448	1497
1448	1715
1448	1833
1448	1897
1448	1979
1449	1460
1449	1604
1449	1643
1449	1751
1449	1814
1449	1834
1450	1512
1450	1539
1450	1666
1450	1682
1450	1706
1450	1718
1450	1867
1450	1872
1450	1928
1451	1452
1451	1481
1451	1729
1451	1749
1452	1540
1452	1576
1452	1603
1452	1815
1452	1858
1453	1569
1453	1583
1453	1624
1453	1638
1453	1958
1453	1982
1454	1585
1454	1618
1454	1684
1454	1714
1454	1754
1454	1785
1454	1898
1454	1976
1455	1461
1455	1538
1455	1659
1455	1701
1455	1761
1455	1830
1456	1464
1456	1521
1456	1563
1456	1587
1456	1740
1456	1909
1456	1947
1456	1954
1456	1988
1457	1589
1457	1694
1457	1697
1457	1841
1457	1884
1458	1683
1458	1739
1458	1740
1458	1856
1458	1877
1459	1594
1459	1740
1459	1864
1459	1933
1459	1974
1459	1996
1460	1640
1460	1721
1460	1776
1460	1783
1460	1807
1460	1812
1460	1893
1461	1482
1461	1870
1461	1887
1461	1912
1462	1610
1462	1740
1462	1853
1462	1889
1463	1478
1463	1491
1463	1603
1463	1772
1463	1811
1463	1813
1463	1827
1463	1935
1463	1977
1463	1990
1464	1619
1464	1845
1464	1857
1464	1929
1464	1937
1464	1938
1465	1678
1465	1702
1465	1725
1465	1790
1465	1910
1465	1929
1465	1963
1465	1986
1466	1500
1466	1553
1466	1647
1466	1867
1466	1911
1466	1997
1467	1523
1467	1718
1467	1731
1468	1558
1468	1567
1468	1638
1468	1815
1468	1877
1468	1983
1469	1640
1469	1672
1469	1913
1469	1978
1470	1471
1470	1546
1470	1680
1470	1919
1470	1985
1471	1577
1471	1732
1471	1760
1471	1812
1471	1842
1471	1886
1471	1953
1471	1966
1471	1972
1472	1487
1472	1675
1472	1704
1473	1728
1473	1793
1473	1867
1474	1499
1474	1539
1474	1600
1474	1609
1474	1655
1474	1836
1474	1881
1474	1897
1474	1917
1474	1999
1475	1681
1475	1757
1475	1861
1475	1920
1475	1940
1476	1544
1476	1738
1476	1813
1477	1494
1477	1635
1477	1664
1477	1730
1477	1798
1477	1845
1477	1867
1477	1922
1478	1538
1478	1674
1478	1886
1478	1922
1478	1963
1479	1532
1479	1623
1479	1709
1479	1737
1479	1811
1479	1895
1479	1933
1479	1994
1480	1559
1480	1572
1480	1622
1480	1675
1480	1687
1480	1749
1480	1956
1481	1484
1481	1575
1481	1715
1481	1984
1482	1574
1482	1754
1482	1871
1482	1996
1483	1592
1483	1653
1483	1731
1483	1845
1484	1532
1484	1559
1484	1589
1484	1676
1484	1711
1484	1794
1484	1890
1484	1893
1484	1894
1485	1519
1485	1713
1485	1911
1485	1916
1485	1949
1485	1969
1486	1489
1486	1507
1486	1569
1486	1590
1486	1709
1486	1785
1486	1929
1486	1947
1487	1782
1487	1820
1487	1827
1487	1846
1487	1855
1487	1874
1487	1955
1487	1978
1488	1542
1488	1608
1488	1725
1488	1781
1488	1858
1488	1970
1488	1995
1489	1520
1489	1707
1489	1779
1489	1808
1489	1887
1490	1567
1490	1826
1490	1856
1490	1865
1490	1959
1490	1983
1491	1620
1491	1656
1491	1744
1491	1869
1492	1746
1492	1838
1492	1966
1493	1526
1493	1532
1493	1587
1493	1607
1493	1664
1493	1737
1493	1844
1493	1903
1494	1529
1494	1594
1494	1614
1494	1666
1494	1674
1494	1779
1494	1791
1494	1878
1494	1991
1495	1515
1495	1646
1495	1648
1495	1784
1495	1817
1495	1818
1495	1821
1495	1869
1495	1932
1496	1557
1496	1771
1496	1871
1496	1895
1497	1562
1497	1586
1497	1591
1497	1592
1497	1796
1497	1853
1497	1893
1497	1971
1498	1644
1498	1715
1498	1733
1498	1858
1498	1900
1499	1641
1499	1684
1499	1820
1499	1914
1499	1968
1499	1969
1500	1503
1500	1551
1500	1597
1500	1615
1500	1932
1501	1683
1501	1758
1501	1778
1501	1840
1502	1611
1502	1714
1502	1874
1502	1878
1502	1969
1503	1821
1503	1995
1504	1550
1504	1677
1504	1745
1504	1870
1504	1876
1504	1892
1504	1952
1505	1618
1505	1644
1505	1668
1505	1723
1505	1987
1506	1600
1506	1698
1506	1755
1506	1827
1506	1995
1507	1619
1507	1634
1507	1665
1507	1698
1507	1721
1507	1734
1507	1768
1507	1831
1507	1858
1507	1882
1508	1864
1509	1521
1509	1671
1509	1682
1509	1711
1509	1855
1509	1898
1509	1961
1509	1973
1510	1592
1510	1717
1510	1818
1510	1886
1510	1925
1510	1984
1511	1537
1511	1572
1511	1665
1511	1757
1511	1846
1511	1995
1512	1578
1512	1585
1512	1604
1512	1673
1512	1732
1512	1839
1512	1849
1512	1883
1512	1967
1513	1663
1513	1670
1513	1899
1513	1940
1514	1668
1514	1698
1514	1920
1514	1989
1515	1518
1515	1530
1515	1573
1515	1577
1515	1684
1516	1527
1516	1529
1516	1531
1516	1588
1516	1603
1516	1657
1516	1761
1516	1892
1516	1902
1516	1943
1517	1576
1517	1631
1517	1681
1517	1683
1517	1726
1517	1736
1518	1572
1518	1660
1518	1669
1518	1751
1518	1823
1518	1938
1519	1628
1519	1763
1519	1908
1519	1945
1519	1984
1520	1674
1520	1755
1520	1765
1521	1526
1521	1570
1521	1610
1521	1618
1521	1709
1521	1713
1521	1733
1521	1924
1522	1553
1522	1589
1522	1708
1522	1831
1522	1915
1522	1919
1523	1732
1523	1876
1523	1997
1525	1665
1525	1686
1525	1701
1525	1713
1526	1735
1527	1652
1527	1663
1527	1775
1527	1800
1528	1586
1528	1603
1528	1673
1528	1748
1528	1919
1529	1786
1529	1814
1530	1575
1530	1698
1530	1732
1530	1756
1530	1786
1530	1840
1530	1952
1531	1573
1531	1698
1531	1958
1531	1990
1532	1549
1532	1668
1532	1707
1532	1763
1532	1813
1532	1860
1532	1944
1533	1906
1533	1922
1533	1959
1533	1962
1534	1618
1534	1705
1534	1841
1534	1900
1534	1939
1534	1994
1535	1660
1535	1687
1535	1976
1536	1555
1536	1602
1536	1822
1536	1866
1537	1577
1537	1673
1538	1794
1538	1902
1539	1577
1539	1731
1539	1733
1539	1843
1539	1877
1539	1987
1540	1724
1540	1833
1540	1844
1541	1741
1541	1754
1541	1868
1541	1930
1541	1991
1542	1544
1542	1681
1542	1777
1542	1876
1543	1574
1543	1581
1543	1648
1543	1737
1543	1818
1543	1887
1543	1971
1544	1712
1544	1921
1545	1603
1545	1635
1545	1794
1545	1849
1545	1858
1545	1864
1545	1945
1546	1699
1546	1710
1547	1618
1547	1629
1547	1693
1547	1706
1548	1616
1548	1667
1548	1708
1548	1876
1548	1954
1549	1649
1549	1739
1549	1938
1550	1680
1550	1716
1550	1717
1550	1775
1550	1824
1550	1906
1550	1994
1551	1839
1551	1866
1552	1573
1552	1585
1552	1652
1552	1669
1552	1763
1552	1931
1553	1600
1553	1638
1553	1700
1553	1735
1553	1786
1553	1793
1553	1933
1554	1619
1554	1682
1554	1719
1555	1601
1555	1663
1555	1725
1555	1740
1555	1962
1556	1781
1556	1913
1556	1985
1557	1559
1557	1715
1557	1838
1557	1965
1557	1997
1558	1568
1558	1624
1558	1685
1558	1728
1558	1815
1559	1593
1559	1630
1559	1684
1559	1821
1559	1855
1559	1927
1560	1610
1560	1738
1560	1807
1560	1873
1561	1682
1561	1854
1562	1571
1562	1717
1562	1850
1563	1607
1563	1641
1563	1654
1563	1658
1563	1737
1563	1798
1563	1843
1563	1859
1563	1987
1564	1569
1564	1651
1564	1760
1564	1974
1565	1575
1565	1594
1565	1600
1565	1630
1565	1725
1565	1801
1565	1888
1565	1942
1565	1974
1566	1791
1566	1874
1566	1894
1567	1683
1567	1738
1567	1754
1567	1832
1567	1924
1567	1939
1567	1944
1567	1955
1567	1968
1568	1644
1568	1758
1568	1787
1568	1952
1568	1997
1569	1763
1569	1928
1569	1974
1570	1720
1570	1804
1570	1856
1571	1608
1571	1755
1571	1905
1571	1979
1572	1573
1572	1760
1573	1595
1573	1641
1573	1750
1573	1799
1574	1592
1574	1595
1574	1808
1574	1910
1574	1917
1575	1657
1575	1731
1575	1892
1576	1624
1576	1994
1577	1677
1577	1821
1577	1887
1577	1910
1577	1984
1577	1997
1578	1609
1578	1623
1578	1767
1578	1941
1579	1608
1579	1813
1579	1848
1579	1889
1579	1982
1579	1987
1580	1710
1580	1816
1580	1845
1580	1894
1580	1899
1581	1729
1582	1604
1582	1621
1582	1676
1582	1823
1582	1852
1582	1924
1582	1961
1583	1678
1583	1695
1583	1744
1583	1853
1583	1867
1583	1876
1583	1947
1583	1959
1584	1592
1584	1596
1585	1688
1585	1752
1585	1858
1585	1862
1586	1595
1586	1773
1586	1871
1586	1962
1586	1993
1587	1690
1587	1722
1587	1725
1588	1675
1588	1824
1588	1832
1589	1763
1589	1990
1590	1658
1590	1824
1591	1636
1591	1842
1591	1931
1591	1955
1592	1667
1592	1677
1592	1843
1592	1865
1592	1992
1593	1629
1593	1659
1593	1700
1593	1728
1593	1753
1593	1875
1594	1756
1594	1767
1594	1831
1594	1847
1595	1834
1595	1986
1596	1703
1596	1749
1596	1929
1597	1909
1598	1663
1598	1818
1598	1890
1598	1895
1598	1998
1599	1679
1599	1693
1600	1747
1600	1980
1601	1792
1601	1848
1601	1969
1601	1970
1602	1758
1602	1862
1602	1898
1604	1707
1604	1710
1604	1791
1604	1808
1604	1922
1605	1924
1605	1952
1605	1996
1606	1690
1606	1793
1606	1835
1606	1838
1607	1632
1607	1637
1607	1649
1607	1793
1607	1869
1607	1881
1607	1894
1607	1949
1608	1672
1608	1913
1608	1937
1608	1985
1609	1616
1609	1686
1609	1738
1609	1782
1609	1795
1610	1658
1610	1724
1610	1851
1610	1890
1611	1673
1611	1681
1611	1729
1611	1772
1611	1911
1611	1992
1612	1815
1612	1850
1612	1994
1612	1999
1613	1660
1613	1670
1613	1829
1613	1887
1614	1705
1614	1817
1614	1941
1615	1788
1615	1918
1616	1633
1616	1652
1616	1661
1616	1808
1616	1956
1617	1646
1617	1769
1617	1855
1617	1973
1618	1633
1618	1636
1618	1876
1619	1685
1619	1762
1619	1769
1619	1778
1619	1783
1619	1819
1619	1838
1619	1923
1619	1995
1620	1693
1620	1758
1620	1790
1620	1946
1621	1735
1621	1836
1621	1868
1621	1965
1621	1971
1621	1985
1622	1847
1622	1961
1623	1808
1623	1936
1624	1798
1625	1705
1625	1879
1625	1911
1626	1673
1626	1940
1627	1794
1627	1926
1628	1859
1628	1896
1628	1975
1629	1683
1629	1706
1629	1748
1629	1808
1629	1994
1630	1660
1630	1662
1630	1683
1630	1712
1630	1811
1630	1866
1630	1912
1631	1733
1631	1824
1631	1833
1631	1916
1632	1823
1633	1734
1633	1755
1633	1841
1633	1966
1634	1702
1634	1731
1634	1780
1634	1797
1634	1813
1634	1832
1634	1843
1634	1987
1635	1733
1635	1772
1635	1791
1635	1891
1635	1924
1635	1946
1636	1765
1636	1844
1638	1760
1639	1703
1639	1773
1640	1800
1640	1873
1641	1948
1642	1675
1642	1682
1642	1844
1643	1695
1643	1791
1643	1800
1644	1964
1645	1830
1646	1683
1646	1692
1646	1700
1646	1942
1646	1954
1647	1663
1647	1710
1647	1822
1647	1858
1647	1917
1647	1930
1648	1768
1648	1826
1649	1688
1649	1816
1649	1857
1649	1899
1649	1940
1650	1660
1650	1930
1651	1703
1651	1719
1651	1735
1651	1760
1651	1911
1652	1675
1652	1682
1652	1707
1652	1795
1652	1893
1652	1922
1653	1696
1653	1781
1654	1663
1654	1698
1654	1979
1654	1987
1655	1658
1655	1732
1655	1778
1655	1924
1656	1815
1656	1911
1656	1950
1656	1973
1657	1743
1657	1754
1657	1834
1658	1725
1658	1797
1658	1866
1659	1734
1659	1745
1659	1813
1659	1870
1659	1972
1659	1976
1660	1869
1660	1948
1661	1765
1661	1879
1661	1951
1662	1666
1662	1712
1662	1842
1663	1680
1663	1805
1663	1867
1663	1898
1663	1912
1663	1950
1663	1956
1663	1958
1664	1739
1664	1795
1664	1796
1664	1827
1664	1859
1665	1684
1665	1694
1665	1705
1665	1762
1665	1763
1665	1765
1666	1688
1666	1750
1666	1790
1666	1836
1666	1913
1666	1947
1667	1684
1667	1772
1667	1797
1667	1909
1667	1975
1668	1679
1668	1847
1668	1913
1668	1956
1669	1690
1669	1755
1669	1759
1669	1930
1670	1755
1672	1677
1672	1807
1672	1899
1673	1731
1673	1864
1674	1683
1674	1786
1674	1890
1674	1979
1674	1999
1675	1917
1675	1918
1676	1705
1676	1761
1676	1927
1677	1707
1677	1860
1677	1916
1677	1962
1677	1973
1677	1975
1678	1736
1678	1771
1679	1837
1679	1928
1679	1969
1680	1765
1680	1802
1680	1818
1680	1820
1680	1863
1681	1683
1681	1834
1682	1756
1682	1970
1682	1979
1683	1707
1683	1829
1683	1877
1683	1956
1684	1793
1684	1857
1684	1957
1685	1734
1685	1824
1685	1887
1686	1733
1686	1763
1686	1918
1686	1946
1687	1774
1688	1689
1688	1813
1688	1855
1688	1969
1689	1716
1690	1780
1690	1872
1691	1784
1691	1846
1691	1930
1692	1954
1693	1702
1693	1925
1693	1961
1694	1793
1694	1821
1695	1751
1696	1792
1696	1953
1697	1770
1697	1974
1698	1704
1698	1751
1698	1773
1698	1908
1699	1718
1699	1770
1699	1785
1700	1730
1700	1832
1700	1874
1700	1961
1701	1712
1701	1967
1702	1884
1702	1912
1703	1808
1703	1864
1704	1895
1705	1772
1705	1950
1706	1944
1706	1959
1707	1893
1707	1895
1707	1984
1708	1776
1708	1926
1710	1983
1710	1985
1711	1769
1711	1788
1711	1864
1711	1896
1711	1961
1712	1940
1712	1973
1712	1974
1713	1719
1713	1800
1713	1827
1713	1843
1713	1952
1713	1965
1714	1781
1714	1818
1714	1926
1715	1725
1715	1734
1715	1764
1715	1923
1716	1791
1716	1797
1716	1915
1717	1751
1717	1811
1717	1962
1718	1752
1718	1925
1719	1907
1719	1942
1720	1855
1720	1982
1721	1761
1721	1843
1721	1996
1722	1820
1722	1895
1722	1916
1723	1730
1723	1811
1723	1817
1723	1887
1723	1943
1723	1956
1723	1967
1724	1793
1724	1923
1724	1986
1725	1774
1726	1783
1726	1882
1726	1925
1727	1775
1727	1782
1727	1979
1728	1873
1729	1817
1729	1839
1729	1948
1730	1829
1730	1957
1731	1757
1731	1795
1731	1822
1731	1923
1732	1771
1732	1805
1733	1788
1733	1847
1733	1880
1733	1896
1734	1874
1734	1937
1735	1772
1735	1850
1735	1853
1735	1859
1736	1882
1737	1910
1738	1748
1738	1865
1738	1963
1739	1864
1739	1982
1740	1779
1741	1903
1741	1920
1742	1808
1742	1848
1742	1876
1743	1844
1744	1893
1744	1934
1744	1964
1745	1938
1745	1986
1747	1869
1747	1951
1748	1804
1748	1808
1748	1819
1748	1836
1749	1873
1749	1977
1750	1767
1750	1989
1751	1995
1752	1857
1753	1852
1753	1913
1753	1930
1753	1991
1754	1857
1754	1912
1754	1946
1754	1967
1754	1999
1755	1893
1756	1766
1756	1776
1756	1890
1756	1956
1757	1845
1757	1980
1758	1766
1758	1969
1758	1991
1759	1828
1759	1834
1760	1833
1760	1835
1760	1913
1760	1919
1761	1944
1761	1991
1762	1827
1763	1795
1763	1911
1763	1988
1764	1818
1764	1841
1764	1920
1765	1920
1765	1939
1765	1958
1766	1823
1766	1842
1767	1791
1767	1823
1767	1958
1768	1931
1769	1818
1769	1834
1769	1869
1770	1957
1770	1988
1771	1795
1771	1814
1772	1784
1772	1825
1772	1853
1772	1935
1773	1817
1773	1915
1773	1917
1774	1782
1774	1816
1774	1824
1775	1786
1775	1807
1776	1853
1776	1883
1777	1930
1777	1965
1779	1849
1779	1899
1779	1985
1780	1992
1781	1832
1781	1850
1783	1845
1783	1903
1783	1908
1784	1797
1784	1960
1785	1816
1785	1880
1786	1819
1786	1991
1787	1895
1787	1920
1788	1927
1788	1942
1788	1958
1789	1806
1790	1813
1791	1820
1791	1959
1791	1967
1792	1915
1792	1994
1793	1827
1793	1846
1793	1886
1793	1987
1794	1823
1794	1863
1795	1835
1796	1847
1796	1934
1796	1937
1797	1874
1797	1924
1797	1940
1797	1953
1798	1860
1798	1893
1798	1945
1798	1965
1799	1854
1799	1968
1800	1988
1801	1879
1801	1998
1802	1839
1802	1991
1804	1823
1804	1826
1804	1851
1804	1924
1806	1889
1806	1892
1808	1877
1809	1818
1810	1858
1810	1860
1810	1872
1810	1984
1811	1884
1811	1917
1811	1918
1811	1956
1812	1934
1812	1979
1813	1846
1814	1820
1814	1935
1815	1913
1815	1983
1816	1854
1816	1944
1816	1961
1816	1984
1817	1818
1820	1930
1821	1883
1821	1919
1822	1931
1823	1842
1823	1861
1823	1885
1823	1888
1823	1941
1824	1836
1824	1839
1825	1876
1825	1900
1825	1951
1827	1900
1827	1956
1827	1998
1828	1829
1828	1934
1828	1958
1828	1984
1829	1845
1830	1854
1830	1918
1830	1979
1832	1902
1832	1914
1832	1992
1833	1921
1833	1964
1834	1862
1834	1945
1835	1972
1835	1994
1837	1902
1837	1923
1838	1944
1839	1852
1840	1956
1841	1943
1842	1943
1846	1952
1846	1965
1846	1968
1847	1865
1847	1885
1847	1918
1847	1919
1847	1987
1848	1914
1849	1897
1849	1966
1849	1967
1851	1916
1851	1939
1851	1946
1853	1873
1853	1902
1853	1906
1853	1934
1853	1945
1854	1942
1854	1981
1854	1987
1855	1910
1855	1935
1856	1872
1856	1889
1856	1948
1857	1871
1857	1933
1857	1936
1857	1944
1857	1964
1858	1894
1858	1987
1859	1934
1860	1939
1861	1882
1862	1881
1862	1931
1863	1976
1864	1984
1865	1890
1865	1942
1869	1893
1869	1990
1870	1879
1870	1906
1870	1916
1871	1974
1872	1904
1872	1993
1873	1921
1873	1993
1874	1892
1874	1970
1879	1914
1879	1979
1881	1923
1881	1966
1881	1973
1882	1885
1882	1992
1883	1891
1883	1933
1883	1983
1886	1944
1886	1977
1888	1908
1890	1978
1892	1969
1893	1969
1896	1934
1899	1966
1900	1976
1901	1962
1901	1973
1902	1998
1904	1943
1904	1986
1906	1919
1907	1965
1907	1981
1907	1995
1909	1988
1911	1968
1912	1949
1913	1920
1914	1965
1915	1954
1915	1963
1920	1982
1921	1940
1922	1939
1922	1946
1924	1939
1927	1975
1930	1970
1934	1970
1941	1956
1946	1989
1947	1949
1949	1952
1953	1991
1955	1973
1956	1991
1959	1993
1960	1979
1960	1997
1961	1978
1961	1988
1964	1972
1964	1981
1965	1985
1969	1972
1969	1983
1972	1995
1979	1980
1980	1986
1980	1989
1985	1995
1986	1990
1987	1988
1988	1993
