2000	0
0	1
0	468
0	486
0	635
0	656
0	788
0	791
0	793
0	850
0	960
0	998
1	147
1	358
1	456
1	650
1	699
1	816
1	851
1	872
1	874
2	27
2	146
2	187
2	242
2	257
2	266
2	290
2	308
2	561
2	725
2	766
2	787
3	121
3	147
3	167
3	340
3	462
3	472
3	474
3	488
3	500
3	553
3	627
3	637
3	819
3	889
3	915
4	102
4	162
4	168
4	212
4	337
4	490
4	534
4	696
4	898
4	961
5	55
5	75
5	342
5	477
5	724
5	760
5	771
6	13
6	69
6	77
6	173
6	266
6	533
6	539
6	622
6	740
6	910
6	981
7	57
7	83
7	138
7	451
7	508
7	626
7	638
7	712
7	864
8	72
8	177
8	185
8	278
8	356
8	397
8	465
8	544
8	588
8	634
8	968
8	984
9	77
9	163
9	211
9	320
9	346
9	472
9	543
9	565
9	654
9	747
9	929
9	940
10	64
10	179
10	389
10	410
10	469
10	472
10	547
10	638
10	705
10	706
10	718
10	831
10	936
11	92
11	328
11	416
11	590
11	659
11	724
11	748
11	871
11	916
11	947
11	971
12	506
12	602
12	625
12	691
12	791
12	851
12	915
12	927
12	969
13	51
13	339
13	376
13	416
13	491
13	809
13	913
14	116
14	120
14	179
14	726
14	764
14	867
15	22
15	111
15	143
15	375
15	517
15	521
15	559
15	623
15	711
15	767
15	785
15	911
15	927
16	161
16	334
16	382
16	408
16	448
16	552
16	590
16	626
16	864
17	170
17	585
17	702
17	753
17	767
17	787
18	22
18	36
18	177
18	437
18	459
18	519
18	612
18	614
18	961
18	988
19	95
19	188
19	512
19	702
19	954
20	474
20	576
20	582
20	597
20	943
20	964
20	983
21	92
21	154
21	159
21	398
21	489
21	518
21	687
21	812
21	813
21	916
21	987
22	136
22	349
22	416
22	583
22	649
22	730
22	833
22	863
22	869
23	173
23	180
23	485
23	590
23	645
23	651
23	669
23	717
23	734
23	758
23	881
23	980
24	143
24	593
24	669
24	754
24	784
24	850
24	939
25	29
25	63
25	97
25	125
25	171
25	352
25	595
25	645
25	679
25	686
25	753
25	803
25	817
25	944
26	82
26	132
26	269
26	489
26	543
26	616
26	729
26	749
26	902
26	917
26	1747
27	79
27	115
27	306
27	345
27	424
27	512
27	552
27	591
27	628
27	680
27	705
27	716
27	721
27	752
27	816
27	953
27	965
28	69
28	155
28	208
28	226
28	318
28	386
28	657
28	846
28	919
28	948
29	49
29	109
29	128
29	225
29	373
29	448
29	474
29	687
29	699
29	700
29	838
29	857
30	176
30	270
30	274
30	282
30	397
30	723
30	746
30	860
30	951
31	67
31	93
31	132
31	184
31	576
31	770
31	776
31	797
31	871
32	201
32	363
32	425
32	469
32	831
32	944
33	207
33	219
33	228
33	723
33	747
34	253
34	341
34	375
34	441
34	450
34	464
34	661
34	691
34	733
34	824
34	923
35	121
35	145
35	213
35	299
35	390
35	494
35	559
35	818
35	959
36	167
36	806
36	889
36	917
37	51
37	155
37	392
37	426
37	525
37	730
37	949
38	480
38	492
38	800
39	54
39	75
39	144
39	230
39	240
39	246
39	263
39	417
39	482
39	584
39	715
39	768
39	773
39	794
39	795
39	921
40	122
40	173
40	243
40	248
40	263
40	365
40	393
40	465
40	568
40	720
40	756
40	1313
41	132
41	373
41	389
41	771
41	869
41	871
41	883
41	931
41	966
42	269
42	287
42	371
42	449
42	500
42	544
42	648
42	658
42	738
42	888
43	489
43	665
43	676
43	745
43	820
43	865
43	876
43	952
43	957
43	982
44	271
44	364
44	413
44	442
44	500
44	514
44	649
44	739
44	776
45	84
45	113
45	187
45	199
45	206
45	250
45	266
45	427
45	467
45	483
45	510
45	564
45	582
45	632
45	705
45	773
45	792
45	812
46	413
46	510
46	519
46	532
46	572
46	761
47	142
47	143
47	322
47	342
47	444
47	454
47	457
47	600
47	814
47	837
47	858
47	894
47	997
48	224
48	360
48	635
48	750
48	925
48	994
49	171
49	469
49	576
50	87
50	130
50	260
50	282
50	432
50	450
50	511
50	711
50	737
51	161
51	243
51	605
51	619
51	678
51	829
51	881
52	71
52	115
52	301
52	412
52	572
52	724
52	822
52	856
53	101
53	196
53	379
53	440
53	527
53	594
53	619
53	662
53	762
53	996
53	998
54	150
54	336
54	378
54	511
54	524
54	620
54	644
54	691
54	759
54	760
54	818
54	904
54	934
54	952
55	86
55	130
55	547
55	669
55	737
55	801
55	898
55	942
56	72
56	249
56	339
56	357
56	566
56	782
56	788
56	790
56	800
56	875
56	981
57	137
57	172
57	270
57	273
57	363
57	437
57	742
57	887
57	966
57	981
58	311
58	443
58	639
58	728
58	823
58	921
58	962
58	995
59	149
59	259
59	335
59	755
59	808
59	955
59	978
60	122
60	394
60	508
60	534
60	541
60	573
60	575
60	825
60	866
61	105
61	212
61	301
61	676
61	933
61	940
62	250
62	426
62	488
62	644
62	879
62	989
62	1155
63	237
63	501
63	611
63	626
63	657
63	662
63	876
63	992
64	316
64	328
64	626
64	759
64	916
65	144
65	314
65	432
65	475
65	593
65	605
65	672
65	678
65	750
65	752
65	800
65	965
66	115
66	262
66	263
66	312
66	351
66	492
66	501
66	504
66	652
66	683
66	702
66	717
66	734
66	739
66	849
66	938
67	223
67	417
67	441
67	455
67	553
67	573
67	872
68	318
68	361
68	420
68	443
68	458
68	584
68	765
68	785
68	796
68	860
68	881
68	1300
69	393
69	560
69	564
69	567
69	706
69	933
69	977
70	80
70	174
70	263
70	321
70	609
70	757
70	794
70	938
70	947
71	75
71	89
71	169
71	461
71	625
71	628
71	639
71	664
71	683
71	730
71	780
71	840
71	843
72	79
72	118
72	156
72	250
72	338
72	435
72	499
72	621
72	646
72	654
72	889
72	975
72	978
73	105
73	166
73	367
73	700
73	712
74	372
74	406
74	533
74	699
74	767
74	839
74	969
74	994
74	996
75	130
75	296
75	332
75	376
75	416
75	452
75	520
75	729
75	846
75	919
75	951
75	955
76	366
76	440
76	466
76	476
76	489
76	509
76	522
76	603
76	709
76	741
76	748
76	760
76	853
76	918
76	932
77	186
77	204
77	374
77	418
77	502
77	773
77	943
78	153
78	282
78	396
78	417
78	467
78	548
78	631
78	658
78	926
78	945
79	95
79	116
79	250
79	539
79	565
79	880
79	881
80	268
80	297
80	330
80	475
80	591
80	736
80	879
80	901
81	178
81	187
81	324
81	372
81	383
81	388
81	451
81	553
81	612
81	623
81	652
81	759
81	938
82	239
82	242
82	357
82	361
82	419
82	699
82	760
82	769
82	859
83	312
83	377
83	443
83	571
83	609
83	818
83	883
84	218
84	257
84	508
84	772
84	978
85	170
85	222
85	297
85	322
85	363
85	411
85	500
85	537
85	659
85	673
85	680
85	991
86	132
86	294
86	338
86	619
86	832
86	840
87	91
87	199
87	250
87	262
87	544
87	572
87	630
87	749
87	827
87	910
87	948
87	964
88	161
88	205
88	217
88	240
88	244
88	457
88	501
88	951
88	963
89	197
89	322
89	349
89	582
89	658
89	659
89	754
89	927
90	354
90	486
90	514
90	523
90	551
90	737
90	741
90	742
90	804
91	148
91	156
91	292
91	317
91	409
91	598
91	759
91	913
92	153
92	176
92	209
92	360
92	541
92	664
92	814
92	964
92	970
93	205
93	245
93	355
93	414
93	610
93	629
93	671
93	681
93	709
93	710
93	715
93	796
93	875
93	925
93	942
94	111
94	417
94	658
94	661
94	665
94	669
94	712
94	945
95	120
95	140
95	269
95	328
95	552
95	763
96	311
96	332
96	488
96	525
96	712
96	762
96	787
96	807
96	824
96	828
96	833
96	850
96	904
96	944
97	109
97	397
97	429
97	491
97	510
97	540
97	577
97	624
97	839
97	954
97	967
97	989
98	251
98	342
98	515
98	568
98	606
98	854
99	502
99	566
99	718
99	760
100	207
100	286
100	385
100	416
100	681
100	991
101	103
101	107
101	351
101	532
101	546
101	775
101	926
102	293
102	356
102	357
102	585
102	612
102	696
102	718
102	780
102	890
102	912
103	233
103	275
103	468
103	729
103	734
103	987
104	110
104	114
104	411
104	531
104	761
104	780
104	821
104	861
104	960
105	209
105	260
105	344
105	559
105	583
105	636
105	657
105	755
105	809
105	900
105	909
105	926
106	135
106	153
106	207
106	209
106	226
106	305
106	307
106	804
106	830
106	926
106	939
106	966
106	969
106	995
106	998
107	140
107	303
107	350
107	384
107	427
107	482
107	829
107	872
107	978
107	997
108	473
108	631
108	710
108	789
109	117
109	164
109	208
109	577
109	722
109	791
109	800
110	160
110	201
110	427
110	540
110	588
110	675
110	688
110	887
110	925
110	934
110	958
110	998
111	284
111	443
111	660
111	718
111	774
112	154
112	165
112	288
112	315
112	670
112	691
112	976
113	173
113	318
113	554
113	664
113	677
113	681
113	717
113	772
113	817
114	286
114	450
114	836
114	950
114	986
115	165
115	339
115	367
115	388
115	520
115	550
115	617
115	774
115	881
116	379
116	459
116	621
116	623
116	681
116	712
116	765
116	769
116	782
116	835
116	853
117	196
117	213
117	228
117	429
117	559
117	565
117	637
117	743
117	795
117	972
117	989
118	350
118	418
118	426
118	446
118	457
118	489
118	534
118	576
118	647
118	783
118	886
118	938
118	1040
119	150
119	179
119	214
119	383
119	404
119	517
119	553
119	554
119	801
119	816
119	949
120	209
120	214
120	697
120	814
120	854
120	905
120	907
120	914
120	960
121	472
121	552
121	648
121	719
121	760
121	776
121	787
121	797
121	878
121	971
122	323
122	345
122	359
122	385
122	610
122	744
122	853
122	916
123	147
123	154
123	187
123	234
123	275
123	306
123	363
123	424
123	542
123	609
123	871
124	204
124	281
124	295
124	330
124	353
124	496
124	780
125	128
125	148
125	490
125	739
125	749
125	867
125	907
125	911
125	946
125	967
125	1921
126	281
126	293
126	579
126	956
126	989
127	150
127	156
127	216
127	395
127	519
127	525
127	544
127	578
127	636
127	700
127	832
128	379
128	539
128	552
128	584
128	741
128	763
128	800
128	824
128	853
128	880
128	933
128	953
128	1688
129	134
129	147
129	158
129	634
129	747
129	756
129	804
129	845
129	908
130	159
130	253
130	352
130	455
130	461
130	582
130	619
130	631
130	659
130	820
130	954
131	141
131	202
131	341
131	401
131	511
131	517
131	578
131	582
131	715
131	948
131	972
132	158
132	227
132	325
132	389
132	435
132	529
132	584
132	590
132	591
132	631
132	656
132	666
132	796
132	933
132	976
133	433
133	438
133	509
133	600
133	604
134	207
134	211
134	212
134	321
134	443
134	453
134	476
134	515
134	600
134	705
134	846
135	350
135	537
135	581
135	609
135	714
135	731
135	887
135	916
136	177
136	301
136	658
136	676
136	741
136	827
137	164
137	407
137	675
137	805
137	837
137	974
138	221
138	466
138	476
138	723
138	895
138	1632
139	308
139	368
139	405
139	651
139	659
139	847
139	858
140	154
140	168
140	487
140	693
140	734
140	816
140	818
140	825
140	977
141	182
141	318
141	473
141	660
141	816
141	891
141	977
141	997
141	1449
141	1771
142	359
142	368
142	435
142	675
142	841
142	856
142	876
142	898
143	183
143	300
143	358
143	383
143	494
143	523
143	653
143	667
143	754
143	858
144	150
144	184
144	188
144	247
144	370
144	488
144	598
144	604
144	688
144	733
144	824
144	944
145	150
145	152
145	216
145	281
145	489
145	501
145	656
145	758
145	794
145	856
145	891
145	913
145	973
146	302
146	439
146	481
146	489
146	644
146	693
146	759
146	769
146	790
147	278
147	639
147	911
147	983
148	237
148	348
148	404
148	510
148	592
148	718
148	841
148	997
149	177
149	196
149	295
149	411
149	571
149	744
149	779
149	786
149	908
149	944
150	221
150	273
150	400
150	515
150	543
150	613
150	652
150	892
150	904
150	917
150	968
151	354
151	388
151	505
151	592
152	209
152	217
152	230
152	279
152	324
152	645
152	716
152	843
153	302
153	350
153	575
153	636
153	720
153	807
153	932
153	949
154	244
154	260
154	381
154	581
154	690
154	746
154	892
154	897
154	949
155	284
155	403
155	929
155	964
156	191
156	219
156	303
156	688
156	724
156	809
156	850
156	982
156	1090
157	172
157	407
157	834
157	875
157	971
158	219
158	247
158	341
158	402
158	408
158	423
158	564
158	690
159	223
159	313
159	573
159	694
159	868
159	891
159	982
160	411
160	487
160	583
160	606
160	692
160	791
160	861
160	889
161	186
161	233
161	283
161	334
161	389
161	525
161	559
161	611
161	692
161	792
161	933
162	308
162	512
162	536
162	539
162	618
162	869
162	877
162	878
162	936
162	944
162	959
163	192
163	219
163	238
163	463
163	526
163	579
163	603
163	674
163	848
163	882
164	287
164	332
164	353
164	356
164	460
164	478
164	568
164	725
164	859
164	931
164	992
165	203
165	275
165	276
165	397
165	403
165	447
165	511
165	620
166	235
166	528
166	621
166	666
166	758
166	842
166	882
167	168
167	287
167	337
167	342
167	444
167	486
167	567
167	940
168	242
168	430
168	593
168	700
168	730
168	777
168	869
169	176
169	337
169	390
169	415
169	502
169	635
169	879
169	887
169	996
170	271
170	303
170	489
170	580
170	659
170	822
170	910
170	921
170	925
171	249
171	361
171	410
171	463
171	477
171	555
171	620
171	683
171	699
171	764
171	860
172	231
172	247
172	287
172	310
172	325
172	425
172	484
172	532
172	968
173	206
173	376
173	482
173	567
173	595
173	671
173	793
173	811
174	355
174	476
174	557
174	659
174	758
174	767
174	775
174	984
175	464
175	530
175	982
175	994
176	365
176	406
176	464
176	490
176	637
176	867
176	887
176	895
177	257
177	276
177	484
177	550
177	552
177	608
177	811
177	917
177	1672
178	306
178	336
178	965
178	980
179	182
179	435
179	535
179	547
179	555
179	556
179	656
179	797
179	848
179	869
180	351
180	392
180	410
180	780
180	783
180	808
180	892
180	939
180	981
181	323
181	426
181	781
182	638
182	669
182	791
183	228
183	259
183	346
183	506
183	530
183	566
183	587
183	842
184	651
184	747
184	947
185	288
185	297
185	426
185	445
185	566
185	708
185	744
185	838
186	198
186	238
186	322
186	354
186	373
186	377
186	404
186	494
186	637
186	877
187	279
187	462
187	618
187	687
187	714
187	742
187	761
187	771
188	218
188	345
188	436
188	467
188	479
188	516
188	576
188	588
188	655
188	863
188	870
189	215
189	258
189	367
189	494
189	847
189	878
189	899
189	910
190	311
190	497
190	682
190	701
190	793
190	883
190	898
190	922
191	252
191	343
191	396
191	562
191	564
191	665
191	872
191	880
191	967
192	555
192	770
192	794
193	278
193	467
193	476
193	517
193	751
193	779
193	919
193	934
194	278
194	357
194	414
194	701
194	707
194	789
194	834
194	899
194	919
195	526
195	532
195	944
196	268
196	322
196	428
196	465
196	501
196	813
196	977
196	978
197	258
197	307
197	506
197	684
197	694
197	819
197	858
197	961
198	220
198	327
198	433
198	485
198	507
198	641
198	848
198	926
198	982
199	567
199	582
199	595
199	751
199	901
199	936
200	248
200	256
200	284
200	375
200	526
200	635
200	642
200	840
200	891
201	222
201	340
201	407
201	534
201	633
201	667
201	761
201	783
201	833
201	860
202	237
202	333
202	426
202	645
202	769
202	778
202	838
202	866
202	896
202	992
203	218
203	329
203	391
203	605
203	658
203	772
203	862
203	885
203	912
203	938
204	314
204	372
204	569
204	731
204	801
204	866
204	890
204	933
205	358
205	371
205	403
205	451
205	636
205	721
205	762
205	844
205	846
206	323
206	481
206	514
206	531
206	606
206	680
206	721
206	764
206	894
206	1015
207	234
207	263
207	268
207	361
207	474
207	483
207	893
207	928
208	277
208	410
208	452
208	753
208	915
208	948
208	961
208	973
209	214
209	324
209	446
209	609
209	679
209	823
209	909
210	241
210	657
210	734
210	792
210	884
210	1199
211	304
211	426
211	633
211	763
211	900
211	962
212	386
212	388
212	588
212	602
212	609
212	647
212	788
212	875
212	891
212	962
212	977
213	238
213	259
213	336
213	369
213	445
213	529
213	714
213	745
213	851
213	860
213	977
214	300
214	374
214	403
214	462
214	508
214	654
214	718
214	732
214	820
214	888
215	249
215	392
215	492
215	592
215	674
215	976
215	990
216	446
216	461
216	554
216	560
216	565
216	607
216	647
216	668
216	777
216	840
216	843
216	879
216	880
216	938
216	996
217	223
217	285
217	339
217	356
217	461
217	507
217	509
217	747
217	774
217	844
217	855
217	861
217	863
218	337
218	520
218	554
218	558
218	657
218	674
219	255
219	531
219	534
219	668
219	685
219	797
219	813
220	275
220	288
220	406
220	499
220	537
220	561
220	687
220	860
220	890
221	227
221	271
221	282
221	340
221	444
221	449
221	474
221	483
221	569
221	577
221	624
221	626
221	636
221	771
221	791
221	824
222	229
222	383
222	554
222	784
222	901
223	245
223	314
223	336
223	734
223	872
223	1853
224	274
224	279
224	452
224	462
224	527
224	534
224	545
224	791
224	915
225	269
225	345
225	365
225	478
225	554
225	690
225	740
225	827
226	287
226	410
226	502
226	650
226	714
226	842
227	328
227	360
227	419
227	684
227	694
227	717
227	725
227	842
227	986
228	375
228	464
228	573
229	547
229	580
229	588
229	590
229	822
229	917
229	970
230	284
230	380
230	476
230	497
230	743
230	793
230	970
231	264
231	397
231	423
231	487
231	548
231	716
231	824
231	918
232	354
232	479
232	506
232	867
232	869
233	857
233	861
233	893
234	261
234	311
234	322
234	393
234	444
234	533
234	554
234	622
234	625
234	637
235	491
235	503
235	574
236	384
236	404
236	440
236	444
236	485
236	610
236	617
236	662
236	664
236	841
236	976
237	284
237	302
237	541
237	616
237	662
237	672
237	750
237	874
237	884
237	916
237	952
237	1133
238	431
238	490
238	734
238	748
238	781
238	916
238	995
239	435
239	713
239	823
239	988
240	309
240	707
240	724
240	976
241	286
241	295
241	378
241	421
241	528
241	742
242	295
242	336
242	363
242	411
242	523
242	569
242	619
242	666
242	889
243	293
243	315
243	551
243	596
243	691
243	699
243	723
243	816
243	819
243	832
244	287
244	518
244	551
244	622
245	397
245	399
245	462
245	472
245	663
245	763
245	913
245	977
246	275
246	309
246	412
246	458
246	560
246	896
247	491
247	551
247	762
247	778
247	917
248	261
248	437
248	596
248	787
248	795
248	817
249	299
249	475
249	597
249	761
249	905
249	985
249	1975
250	275
250	376
250	398
250	399
250	550
250	734
250	810
250	841
250	968
250	995
251	406
251	446
251	595
251	850
251	995
252	416
252	421
252	440
252	507
252	583
252	716
252	760
252	879
253	277
253	380
253	530
253	581
253	652
253	699
253	720
253	992
254	310
254	464
254	511
254	572
254	696
254	723
254	784
254	835
254	910
255	267
255	343
255	364
255	566
255	623
255	759
255	827
255	983
256	483
256	548
256	587
256	591
256	676
256	730
256	738
256	762
256	817
256	837
256	890
257	301
257	373
257	504
257	728
257	970
257	1114
258	488
258	495
258	692
258	739
258	826
259	603
259	626
259	734
259	741
259	767
259	895
259	908
260	266
260	289
260	404
260	462
260	653
260	733
260	792
260	808
260	945
261	388
261	419
261	464
261	529
261	636
261	672
261	749
261	932
262	387
262	392
262	416
262	445
262	459
262	474
262	735
263	344
263	366
263	448
263	471
263	558
263	616
263	731
263	764
263	917
263	996
264	476
264	499
264	578
264	747
264	912
264	970
264	975
265	343
265	364
265	637
265	652
265	807
265	820
265	851
266	314
266	342
266	360
266	369
266	475
266	517
266	538
266	664
266	1540
267	275
267	304
267	374
267	398
267	411
267	498
267	499
267	574
267	600
268	311
268	450
268	454
268	542
268	551
268	712
268	725
268	935
268	943
268	960
269	270
269	318
269	331
269	379
269	442
269	546
269	670
269	876
269	893
270	347
270	578
270	731
270	776
270	940
270	980
271	472
271	580
271	660
271	744
271	811
272	312
273	409
273	439
273	574
273	597
273	763
273	812
273	862
273	866
274	298
274	374
274	505
274	573
274	597
274	797
274	836
275	282
275	466
275	473
275	633
275	742
275	749
275	763
275	862
276	439
276	921
277	334
277	615
277	666
277	782
277	839
277	970
277	991
278	409
278	415
278	435
278	447
278	517
278	691
279	344
279	362
279	412
279	537
279	735
279	899
279	995
280	367
280	543
280	586
280	952
280	983
281	360
281	399
281	528
281	584
281	616
281	746
281	808
282	295
282	421
282	441
282	445
282	553
282	578
282	615
282	657
282	763
282	978
283	500
283	675
283	845
283	885
283	971
284	290
284	341
284	551
284	717
284	800
284	875
284	895
285	347
285	585
285	660
285	680
285	979
286	411
286	435
286	472
286	591
286	702
286	834
286	876
286	939
286	960
287	372
287	421
287	632
287	697
287	703
287	897
287	907
287	927
288	291
288	423
288	477
288	627
288	724
288	731
288	840
288	883
288	977
289	320
289	487
289	695
289	735
289	740
289	895
290	375
290	491
290	561
290	765
290	892
290	910
291	415
291	527
291	549
291	561
291	641
291	689
291	737
291	741
291	744
291	766
291	822
292	443
292	529
292	587
292	655
292	728
292	885
292	958
292	992
293	339
293	351
293	391
293	605
293	667
293	692
293	768
294	309
294	362
294	866
294	967
295	539
295	573
295	593
295	598
295	609
295	644
295	813
295	939
295	948
296	356
296	393
296	550
296	813
296	844
297	534
297	757
297	795
297	827
297	830
298	338
298	498
298	519
298	524
298	666
298	671
298	718
298	732
298	949
299	334
299	436
299	472
299	503
299	593
299	646
299	819
299	851
299	922
300	468
300	486
300	524
300	528
300	541
300	547
300	634
300	664
300	681
300	704
300	759
300	789
300	799
300	913
300	987
301	576
301	577
301	632
301	700
301	703
301	732
301	750
301	824
302	344
302	367
302	386
302	611
302	755
302	822
302	953
302	962
302	998
303	528
303	555
303	627
303	663
303	854
303	876
303	907
304	362
304	501
304	604
304	755
304	841
304	879
304	946
305	474
305	624
305	791
305	972
305	982
306	502
306	597
306	871
306	954
307	344
307	391
307	407
307	485
307	515
307	730
307	839
307	864
308	483
308	510
308	652
308	676
308	923
308	942
308	953
309	371
309	519
309	548
309	651
309	687
309	808
309	909
309	943
309	964
310	434
310	506
310	676
310	710
310	804
310	876
310	909
311	888
311	974
312	740
312	791
312	976
313	392
313	598
313	613
313	718
313	756
313	840
313	850
313	873
313	979
314	321
314	390
314	421
314	501
314	561
314	621
314	697
314	866
314	881
314	958
314	987
315	346
315	357
315	369
315	392
315	709
315	715
315	763
315	817
315	845
315	918
316	395
316	464
316	467
316	554
316	674
316	735
316	796
317	425
317	544
317	860
317	978
318	358
318	478
318	546
318	704
318	827
319	354
319	489
319	615
319	723
319	741
319	760
320	335
320	663
320	683
320	860
320	925
320	951
320	960
321	441
321	444
321	461
321	521
321	639
321	686
321	696
322	360
322	379
322	435
322	457
322	482
322	500
322	522
322	774
322	853
322	898
323	471
323	536
323	663
323	679
323	751
323	866
323	1816
324	356
324	364
324	407
324	429
324	514
324	661
324	707
324	877
324	929
325	367
325	432
325	525
325	569
325	749
325	960
325	971
325	1592
326	430
326	449
326	482
326	551
326	552
326	701
326	716
326	821
326	913
327	345
327	389
327	425
327	631
327	664
327	691
327	931
328	377
328	399
328	403
328	481
328	568
328	673
328	709
328	835
328	843
328	968
329	367
329	532
329	564
329	591
329	612
329	659
329	694
329	839
329	934
329	969
330	366
330	683
330	827
330	836
330	936
331	355
331	390
331	445
331	654
331	660
331	932
332	476
332	727
332	775
332	996
333	399
333	402
333	423
333	636
333	748
333	777
334	397
334	501
334	618
334	687
335	348
335	485
335	488
335	568
335	587
335	838
335	928
336	349
336	419
336	441
336	595
336	648
336	886
337	432
337	444
337	711
337	851
337	861
338	523
338	540
338	797
338	874
339	443
339	569
340	581
340	595
340	671
340	694
340	794
340	876
340	904
340	906
341	453
341	782
341	908
341	911
341	994
342	364
342	556
342	582
342	733
342	742
342	768
342	950
343	384
343	412
343	424
343	540
343	597
343	700
343	761
343	894
344	354
344	395
344	576
344	691
344	733
344	831
344	879
344	978
344	986
345	381
345	615
345	653
345	992
346	374
346	478
346	503
346	699
346	748
346	833
346	860
347	480
347	697
347	814
347	884
347	916
347	988
348	404
348	446
348	462
348	473
348	577
348	604
348	607
348	698
348	947
349	570
349	862
349	935
349	964
349	984
350	566
350	574
350	707
350	826
350	834
350	844
350	877
351	418
351	811
351	812
351	899
352	801
352	843
352	906
352	982
353	463
353	517
353	547
353	570
353	592
353	602
353	706
354	403
354	416
354	592
354	781
355	485
355	593
355	599
355	652
355	713
355	830
355	849
355	902
356	455
356	457
356	470
356	481
356	778
356	887
356	912
356	998
357	607
357	687
357	690
357	737
357	774
357	917
357	961
358	369
358	371
358	414
358	781
358	896
359	362
359	379
359	520
359	659
359	840
360	476
360	756
360	808
360	841
360	849
360	850
360	875
361	397
361	416
361	884
362	444
362	541
362	545
362	770
362	954
362	986
363	585
363	705
363	850
364	473
364	641
364	700
364	730
364	733
364	763
364	831
364	923
365	373
365	391
365	519
365	539
365	549
365	711
365	776
365	871
365	931
366	561
366	628
366	709
366	748
366	830
366	883
366	953
366	976
366	990
367	482
367	495
367	515
367	589
367	592
367	706
367	869
367	871
368	431
368	606
368	774
368	898
369	433
369	553
369	725
369	919
369	977
369	1142
370	465
370	466
370	505
370	574
370	753
370	807
370	894
370	920
371	557
371	558
371	650
371	651
371	754
371	756
371	784
372	493
372	544
372	622
372	860
372	917
373	646
373	829
373	924
373	956
373	980
374	383
374	491
374	499
374	561
374	568
374	602
374	679
374	691
374	718
374	818
374	834
374	895
374	907
374	917
375	518
375	549
375	802
375	951
375	954
376	418
376	522
376	528
376	549
376	552
376	628
376	685
376	698
376	773
376	782
376	801
376	849
376	903
376	917
376	947
376	975
377	576
377	678
377	772
377	795
377	861
377	869
377	995
378	425
378	508
378	590
378	631
378	675
378	751
378	825
378	933
378	937
379	394
379	440
379	536
379	586
379	631
379	854
379	878
379	961
380	452
380	497
380	675
380	825
380	868
380	990
381	399
381	617
381	668
381	834
382	600
382	612
382	625
382	626
382	680
382	795
383	417
383	882
383	928
384	433
384	485
384	608
384	783
384	855
385	432
385	587
385	672
385	686
385	780
385	812
385	920
386	611
386	697
386	804
386	827
386	975
387	695
387	729
387	787
387	858
387	945
387	1088
388	485
388	643
388	715
389	505
389	550
389	891
389	952
389	989
390	538
390	852
391	414
391	526
391	603
391	641
391	737
391	894
392	480
392	508
392	593
392	700
392	706
392	894
393	524
393	642
393	656
393	781
393	802
393	847
393	957
394	403
394	410
394	547
394	614
394	634
394	871
395	508
395	598
395	751
395	940
396	424
396	462
396	598
396	640
396	884
396	894
396	973
397	622
397	785
397	862
397	911
398	484
398	735
398	925
398	939
398	948
399	457
399	620
399	910
400	460
400	574
400	596
400	619
400	625
400	732
400	754
400	794
400	869
401	410
401	490
401	670
401	775
401	898
401	902
402	479
402	511
402	648
402	665
402	1526
403	557
403	789
403	893
403	992
403	1821
404	430
404	450
404	581
404	849
404	979
405	444
405	495
405	614
405	636
405	729
405	860
405	878
406	576
406	629
406	681
406	711
406	809
406	830
406	952
406	994
407	460
407	637
407	769
407	792
407	851
407	901
407	913
407	942
407	970
408	458
408	475
408	488
408	501
408	736
408	915
409	497
409	597
410	466
410	487
410	497
410	498
410	548
410	629
410	643
410	762
411	489
411	905
412	539
412	648
412	772
412	925
412	940
412	959
413	522
413	553
413	570
413	642
413	684
413	786
413	874
414	588
414	676
414	894
414	922
415	427
415	682
415	740
415	800
415	834
415	835
415	998
416	436
416	485
416	617
416	699
416	868
416	979
417	428
417	489
417	726
417	745
417	801
417	853
417	865
417	975
417	987
418	481
418	547
418	856
419	707
419	782
419	824
419	868
420	463
420	465
420	527
420	872
420	900
420	925
421	557
421	573
421	634
421	752
421	765
421	925
422	665
422	704
422	751
422	758
422	773
422	791
422	795
422	845
422	946
422	968
423	570
423	608
423	735
423	979
424	502
424	503
424	520
424	530
424	727
424	794
424	818
424	957
425	482
425	501
425	518
425	520
425	563
425	644
425	647
425	669
425	735
425	740
425	928
426	571
426	655
426	671
426	724
426	797
426	826
426	911
426	988
427	435
427	589
427	599
427	601
427	635
427	687
427	700
427	714
427	719
427	782
427	958
428	494
428	496
428	504
428	547
428	686
428	860
428	958
429	749
429	929
430	702
430	749
430	906
431	447
431	458
431	496
431	533
431	589
431	591
431	618
432	541
432	627
432	659
432	897
433	456
433	553
433	714
433	927
434	725
434	877
435	477
435	485
435	677
435	710
436	458
436	481
436	591
436	678
436	745
436	760
437	482
437	510
437	598
437	609
437	650
437	737
437	777
437	889
437	908
437	949
438	594
438	607
438	628
438	674
438	934
439	552
439	640
439	652
439	715
439	775
439	970
440	481
440	492
440	516
440	826
440	947
440	959
440	1146
441	493
441	614
441	638
441	649
441	800
442	458
442	574
442	658
442	702
442	863
442	974
443	591
443	631
443	653
443	915
444	473
444	568
444	622
444	729
444	831
444	892
445	452
445	671
445	749
445	787
445	928
445	978
446	665
446	798
446	880
446	886
447	570
447	717
447	835
447	983
448	726
448	859
448	885
448	890
448	924
449	475
449	753
449	852
450	612
450	642
450	695
450	786
450	797
450	886
450	1159
451	498
451	744
451	848
451	878
451	936
452	485
452	703
452	704
452	816
452	837
452	941
453	590
453	651
453	678
453	696
453	815
453	831
453	950
454	551
454	587
454	687
454	969
455	578
455	654
455	674
456	487
456	586
456	659
456	766
456	977
457	550
457	564
457	613
457	658
457	701
457	734
457	754
457	848
457	906
457	937
458	461
458	473
458	638
458	700
458	706
458	764
458	795
458	807
458	892
458	936
458	989
459	647
459	660
459	733
459	917
459	950
459	974
460	699
460	716
460	737
460	789
460	827
460	969
460	992
460	1999
461	517
461	570
461	631
461	697
461	837
461	949
461	969
461	1260
462	540
462	610
462	657
462	872
462	933
462	954
462	975
462	976
463	491
463	856
463	946
464	528
464	851
464	857
464	917
464	946
464	960
464	981
465	513
465	551
465	681
465	950
466	553
466	761
466	830
466	863
466	877
466	885
467	538
467	759
467	813
468	733
468	739
468	742
468	751
468	787
468	803
468	877
468	902
469	516
469	561
469	571
469	677
469	700
469	741
469	747
469	831
469	861
469	898
469	909
469	945
470	619
470	692
470	698
470	780
470	978
470	1013
471	475
471	500
471	501
471	505
471	551
471	766
471	870
472	527
472	567
472	574
472	588
472	624
472	770
472	792
472	833
472	854
472	874
472	1343
473	798
473	824
473	831
473	947
474	560
474	707
474	721
474	788
474	852
475	508
475	643
475	699
475	981
475	988
476	504
476	520
476	623
476	761
476	809
476	886
477	792
477	830
477	853
477	862
477	1500
478	485
478	553
478	563
478	645
478	846
479	600
479	685
479	687
479	811
479	932
480	521
480	582
480	597
480	812
481	532
481	551
481	767
481	810
481	928
482	627
482	686
482	702
482	712
482	745
482	785
482	904
482	921
482	924
482	956
483	592
483	660
483	787
484	519
484	660
484	773
484	833
484	937
485	491
485	591
485	713
485	903
485	907
485	945
485	969
486	642
486	701
486	775
486	940
486	977
486	990
486	991
487	827
487	959
488	859
488	921
488	947
489	525
489	580
489	669
489	692
490	520
490	590
490	594
490	619
491	497
491	527
491	709
491	786
491	791
492	524
492	539
492	860
492	935
493	517
493	557
493	763
493	817
493	894
493	928
494	533
494	684
494	808
494	926
495	514
495	552
495	572
495	757
495	931
496	578
496	677
496	831
496	915
497	718
497	851
497	887
498	643
498	672
498	938
498	971
499	614
499	648
499	715
499	722
499	868
500	597
500	660
500	810
500	817
501	549
501	947
501	991
502	730
502	801
502	880
503	525
503	528
503	534
503	626
503	786
503	810
503	970
503	974
504	634
504	677
504	816
504	881
504	949
505	518
505	889
506	767
507	628
507	751
507	786
507	827
507	894
508	541
508	628
508	665
508	731
508	804
508	890
508	973
509	518
509	576
509	706
509	742
510	567
510	638
510	746
510	784
510	830
510	845
510	852
511	684
511	822
511	830
511	997
513	578
513	672
513	692
513	711
513	732
513	762
513	865
513	866
513	940
514	591
514	673
514	695
514	815
514	872
514	908
514	912
515	541
515	731
515	737
515	795
515	804
515	828
516	554
516	585
516	632
516	723
517	543
517	631
517	834
518	590
518	613
518	622
518	809
518	881
518	921
518	944
519	567
519	609
519	763
519	889
520	555
520	646
520	651
520	662
520	726
521	526
521	565
521	594
521	747
521	841
521	931
521	971
522	780
522	1712
523	530
523	727
523	811
523	905
523	932
523	957
524	669
524	727
524	728
524	760
524	773
524	838
524	881
525	872
525	930
525	948
526	604
526	655
526	730
526	756
526	838
526	848
526	879
527	754
527	984
528	621
528	700
528	1475
529	543
529	985
530	583
530	647
530	898
531	714
531	942
531	969
532	611
532	732
532	743
532	915
532	952
533	763
534	601
534	780
534	841
534	890
534	901
534	942
534	961
534	968
535	797
535	965
535	1869
536	644
536	680
536	701
536	846
536	946
536	981
537	624
537	726
537	754
537	931
537	948
538	592
538	595
538	663
538	944
538	984
539	557
539	594
539	771
539	813
539	846
539	962
540	554
540	752
540	814
541	586
541	602
541	807
541	1589
542	816
542	983
543	591
543	611
543	729
544	586
544	604
544	611
544	726
544	736
544	738
544	934
544	1072
544	1945
546	551
546	559
546	625
546	865
546	872
546	914
546	927
547	754
547	767
547	783
547	784
547	816
548	549
548	591
548	627
548	684
548	745
548	905
548	955
548	995
548	1717
549	866
549	874
549	917
549	945
549	951
549	964
549	984
550	557
550	678
550	718
550	785
550	888
551	590
551	601
551	835
551	902
552	625
552	645
552	675
552	682
552	791
552	817
552	848
552	866
552	891
552	960
552	1045
553	652
553	656
553	670
553	709
553	720
554	657
554	719
554	822
555	617
555	676
555	694
555	701
555	751
555	793
555	824
555	874
555	920
556	579
556	769
556	812
556	846
556	871
557	671
557	772
557	795
557	868
557	968
558	617
558	670
558	734
558	820
559	645
559	694
559	771
559	885
559	947
559	990
560	648
560	728
560	866
561	695
561	731
561	779
561	805
561	811
561	815
561	949
561	974
561	997
562	750
562	820
562	910
562	948
562	952
562	993
563	741
563	830
564	894
564	919
564	921
564	971
565	660
565	761
565	767
565	994
566	611
566	634
566	815
566	934
566	995
567	633
567	637
567	646
567	653
567	693
567	725
567	820
567	942
567	997
568	647
568	684
568	755
568	762
569	842
569	990
570	748
570	773
570	778
570	866
570	914
571	857
571	970
572	598
572	661
572	774
572	807
572	837
572	871
573	704
573	760
573	808
573	848
573	852
573	990
574	666
575	635
575	645
575	764
575	895
575	933
575	982
576	683
576	768
576	771
576	980
576	1676
577	652
577	725
577	783
577	878
578	583
578	603
578	680
578	722
578	725
578	788
578	802
578	941
579	730
579	732
579	876
579	885
580	777
580	798
580	875
580	959
581	588
581	606
581	608
581	750
581	874
581	875
581	949
582	670
582	723
582	796
583	812
583	827
583	858
583	935
584	733
585	669
585	767
585	823
585	944
585	956
585	963
585	980
586	802
586	935
587	598
587	681
588	692
588	808
588	911
589	817
589	891
589	994
590	727
590	768
590	770
590	801
591	701
591	817
591	996
592	722
593	713
593	858
593	885
593	909
593	964
593	985
593	1500
594	613
594	793
594	820
594	822
594	994
595	811
595	920
596	703
596	997
597	720
597	774
597	979
598	609
599	683
599	684
599	877
599	881
599	942
599	956
599	1972
600	662
600	751
600	809
601	614
601	814
601	899
602	837
602	970
602	984
604	661
604	783
604	810
604	832
605	614
605	636
605	714
605	862
605	970
606	641
606	654
606	682
606	714
606	776
606	909
607	854
607	867
608	788
608	948
608	952
608	968
608	977
608	994
608	995
609	706
609	712
609	766
609	771
609	863
610	666
610	714
611	654
611	802
611	895
611	950
612	613
612	640
612	834
612	843
613	765
613	911
613	995
614	636
614	682
614	799
614	891
615	719
615	727
615	745
615	854
615	882
615	975
616	963
616	969
617	717
617	777
617	803
617	856
617	868
618	710
618	724
618	800
618	822
619	634
619	729
619	834
619	894
620	708
620	760
620	783
620	817
620	827
620	828
620	855
620	960
621	708
621	777
621	843
621	880
621	960
622	799
622	830
622	984
623	646
623	661
623	696
624	715
624	995
625	691
625	886
625	908
626	704
626	856
627	810
627	873
627	946
628	671
628	815
628	825
628	862
628	917
629	677
629	684
630	712
630	815
630	863
631	736
632	806
632	960
633	639
633	644
633	816
633	912
634	842
634	858
634	893
634	908
635	670
636	673
636	731
636	862
636	903
636	986
637	665
637	669
637	714
637	800
637	851
637	921
637	981
638	721
638	840
639	796
639	817
639	846
639	902
639	995
640	839
641	743
641	928
641	950
641	978
642	709
642	786
642	879
642	928
642	954
642	980
642	994
643	699
643	775
643	931
643	987
644	749
644	855
645	709
645	718
645	788
645	908
646	676
646	788
646	796
646	897
646	951
647	691
647	726
647	791
647	823
647	1339
648	794
648	837
648	904
649	790
649	817
649	820
649	892
649	928
649	978
650	667
650	730
650	740
650	928
650	933
650	986
651	674
651	829
651	847
651	874
651	882
652	800
652	903
652	929
654	997
655	656
655	858
655	885
655	958
656	784
656	871
657	758
657	776
658	760
658	888
658	1124
659	696
659	706
659	797
659	809
659	1963
660	679
660	685
660	722
660	757
660	794
661	775
661	968
661	976
661	989
662	766
662	862
662	899
662	907
662	1504
664	752
664	773
664	790
664	853
664	885
664	897
665	912
665	1055
666	770
666	833
666	932
667	832
667	864
668	715
668	769
669	710
669	782
669	806
670	776
670	955
670	995
671	707
671	731
671	905
671	950
671	977
672	751
672	876
673	728
673	860
674	733
674	771
674	850
674	910
674	950
675	797
675	843
675	927
676	863
676	873
676	949
677	691
677	744
677	757
677	971
678	780
678	802
678	816
678	876
678	957
679	707
679	709
679	770
680	840
681	696
681	723
681	740
681	767
681	814
681	947
682	718
684	772
685	771
685	952
685	953
685	959
685	1120
686	730
686	842
686	843
686	881
686	901
686	912
687	821
688	753
688	776
688	864
688	876
688	879
688	956
689	717
689	947
689	981
689	993
690	832
691	799
691	829
691	923
691	983
692	798
692	914
692	958
693	740
693	827
693	882
694	695
694	727
694	755
694	992
695	783
695	805
696	704
696	891
696	922
696	962
697	699
697	804
697	892
697	972
698	870
698	961
699	807
699	835
699	838
699	869
700	802
700	903
701	738
701	829
701	853
701	871
702	730
702	859
702	864
702	943
702	991
703	890
703	900
704	768
704	783
704	820
704	830
704	859
705	811
705	905
707	961
708	723
708	740
709	844
709	997
710	888
711	907
712	725
712	764
712	791
712	795
712	863
712	941
713	957
714	839
714	881
715	758
715	860
715	943
715	946
715	953
716	760
716	972
717	873
718	776
718	819
718	822
718	862
718	893
718	929
719	781
719	783
719	785
719	875
719	886
720	796
720	798
720	831
720	918
720	935
720	966
721	934
721	936
721	986
722	822
722	827
723	854
723	943
724	731
724	832
724	833
724	882
724	916
725	766
725	803
725	927
726	865
727	728
727	840
727	908
727	977
728	760
728	791
729	746
729	750
729	772
729	809
729	944
730	813
730	963
731	753
731	849
731	964
732	937
733	897
734	768
734	856
734	941
735	923
735	926
737	748
737	797
737	884
738	748
739	942
740	830
741	816
741	950
742	862
742	907
742	997
742	1431
743	908
744	967
745	931
746	875
746	995
747	773
747	893
748	819
748	820
750	762
750	827
750	888
751	790
751	876
752	762
752	915
753	879
753	947
753	976
753	989
753	996
754	954
755	842
755	867
755	947
755	1454
756	992
757	812
757	840
757	843
757	845
757	922
757	967
758	779
758	818
758	997
759	760
759	851
760	776
760	907
761	767
761	807
761	1819
763	777
764	866
764	879
765	821
765	910
765	952
766	803
766	813
766	843
766	940
767	841
767	862
768	963
769	829
769	1083
770	817
770	883
770	965
770	967
771	898
771	930
772	795
772	816
772	943
772	983
772	986
775	798
775	919
775	970
776	882
777	873
777	1259
778	883
778	893
778	979
779	785
779	987
780	784
781	837
782	790
783	904
783	916
784	826
784	841
784	852
784	943
785	847
786	871
786	1342
788	791
788	795
788	997
789	942
789	944
789	1495
791	847
791	923
792	905
792	946
792	965
792	967
792	1717
795	879
795	887
796	813
796	872
797	867
797	916
797	952
798	817
799	815
799	898
800	831
800	928
802	847
802	986
803	813
803	830
804	815
806	826
806	840
806	1761
807	936
807	947
807	950
809	939
810	873
811	896
811	939
811	994
812	826
812	857
812	971
812	1891
813	917
813	964
814	819
814	836
814	870
815	860
816	919
817	895
818	930
818	944
819	936
820	845
820	902
820	1731
821	923
822	833
822	908
823	885
824	875
824	899
826	977
827	862
827	960
828	919
828	928
828	956
829	906
830	950
831	896
832	985
832	988
833	843
833	859
833	957
835	837
835	1364
836	993
836	999
837	987
838	929
839	852
839	941
840	918
841	850
841	856
841	895
842	955
843	993
844	876
845	901
846	867
846	913
846	938
846	943
848	886
848	995
849	876
849	979
850	949
851	901
851	904
852	861
852	894
853	885
853	971
854	886
854	920
854	923
854	957
856	878
856	896
856	906
856	966
856	982
856	994
858	995
859	928
861	942
862	891
862	906
862	1060
863	916
864	975
865	980
866	884
866	1007
870	912
870	914
870	986
872	882
872	1453
873	892
873	903
873	947
875	927
879	907
879	944
880	1092
881	882
881	949
882	952
882	954
884	906
884	983
884	989
885	921
885	930
885	950
888	961
888	1266
892	953
894	945
894	989
895	934
895	985
895	997
896	957
897	898
897	918
897	950
897	977
902	903
902	943
902	957
902	961
903	944
903	951
903	1396
904	926
904	937
905	938
906	932
906	949
906	957
907	945
907	960
907	973
908	976
908	1225
909	940
909	961
910	921
910	999
911	959
913	955
914	973
917	918
917	945
918	948
918	954
919	963
922	933
922	1831
924	944
924	954
924	967
926	937
926	983
926	1813
928	972
928	978
928	1332
930	936
931	983
932	1331
933	964
936	964
937	965
941	1983
942	987
945	952
946	959
946	988
949	975
952	959
954	1343
957	1684
958	987
959	976
960	1791
963	969
968	996
970	987
970	1446
975	992
977	1850
982	1771
987	993
990	1558
991	1532
994	1976
1000	1092
1000	1105
1000	1131
1000	1169
1000	1205
1000	1353
1000	1366
1000	1374
1000	1410
1000	1584
1000	1721
1000	1940
1000	1964
1001	1059
1001	1074
1001	1094
1001	1135
1001	1223
1001	1328
1001	1371
1001	1420
1001	1467
1001	1607
1001	1639
1001	1651
1001	1752
1001	1866
1001	1925
1001	1943
1002	1021
1002	1091
1002	1440
1002	1470
1002	1472
1002	1573
1002	1589
1002	1700
1003	1103
1003	1123
1003	1179
1003	1246
1003	1326
1003	1546
1003	1577
1003	1644
1003	1708
1003	1825
1003	1878
1004	1020
1004	1023
1004	1141
1004	1309
1004	1316
1004	1345
1004	1464
1004	1524
1004	1543
1004	1581
1004	1706
1004	1765
1004	1793
1005	1009
1005	1140
1005	1141
1005	1159
1005	1234
1005	1328
1005	1352
1005	1690
1005	1837
1006	1074
1006	1156
1006	1242
1006	1249
1006	1272
1006	1403
1006	1440
1006	1571
1006	1583
1006	1765
1007	1303
1007	1443
1007	1512
1007	1633
1007	1785
1007	1821
1007	1831
1007	1962
1008	1036
1008	1127
1008	1129
1008	1259
1008	1273
1008	1317
1008	1492
1008	1537
1008	1547
1008	1870
1008	1879
1008	1930
1008	1941
1008	1963
1009	1022
1009	1357
1009	1507
1009	1594
1009	1637
1009	1663
1009	1705
1009	1927
1010	1013
1010	1107
1010	1351
1010	1461
1010	1494
1010	1555
1010	1706
1010	1773
1010	1852
1011	1072
1011	1149
1011	1234
1011	1277
1011	1311
1011	1436
1011	1437
1011	1466
1011	1506
1011	1589
1011	1805
1011	1826
1011	1855
1011	1868
1012	1189
1012	1201
1012	1387
1012	1524
1012	1792
1012	1823
1012	1861
1012	1965
1013	1078
1013	1114
1013	1181
1013	1231
1013	1537
1013	1722
1013	1849
1014	1036
1014	1619
1014	1705
1014	1735
1014	1889
1014	1981
1015	1273
1015	1299
1015	1325
1015	1335
1015	1367
1015	1459
1015	1800
1016	1055
1016	1074
1016	1266
1016	1487
1016	1537
1016	1545
1016	1568
1016	1583
1016	1588
1016	1729
1016	1964
1016	1991
1017	1030
1017	1270
1017	1411
1017	1426
1017	1449
1017	1475
1017	1531
1017	1687
1017	1823
1017	1973
1018	1154
1018	1205
1018	1288
1018	1305
1018	1452
1018	1566
1018	1674
1018	1728
1018	1872
1019	1063
1019	1103
1019	1147
1019	1231
1019	1259
1019	1333
1019	1452
1019	1486
1019	1576
1019	1806
1019	1810
1019	1812
1019	1835
1020	1076
1020	1103
1020	1118
1020	1145
1020	1243
1020	1311
1020	1352
1020	1389
1020	1530
1020	1555
1020	1612
1020	1662
1020	1757
1021	1110
1021	1171
1021	1319
1021	1346
1021	1418
1021	1431
1021	1547
1021	1548
1021	1584
1021	1598
1021	1611
1021	1929
1021	1964
1022	1080
1022	1230
1022	1319
1022	1367
1022	1429
1022	1776
1022	1963
1023	1113
1023	1182
1023	1199
1023	1226
1023	1233
1023	1275
1023	1400
1023	1411
1023	1529
1023	1658
1023	1676
1023	1836
1023	1905
1024	1180
1024	1246
1024	1390
1024	1480
1024	1481
1024	1545
1024	1672
1024	1770
1024	1827
1025	1332
1025	1477
1025	1538
1025	1798
1025	1979
1026	1134
1026	1204
1026	1221
1026	1230
1026	1342
1026	1400
1026	1417
1026	1441
1026	1463
1026	1531
1026	1545
1026	1829
1026	1835
1026	1899
1026	1924
1026	1995
1027	1451
1027	1478
1027	1638
1027	1646
1027	1741
1027	1779
1027	1804
1027	1922
1027	1975
1028	1092
1028	1373
1028	1450
1028	1526
1028	1529
1028	1606
1028	1664
1028	1704
1028	1742
1028	1749
1028	1839
1028	1894
1028	1901
1029	1325
1029	1339
1029	1436
1029	1561
1029	1692
1029	1702
1029	1724
1029	1827
1029	1989
1030	1288
1030	1628
1030	1682
1030	1730
1031	1123
1031	1135
1031	1161
1031	1445
1031	1769
1031	1866
1032	1293
1032	1416
1032	1440
1032	1581
1032	1773
1032	1806
1032	1862
1032	1921
1032	1962
1032	1968
1033	1041
1033	1177
1033	1210
1033	1242
1033	1456
1033	1514
1033	1562
1033	1581
1033	1624
1033	1695
1033	1709
1033	1887
1033	1926
1034	1063
1034	1086
1034	1094
1034	1151
1034	1543
1034	1790
1034	1971
1035	1072
1035	1087
1035	1110
1035	1272
1035	1296
1035	1496
1035	1809
1036	1221
1036	1245
1036	1319
1036	1359
1036	1431
1036	1445
1036	1488
1036	1500
1036	1619
1036	1624
1036	1627
1036	1818
1036	1825
1036	1856
1037	1102
1037	1149
1037	1424
1037	1454
1038	1048
1038	1198
1038	1376
1038	1404
1038	1449
1038	1470
1038	1474
1038	1482
1038	1580
1038	1776
1039	1102
1039	1249
1039	1256
1039	1429
1039	1450
1039	1471
1039	1474
1039	1574
1039	1816
1039	1866
1040	1106
1040	1131
1040	1160
1040	1270
1040	1460
1040	1552
1040	1615
1040	1751
1040	1753
1040	1806
1040	1883
1040	1896
1040	1959
1041	1092
1041	1196
1041	1304
1041	1333
1041	1470
1041	1677
1041	1823
1041	1871
1041	1927
1042	1086
1042	1161
1042	1296
1042	1324
1042	1438
1042	1440
1042	1526
1042	1539
1042	1584
1042	1661
1043	1215
1043	1315
1043	1529
1043	1663
1043	1666
1043	1874
1043	1939
1043	1956
1043	1959
1044	1055
1044	1079
1044	1299
1044	1468
1044	1609
1044	1648
1044	1660
1044	1721
1044	1937
1045	1226
1045	1328
1045	1404
1045	1470
1045	1528
1045	1541
1045	1571
1045	1862
1046	1091
1046	1243
1046	1355
1046	1549
1046	1556
1046	1574
1046	1639
1046	1657
1046	1660
1046	1785
1046	1947
1046	1985
1047	1175
1047	1307
1047	1347
1047	1434
1047	1688
1047	1711
1047	1733
1047	1770
1047	1800
1047	1850
1047	1945
1048	1174
1048	1188
1048	1232
1048	1357
1048	1472
1048	1485
1048	1537
1048	1585
1048	1761
1048	1801
1048	1842
1048	1917
1048	1925
1049	1079
1049	1134
1049	1136
1049	1437
1049	1791
1049	1801
1049	1816
1049	1949
1050	1329
1050	1423
1050	1574
1050	1577
1050	1582
1050	1730
1050	1756
1050	1772
1050	1952
1051	1077
1051	1174
1051	1310
1051	1348
1051	1411
1051	1516
1052	1179
1052	1204
1052	1285
1052	1320
1052	1331
1052	1380
1052	1413
1052	1501
1052	1577
1052	1604
1052	1921
1052	1931
1053	1061
1053	1109
1053	1197
1053	1363
1053	1369
1053	1387
1053	1393
1053	1488
1053	1744
1054	1130
1054	1213
1054	1244
1054	1256
1054	1262
1054	1273
1054	1430
1054	1455
1054	1543
1054	1563
1054	1597
1054	1666
1054	1908
1055	1222
1055	1275
1055	1524
1055	1713
1055	1752
1055	1805
1055	1889
1055	1890
1055	1903
1055	1955
1056	1188
1056	1194
1056	1258
1056	1358
1056	1468
1056	1490
1056	1582
1056	1851
1057	1097
1057	1137
1057	1212
1057	1562
1057	1595
1057	1632
1057	1747
1057	1792
1057	1844
1057	1943
1057	1968
1058	1378
1058	1557
1058	1768
1059	1060
1059	1241
1059	1544
1059	1588
1059	1614
1059	1803
1059	1852
1059	1988
1060	1368
1060	1370
1060	1467
1060	1580
1060	1622
1060	1628
1060	1905
1060	1911
1060	1977
1060	1987
1061	1126
1061	1135
1061	1153
1061	1166
1061	1188
1061	1302
1061	1344
1061	1414
1061	1419
1061	1437
1061	1447
1061	1541
1061	1569
1061	1600
1061	1671
1061	1672
1061	1677
1061	1808
1061	1821
1061	1961
1061	1978
1062	1154
1062	1187
1062	1303
1062	1339
1062	1461
1062	1673
1063	1064
1063	1272
1063	1315
1063	1375
1063	1388
1063	1406
1063	1477
1063	1501
1063	1533
1063	1540
1063	1615
1063	1661
1063	1702
1063	1736
1063	1798
1063	1864
1064	1272
1064	1744
1064	1806
1064	1841
1065	1157
1065	1170
1065	1175
1065	1203
1065	1392
1065	1486
1065	1519
1065	1729
1065	1738
1065	1773
1066	1137
1066	1196
1066	1241
1066	1559
1066	1568
1066	1802
1066	1845
1066	1906
1066	1933
1066	1954
1066	1971
1066	1988
1067	1185
1067	1228
1067	1230
1067	1300
1067	1475
1067	1527
1067	1600
1067	1959
1068	1342
1068	1573
1068	1649
1068	1785
1068	1952
1069	1095
1069	1184
1069	1196
1069	1308
1069	1482
1069	1662
1069	1680
1069	1716
1070	1112
1070	1193
1070	1194
1070	1280
1070	1379
1070	1474
1070	1616
1070	1883
1071	1093
1071	1233
1071	1244
1071	1377
1071	1997
1072	1133
1072	1152
1072	1252
1072	1303
1072	1500
1072	1572
1072	1574
1072	1753
1072	1794
1072	1904
1072	1917
1072	1937
1073	1422
1073	1462
1073	1549
1073	1638
1073	1759
1073	1800
1074	1263
1074	1299
1074	1462
1074	1471
1074	1474
1074	1541
1074	1734
1074	1841
1074	1888
1074	1898
1075	1161
1075	1199
1075	1233
1075	1263
1075	1365
1075	1393
1075	1467
1075	1560
1075	1563
1075	1576
1075	1579
1075	1602
1075	1675
1075	1688
1075	1768
1075	1790
1075	1893
1076	1100
1076	1150
1076	1296
1076	1315
1076	1337
1076	1338
1076	1393
1076	1514
1076	1576
1076	1738
1076	1764
1076	1822
1077	1091
1077	1152
1077	1265
1077	1318
1077	1473
1077	1615
1077	1654
1077	1669
1077	1903
1078	1145
1078	1257
1078	1629
1078	1674
1078	1778
1078	1784
1078	1936
1078	1964
1079	1194
1079	1297
1079	1438
1079	1572
1079	1617
1079	1678
1079	1737
1079	1740
1079	1883
1079	1920
1079	1972
1079	1992
1080	1371
1080	1567
1080	1718
1080	1844
1081	1097
1081	1099
1081	1173
1081	1275
1081	1310
1081	1409
1081	1641
1081	1710
1081	1789
1081	1804
1081	1812
1081	1884
1081	1891
1081	1994
1081	1996
1082	1255
1082	1327
1082	1609
1082	1838
1082	1943
1083	1275
1083	1420
1083	1446
1083	1476
1083	1585
1083	1594
1083	1723
1083	1856
1084	1209
1084	1225
1084	1473
1084	1562
1084	1579
1084	1596
1084	1679
1084	1785
1084	1810
1084	1897
1084	1947
1085	1299
1085	1307
1085	1330
1085	1356
1085	1380
1085	1439
1085	1452
1085	1543
1085	1691
1085	1782
1085	1802
1085	1878
1085	1954
1086	1110
1086	1412
1086	1432
1086	1446
1086	1751
1086	1982
1087	1090
1087	1140
1087	1163
1087	1323
1087	1344
1087	1395
1087	1485
1087	1605
1087	1623
1087	1717
1087	1737
1087	1954
1088	1299
1088	1432
1088	1460
1088	1545
1088	1666
1088	1731
1088	1844
1088	1848
1088	1929
1088	1940
1088	1960
1089	1125
1089	1148
1089	1164
1089	1168
1089	1224
1089	1356
1089	1538
1090	1230
1090	1274
1090	1408
1090	1425
1090	1484
1090	1511
1090	1669
1090	1740
1090	1881
1090	1983
1091	1267
1091	1274
1091	1404
1091	1410
1091	1438
1091	1544
1091	1571
1091	1690
1091	1851
1091	1852
1091	1868
1091	1900
1091	1940
1091	1954
1091	1957
1092	1180
1092	1344
1092	1417
1092	1483
1092	1487
1092	1619
1092	1636
1092	1869
1092	1892
1092	1911
1092	1942
1093	1188
1093	1200
1093	1247
1093	1304
1093	1541
1093	1603
1093	1720
1094	1100
1094	1143
1094	1154
1094	1226
1094	1261
1094	1486
1094	1582
1094	1645
1094	1659
1094	1661
1094	1716
1094	1804
1094	1952
1094	1978
1095	1132
1095	1195
1095	1228
1095	1435
1095	1498
1095	1825
1095	1867
1096	1139
1096	1242
1096	1304
1096	1340
1096	1585
1096	1600
1096	1601
1096	1831
1096	1839
1096	1855
1096	1859
1097	1275
1097	1413
1097	1534
1097	1553
1097	1915
1098	1219
1098	1255
1098	1556
1098	1683
1098	1900
1099	1249
1099	1265
1099	1321
1099	1350
1099	1355
1099	1459
1099	1501
1099	1596
1099	1887
1099	1919
1099	1977
1100	1147
1100	1169
1100	1174
1100	1586
1100	1615
1100	1686
1100	1949
1100	1996
1101	1178
1101	1676
1101	1694
1101	1718
1101	1809
1102	1291
1102	1321
1102	1360
1102	1509
1102	1653
1102	1904
1102	1950
1103	1332
1103	1413
1103	1441
1103	1515
1103	1616
1103	1648
1103	1703
1103	1707
1103	1746
1103	1790
1103	1818
1103	1848
1103	1865
1104	1118
1104	1186
1104	1500
1104	1585
1104	1779
1104	1802
1104	1840
1104	1961
1104	1981
1105	1230
1105	1311
1105	1362
1105	1475
1105	1611
1105	1915
1105	1963
1106	1115
1106	1230
1106	1244
1106	1341
1106	1346
1106	1369
1106	1517
1106	1755
1106	1806
1106	1831
1106	1951
1106	1956
1106	1962
1106	1996
1107	1214
1107	1469
1107	1524
1107	1574
1107	1694
1107	1696
1107	1724
1107	1738
1107	1754
1107	1799
1107	1815
1107	1895
1107	1919
1108	1143
1108	1178
1108	1376
1108	1393
1108	1622
1108	1756
1108	1865
1108	1895
1108	1896
1108	1909
1108	1913
1108	1924
1109	1383
1109	1391
1109	1475
1109	1607
1109	1625
1109	1750
1109	1797
1110	1255
1110	1299
1110	1392
1110	1852
1110	1893
1110	1964
1111	1149
1111	1157
1111	1176
1111	1205
1111	1229
1111	1315
1111	1318
1111	1602
1111	1708
1111	1835
1112	1230
1112	1343
1112	1379
1112	1468
1112	1503
1112	1746
1112	1766
1112	1953
1112	1975
1113	1342
1113	1578
1113	1603
1113	1971
1113	1984
1114	1215
1114	1342
1114	1368
1114	1400
1114	1524
1114	1538
1114	1557
1114	1910
1114	1923
1114	1931
1114	1971
1115	1229
1115	1352
1115	1365
1115	1547
1115	1590
1115	1757
1115	1811
1115	1988
1116	1193
1116	1249
1116	1505
1116	1883
1116	1930
1116	1949
1117	1198
1117	1414
1117	1437
1117	1766
1118	1133
1118	1381
1118	1410
1118	1436
1118	1439
1118	1440
1118	1450
1118	1511
1118	1682
1118	1824
1118	1866
1118	1903
1118	1915
1118	1965
1119	1188
1119	1273
1119	1566
1119	1592
1119	1789
1119	1845
1119	1884
1120	1162
1120	1178
1120	1219
1120	1226
1120	1286
1120	1326
1120	1343
1120	1349
1120	1688
1120	1843
1120	1891
1121	1176
1121	1271
1121	1385
1121	1402
1121	1414
1121	1465
1121	1511
1121	1785
1121	1961
1122	1123
1122	1134
1122	1357
1122	1421
1122	1487
1122	1495
1122	1506
1122	1780
1122	1804
1122	1805
1122	1818
1122	1856
1122	1933
1123	1425
1123	1502
1123	1527
1123	1644
1123	1894
1123	1901
1123	1952
1124	1276
1124	1282
1124	1425
1124	1633
1124	1754
1124	1980
1125	1236
1125	1281
1125	1330
1125	1415
1125	1577
1125	1583
1125	1626
1125	1816
1125	1934
1125	1986
1126	1202
1126	1209
1126	1303
1126	1328
1126	1501
1126	1548
1126	1839
1127	1216
1127	1269
1127	1365
1127	1455
1127	1495
1127	1532
1127	1611
1127	1770
1127	1912
1127	1962
1128	1181
1128	1214
1128	1223
1128	1380
1128	1437
1128	1449
1128	1602
1128	1627
1128	1748
1128	1750
1128	1877
1128	1906
1129	1149
1129	1463
1129	1665
1129	1681
1129	1838
1129	1843
1129	1866
1130	1463
1130	1635
1130	1662
1130	1685
1130	1785
1130	1944
1130	1954
1131	1196
1131	1258
1131	1313
1131	1411
1131	1412
1131	1413
1131	1649
1131	1811
1131	1813
1131	1960
1132	1225
1132	1273
1132	1325
1132	1407
1132	1483
1132	1669
1132	1977
1133	1161
1133	1190
1133	1264
1133	1351
1133	1516
1133	1558
1133	1606
1133	1624
1134	1207
1134	1250
1134	1302
1134	1358
1134	1404
1134	1445
1134	1628
1134	1632
1134	1651
1135	1298
1135	1364
1135	1395
1135	1404
1135	1569
1135	1758
1135	1796
1135	1823
1135	1853
1135	1887
1135	1969
1136	1139
1136	1310
1136	1319
1136	1386
1136	1427
1136	1430
1136	1509
1136	1762
1136	1790
1136	1857
1136	1895
1136	1995
1137	1223
1137	1609
1137	1653
1137	1655
1137	1661
1137	1702
1137	1906
1137	1930
1137	1964
1138	1494
1138	1640
1138	1680
1138	1758
1138	1829
1138	1938
1138	1968
1139	1378
1139	1394
1139	1434
1139	1438
1139	1755
1139	1829
1139	1888
1139	1907
1140	1296
1140	1394
1140	1492
1140	1524
1140	1548
1140	1586
1140	1593
1140	1599
1140	1661
1140	1840
1140	1916
1140	1944
1140	1952
1141	1359
1141	1567
1141	1596
1141	1650
1141	1812
1141	1990
1142	1229
1142	1247
1142	1302
1142	1379
1142	1460
1142	1627
1143	1213
1143	1357
1143	1370
1143	1603
1143	1662
1143	1706
1143	1742
1143	1770
1143	1789
1143	1817
1143	1872
1143	1880
1144	1160
1144	1247
1144	1381
1144	1514
1144	1627
1144	1685
1144	1711
1144	1826
1144	1861
1145	1258
1145	1265
1145	1596
1145	1852
1145	1910
1146	1228
1146	1623
1146	1650
1146	1864
1146	1978
1146	1991
1147	1273
1147	1306
1147	1429
1147	1762
1147	1810
1147	1919
1147	1941
1147	1956
1148	1154
1148	1204
1148	1339
1148	1423
1148	1503
1148	1612
1148	1822
1148	1961
1148	1972
1149	1200
1149	1213
1149	1288
1149	1295
1149	1301
1149	1312
1149	1492
1149	1864
1149	1942
1149	1953
1149	1974
1150	1167
1150	1271
1150	1281
1150	1317
1150	1382
1150	1575
1150	1576
1150	1579
1150	1673
1150	1682
1150	1867
1150	1963
1151	1162
1151	1348
1151	1618
1151	1814
1151	1817
1151	1949
1152	1204
1152	1261
1152	1328
1152	1356
1152	1389
1152	1481
1152	1773
1153	1224
1153	1461
1153	1512
1153	1871
1154	1181
1154	1431
1154	1569
1154	1590
1154	1742
1154	1958
1155	1161
1155	1208
1155	1212
1155	1292
1155	1352
1155	1884
1155	1897
1156	1185
1156	1230
1156	1261
1156	1370
1156	1449
1156	1456
1156	1467
1156	1496
1156	1659
1156	1696
1156	1698
1156	1781
1156	1912
1156	1988
1157	1436
1157	1520
1157	1613
1157	1647
1157	1718
1157	1775
1157	1890
1158	1305
1158	1312
1158	1329
1158	1352
1158	1360
1158	1396
1158	1840
1158	1943
1159	1284
1159	1410
1159	1538
1159	1547
1159	1943
1160	1400
1160	1456
1160	1523
1160	1534
1160	1602
1160	1678
1161	1312
1161	1331
1161	1591
1161	1652
1161	1737
1161	1770
1161	1936
1162	1177
1162	1381
1162	1439
1162	1508
1162	1537
1162	1643
1162	1700
1162	1739
1162	1852
1162	1956
1163	1268
1163	1399
1163	1416
1163	1435
1163	1442
1163	1757
1163	1827
1163	1880
1164	1548
1164	1567
1164	1571
1164	1810
1164	1947
1164	1976
1164	1983
1165	1428
1165	1459
1165	1476
1165	1580
1165	1827
1165	1932
1166	1195
1166	1236
1166	1360
1166	1365
1166	1450
1166	1460
1166	1466
1166	1595
1166	1617
1166	1664
1166	1709
1166	1771
1166	1816
1166	1896
1166	1964
1167	1675
1167	1685
1167	1704
1168	1492
1168	1533
1168	1577
1168	1603
1168	1646
1168	1712
1168	1727
1168	1750
1168	1820
1168	1980
1169	1179
1169	1187
1169	1290
1169	1353
1169	1361
1169	1626
1169	1648
1169	1707
1169	1763
1169	1905
1169	1912
1169	1950
1170	1239
1170	1244
1170	1403
1170	1432
1170	1452
1170	1545
1170	1605
1170	1696
1171	1282
1171	1374
1171	1425
1171	1483
1171	1530
1171	1668
1171	1985
1172	1310
1172	1381
1172	1470
1172	1611
1172	1841
1172	1855
1173	1209
1173	1282
1173	1532
1173	1856
1173	1887
1173	1904
1173	1975
1174	1265
1174	1632
1174	1791
1174	1966
1175	1199
1175	1295
1175	1341
1175	1376
1175	1464
1175	1540
1175	1663
1175	1723
1175	1893
1175	1913
1176	1224
1176	1330
1176	1336
1176	1352
1176	1510
1176	1521
1176	1523
1176	1561
1176	1711
1176	1797
1176	1798
1176	1802
1176	1816
1176	1924
1176	1930
1176	1958
1176	1968
1177	1250
1177	1282
1177	1332
1177	1454
1177	1604
1177	1783
1177	1874
1177	1926
1177	1995
1178	1388
1178	1420
1178	1437
1178	1604
1178	1670
1178	1888
1178	1893
1178	1986
1179	1294
1179	1301
1179	1358
1179	1716
1179	1908
1180	1225
1180	1250
1180	1266
1180	1433
1180	1453
1180	1525
1180	1702
1180	1864
1181	1287
1181	1679
1181	1888
1181	1952
1182	1193
1182	1269
1182	1480
1182	1493
1182	1836
1183	1516
1183	1554
1183	1709
1183	1735
1183	1761
1183	1766
1184	1212
1184	1294
1184	1304
1184	1333
1184	1395
1184	1529
1184	1543
1184	1568
1184	1620
1184	1896
1184	1950
1185	1499
1185	1523
1185	1830
1185	1838
1185	1881
1185	1941
1185	1981
1186	1232
1186	1488
1186	1559
1186	1610
1186	1835
1186	1917
1187	1197
1187	1201
1187	1241
1187	1272
1187	1354
1187	1472
1187	1491
1187	1535
1187	1582
1187	1776
1187	1894
1188	1230
1188	1255
1188	1277
1188	1352
1188	1478
1188	1640
1188	1768
1188	1878
1189	1357
1189	1394
1189	1448
1189	1562
1189	1639
1189	1657
1189	1726
1189	1807
1189	1978
1190	1247
1190	1439
1190	1595
1190	1689
1190	1772
1191	1336
1191	1605
1191	1743
1191	1762
1191	1849
1191	1887
1191	1977
1192	1404
1192	1471
1192	1581
1192	1606
1192	1683
1192	1788
1192	1842
1192	1857
1192	1869
1192	1878
1193	1346
1193	1428
1193	1433
1193	1483
1193	1513
1193	1858
1193	1938
1194	1209
1194	1321
1194	1392
1194	1485
1194	1492
1194	1534
1194	1577
1194	1719
1194	1804
1195	1200
1195	1254
1195	1332
1195	1353
1195	1729
1195	1735
1196	1270
1196	1292
1196	1396
1196	1397
1196	1436
1196	1440
1196	1600
1196	1648
1196	1843
1197	1208
1197	1267
1197	1413
1197	1709
1197	1933
1197	1937
1197	1944
1197	1952
1198	1352
1198	1570
1198	1745
1198	1767
1198	1873
1199	1205
1199	1310
1199	1482
1199	1542
1199	1936
1199	1971
1199	1978
1200	1366
1200	1422
1200	1463
1200	1489
1200	1525
1200	1588
1200	1721
1200	1858
1200	1861
1200	1955
1200	1958
1201	1291
1201	1353
1201	1440
1201	1530
1201	1531
1201	1595
1201	1865
1202	1613
1202	1627
1202	1667
1202	1693
1202	1830
1202	1873
1202	1975
1203	1317
1203	1424
1203	1482
1203	1498
1203	1505
1203	1539
1203	1705
1204	1323
1204	1420
1204	1702
1204	1728
1204	1772
1204	1780
1204	1981
1205	1208
1205	1212
1205	1300
1205	1604
1205	1608
1205	1611
1205	1613
1205	1642
1205	1643
1205	1785
1205	1806
1205	1813
1205	1967
1206	1223
1206	1259
1206	1490
1206	1517
1206	1691
1206	1708
1206	1809
1206	1868
1207	1319
1207	1380
1207	1384
1207	1510
1207	1516
1207	1563
1207	1782
1207	1814
1207	1962
1207	1991
1208	1243
1208	1342
1208	1522
1208	1685
1208	1778
1208	1834
1208	1902
1208	1981
1209	1272
1209	1342
1209	1345
1209	1391
1209	1590
1209	1599
1209	1624
1209	1675
1209	1716
1209	1743
1209	1794
1210	1223
1210	1300
1210	1633
1210	1697
1210	1705
1211	1245
1211	1415
1211	1473
1211	1525
1211	1841
1212	1511
1212	1786
1212	1998
1213	1381
1213	1440
1213	1502
1213	1539
1213	1665
1213	1893
1213	1913
1213	1979
1214	1279
1214	1353
1214	1364
1214	1403
1214	1430
1214	1475
1214	1614
1214	1702
1214	1720
1214	1912
1215	1229
1215	1434
1215	1454
1215	1493
1215	1567
1215	1612
1215	1728
1215	1752
1215	1993
1216	1267
1216	1307
1216	1393
1216	1538
1216	1540
1217	1241
1217	1262
1217	1318
1217	1357
1217	1371
1217	1415
1217	1419
1217	1434
1217	1440
1217	1459
1217	1563
1217	1649
1217	1707
1217	1795
1217	1850
1217	1915
1218	1252
1218	1266
1218	1306
1218	1365
1218	1415
1218	1470
1218	1724
1218	1786
1218	1870
1218	1899
1218	1935
1218	1975
1219	1228
1219	1313
1219	1384
1219	1444
1219	1549
1219	1626
1219	1652
1219	1785
1219	1967
1220	1274
1220	1388
1220	1444
1220	1617
1220	1669
1220	1816
1220	1925
1220	1965
1220	1984
1221	1222
1221	1413
1221	1507
1221	1524
1221	1561
1221	1690
1221	1853
1221	1865
1221	1896
1221	1907
1221	1923
1222	1309
1222	1312
1222	1315
1222	1435
1223	1292
1223	1345
1223	1370
1223	1451
1223	1491
1223	1508
1223	1579
1223	1742
1223	1811
1223	1910
1224	1275
1224	1286
1224	1521
1224	1663
1224	1847
1224	1947
1225	1231
1225	1236
1225	1246
1225	1252
1225	1259
1225	1273
1225	1352
1225	1412
1225	1559
1225	1638
1225	1770
1225	1922
1226	1292
1226	1298
1226	1306
1226	1327
1226	1365
1226	1564
1226	1612
1226	1881
1226	1954
1227	1230
1227	1305
1227	1353
1227	1504
1227	1565
1227	1584
1227	1674
1227	1791
1227	1880
1227	1937
1228	1386
1228	1912
1228	1946
1228	1975
1229	1285
1229	1373
1229	1723
1229	1729
1229	1821
1230	1340
1230	1448
1230	1451
1230	1520
1230	1662
1230	1679
1230	1696
1230	1710
1230	1714
1230	1833
1230	1847
1231	1295
1231	1315
1231	1377
1231	1413
1231	1543
1231	1716
1231	1750
1231	1781
1231	1796
1231	1855
1232	1289
1232	1416
1232	1430
1232	1464
1232	1470
1232	1483
1232	1497
1232	1533
1232	1613
1232	1669
1232	1810
1232	1895
1233	1260
1233	1428
1233	1521
1233	1764
1233	1884
1234	1317
1234	1452
1234	1567
1234	1662
1235	1275
1235	1334
1235	1435
1235	1446
1235	1548
1235	1798
1235	1886
1235	1952
1236	1502
1236	1517
1236	1565
1236	1883
1236	1902
1236	1947
1237	1240
1237	1280
1237	1352
1237	1771
1237	1779
1237	1860
1237	1916
1238	1345
1238	1375
1238	1453
1238	1923
1238	1946
1239	1253
1239	1296
1239	1357
1239	1888
1240	1651
1240	1813
1240	1921
1240	1954
1241	1328
1241	1383
1241	1638
1241	1700
1241	1779
1242	1329
1242	1361
1242	1900
1242	1909
1242	1989
1243	1264
1243	1486
1243	1488
1243	1738
1243	1899
1243	1912
1243	1941
1244	1321
1244	1432
1244	1433
1244	1514
1244	1776
1244	1998
1245	1436
1245	1445
1245	1672
1245	1751
1245	1829
1245	1943
1246	1319
1246	1328
1246	1436
1246	1482
1246	1680
1246	1705
1246	1750
1246	1799
1246	1822
1247	1290
1247	1340
1247	1528
1247	1532
1247	1627
1247	1742
1247	1762
1247	1802
1247	1945
1247	1965
1248	1406
1248	1566
1248	1606
1248	1731
1248	1833
1249	1347
1249	1430
1249	1432
1249	1508
1249	1525
1249	1657
1249	1753
1249	1808
1250	1333
1250	1416
1250	1420
1250	1483
1250	1688
1250	1695
1250	1919
1250	1950
1250	1957
1250	1979
1251	1253
1251	1302
1251	1310
1251	1609
1251	1635
1251	1705
1251	1744
1251	1771
1252	1346
1252	1385
1252	1556
1252	1565
1252	1679
1252	1832
1252	1850
1252	1857
1252	1959
1253	1656
1253	1666
1253	1753
1254	1317
1254	1668
1254	1792
1254	1796
1254	1895
1254	1934
1255	1304
1255	1423
1255	1579
1255	1823
1256	1266
1256	1324
1256	1370
1256	1427
1256	1442
1256	1869
1256	1871
1256	1904
1256	1942
1256	1968
1256	1977
1256	1987
1257	1283
1257	1458
1257	1522
1257	1588
1257	1604
1257	1674
1258	1313
1258	1376
1258	1485
1258	1501
1258	1634
1258	1696
1258	1738
1258	1762
1258	1807
1259	1484
1259	1550
1259	1759
1259	1909
1260	1508
1260	1544
1260	1592
1260	1617
1260	1686
1260	1755
1261	1368
1261	1371
1261	1381
1261	1407
1261	1520
1261	1559
1261	1629
1261	1779
1261	1993
1262	1284
1262	1292
1262	1301
1262	1322
1262	1442
1262	1447
1262	1484
1262	1784
1262	1879
1262	1948
1262	1981
1263	1356
1263	1364
1263	1466
1263	1700
1263	1812
1263	1974
1264	1481
1264	1554
1264	1715
1264	1757
1264	1781
1265	1424
1265	1554
1265	1593
1265	1720
1265	1769
1265	1787
1266	1269
1266	1292
1266	1402
1266	1403
1266	1443
1266	1562
1266	1655
1266	1859
1266	1893
1267	1333
1267	1603
1267	1640
1267	1787
1267	1826
1267	1965
1268	1316
1268	1560
1268	1567
1268	1713
1268	1723
1268	1916
1269	1305
1269	1319
1269	1355
1269	1437
1269	1464
1269	1654
1269	1684
1269	1755
1269	1989
1270	1394
1270	1445
1270	1653
1270	1661
1270	1711
1270	1789
1270	1826
1271	1723
1271	1779
1271	1793
1271	1960
1271	1990
1272	1452
1272	1691
1272	1731
1272	1767
1272	1786
1272	1992
1273	1390
1273	1744
1273	1783
1273	1889
1273	1970
1273	1989
1274	1312
1274	1553
1274	1836
1274	1845
1275	1276
1275	1405
1275	1982
1276	1277
1276	1342
1276	1363
1276	1423
1276	1543
1276	1552
1276	1585
1276	1744
1276	1764
1276	1861
1276	1903
1276	1957
1276	1962
1277	1492
1277	1525
1277	1776
1277	1840
1277	1943
1277	1980
1277	1987
1278	1391
1278	1525
1278	1662
1278	1774
1279	1394
1279	1410
1279	1477
1279	1484
1279	1749
1279	1823
1279	1825
1279	1909
1280	1327
1280	1572
1280	1580
1280	1595
1280	1655
1280	1798
1280	1818
1280	1819
1280	1867
1281	1373
1281	1722
1281	1813
1281	1923
1281	1990
1281	1999
1282	1325
1282	1474
1282	1588
1282	1645
1282	1693
1282	1833
1282	1982
1283	1289
1283	1305
1283	1445
1283	1601
1283	1870
1283	1924
1284	1308
1284	1489
1284	1512
1284	1531
1284	1545
1284	1555
1284	1603
1284	1627
1284	1902
1284	1953
1285	1322
1285	1420
1285	1459
1285	1467
1285	1603
1285	1931
1286	1333
1286	1578
1286	1664
1286	1708
1286	1945
1286	1964
1287	1325
1287	1473
1287	1475
1287	1886
1287	1993
1288	1333
1288	1688
1288	1952
1288	1954
1288	1968
1289	1362
1289	1396
1289	1475
1289	1511
1289	1559
1289	1560
1289	1816
1289	1870
1290	1423
1290	1431
1290	1607
1290	1707
1290	1763
1290	1847
1291	1300
1291	1494
1291	1621
1291	1665
1291	1752
1291	1866
1291	1907
1292	1303
1292	1309
1292	1342
1292	1371
1292	1383
1292	1432
1292	1473
1292	1610
1292	1874
1293	1299
1293	1392
1293	1453
1293	1482
1293	1516
1293	1577
1293	1755
1293	1770
1293	1782
1293	1891
1293	1893
1293	1900
1294	1311
1294	1336
1294	1391
1294	1524
1294	1529
1294	1585
1294	1622
1294	1662
1294	1715
1294	1750
1294	1954
1294	1979
1295	1304
1295	1379
1295	1464
1295	1564
1295	1618
1295	1704
1295	1707
1295	1884
1296	1394
1296	1512
1296	1715
1296	1816
1296	1886
1296	1906
1296	1913
1297	1337
1297	1366
1297	1648
1297	1662
1297	1676
1297	1685
1297	1908
1297	1928
1297	1956
1298	1418
1298	1436
1298	1520
1298	1544
1298	1728
1298	1914
1299	1318
1299	1319
1299	1367
1299	1456
1299	1603
1299	1612
1299	1619
1299	1622
1299	1672
1299	1763
1299	1874
1299	1938
1300	1324
1300	1624
1300	1673
1300	1749
1300	1768
1300	1857
1300	1933
1301	1726
1301	1779
1301	1994
1302	1319
1302	1688
1302	1711
1302	1715
1302	1738
1302	1779
1302	1780
1302	1958
1302	1994
1303	1419
1303	1459
1303	1606
1303	1618
1303	1705
1303	1741
1303	1791
1303	1829
1303	1936
1303	1958
1304	1585
1304	1687
1304	1741
1304	1801
1304	1917
1304	1923
1305	1515
1305	1566
1305	1619
1305	1636
1305	1712
1305	1737
1305	1796
1305	1956
1306	1323
1306	1436
1306	1535
1306	1648
1306	1865
1306	1977
1306	1998
1307	1368
1307	1390
1307	1458
1307	1795
1308	1336
1308	1386
1308	1504
1308	1627
1308	1834
1308	1861
1308	1926
1309	1319
1309	1381
1309	1456
1309	1506
1309	1565
1309	1600
1309	1844
1309	1863
1309	1877
1309	1887
1310	1416
1310	1565
1310	1846
1310	1852
1310	1963
1311	1382
1311	1417
1311	1488
1311	1579
1311	1732
1311	1943
1312	1375
1312	1388
1312	1545
1312	1865
1312	1894
1312	1919
1312	1925
1312	1956
1312	1988
1313	1401
1313	1485
1313	1530
1313	1756
1313	1787
1313	1807
1313	1861
1313	1919
1313	1948
1313	1958
1313	1986
1314	1590
1314	1760
1314	1914
1314	1927
1314	1983
1315	1591
1315	1619
1315	1835
1316	1481
1316	1492
1316	1587
1316	1684
1316	1685
1316	1694
1316	1713
1316	1754
1316	1847
1316	1911
1317	1329
1317	1367
1317	1383
1317	1432
1317	1444
1317	1447
1317	1690
1317	1726
1317	1967
1318	1343
1318	1443
1318	1808
1318	1873
1318	1958
1319	1816
1319	1849
1319	1879
1319	1957
1320	1472
1320	1494
1320	1568
1320	1749
1320	1766
1320	1782
1320	1805
1320	1810
1320	1811
1321	1451
1321	1524
1321	1581
1321	1622
1321	1886
1321	1944
1322	1492
1322	1521
1322	1625
1322	1711
1322	1717
1322	1750
1322	1815
1322	1969
1322	1988
1323	1353
1323	1465
1323	1679
1323	1717
1323	1743
1323	1753
1323	1818
1324	1356
1324	1702
1324	1713
1324	1743
1324	1945
1325	1503
1325	1596
1325	1677
1326	1579
1326	1903
1326	1912
1326	1976
1327	1434
1327	1577
1327	1616
1327	1714
1327	1733
1327	1768
1328	1614
1328	1647
1328	1672
1328	1744
1328	1767
1328	1786
1328	1950
1328	1972
1329	1454
1329	1516
1329	1548
1329	1697
1330	1400
1330	1424
1330	1473
1330	1484
1330	1501
1330	1560
1330	1719
1330	1785
1330	1797
1330	1802
1330	1864
1330	1961
1331	1435
1331	1455
1331	1505
1331	1672
1331	1834
1331	1924
1331	1934
1332	1355
1332	1388
1332	1494
1332	1603
1332	1632
1332	1639
1332	1691
1332	1738
1332	1767
1332	1969
1333	1440
1333	1588
1333	1668
1333	1722
1333	1794
1334	1409
1334	1486
1334	1655
1334	1733
1334	1896
1335	1449
1335	1602
1335	1663
1335	1712
1335	1822
1335	1844
1335	1899
1336	1515
1336	1554
1336	1718
1336	1796
1336	1853
1336	1897
1337	1385
1337	1618
1337	1706
1337	1729
1337	1730
1337	1834
1338	1395
1338	1509
1338	1551
1339	1430
1339	1514
1339	1572
1339	1617
1339	1852
1340	1692
1340	1812
1340	1845
1340	1855
1340	1975
1341	1424
1341	1500
1341	1643
1341	1679
1341	1705
1341	1893
1341	1908
1341	1918
1341	1955
1342	1376
1342	1482
1342	1489
1342	1517
1342	1552
1342	1687
1342	1807
1342	1817
1342	1829
1342	1844
1342	1957
1342	1973
1343	1348
1343	1409
1343	1503
1343	1583
1343	1588
1343	1594
1343	1627
1343	1789
1343	1798
1343	1817
1343	1839
1344	1740
1344	1859
1345	1482
1345	1494
1345	1495
1345	1551
1345	1680
1345	1727
1345	1742
1345	1878
1346	1535
1346	1540
1346	1582
1346	1623
1346	1720
1346	1793
1346	1803
1347	1448
1347	1532
1347	1636
1347	1669
1347	1691
1347	1759
1348	1387
1348	1400
1348	1521
1348	1587
1348	1625
1348	1869
1348	1996
1349	1413
1349	1458
1349	1485
1349	1539
1349	1603
1349	1999
1350	1438
1350	1440
1350	1468
1350	1480
1350	1627
1350	1632
1350	1674
1350	1946
1350	1966
1351	1367
1351	1380
1351	1435
1351	1437
1351	1647
1351	1655
1351	1778
1351	1903
1352	1388
1352	1868
1353	1655
1353	1841
1353	1850
1353	1855
1353	1959
1353	1970
1354	1479
1354	1546
1354	1581
1354	1594
1354	1666
1354	1684
1354	1769
1354	1852
1354	1892
1355	1371
1355	1408
1355	1429
1355	1474
1355	1587
1355	1623
1355	1804
1355	1855
1355	1981
1355	1989
1356	1435
1356	1600
1356	1656
1356	1771
1356	1778
1357	1365
1357	1368
1357	1445
1357	1497
1357	1597
1357	1703
1357	1770
1357	1978
1358	1397
1358	1505
1358	1527
1358	1660
1358	1873
1359	1475
1359	1718
1359	1791
1359	1880
1359	1895
1359	1977
1360	1424
1360	1476
1360	1504
1360	1573
1360	1618
1360	1785
1360	1895
1361	1407
1361	1700
1361	1822
1361	1840
1361	1841
1362	1625
1362	1704
1362	1862
1363	1392
1363	1439
1363	1568
1363	1618
1363	1689
1363	1695
1363	1787
1363	1849
1364	1430
1364	1552
1364	1726
1364	1728
1364	1862
1364	1896
1365	1572
1365	1725
1365	1927
1366	1564
1366	1606
1366	1618
1366	1706
1366	1928
1366	1944
1366	1982
1366	1993
1367	1413
1367	1427
1367	1583
1367	1783
1367	1849
1367	1931
1367	1992
1368	1413
1368	1422
1368	1477
1368	1492
1368	1741
1368	1748
1368	1780
1368	1835
1368	1873
1369	1456
1370	1554
1370	1569
1370	1580
1370	1767
1370	1796
1370	1849
1370	1868
1370	1879
1370	1888
1370	1892
1371	1477
1371	1558
1371	1629
1371	1692
1371	1833
1371	1881
1371	1896
1371	1916
1372	1610
1372	1743
1372	1811
1372	1902
1372	1937
1372	1949
1372	1957
1373	1401
1373	1452
1373	1628
1373	1633
1373	1838
1373	1943
1373	1968
1374	1453
1374	1552
1374	1772
1374	1808
1374	1898
1374	1907
1374	1908
1374	1976
1375	1395
1375	1399
1375	1608
1375	1631
1375	1672
1375	1855
1375	1916
1375	1945
1376	1413
1376	1459
1376	1812
1376	1867
1376	1897
1376	1978
1377	1427
1377	1446
1377	1683
1377	1743
1377	1781
1377	1803
1377	1829
1378	1409
1378	1433
1378	1463
1378	1477
1378	1502
1378	1621
1378	1792
1378	1884
1378	1988
1378	1995
1379	1393
1379	1560
1379	1620
1379	1761
1379	1933
1380	1514
1380	1593
1380	1768
1380	1865
1380	1879
1380	1933
1381	1746
1381	1792
1381	1829
1381	1911
1382	1448
1382	1478
1382	1523
1382	1583
1382	1700
1382	1705
1382	1854
1382	1902
1383	1470
1383	1629
1383	1634
1383	1773
1383	1913
1384	1438
1384	1492
1384	1506
1384	1779
1385	1684
1385	1777
1386	1394
1386	1590
1386	1599
1386	1706
1386	1810
1386	1814
1386	1845
1386	1936
1387	1411
1387	1445
1387	1452
1387	1653
1387	1802
1387	1902
1388	1467
1388	1474
1388	1502
1388	1633
1388	1646
1388	1656
1388	1701
1388	1886
1388	1981
1389	1553
1389	1566
1389	1651
1389	1661
1389	1748
1389	1768
1389	1917
1390	1395
1390	1436
1390	1449
1390	1565
1390	1688
1390	1707
1391	1509
1391	1520
1391	1527
1391	1581
1391	1717
1391	1725
1391	1801
1391	1846
1391	1866
1391	1878
1391	1899
1392	1494
1392	1533
1392	1639
1392	1648
1392	1673
1392	1798
1393	1407
1393	1461
1393	1500
1393	1526
1393	1699
1393	1707
1393	1742
1393	1796
1393	1823
1393	1923
1393	1968
1394	1556
1394	1797
1394	1806
1394	1836
1394	1964
1394	1979
1395	1566
1395	1582
1395	1706
1395	1777
1395	1950
1396	1411
1396	1506
1396	1703
1396	1743
1396	1845
1396	1991
1397	1428
1397	1517
1397	1536
1397	1730
1397	1819
1397	1885
1397	1914
1397	1972
1398	1426
1398	1592
1398	1613
1398	1623
1398	1675
1398	1725
1398	1772
1398	1882
1398	1907
1398	1948
1399	1687
1399	1927
1399	1959
1400	1412
1400	1428
1400	1585
1400	1608
1400	1776
1400	1808
1400	1967
1400	1975
1401	1405
1401	1406
1401	1497
1401	1731
1401	1783
1401	1907
1402	1416
1402	1439
1402	1708
1402	1812
1403	1845
1403	1881
1403	1936
1403	1984
1404	1443
1404	1470
1404	1517
1404	1522
1404	1575
1404	1655
1404	1713
1404	1796
1404	1891
1404	1901
1405	1411
1405	1431
1405	1493
1405	1854
1405	1861
1405	1885
1406	1822
1406	1952
1406	1994
1407	1437
1407	1469
1407	1675
1407	1702
1408	1424
1408	1500
1408	1565
1408	1749
1408	1991
1409	1428
1409	1465
1409	1467
1409	1524
1409	1738
1409	1896
1409	1987
1410	1500
1410	1526
1410	1582
1410	1597
1410	1621
1410	1744
1410	1880
1410	1961
1410	1974
1410	1981
1411	1524
1411	1569
1411	1586
1411	1664
1411	1698
1411	1709
1411	1715
1411	1818
1412	1455
1412	1496
1412	1602
1412	1656
1412	1734
1412	1777
1412	1807
1412	1848
1412	1930
1413	1415
1413	1498
1413	1815
1413	1917
1413	1938
1413	1983
1414	1462
1414	1470
1414	1473
1414	1490
1414	1501
1414	1523
1414	1604
1414	1691
1414	1822
1415	1431
1415	1546
1415	1821
1415	1826
1416	1658
1416	1690
1416	1810
1416	1951
1416	1966
1417	1625
1417	1875
1417	1893
1418	1472
1418	1491
1418	1530
1418	1832
1418	1884
1418	1934
1418	1950
1418	1983
1419	1441
1419	1612
1419	1676
1419	1737
1419	1757
1419	1852
1419	1867
1419	1929
1419	1943
1419	1973
1420	1443
1420	1507
1420	1629
1420	1639
1420	1819
1421	1456
1421	1655
1421	1713
1421	1790
1421	1848
1422	1500
1422	1514
1422	1517
1422	1629
1422	1911
1423	1570
1423	1592
1423	1639
1423	1697
1423	1798
1423	1804
1424	1459
1424	1574
1424	1846
1424	1861
1424	1985
1425	1505
1425	1626
1425	1674
1425	1814
1425	1824
1426	1467
1426	1481
1426	1527
1426	1843
1427	1517
1427	1536
1427	1549
1427	1569
1427	1718
1427	1835
1427	1839
1427	1938
1427	1970
1428	1648
1428	1664
1428	1914
1428	1965
1429	1451
1429	1614
1429	1700
1429	1902
1429	1971
1430	1740
1430	1855
1430	1892
1430	1906
1430	1909
1431	1436
1431	1439
1431	1454
1431	1526
1431	1680
1431	1708
1431	1769
1431	1799
1431	1826
1431	1965
1431	1978
1432	1489
1432	1604
1432	1981
1433	1464
1433	1688
1433	1751
1433	1804
1434	1465
1434	1601
1434	1797
1434	1848
1434	1892
1435	1438
1435	1559
1435	1592
1435	1861
1435	1960
1436	1509
1436	1542
1436	1771
1436	1802
1436	1883
1436	1907
1437	1569
1437	1686
1437	1780
1437	1872
1438	1517
1438	1703
1438	1887
1439	1466
1439	1601
1439	1632
1439	1663
1439	1764
1439	1778
1439	1846
1439	1884
1439	1923
1439	1983
1440	1556
1440	1579
1440	1628
1440	1661
1440	1703
1440	1786
1440	1947
1441	1646
1441	1659
1441	1797
1441	1813
1441	1816
1442	1604
1442	1612
1442	1617
1442	1618
1442	1734
1442	1852
1442	1908
1443	1554
1443	1576
1443	1608
1443	1653
1443	1930
1444	1492
1444	1527
1444	1567
1444	1818
1444	1868
1444	1881
1444	1882
1444	1891
1445	1575
1445	1837
1445	1894
1445	1985
1446	1551
1446	1582
1446	1633
1446	1644
1446	1805
1446	1962
1447	1665
1447	1688
1447	1962
1448	1513
1448	1605
1448	1668
1448	1727
1448	1906
1448	1969
1448	1995
1449	1460
1449	1504
1449	1659
1449	1660
1449	1778
1449	1851
1449	1861
1450	1459
1450	1597
1450	1942
1451	1705
1451	1802
1451	1842
1451	1874
1451	1913
1451	1983
1451	1988
1452	1472
1452	1578
1452	1646
1452	1693
1452	1806
1452	1832
1452	1883
1452	1901
1452	1951
1452	1960
1453	1457
1453	1586
1454	1495
1454	1524
1454	1549
1454	1609
1454	1832
1455	1701
1455	1714
1455	1784
1455	1872
1455	1898
1455	1931
1455	1934
1456	1551
1456	1600
1456	1604
1456	1808
1456	1905
1456	1909
1456	1998
1457	1514
1457	1717
1457	1763
1457	1840
1457	1848
1457	1968
1458	1591
1458	1633
1458	1660
1458	1859
1459	1594
1459	1643
1459	1780
1459	1844
1459	1848
1460	1534
1460	1612
1460	1851
1460	1885
1460	1899
1460	1950
1460	1982
1461	1536
1461	1584
1461	1623
1461	1830
1461	1859
1461	1940
1462	1510
1462	1530
1462	1646
1462	1818
1462	1875
1462	1928
1463	1481
1463	1483
1463	1575
1463	1583
1463	1631
1463	1673
1463	1754
1463	1874
1463	1912
1464	1566
1464	1613
1464	1726
1464	1747
1464	1849
1464	1975
1465	1549
1465	1558
1465	1613
1465	1628
1465	1654
1465	1721
1465	1756
1465	1924
1465	1975
1465	1979
1466	1494
1466	1583
1466	1601
1466	1624
1466	1911
1466	1985
1467	1527
1467	1528
1467	1546
1467	1652
1467	1694
1467	1701
1468	1687
1468	1763
1468	1987
1469	1692
1469	1755
1470	1716
1470	1771
1471	1499
1471	1604
1471	1815
1471	1975
1471	1976
1472	1550
1472	1677
1472	1683
1472	1791
1472	1840
1472	1916
1472	1936
1473	1589
1473	1590
1473	1638
1473	1749
1473	1928
1473	1947
1474	1580
1474	1671
1474	1912
1475	1491
1475	1559
1475	1762
1475	1773
1475	1801
1475	1814
1475	1865
1475	1936
1476	1500
1476	1521
1476	1542
1476	1598
1476	1599
1476	1641
1476	1724
1476	1912
1476	1929
1477	1577
1477	1607
1477	1655
1477	1757
1477	1927
1478	1588
1478	1623
1478	1753
1478	1770
1478	1930
1478	1955
1479	1566
1479	1692
1479	1813
1479	1850
1479	1959
1480	1494
1480	1808
1481	1520
1481	1614
1481	1625
1481	1671
1481	1763
1481	1809
1481	1817
1481	1831
1481	1873
1481	1883
1481	1921
1482	1622
1482	1628
1482	1731
1482	1745
1482	1773
1482	1875
1482	1939
1483	1542
1483	1751
1484	1497
1484	1583
1484	1798
1484	1834
1484	1859
1484	1861
1484	1972
1485	1495
1485	1511
1485	1596
1485	1611
1485	1648
1485	1958
1486	1974
1487	1581
1487	1583
1487	1676
1487	1742
1487	1748
1487	1830
1487	1876
1488	1789
1488	1892
1489	1668
1489	1799
1489	1838
1489	1892
1489	1917
1489	1921
1489	1928
1489	1971
1490	1749
1490	1941
1491	1553
1491	1635
1491	1663
1491	1721
1491	1918
1491	1939
1491	1976
1492	1506
1492	1629
1492	1720
1492	1785
1492	1791
1492	1862
1492	1887
1492	1926
1492	1985
1492	1988
1493	1569
1493	1594
1493	1721
1493	1786
1493	1847
1493	1866
1494	1540
1494	1552
1494	1803
1494	1847
1494	1951
1494	1984
1495	1565
1495	1633
1495	1670
1495	1731
1495	1928
1496	1555
1496	1633
1496	1768
1496	1814
1496	1928
1496	1992
1497	1802
1498	1506
1498	1553
1498	1665
1498	1722
1498	1875
1498	1937
1499	1534
1499	1555
1499	1566
1499	1876
1499	1932
1499	1955
1500	1511
1500	1515
1500	1581
1500	1626
1500	1643
1500	1710
1500	1908
1500	1913
1501	1567
1501	1632
1501	1657
1501	1792
1501	1900
1501	1975
1502	1600
1502	1689
1502	1752
1502	1781
1502	1882
1503	1670
1503	1707
1503	1776
1503	1994
1504	1645
1504	1878
1505	1521
1505	1607
1505	1771
1505	1912
1505	1995
1506	1507
1506	1625
1506	1809
1506	1853
1507	1740
1507	1756
1507	1759
1507	1994
1508	1573
1508	1577
1508	1585
1508	1633
1508	1766
1508	1997
1509	1592
1509	1608
1509	1643
1509	1722
1509	1780
1509	1909
1510	1608
1510	1639
1510	1749
1510	1787
1510	1879
1510	1884
1510	1905
1510	1954
1511	1819
1511	1842
1511	1909
1511	1910
1511	1924
1512	1547
1512	1648
1512	1881
1512	1927
1512	1966
1513	1553
1513	1605
1513	1694
1513	1802
1513	1874
1513	1976
1514	1974
1515	1614
1515	1628
1515	1716
1515	1766
1515	1851
1515	1919
1515	1932
1516	1583
1516	1705
1516	1849
1516	1899
1517	1524
1517	1689
1517	1730
1517	1944
1518	1627
1518	1685
1518	1780
1518	1814
1518	1832
1518	1969
1519	1531
1519	1553
1519	1594
1519	1675
1519	1783
1519	1809
1519	1952
1519	1972
1519	1984
1520	1529
1520	1823
1520	1841
1520	1920
1520	1944
1521	1577
1521	1630
1521	1733
1521	1879
1521	1929
1522	1581
1522	1886
1522	1960
1522	1990
1523	1707
1523	1809
1523	1895
1523	1955
1524	1619
1524	1695
1524	1823
1524	1929
1525	1650
1525	1667
1525	1713
1525	1785
1525	1802
1525	1896
1525	1976
1525	1993
1526	1585
1526	1658
1526	1686
1526	1860
1526	1894
1526	1991
1527	1729
1527	1758
1527	1893
1527	1925
1528	1546
1528	1693
1528	1760
1528	1767
1528	1798
1528	1927
1529	1619
1529	1739
1529	1983
1530	1600
1530	1723
1530	1936
1530	1948
1530	1985
1531	1643
1531	1784
1531	1851
1531	1909
1531	1920
1531	1939
1531	1954
1531	1983
1532	1580
1532	1779
1532	1916
1532	1951
1532	1973
1532	1980
1532	1987
1533	1629
1533	1797
1533	1861
1534	1652
1534	1760
1534	1796
1534	1946
1535	1573
1535	1753
1535	1897
1535	1900
1536	1797
1536	1810
1536	1881
1536	1888
1537	1547
1537	1600
1537	1698
1537	1722
1537	1805
1537	1847
1537	1918
1537	1977
1538	1649
1538	1713
1538	1746
1538	1836
1538	1877
1538	1966
1538	1989
1539	1748
1540	1614
1540	1662
1540	1768
1540	1907
1540	1918
1540	1920
1541	1560
1541	1562
1541	1625
1541	1747
1541	1790
1541	1879
1541	1891
1542	1551
1542	1558
1542	1583
1542	1921
1543	1763
1543	1935
1543	1950
1544	1545
1544	1620
1544	1766
1544	1927
1544	1963
1544	1983
1545	1593
1545	1748
1545	1751
1545	1770
1545	1776
1545	1873
1545	1881
1545	1889
1545	1938
1546	1597
1546	1623
1546	1677
1546	1753
1547	1549
1547	1588
1547	1633
1547	1748
1547	1750
1548	1551
1548	1618
1548	1678
1548	1750
1549	1570
1549	1700
1549	1726
1549	1884
1549	1954
1549	1985
1550	1565
1550	1785
1550	1933
1551	1638
1551	1787
1552	1678
1552	1707
1552	1768
1552	1872
1552	1886
1552	1951
1553	1648
1553	1733
1553	1806
1553	1851
1554	1627
1554	1710
1554	1912
1555	1629
1555	1640
1555	1659
1555	1684
1555	1780
1555	1796
1556	1579
1556	1728
1556	1776
1556	1856
1556	1866
1557	1770
1557	1784
1557	1898
1557	1979
1558	1689
1558	1711
1558	1788
1558	1840
1558	1845
1559	1899
1560	1565
1560	1690
1560	1745
1560	1810
1560	1874
1560	1897
1560	1936
1560	1966
1560	1991
1561	1620
1561	1624
1561	1662
1562	1702
1562	1743
1562	1915
1562	1936
1562	1945
1562	1969
1562	1982
1563	1615
1563	1783
1563	1870
1564	1573
1564	1594
1564	1997
1565	1598
1565	1654
1565	1728
1565	1848
1565	1950
1566	1651
1566	1698
1566	1710
1566	1761
1566	1820
1566	1919
1566	1976
1567	1587
1567	1884
1567	1946
1568	1602
1568	1663
1568	1766
1568	1796
1568	1806
1569	1662
1569	1694
1569	1703
1569	1704
1569	1713
1570	1646
1570	1663
1570	1674
1570	1701
1570	1854
1571	1584
1571	1603
1571	1709
1571	1788
1571	1817
1571	1856
1572	1580
1572	1588
1572	1592
1572	1749
1572	1828
1572	1830
1572	1879
1572	1887
1573	1590
1573	1643
1573	1766
1573	1820
1573	1993
1574	1715
1574	1747
1574	1800
1574	1882
1574	1972
1575	1610
1575	1840
1575	1932
1575	1993
1576	1579
1576	1594
1576	1679
1576	1694
1576	1772
1576	1808
1576	1899
1576	1904
1576	1919
1576	1931
1576	1978
1577	1692
1577	1723
1577	1887
1577	1969
1578	1621
1578	1967
1579	1663
1579	1790
1579	1860
1579	1863
1580	1748
1580	1805
1580	1827
1580	1858
1580	1871
1581	1590
1581	1647
1581	1722
1581	1850
1581	1920
1582	1612
1582	1831
1583	1806
1583	1945
1584	1833
1584	1927
1585	1632
1585	1708
1585	1766
1585	1784
1585	1816
1585	1859
1585	1890
1586	1628
1586	1645
1586	1771
1586	1779
1587	1626
1587	1655
1587	1684
1587	1694
1587	1742
1587	1816
1588	1656
1588	1727
1588	1836
1588	1851
1588	1910
1588	1916
1588	1924
1590	1705
1590	1725
1590	1781
1591	1695
1591	1850
1591	1948
1591	1966
1592	1711
1592	1779
1592	1803
1593	1747
1593	1796
1593	1850
1594	1636
1594	1726
1594	1800
1594	1970
1595	1697
1595	1851
1595	1897
1595	1912
1596	1609
1596	1643
1596	1646
1596	1823
1596	1868
1596	1886
1597	1736
1597	1912
1597	1937
1597	1984
1598	1831
1598	1913
1598	1916
1599	1636
1599	1681
1599	1682
1599	1917
1599	1942
1600	1629
1600	1669
1601	1625
1601	1797
1601	1909
1601	1997
1602	1630
1602	1649
1602	1895
1603	1650
1603	1716
1603	1783
1603	1884
1603	1983
1604	1659
1604	1804
1604	1860
1604	1898
1604	1910
1604	1911
1604	1992
1605	1615
1605	1629
1605	1766
1606	1784
1606	1986
1607	1616
1607	1632
1607	1828
1607	1833
1607	1905
1607	1976
1608	1618
1608	1784
1608	1806
1608	1925
1609	1797
1609	1902
1610	1632
1610	1683
1610	1768
1610	1813
1610	1826
1610	1890
1611	1819
1611	1866
1612	1637
1612	1710
1612	1726
1612	1867
1613	1662
1613	1870
1613	1874
1613	1946
1614	1884
1615	1654
1615	1712
1615	1802
1615	1933
1616	1663
1616	1797
1617	1767
1617	1770
1617	1859
1617	1915
1617	1952
1618	1775
1618	1838
1618	1904
1618	1907
1618	1944
1619	1633
1619	1772
1619	1989
1620	1780
1620	1912
1621	1638
1621	1659
1621	1734
1621	1749
1621	1792
1621	1898
1621	1913
1622	1659
1622	1732
1622	1910
1623	1673
1623	1882
1623	1942
1624	1758
1624	1927
1625	1700
1625	1887
1625	1992
1625	1996
1626	1641
1626	1707
1626	1744
1626	1770
1626	1950
1626	1951
1627	1745
1627	1830
1627	1923
1628	1657
1628	1845
1629	1639
1629	1770
1629	1816
1629	1818
1630	1638
1630	1651
1630	1763
1630	1784
1630	1847
1630	1953
1630	1982
1631	1642
1631	1725
1631	1802
1631	1875
1632	1641
1632	1867
1633	1643
1633	1762
1633	1836
1633	1866
1633	1927
1634	1782
1634	1985
1635	1676
1635	1760
1635	1774
1635	1791
1635	1878
1635	1955
1636	1677
1636	1796
1636	1817
1636	1856
1637	1720
1638	1868
1638	1958
1638	1987
1639	1654
1639	1738
1639	1762
1639	1785
1639	1862
1639	1967
1640	1697
1640	1809
1640	1846
1640	1877
1640	1933
1640	1958
1641	1798
1641	1898
1642	1663
1642	1703
1642	1871
1642	1923
1642	1931
1643	1895
1644	1648
1644	1653
1644	1721
1644	1745
1644	1803
1644	1834
1645	1853
1645	1969
1646	1669
1646	1763
1646	1832
1646	1911
1646	1931
1646	1984
1647	1711
1647	1755
1647	1821
1647	1971
1647	1999
1648	1702
1648	1765
1649	1677
1649	1957
1650	1699
1650	1728
1651	1705
1651	1715
1651	1719
1651	1877
1651	1926
1652	1785
1652	1804
1652	1837
1653	1733
1654	1694
1654	1721
1654	1851
1654	1988
1655	1657
1655	1797
1656	1974
1658	1659
1658	1670
1658	1671
1658	1757
1658	1848
1658	1890
1658	1914
1658	1921
1659	1660
1659	1698
1659	1717
1660	1698
1660	1842
1660	1892
1661	1930
1661	1998
1662	1727
1663	1809
1663	1980
1664	1756
1664	1816
1664	1822
1664	1832
1664	1975
1665	1779
1665	1791
1665	1870
1665	1907
1665	1916
1666	1774
1666	1838
1666	1881
1666	1919
1666	1952
1667	1680
1667	1719
1667	1772
1667	1778
1667	1794
1667	1855
1667	1889
1668	1959
1669	1686
1670	1677
1670	1739
1670	1925
1670	1996
1671	1731
1671	1829
1671	1945
1672	1686
1672	1725
1672	1758
1672	1931
1672	1935
1673	1768
1673	1787
1673	1855
1673	1953
1673	1975
1674	1740
1674	1774
1675	1755
1675	1761
1675	1766
1675	1846
1675	1988
1676	1832
1676	1852
1677	1779
1677	1879
1678	1794
1678	1801
1678	1820
1678	1885
1678	1902
1679	1721
1680	1725
1680	1766
1681	1818
1681	1858
1681	1924
1682	1871
1682	1939
1682	1981
1683	1734
1683	1795
1684	1795
1684	1870
1685	1728
1685	1792
1686	1740
1686	1817
1687	1749
1687	1764
1688	1719
1688	1902
1688	1999
1689	1732
1689	1787
1690	1813
1690	1834
1690	1970
1691	1710
1691	1829
1691	1992
1692	1740
1692	1754
1692	1775
1692	1805
1692	1884
1692	1905
1693	1782
1694	1844
1695	1951
1695	1965
1697	1897
1697	1925
1697	1956
1698	1846
1698	1899
1698	1992
1699	1770
1699	1904
1699	1970
1699	1982
1700	1819
1700	1851
1700	1857
1700	1863
1701	1753
1701	1776
1701	1912
1702	1783
1703	1828
1704	1772
1704	1874
1704	1916
1705	1712
1705	1782
1705	1792
1705	1883
1706	1740
1706	1841
1706	1986
1707	1732
1707	1763
1707	1827
1707	1833
1708	1762
1708	1833
1708	1856
1709	1999
1710	1715
1710	1721
1710	1757
1710	1787
1710	1821
1710	1829
1711	1762
1711	1807
1712	1895
1712	1941
1713	1847
1714	1800
1714	1854
1714	1875
1714	1902
1714	1964
1716	1788
1716	1910
1716	1932
1717	1760
1717	1790
1717	1796
1717	1848
1718	1827
1718	1924
1719	1819
1719	1839
1719	1872
1719	1879
1719	1909
1720	1961
1721	1758
1721	1840
1722	1735
1722	1902
1723	1814
1723	1933
1724	1738
1724	1752
1724	1775
1724	1799
1724	1822
1724	1998
1725	1802
1725	1830
1725	1841
1726	1874
1726	1973
1726	1989
1727	1900
1728	1804
1728	1840
1728	1852
1728	1863
1728	1891
1729	1796
1729	1821
1729	1839
1729	1850
1730	1935
1731	1950
1731	1965
1731	1973
1731	1995
1732	1768
1732	1791
1732	1795
1732	1796
1732	1833
1733	1914
1733	1994
1734	1748
1734	1762
1734	1843
1734	1888
1734	1973
1735	1872
1735	1907
1735	1923
1736	1859
1736	1933
1737	1832
1737	1853
1737	1971
1738	1852
1739	1898
1739	1968
1740	1749
1740	1782
1740	1833
1741	1767
1741	1952
1742	1763
1743	1771
1743	1956
1743	1998
1744	1757
1744	1781
1744	1834
1744	1868
1744	1883
1744	1987
1745	1960
1746	1867
1746	1940
1746	1954
1747	1787
1747	1798
1747	1864
1747	1972
1748	1759
1748	1959
1749	1800
1749	1852
1750	1754
1750	1882
1750	1903
1751	1927
1751	1979
1751	1999
1752	1788
1753	1869
1753	1965
1753	1985
1754	1923
1754	1987
1755	1909
1756	1774
1756	1858
1756	1879
1756	1983
1757	1805
1757	1897
1757	1915
1757	1967
1758	1787
1760	1820
1761	1955
1761	1991
1762	1814
1762	1857
1762	1863
1762	1968
1764	1769
1764	1795
1764	1834
1764	1950
1765	1787
1766	1817
1766	1958
1767	1773
1767	1782
1767	1917
1767	1977
1767	1992
1768	1809
1768	1840
1768	1940
1768	1941
1768	1943
1768	1960
1768	1967
1769	1783
1769	1852
1769	1885
1769	1985
1769	1987
1770	1782
1770	1837
1770	1851
1770	1915
1770	1943
1770	1966
1771	1847
1771	1882
1771	1914
1772	1844
1772	1927
1772	1948
1774	1857
1774	1949
1775	1840
1775	1916
1775	1959
1775	1962
1779	1855
1779	1907
1779	1923
1779	1965
1780	1893
1780	1916
1782	1888
1782	1905
1783	1835
1783	1853
1783	1870
1784	1797
1784	1807
1786	1815
1786	1817
1788	1800
1788	1809
1788	1863
1789	1830
1789	1860
1789	1912
1790	1831
1790	1963
1791	1812
1791	1817
1791	1820
1792	1916
1792	1975
1793	1955
1793	1966
1793	1975
1794	1881
1794	1960
1794	1966
1794	1977
1795	1822
1795	1876
1796	1841
1796	1903
1796	1987
1797	1914
1797	1970
1799	1945
1799	1979
1799	1992
1801	1802
1801	1829
1801	1922
1802	1862
1802	1920
1802	1989
1803	1951
1803	1953
1804	1814
1804	1837
1804	1930
1804	1955
1804	1987
1805	1835
1805	1851
1805	1931
1805	1965
1806	1887
1806	1911
1807	1892
1807	1923
1809	1895
1810	1861
1812	1828
1812	1938
1812	1978
1813	1823
1813	1835
1814	1851
1814	1913
1816	1906
1816	1981
1816	1986
1817	1875
1817	1935
1817	1976
1817	1992
1818	1907
1819	1838
1819	1897
1819	1937
1820	1841
1820	1926
1820	1944
1821	1831
1821	1876
1821	1956
1821	1975
1822	1912
1822	1923
1823	1909
1823	1981
1824	1921
1825	1836
1825	1895
1825	1936
1825	1966
1825	1973
1826	1883
1826	1898
1826	1958
1826	1967
1826	1996
1827	1856
1827	1926
1828	1872
1828	1887
1828	1894
1828	1903
1828	1906
1828	1979
1828	1999
1829	1915
1829	1920
1831	1866
1831	1946
1832	1864
1832	1955
1833	1935
1834	1850
1835	1866
1835	1882
1835	1919
1836	1844
1837	1891
1837	1899
1837	1911
1837	1986
1838	1897
1840	1886
1840	1900
1840	1971
1843	1905
1846	1962
1846	1985
1848	1900
1849	1878
1849	1886
1849	1923
1850	1879
1850	1899
1850	1947
1850	1978
1851	1875
1852	1912
1852	1953
1852	1963
1853	1919
1853	1979
1855	1857
1856	1977
1857	1936
1860	1910
1861	1918
1864	1894
1864	1966
1865	1876
1865	1995
1866	1971
1868	1879
1868	1955
1869	1901
1869	1950
1869	1994
1870	1934
1870	1993
1871	1991
1871	1993
1873	1950
1874	1912
1874	1939
1874	1954
1874	1967
1875	1917
1876	1973
1877	1928
1877	1944
1881	1906
1881	1950
1881	1979
1882	1952
1882	1972
1883	1969
1884	1944
1884	1957
1885	1907
1885	1919
1885	1922
1886	1941
1886	1954
1887	1969
1888	1911
1889	1916
1889	1989
1891	1922
1891	1983
1893	1952
1896	1910
1897	1939
1900	1965
1901	1903
1901	1972
1901	1973
1902	1955
1905	1906
1906	1995
1911	1927
1913	1968
1916	1969
1917	1940
1920	1982
1922	1954
1924	1967
1924	1974
1925	1960
1925	1999
1926	1983
1926	1991
1927	1944
1928	1980
1929	1958
1932	1959
1934	1945
1934	1948
1938	1977
1939	1959
1939	1982
1940	1973
1943	1966
1944	1983
1945	1950
1948	1996
1949	1997
1951	1957
1954	1956
1956	1985
1958	1997
1960	1964
1960	1980
1960	1992
1970	1984
1974	1975
