1000
1933
1945
1980
1984
0
640
701
789
997
1001
1201
1383
1584
1686
1
102
401
851
974
1002
1242
1294
1568
1851
2
445
520
892
992
1003
1627
1807
1827
1963
1004
1798
1861
1971
1978
1005
1715
1858
1929
1939
3
75
472
825
935
4
644
749
757
1982
1006
1186
1855
1943
1950
5
258
533
648
721
6
1146
383
883
955
1007
1528
1566
1652
1008
1746
1981
1998
1009
1710
1821
7
254
453
953
956
1010
1112
1813
1892
1995
1011
1205
1269
1811
1012
1203
1408
1709
1901
8
689
1704
888
991
9
608
750
900
957
1013
1531
1587
1721
1014
1266
1411
1780
1895
10
836
844
869
894
1015
1563
1948
1993
11
511
803
926
996
12
810
963
983
987
13
478
488
570
998
1016
1134
1717
1841
1017
1047
1618
1705
14
20
356
448
984
1018
1235
1840
1856
1919
1019
513
1577
1797
1854
15
182
214
549
739
1020
1053
1643
1899
1925
16
239
655
863
960
1021
1277
1581
1956
1022
1227
1439
1580
1699
17
916
923
931
1023
1219
1722
1769
1949
1024
1252
1506
1634
1923
1025
1476
1524
1582
1791
18
240
483
620
845
19
265
594
812
816
26
713
1026
1472
1570
1802
1865
21
729
780
860
936
22
154
156
1649
837
1027
1152
1621
859
1941
1028
1882
1029
1698
1774
1920
1030
1637
1641
1903
1991
1031
1781
1782
1959
1032
1320
1766
1990
1033
1407
1725
1750
853
23
499
731
866
902
24
380
765
773
1034
1241
1706
1880
1915
25
107
470
526
536
1035
1490
1648
1754
1934
1036
1114
1985
1037
1128
1762
1825
349
659
937
27
49
434
560
615
1038
1543
1620
1977
1039
1659
1810
1964
28
52
406
833
967
1040
1402
1418
1873
1041
1776
1927
1042
1158
1664
1877
1972
29
375
899
948
972
30
33
229
645
797
1043
1968
31
296
452
775
940
32
345
730
794
366
563
805
34
674
857
876
971
1044
1460
1946
1966
1045
1491
1513
1676
1953
35
252
323
819
887
36
583
662
830
1046
1658
1732
1955
1989
37
527
572
747
970
38
399
455
39
212
284
697
980
40
567
755
832
1297
1356
41
625
927
42
372
823
43
180
369
728
994
1048
1141
1234
1332
1493
1049
1404
1542
1777
1852
44
58
915
952
965
1050
1124
1907
1051
1712
1894
1052
1890
45
603
646
982
1164
1172
1928
1054
1569
1731
1819
46
250
735
879
898
1055
1314
1318
1619
1745
1056
1872
1896
1057
1502
1996
1999
47
947
48
225
236
476
663
1058
1171
1530
1607
1059
1772
1817
172
966
1060
1149
50
723
763
977
51
382
896
939
949
386
799
922
53
740
54
612
55
347
523
656
968
56
108
327
1061
57
637
908
943
828
843
1062
1636
1808
1952
1063
1170
1191
1893
59
337
435
565
636
1064
1298
1646
1983
60
573
882
969
978
61
84
855
889
993
1065
1465
1661
1884
1909
1066
1421
1701
1988
62
522
827
954
63
809
901
988
64
606
791
874
65
568
793
884
1067
1352
1703
1849
1906
66
1639
711
914
973
1068
1423
1720
1876
67
235
629
1069
1118
1070
1605
1718
1869
1071
1512
1758
1944
1961
68
335
547
1072
1406
1498
1660
1678
1073
1432
1452
1702
1866
69
766
1074
1154
1224
1494
1597
70
271
639
989
1075
1462
1788
1076
1553
1960
71
632
654
945
1077
1233
1273
1463
72
355
500
582
73
494
861
1078
1755
74
113
702
818
762
76
289
611
893
1079
1080
1419
1809
1969
1081
1279
1470
1931
77
227
543
962
78
230
468
835
79
96
680
725
826
1082
1184
1800
1914
80
253
361
600
81
367
374
589
82
688
753
83
313
878
941
1083
1663
1908
1965
1084
1110
1371
1614
1628
1085
1225
1672
1086
1708
1868
412
782
1087
1327
1334
1859
85
1088
1254
1910
1089
1743
1867
1090
1208
1337
1837
1881
86
607
724
919
1091
1416
1879
87
283
333
397
783
88
414
89
276
986
1092
1218
1313
1592
1093
1192
1431
790
1094
1589
1904
1095
1290
1096
1249
1485
1924
90
462
715
91
220
273
714
944
1097
1374
1551
92
784
802
93
430
473
558
877
1098
1368
1594
1897
1099
1245
1957
94
325
465
471
813
1100
1129
1142
1967
95
550
903
756
911
995
97
691
1727
781
1101
1276
1317
1414
1843
98
742
829
1102
722
1834
1857
99
446
481
865
897
100
326
668
101
964
950
1103
1779
1842
1926
103
578
920
1104
1529
1753
1105
1761
1936
104
221
577
864
1106
1204
1835
1107
1937
105
343
415
704
912
106
942
667
785
867
562
109
489
708
110
131
167
693
895
111
112
817
906
925
1108
1711
1847
114
745
1109
1547
1898
1986
115
132
495
886
1593
1600
1822
116
312
815
1111
1342
1474
1845
1912
117
552
707
839
118
141
1846
1962
119
665
732
1113
1913
1970
1997
1115
1433
1815
1874
120
291
537
1116
1604
121
314
350
653
122
123
309
124
125
358
457
126
929
951
127
1117
1261
1653
1789
128
638
738
129
801
130
764
792
840
509
958
990
189
771
1119
1410
1427
1974
1120
1778
1787
1121
1765
133
200
924
134
203
946
1122
1783
1123
1564
135
1932
136
400
822
137
317
804
933
1125
1820
1921
1126
1523
1561
138
139
187
339
698
1127
1301
1400
1555
1987
140
841
1130
524
1567
831
142
521
769
885
143
820
881
917
1131
1288
1384
1518
1132
1178
1133
1938
1940
1741
1850
1135
1215
1609
144
409
999
1136
1651
1137
1139
145
657
661
776
870
146
147
198
202
215
432
148
871
149
584
1138
1426
1595
1905
150
660
1140
1598
1839
1707
1900
1917
1143
1185
1719
1814
1144
1315
1642
1145
151
985
1693
1864
1147
1296
1692
1935
152
217
1148
1429
153
706
788
155
566
1992
1150
1469
1497
157
1151
1267
1503
158
581
904
159
257
305
1794
1911
1942
160
161
319
834
932
162
508
1153
1714
163
621
909
1155
1548
1775
164
224
800
165
535
905
981
1156
1216
1533
1739
1157
1280
1394
166
357
388
767
168
480
169
449
170
559
1159
1691
171
618
642
726
811
173
554
174
293
507
175
716
921
176
774
976
177
190
683
1160
1367
1161
1625
1730
1828
178
490
938
1162
1345
1486
1163
1303
1316
1735
1484
1994
1165
1571
1733
1744
179
1166
1673
1167
1862
331
458
838
181
443
251
595
183
770
184
669
934
1168
1274
1742
1764
185
737
754
1169
1220
186
341
1359
1405
1976
1668
1740
188
270
539
598
1173
1633
1679
1958
1174
1200
1737
442
806
1175
1176
1812
362
191
1177
1262
1395
1441
192
671
979
193
492
194
318
610
1179
1552
1801
1875
1180
1181
1608
195
1182
1887
1183
1536
1870
196
197
231
741
891
475
586
678
199
546
1606
1805
1492
1517
1187
1792
315
201
243
850
447
1188
1199
1189
1573
1786
548
1190
324
1759
204
421
427
205
206
616
207
292
208
1499
736
209
263
210
842
211
752
1417
213
685
1193
1836
285
975
216
959
599
218
1194
219
849
872
1195
1871
1889
1196
1626
1197
1501
222
593
910
223
590
643
1198
1826
1454
1771
703
1202
1687
1240
652
226
1930
1206
1272
1878
1207
1283
1526
1579
1883
1539
1833
228
679
377
787
501
232
1257
601
1209
1442
1670
233
459
650
1210
1979
234
418
677
1211
1212
1447
1756
1863
1213
1916
1214
1434
338
394
525
1697
237
321
1793
238
433
1540
241
242
1217
1507
1615
907
244
311
649
918
245
297
454
246
247
585
248
249
1487
1677
672
858
1975
580
255
256
334
627
1221
1752
1222
1632
1223
1831
1321
1853
1226
1386
673
267
786
1228
1230
1640
1763
1229
1716
259
260
633
768
261
411
469
262
373
422
1231
1449
1550
1611
1232
1388
1556
264
1281
1751
1392
1458
1848
1885
1236
1610
1237
1302
1489
1695
1238
1239
1455
1806
266
378
779
1520
1669
1243
1312
1372
428
1244
1891
1333
748
268
1246
1397
1438
1599
269
1247
1803
1816
1248
1344
1375
272
437
700
862
1250
1346
1389
274
365
628
275
1251
1654
1253
1748
1255
1325
1256
1527
1258
875
1259
1590
277
746
1260
1922
278
778
1586
279
591
280
403
281
796
282
686
579
1622
553
609
928
1263
1954
286
795
930
1264
1467
1565
1973
287
482
288
619
1265
290
541
613
630
294
295
890
1838
298
395
505
299
300
1713
301
641
717
1268
302
407
873
336
1435
1662
303
1270
304
759
1271
1473
1422
1440
1457
306
631
307
308
351
518
777
310
439
1667
1275
1576
1385
1683
529
1365
1278
1430
712
1350
1770
1616
1655
1282
346
574
720
1284
1799
1285
1286
1300
1287
1624
316
847
1289
587
530
320
1747
1645
322
696
1291
1326
1445
1292
1293
1749
441
1339
1370
1295
1340
1361
1631
328
329
1674
330
391
460
1409
1902
1299
1319
1635
332
517
1656
479
744
710
626
1349
1685
1304
1681
821
798
1305
1306
1918
340
807
868
808
342
1307
344
624
474
402
1308
348
1309
1886
1310
1311
1323
658
456
1738
352
353
497
602
354
670
1519
1588
1767
1951
1420
1377
1888
1376
1360
1322
1459
1657
588
1844
359
360
1324
363
528
1413
1630
1768
364
1328
1343
1354
1329
1436
1647
913
544
368
370
371
1330
1479
1521
1790
604
614
1331
1700
846
1335
1336
1338
1483
1341
575
376
425
1554
379
381
384
385
676
1358
1478
1785
1612
1665
387
404
389
709
390
1347
1348
516
705
392
502
393
1351
719
1784
396
743
398
681
1353
1684
1830
622
463
1355
694
534
1357
1947
405
854
408
410
1545
1362
436
1363
413
651
684
1364
1559
416
880
417
532
848
1366
419
420
1369
1613
647
423
1860
1832
424
751
1373
426
1456
1399
1378
1424
429
514
1379
1671
1380
1448
1381
1382
1617
431
617
569
1403
1387
1795
1471
1390
1391
1583
692
1393
1546
1694
1804
592
1729
438
1396
1549
1398
1723
1818
727
1824
1401
1557
687
440
561
760
1514
1690
444
1412
1728
1415
1578
1602
1532
1495
450
451
551
761
1515
461
496
1425
718
852
1585
1562
1428
464
699
466
467
542
695
1437
1461
1443
961
477
1444
1446
1726
682
484
485
486
493
596
487
531
1450
1596
1451
1623
1736
690
491
1638
1796
1453
1760
1482
498
1516
503
504
1522
506
556
1464
510
814
1466
512
1468
538
515
1603
1689
1666
1475
519
1477
664
1480
1541
1823
1481
1591
1488
1504
1496
1734
540
1500
1773
1829
1601
545
1696
1505
1508
1650
1509
1510
1511
1675
758
1629
1682
555
856
557
564
1574
1525
1680
571
1534
1535
1560
1537
1538
576
1544
1558
1724
1572
733
1575
597
1644
605
1688
666
734
772
623
675
634
635
1757
824
