1000
1181
1246
1481
1677
1679
1768
1851
1879
918
1927
1001
1081
1324
1516
1542
1577
606
1705
1791
1884
1972
1002
1066
1145
1237
1429
1514
1699
756
1817
1939
1963
0
8
280
460
472
521
1656
727
778
943
986
1003
1079
1203
341
1697
1731
1826
1921
1953
1989
1
192
225
423
436
579
693
713
718
738
824
2
20
199
380
443
651
783
911
935
962
975
1004
1171
1183
1214
1658
681
1749
1857
1878
1922
1937
1005
1262
1369
1428
1612
1684
1690
1727
1801
1991
3
235
501
719
775
786
922
1949
958
964
985
4
172
382
396
556
770
827
902
924
976
1006
1304
1312
1347
1453
1456
1839
1874
1932
1938
1007
1115
1255
1533
1775
1803
1876
1896
1934
1970
5
163
175
299
457
641
682
792
814
1837
939
6
102
223
311
429
479
609
798
812
941
1986
7
48
248
352
570
780
801
810
819
835
919
342
353
605
675
698
743
804
927
952
1008
1018
236
1327
1493
1735
1930
1940
1947
1979
1009
1199
1229
1395
1403
1447
1454
1606
1799
1883
1966
1010
1218
1451
1549
1572
754
1969
1978
1984
1011
1038
1118
1476
1520
1573
1825
1899
1951
1973
1012
1309
1364
373
1411
1473
1718
1777
1815
1936
1013
1372
1588
1615
1632
1833
1870
1944
1961
9
256
277
514
1571
649
703
732
785
893
10
212
242
367
379
434
883
886
917
1014
1146
1264
1346
1497
1592
1608
1931
1974
1987
1015
1037
1099
1504
1647
1653
1755
1829
1960
11
1226
220
564
654
734
793
826
956
969
12
293
383
415
421
441
522
789
866
938
1016
1281
1373
1404
1417
1480
1681
1781
1798
1854
1957
13
156
283
333
456
745
821
992
1017
1337
1440
1545
1842
894
1913
1268
1488
1675
1748
1802
1872
1942
1982
1019
1192
1317
1426
1462
1483
1556
1725
1909
14
30
260
320
338
492
530
966
973
999
1020
1406
1496
1534
1806
1923
1958
983
1021
1025
1121
1211
362
1780
1900
1976
1985
1022
485
1730
1846
1877
1941
1977
15
16
71
327
1441
715
825
881
903
954
318
404
1478
481
557
593
828
876
904
17
85
794
802
833
1856
961
965
1023
1032
1127
1333
1743
1891
1024
1185
1276
332
1467
1625
1660
1904
1187
1325
1809
1841
1912
1918
1995
18
749
799
863
915
990
19
51
709
771
868
1950
949
981
997
1026
1149
1362
1445
1634
1680
1682
1897
1996
58
364
554
735
760
832
948
968
971
21
186
330
1433
438
497
764
807
816
22
390
477
597
1640
717
767
862
989
995
23
46
360
387
548
751
880
910
926
24
336
615
790
957
25
209
303
308
744
788
884
1027
1101
1207
1382
1501
1595
1943
1962
1028
1053
1089
1156
1234
1242
1443
1834
1887
1029
1419
1621
1666
1672
1813
26
146
150
1315
618
634
678
853
900
950
1030
1046
1163
1413
1474
1479
1655
1693
1031
1120
1273
1525
1528
1782
1853
1911
1956
1363
1557
1767
1832
1863
882
1033
1507
1708
1720
1843
1849
1034
1069
1152
1371
1490
1495
1662
1771
1901
1035
1285
1310
1510
1609
1698
1827
27
73
691
937
978
28
267
316
339
525
782
845
1036
179
1303
1322
1463
1506
1865
1916
29
147
240
602
722
737
851
255
417
446
546
716
879
898
960
31
608
695
784
796
921
1077
1129
1263
1670
1779
1819
1231
1631
1694
1794
1867
1890
1993
32
229
350
475
748
901
925
1039
1439
1561
1620
1747
1926
1945
33
49
650
676
934
951
963
34
555
740
759
895
912
35
249
302
348
685
708
928
1040
1173
1517
1723
1726
1756
1800
1888
1041
1054
1119
1354
1667
1965
1992
36
340
450
516
617
633
1818
37
166
279
499
509
1604
628
842
1042
1125
1135
1274
1645
1650
1724
1910
1919
1043
1058
1437
424
1581
1713
1764
1990
1044
1169
1339
817
1812
38
476
515
680
885
979
984
991
1045
1087
1235
1527
1546
1683
1737
1994
1128
1158
1259
1278
1805
1924
39
178
1210
314
805
888
890
955
40
129
1240
234
274
642
899
41
451
466
538
768
858
891
1047
1175
1307
1470
1772
1814
1999
1048
1316
1430
1582
1774
1881
1049
1050
1155
1162
1668
808
1997
435
1613
1616
1691
1733
1759
1773
1051
1093
1179
1292
1541
1738
1959
1975
42
66
139
257
335
531
614
653
668
699
43
45
108
285
300
391
753
795
856
1964
1052
1282
1567
44
454
736
763
874
1236
1610
1714
1808
1869
1170
1464
1637
1908
115
190
370
397
662
774
1336
865
889
946
998
47
124
140
205
321
473
490
850
1082
176
207
482
636
1055
1106
1401
1412
1425
1669
1925
487
755
769
933
940
977
982
50
216
358
526
731
923
60
100
202
230
639
936
52
541
655
746
852
994
53
161
296
447
859
953
996
1056
1432
1482
1499
1503
1543
1746
1790
1057
1095
1256
1574
683
1860
54
400
422
684
803
942
55
111
334
528
560
644
56
219
355
594
612
620
1367
1673
57
1205
573
616
647
720
777
238
574
643
846
892
59
95
559
729
840
843
1059
1300
315
1385
1521
1753
1762
1893
1933
1060
1692
1700
1811
1061
120
1569
1659
1828
1062
1500
1696
261
413
1442
532
565
61
495
721
62
414
508
534
581
811
63
138
201
613
896
909
913
1063
1685
1761
1766
1770
1850
1064
1736
1810
1065
1103
1161
1508
1750
1793
1968
64
381
491
631
1980
1565
1902
65
290
297
669
787
867
929
1067
1086
1201
657
1967
418
728
849
1068
1580
1583
1929
1954
67
407
589
621
765
1328
1769
1787
1917
68
103
354
493
527
551
761
69
1076
109
513
575
757
70
427
453
591
841
932
1070
1361
1605
1845
1886
1071
1148
1293
1706
503
679
706
993
1072
1409
1410
1477
1596
1642
1907
1952
1073
1232
1358
1591
1671
1821
1074
1398
1590
1627
1786
1075
1434
539
1807
1862
1955
1559
1597
1564
595
1751
1763
72
351
384
553
1078
1330
1461
1760
967
1399
1741
1080
1687
877
1914
1108
1111
537
1619
1643
193
292
550
674
690
1137
1721
1820
1905
74
119
125
195
288
562
872
75
169
448
871
947
988
1083
1085
1215
1335
1551
1836
1858
1906
1084
312
76
284
393
820
920
1160
1594
1744
1822
1946
1457
1566
1704
1722
1754
1291
1313
1088
1141
1177
1299
1486
1505
1686
77
430
1654
670
837
1898
1090
1537
78
584
648
733
831
79
369
498
561
800
844
987
1091
1195
1512
1587
1641
705
1729
1866
80
265
331
762
1092
1548
1734
1784
1844
1852
1254
1460
959
81
133
700
1094
1164
1239
1757
82
213
626
776
1830
1578
1661
1935
1096
1607
1840
1097
1377
1390
1560
1562
1098
1688
1745
1895
83
585
1550
1665
1847
1100
1498
1598
1880
84
388
742
906
1356
194
930
1102
1167
1186
1450
86
1343
598
1176
1519
1539
1823
1104
1314
1529
1742
1882
1105
1384
1438
635
87
394
468
558
908
1144
1326
1424
1455
1646
1715
1998
1107
1245
1431
1435
1614
88
185
601
815
864
89
389
588
673
90
148
368
459
907
1444
567
1873
1889
91
244
632
1649
704
1109
1331
92
1110
1345
1618
1915
93
145
273
301
578
94
275
610
1142
1247
1436
1593
1112
1257
1468
1491
1831
1928
366
533
607
1113
406
1553
1114
1116
1221
1601
1209
96
117
237
1389
1502
823
97
204
208
741
1117
1241
1795
1816
98
1271
1465
1475
1554
1804
1165
1630
1848
1892
99
106
141
671
916
1238
1452
1652
1983
270
806
101
696
944
168
402
625
105
328
600
773
980
104
134
694
504
486
847
1318
1740
1122
1531
1678
1855
1123
1212
1524
1624
970
1124
1472
726
1492
1522
1626
1864
1126
1540
1758
1416
1515
1835
1228
107
181
1130
1351
1449
1824
1971
1131
1418
494
1584
346
452
416
518
110
211
640
1397
428
752
1132
1306
112
180
113
164
191
520
1133
1296
1518
1875
1134
1711
1712
1868
1988
1136
1222
114
135
137
480
568
582
116
228
410
461
587
1248
1796
1838
118
549
1138
465
1674
1709
1139
1695
1948
408
692
1140
227
462
496
121
630
667
1279
122
604
873
1400
1407
1623
123
344
376
586
629
829
1143
1376
1396
1485
1981
623
126
196
425
730
1194
1405
1629
1635
127
136
758
974
1350
1391
779
1920
1147
1570
1717
128
378
860
395
523
524
130
281
572
712
1538
131
512
1617
781
818
972
132
484
1459
1552
1788
1150
1633
1636
1151
1368
488
714
412
535
646
750
1701
665
875
337
471
766
272
470
905
1153
1251
1154
1253
1532
1657
1702
1180
306
375
392
440
489
510
659
233
791
1157
1287
1651
1159
1676
142
687
143
500
1600
652
701
822
1249
1739
1778
144
197
672
232
540
152
159
217
442
664
857
945
1216
1458
1526
1544
1547
1871
1166
1340
1648
170
1359
1168
149
214
365
1484
663
830
151
245
809
870
153
627
154
1305
697
723
1392
1378
155
592
661
1172
1509
449
897
1379
1664
1174
1191
157
210
158
1189
226
262
160
483
747
834
1894
162
855
1178
319
444
931
431
1220
1321
1785
1427
165
259
398
656
686
739
189
317
426
474
1182
1295
1752
167
437
645
439
268
1494
1184
307
386
688
171
182
576
469
813
1283
173
276
419
848
1355
1448
1903
174
187
519
622
1206
507
887
1188
1261
254
1859
1190
1586
177
377
183
547
1225
198
218
624
797
215
710
838
252
1193
1311
184
511
1243
1466
1196
1332
637
583
772
1197
1198
1227
1297
536
725
188
247
310
702
711
246
878
854
1200
1202
1792
295
596
619
1611
1290
1341
1568
1204
1269
1277
1716
1289
1599
1208
1329
1523
356
599
1381
1423
458
200
861
1266
1388
1489
231
1213
1783
544
552
836
203
1323
569
1217
1513
1219
1286
1622
206
243
914
1348
1421
1223
1224
1644
1585
304
1558
1360
1415
1710
1230
1728
1776
405
724
1365
1576
1233
324
347
577
1885
432
1732
1535
1555
409
505
401
1861
478
1272
1244
1374
221
707
222
603
1349
224
305
506
517
638
590
1250
1302
1394
1252
677
1387
502
545
278
289
239
1765
1258
1575
1386
241
325
1260
1352
1408
1589
1265
1319
1471
329
1563
1267
1603
250
313
1357
1639
1270
1797
326
266
363
839
1275
1414
264
571
1344
251
253
433
1280
1393
1294
1284
271
660
258
411
1288
1663
1719
1469
1511
309
263
580
1298
269
463
658
294
869
666
563
1422
1301
282
359
566
286
1383
287
543
371
420
1308
1638
291
372
322
1789
1487
298
1420
1628
361
1320
1353
1602
1446
374
385
1334
1338
1579
1342
1536
323
349
399
343
689
345
357
1366
1370
1375
403
1402
455
1380
529
1689
1707
445
611
1530
467
1703
542
464
