1000
1564
1608
1628
1773
1790
1804
1858
1860
932
1974
0
231
234
416
478
760
917
919
942
950
963
1
87
99
258
556
620
659
720
765
952
971
1001
1037
1117
1152
1310
1443
1559
1644
901
1949
1980
1002
1188
1460
1560
1594
1630
1637
896
1932
1945
1989
2
225
1314
525
587
594
733
811
960
981
3
1329
431
547
554
766
769
830
840
920
957
4
33
288
432
447
602
692
791
829
934
5
278
430
592
699
724
777
847
926
954
989
1003
1391
1421
1610
1766
1806
1848
1861
1901
1951
1978
1004
1279
1420
1531
1552
1680
1758
1830
1838
1886
6
374
550
562
756
863
912
927
939
990
1997
1005
1149
1698
1747
1787
1867
872
1924
1958
1969
1988
7
392
1490
494
596
607
649
806
953
961
8
12
143
300
458
534
578
614
776
826
841
1006
1090
1112
1287
1474
1557
1777
1782
1833
1970
1007
1040
1082
196
1341
1418
1694
1908
1962
1976
1981
1008
1270
1382
1389
1488
1589
1824
1844
1868
1991
9
15
84
163
412
437
1592
629
658
887
911
10
172
354
1478
676
754
764
767
810
930
978
11
276
393
668
695
809
868
906
955
24
60
279
410
642
744
759
973
1009
1175
313
1651
1677
1736
1737
1784
1939
1010
1166
1334
1354
1566
1605
1611
1754
1841
1972
1011
1142
1350
1669
1740
1750
1781
1789
779
1907
1930
13
63
162
630
712
721
748
790
795
964
998
1012
1024
1025
1308
1332
408
1676
1885
1898
1013
1014
1074
1156
482
1597
1638
1786
1818
1929
1947
14
175
248
290
617
624
831
855
909
985
137
305
352
634
730
752
803
895
1999
16
119
139
464
679
734
875
924
995
17
1229
224
426
672
746
784
867
890
903
1097
1258
1366
1405
1556
1567
1809
1938
1015
1095
1293
1364
1746
1819
1836
18
1136
168
222
329
555
590
737
877
914
19
212
216
241
479
499
509
870
991
20
228
239
508
770
871
984
993
1016
1057
1231
1243
1363
1497
1585
1596
1815
1916
1965
21
252
546
635
781
929
1017
1403
1673
1715
1771
1788
1926
1959
1018
1072
1119
1399
1718
853
1919
1920
1019
1167
1311
1433
1599
1775
1900
1935
1984
22
1606
660
771
819
925
23
83
186
783
888
902
1020
1065
1356
1503
1668
1716
804
1825
1851
1956
1992
1021
1114
1485
1553
1604
1795
1874
1937
1946
327
344
560
700
864
1961
982
25
150
1331
387
435
448
455
923
943
1022
1240
1336
1609
1720
1845
1910
1931
1023
1184
1259
1511
1686
1793
1876
1934
962
1041
1089
1409
1745
1776
1985
26
117
356
559
860
883
970
1109
1957
1993
1026
1228
1358
1422
1516
1657
1807
1027
1210
1283
404
1458
1477
1679
1760
1971
27
97
178
428
457
492
615
881
979
1028
1254
319
1370
1540
1583
1933
1029
1157
1423
1525
1703
1726
28
65
293
321
414
485
644
735
816
956
29
291
512
563
646
751
820
821
878
30
176
474
1625
774
778
807
846
856
884
1030
1048
1659
1702
1968
1995
31
729
732
762
879
893
899
959
32
125
366
637
1696
697
782
1031
1225
1481
1532
1548
1831
1839
1843
1856
1032
38
1263
1302
1427
1759
1921
1977
1033
1146
1285
1380
1491
573
1598
1869
1923
1034
1273
1335
1538
1778
1871
1905
1944
389
610
618
713
935
1035
1372
1396
636
1683
1691
1700
34
43
95
413
467
652
1693
787
880
947
1036
1306
1402
1522
1880
1890
1897
35
229
405
420
483
723
812
937
36
361
662
1685
958
999
37
62
138
301
537
632
680
848
974
1581
1642
1846
330
422
885
980
39
51
109
304
897
1982
40
195
242
281
418
541
589
682
967
41
312
584
648
704
997
1038
1218
1248
1448
1648
1735
1875
42
185
253
298
530
598
600
908
948
1039
1092
1340
1352
1712
1888
1892
247
663
822
983
44
206
460
520
736
1960
1256
1510
1618
1649
1779
45
192
348
456
518
800
818
900
46
156
173
1450
531
843
47
200
694
701
928
1161
1224
1404
48
79
221
381
425
747
1042
1220
1381
1406
1546
1561
1663
1743
1879
1043
52
1319
1482
1797
1816
1044
1238
1454
1574
1917
1953
49
101
122
487
495
528
837
976
1045
1116
1415
1451
1515
1568
1701
1803
1952
50
154
292
504
799
1912
938
941
1046
1121
1174
1197
1496
1584
1587
1834
1893
349
471
889
254
444
543
656
865
1047
1070
1221
1344
1347
1353
451
1495
1655
1799
1064
1150
1493
1494
1979
1049
1499
1576
1887
1889
1050
1105
1300
1441
1456
1853
1998
53
159
551
678
687
802
845
54
438
612
814
817
965
1051
1093
1143
1413
1416
1562
1899
1911
55
71
219
484
718
797
858
894
1052
1084
1134
1438
1681
1975
1053
1253
1554
1577
1620
1660
1878
1940
1054
1100
1172
1383
1695
1753
1994
1055
1186
1317
1501
1710
1826
1842
1914
56
250
514
575
827
862
898
913
57
58
443
454
542
969
116
323
601
626
683
794
977
994
59
220
434
477
685
823
850
1894
1056
1126
1262
1472
1586
1863
1292
1419
1658
1772
1877
1904
1058
1250
1440
1492
1925
347
666
739
915
916
921
61
603
1059
1249
1483
1652
824
707
1060
1071
341
1476
1948
180
379
643
669
786
64
130
608
639
738
1061
1183
1449
1514
1717
1801
386
532
772
793
931
1062
1085
1550
1723
1794
1805
1850
1063
1343
1428
1571
731
1903
1936
90
1294
1361
1390
1631
1792
1865
1528
1582
1641
1647
1692
1814
66
277
473
557
715
891
67
169
466
844
876
992
68
187
371
599
657
671
758
874
944
1066
1639
1796
1808
1996
1067
1173
1906
1983
69
681
714
728
780
987
70
89
439
526
653
706
836
391
395
399
726
904
1068
1176
1236
1666
1761
1770
1811
1069
1164
1468
1518
1591
1613
690
1386
1575
1728
1909
72
91
316
548
549
570
73
157
275
654
852
861
1281
1429
1629
1690
1990
1426
1764
1852
1855
74
94
151
318
741
1073
1087
1191
1445
1486
1558
1765
1362
1469
1616
1967
1075
1128
1689
1810
1832
1918
75
256
324
335
611
966
76
78
515
553
561
693
1076
453
1687
1077
1200
1475
1542
1590
1671
1891
1078
1467
1725
1895
1079
1378
1459
1539
1619
1738
77
544
609
673
773
805
1080
1473
1579
1709
390
403
940
493
910
972
80
267
775
1081
1234
1267
1684
1751
1098
1289
81
373
789
866
82
190
262
302
591
627
160
311
705
968
975
272
326
382
702
85
105
232
579
593
688
86
230
397
524
757
857
1083
1195
1635
1821
215
689
1741
873
1330
1572
1699
1822
88
320
380
1603
785
423
517
996
1086
1315
1480
1881
1730
144
476
833
1088
1316
1342
1377
1502
1802
1812
1323
1452
1667
1987
1223
1498
1523
1729
1882
92
263
481
522
753
1091
1508
1537
1617
1963
1973
1162
1359
1769
1954
93
113
716
1543
1551
1986
1094
1199
1964
273
597
331
384
686
722
96
363
459
710
149
181
1096
1272
1434
1672
1261
1375
1896
227
1600
1913
1922
98
665
750
886
1099
1123
1144
1129
1101
1269
1299
1767
1950
100
360
613
859
385
745
102
1160
427
449
103
540
631
650
655
933
1102
1755
1955
1103
1588
1862
104
282
309
788
1104
1137
1601
1678
1706
1829
274
1365
986
1106
1313
1713
1734
1762
106
536
572
107
558
1107
1424
565
1636
1711
1108
1141
1397
1417
108
605
749
1835
1813
1817
1820
1902
375
882
110
571
595
946
1110
1360
1593
1627
1111
148
1640
1849
1132
1527
1632
1872
1113
1465
1847
1866
1884
111
407
727
112
123
523
834
1722
1942
1115
217
1733
1798
465
621
114
135
235
661
1179
1328
115
468
513
533
641
922
696
1182
1268
1827
1118
1133
1177
1408
539
1565
1621
1120
1521
1545
1800
1928
1251
1122
1512
1519
1704
1708
1857
1230
1303
1756
1915
1124
1410
1125
1241
1479
1607
1457
1549
1719
1127
1205
1412
1748
1823
1927
1346
1859
118
286
462
510
1153
1130
1233
1242
1643
233
580
623
849
120
140
184
325
350
628
121
155
429
535
719
1131
1870
988
446
521
768
507
664
740
124
463
708
1189
1653
1321
1573
1135
1664
1705
1247
1507
126
271
1138
127
223
308
351
376
128
129
264
362
1139
1219
1286
1140
1384
1864
1217
1697
131
270
568
907
132
179
295
342
1333
133
450
711
854
134
283
285
604
1394
441
1724
461
918
936
136
892
488
1145
1290
1555
1650
364
616
825
147
433
808
208
1301
951
141
498
638
813
142
197
365
421
424
1147
1517
1656
1883
1148
1198
1327
1854
1533
1255
717
1151
1171
1202
1284
1326
1674
145
183
317
905
146
1232
368
581
265
315
1578
1757
388
684
198
838
182
647
1214
1277
152
501
1154
1624
1155
1547
153
174
383
625
606
1266
1662
1158
1325
1159
1355
1414
1462
1615
1688
1345
1435
1752
1602
796
945
1257
1288
400
1163
1265
1461
1165
1529
158
170
359
246
1763
204
369
161
240
1168
1187
1768
1943
1169
1828
245
266
566
588
1170
1369
164
310
1535
619
165
268
842
1633
166
177
574
1260
1275
167
236
1318
1739
1178
1675
1534
1180
1393
1544
1941
1181
1407
1204
1654
1252
370
1732
1185
1783
214
452
677
1439
1623
372
171
1305
1190
1744
576
1271
1646
1192
1235
1193
1291
1194
1506
725
445
237
1196
1721
406
491
1626
1484
191
511
1209
1215
1513
1774
1201
1411
529
763
801
1203
1661
1727
287
469
470
259
798
828
1309
1453
869
742
1206
243
1645
199
472
486
188
622
1207
1280
1296
1466
1526
1208
1505
1398
189
1665
333
839
419
193
210
1211
1464
1840
194
552
1212
1487
1707
1213
1634
1682
1570
640
1216
1504
1966
489
527
851
1222
1569
1595
1376
1470
201
503
949
1244
1226
1227
1430
1447
1580
202
334
337
698
203
307
357
583
1246
1471
1338
1388
1395
1432
1322
1431
205
339
516
667
1785
1357
1237
1274
1379
249
1239
1295
1425
1400
1374
207
1563
209
261
436
440
1245
1791
211
303
497
691
1392
213
645
703
218
284
417
1337
1385
1541
709
1401
358
585
1837
567
367
226
577
505
633
761
1500
1873
815
1264
1278
1612
490
1368
415
238
346
564
835
251
1351
1536
244
832
353
289
1276
1455
1387
1282
396
538
1749
269
255
338
1509
1339
257
755
1373
1442
1670
260
670
1297
1298
411
1444
402
569
1304
1367
322
674
582
280
1307
1312
442
377
1614
394
1371
743
1320
1622
294
398
1324
1348
296
297
299
545
1742
480
792
306
340
314
345
328
651
1349
332
336
1520
1714
343
1780
355
506
1524
401
519
1436
409
378
1446
502
496
475
586
1463
675
1731
1437
1489
500
1530
