1000
1094
1190
1439
1491
1493
1695
694
1881
1960
1978
1001
1181
1447
1469
1590
1728
1783
1819
1905
1921
1999
0
373
421
1748
719
769
820
838
841
852
912
1002
1169
1307
1594
1601
1626
1707
1735
1738
1969
1003
1151
1206
1517
1549
1558
1628
1727
1853
1860
1876
1004
1251
1301
1365
1479
1712
1756
763
1911
1922
1941
1005
1233
1283
1487
1713
1769
1781
1918
965
1006
1063
1299
1696
1777
1799
821
1894
1926
1967
1
168
354
390
595
724
861
1920
914
975
977
1007
1286
286
1533
1580
1612
1851
1866
1927
1989
1008
1028
1353
1506
1529
1718
725
1775
1962
1965
2
291
604
711
757
790
853
858
859
973
985
3
318
452
583
590
605
767
781
924
934
4
93
162
220
391
523
635
681
779
837
842
5
120
425
503
1796
789
832
953
6
43
227
471
557
559
671
903
919
976
987
1009
1050
1331
1467
1531
1753
1806
1890
1970
1010
1013
1397
1473
1483
1829
1885
1924
1956
1987
1011
1258
1288
1378
1607
1617
1841
1869
7
41
459
475
483
618
720
786
836
1012
1042
1149
1354
1560
1611
1688
1797
1818
1825
1983
8
327
473
489
529
603
677
730
735
817
831
9
1257
224
466
577
692
696
697
900
918
10
127
1404
389
446
561
612
759
860
902
992
1347
1357
1405
1663
1754
1776
1831
1859
1979
11
81
644
683
840
880
1919
915
956
970
12
208
368
437
580
617
631
723
868
930
944
1014
1361
519
1640
1719
1888
1984
13
309
643
656
706
773
886
889
922
955
994
1015
82
1308
1389
1499
1520
1649
1673
1674
1882
1955
14
357
422
439
695
698
933
940
1016
1176
1275
1543
1666
1722
1944
1996
15
38
198
506
1630
675
762
908
988
999
1017
1066
1195
1210
1575
1915
1963
1992
16
349
435
455
575
737
755
962
979
997
17
31
330
536
750
839
1907
991
995
18
1377
377
441
509
567
573
742
921
957
19
1045
155
708
745
857
871
20
382
427
485
537
713
721
756
760
1018
1064
1429
1779
1805
1880
1934
1975
1998
21
29
52
215
370
613
812
869
22
129
1179
186
210
335
344
490
848
971
23
26
86
478
586
606
627
733
796
901
1019
1256
1282
1457
1536
1609
1844
1850
1977
1020
1496
438
1514
1700
1809
1833
1893
1929
24
95
387
487
674
678
774
829
1021
1157
1207
1598
1621
1660
1863
1986
1022
1127
1320
1619
1683
1765
1767
801
1835
1982
25
206
401
514
624
798
816
917
986
60
279
495
758
943
1023
1198
1227
1303
1304
289
1510
1828
1943
27
388
572
893
911
983
1024
1065
1090
1597
1685
1752
1826
1933
1961
1025
1366
1494
1587
1588
1680
1948
1997
28
201
1271
223
722
865
888
982
1026
1114
1297
1413
1870
1903
1985
281
813
906
926
969
30
140
199
474
558
743
1832
870
1027
1305
1368
1778
1791
1802
1858
1228
1570
1602
1816
1889
899
688
802
828
849
936
1972
1029
1253
1272
1340
1444
1576
1737
1895
1030
1043
1124
150
1394
1433
1509
1535
32
36
188
793
890
896
33
266
297
457
551
850
920
947
984
1031
1449
1468
1523
1662
1667
1813
1914
1931
1991
34
135
216
228
338
704
775
958
35
517
592
785
863
1981
990
165
240
250
458
598
1671
684
830
980
37
105
128
265
371
476
667
746
142
190
881
895
1032
1123
1197
1553
1733
1741
1793
1854
1033
1242
1702
1729
1891
1925
1949
39
47
69
532
792
794
898
1034
1281
594
1697
1705
1726
1964
1990
40
194
428
610
765
808
877
928
61
352
597
892
935
1035
1409
1501
1579
1681
728
1938
1036
1047
1054
1265
1290
1315
1337
1527
1037
1199
1217
1230
1360
1821
1823
1910
1954
1038
1250
1296
1564
1636
1716
1883
1966
1039
1372
1606
1760
734
1838
1845
1957
42
269
574
588
626
1773
431
584
601
714
739
788
856
978
44
125
133
668
819
942
963
964
1040
1358
1408
544
1971
45
141
248
400
740
770
782
805
46
185
246
366
778
949
959
1041
1289
1395
1441
1453
1460
1481
271
535
542
553
596
616
1505
1595
1629
1652
1877
1896
1917
48
83
447
484
715
929
1988
49
113
258
381
411
689
803
1465
1513
680
1939
1044
1159
1399
1585
1654
1661
1732
925
1426
1771
1856
1935
1046
1178
1623
1807
1899
1946
50
65
470
524
560
764
799
989
51
144
174
261
268
402
1720
1238
1422
1446
1458
1698
1730
1048
1081
1211
1323
1328
1339
493
1747
1782
1953
159
1578
602
673
862
1049
1349
1641
1715
1750
1755
1757
1875
1908
53
264
456
718
754
937
1164
1542
1635
1651
1794
54
414
599
679
712
741
825
55
1067
85
469
690
866
897
974
1051
1310
1380
1428
1653
1678
1861
1994
56
312
587
993
1052
1367
1593
1622
1643
1862
1952
57
230
593
1677
660
884
948
1053
1222
1259
1298
1466
1689
1759
1900
1904
58
430
548
780
938
951
1148
1577
1608
1800
1812
1884
1055
1097
1525
1648
1840
1980
59
236
367
522
1784
998
76
376
465
486
1555
749
313
531
619
705
62
429
445
1701
867
885
950
968
1056
1300
1330
1396
1642
1659
954
1057
1167
1058
1220
1268
315
1059
1121
1243
1519
1639
1060
1508
1572
1603
1725
1061
1130
1269
1406
1415
1539
1562
1646
1973
63
449
479
499
736
834
945
1062
1226
1292
500
1644
1868
1742
1763
1993
1236
1313
539
1871
64
137
203
412
1363
1887
1976
1278
1625
84
1284
426
463
744
66
280
608
787
1134
1604
1657
1694
1790
1068
1193
1420
1633
1658
1744
1069
1166
1280
1070
1398
1731
1898
1071
1091
1177
1438
1589
996
1072
1521
1538
1581
1787
1824
67
154
540
1645
682
932
68
1105
332
887
1073
1087
1245
1254
1276
1498
1958
114
658
835
70
151
234
350
620
633
71
346
359
1074
1111
1556
1692
1075
1451
1614
1855
1076
1407
1440
1537
1664
1693
1740
1077
1225
1431
1723
1766
1930
1950
1078
1171
1326
72
169
178
184
1830
946
73
237
302
333
453
74
272
518
541
822
75
511
556
569
981
1083
615
646
810
1079
1183
1437
1703
1951
1080
1141
1174
1332
1443
1709
77
284
641
693
1161
1932
78
732
1808
776
967
1082
1136
1672
1940
1471
1534
1656
1670
1084
1214
1550
1613
1724
1810
79
179
625
731
80
177
323
341
204
342
916
362
772
1085
1485
1710
638
262
361
520
651
910
966
369
433
526
642
1086
1484
1545
1559
1566
1615
1634
771
1843
1942
170
364
515
1106
1638
1774
1886
1923
1088
1116
1362
1400
1804
879
1089
1279
1486
1551
1906
1909
1131
1482
1699
1916
87
396
649
768
847
894
1138
1421
1548
1785
1092
1573
1874
1093
1219
1375
1792
88
283
498
507
872
913
941
1095
1470
1511
89
494
496
90
303
1096
1126
1492
1119
1798
1098
1133
1150
1192
1218
1691
91
436
477
554
555
1099
1208
1252
1384
1540
1820
1100
1110
1455
1717
1795
1101
1475
1478
1682
1827
1879
1102
1113
1186
1274
1336
1557
1974
1103
1445
1751
1762
1104
1182
1203
1224
1563
1745
1650
1902
92
255
600
657
665
686
1565
1632
1107
1204
1528
1822
1834
1945
1108
1878
1109
1120
356
800
804
94
530
585
766
952
321
1624
1335
1655
121
1142
96
1568
676
875
876
97
1112
1152
1849
823
1947
1995
98
310
1547
1739
1768
1324
1586
99
209
267
717
878
905
1115
1456
1668
1786
1815
1448
1502
1571
1117
1202
1530
883
100
109
664
748
923
927
101
163
669
961
1118
1246
1247
1541
1163
1686
1937
939
102
122
462
727
103
662
104
147
214
461
716
784
106
299
639
707
1122
1599
1872
107
809
108
1322
145
634
753
1343
1704
1936
110
375
1125
1140
1711
1736
111
238
399
566
874
112
143
353
444
464
497
534
582
191
972
1388
1402
1596
115
363
1128
1959
1129
1194
1309
1554
1864
116
691
117
563
118
351
815
1450
420
1865
1334
1714
1132
1414
119
130
294
424
1321
1346
1419
298
378
699
873
189
907
1461
1522
1789
1135
1267
1317
1416
1262
1574
345
374
419
751
1137
1401
1427
1263
1544
1708
1801
1139
1158
1434
1746
1772
1928
1312
1477
1913
123
139
319
513
632
124
242
270
282
891
304
434
126
176
504
654
1546
1836
1852
1873
1897
1143
1188
1364
1846
824
239
702
843
1144
1605
403
442
826
1145
1153
1432
211
219
131
454
480
1146
1277
395
1488
1842
132
152
505
777
1147
1584
1814
1839
1379
386
134
423
589
146
222
340
629
1200
1341
1867
1424
136
415
1385
1454
1749
1154
1352
1387
623
659
138
192
565
1780
1155
1345
1462
229
253
1392
1156
1386
1592
761
645
791
855
311
797
316
360
1912
1241
1837
576
647
1442
1160
1370
1512
1591
1162
1847
1892
752
795
904
1168
1706
1316
1495
1690
1165
1393
1516
1610
278
181
1234
1374
1383
451
1583
1679
1201
1552
148
1435
648
1170
1489
1333
1463
1172
931
1173
1743
149
156
217
448
510
562
1515
1175
1464
1180
347
407
440
153
293
336
652
383
1185
1848
1369
212
533
1410
1684
157
158
508
521
1249
1637
640
1788
1857
1184
1260
1294
1196
1459
1187
1266
552
1273
1350
1189
244
1500
1430
1191
1526
1618
1721
160
571
703
161
410
609
164
404
1338
406
1244
398
1817
166
851
1480
167
806
1232
1382
1758
1811
317
1803
301
328
622
579
1205
1412
1418
1327
1524
1627
1355
1371
1561
1209
1901
1229
1295
1600
171
322
546
864
882
1212
1213
1968
172
1215
1503
1216
1490
1764
257
1472
173
308
251
655
175
545
844
549
1221
614
277
397
325
701
1223
1356
1532
180
568
182
263
547
183
710
738
854
1302
1620
811
187
409
1676
1231
1329
1507
1687
1235
1669
1452
285
379
621
818
845
960
413
1237
1359
1239
726
1240
193
630
846
527
195
502
581
628
196
243
300
481
197
607
307
450
564
807
666
1474
200
578
637
1616
1248
1403
260
611
202
1285
1376
274
254
205
418
287
290
814
827
207
231
1255
1567
909
1647
249
305
1381
1261
295
525
213
672
1264
1436
273
393
1270
1319
218
226
233
296
432
221
528
225
416
543
636
232
1476
663
1287
235
685
1342
833
1291
334
1293
1675
467
482
241
591
1425
1734
1318
472
1582
245
488
247
783
512
460
1391
252
385
653
1373
1761
1306
324
256
661
1311
259
276
670
1314
1665
1518
1351
348
1631
709
491
1325
405
358
1569
314
339
1348
1417
275
1344
288
650
292
408
417
1497
443
337
380
550
306
372
343
394
320
355
1770
492
326
747
1390
329
331
1411
700
1504
538
1423
501
729
365
570
468
384
687
392
516
