2000	0
0	337
0	654
0	667
0	725
337	336
337	743
337	895
337	904
654	1169
654	195
654	257
654	670
654	693
654	724
654	859
654	922
667	279
667	402
667	478
667	611
667	632
667	748
667	958
667	968
725	153
725	240
725	302
725	323
725	330
725	1842
725	832
725	855
725	979
725	993
1000	1467
1000	1480
1000	1880
1000	1999
1467	1572
1467	1741
1467	1776
1467	1782
1467	1977
1480	1416
1480	1427
1480	1536
1480	1923
1480	1984
1880	1088
1880	1094
1880	1259
1880	324
1880	1378
1880	1551
1880	1594
1880	1637
1880	1646
1880	1743
1880	1831
1880	1863
1880	1867
1880	1891
1880	1906
1880	1927
1880	1959
1999	1037
1999	1043
1999	1140
1999	1147
1999	1157
1999	1175
1999	207
1999	1259
1999	1305
1999	1376
1999	1389
1999	1469
1999	1590
1999	1649
1999	1658
1999	1690
1999	1711
1999	1740
1999	1749
1999	1815
1999	1839
1999	1843
1999	1856
1999	1865
1999	1867
1999	1869
1999	1871
1999	1877
1999	1884
1999	1896
1999	1915
1999	1925
1999	1938
1999	1939
1999	1942
1999	1953
1999	1966
1999	1977
1999	1984
1	317
1	375
1	871
1	990
317	433
317	547
317	684
317	863
375	342
375	741
375	760
375	882
871	89
871	123
871	158
871	216
871	341
871	431
871	522
871	777
871	851
871	867
871	931
871	966
871	969
871	970
871	975
871	984
990	141
990	151
990	237
990	260
990	303
990	402
990	480
990	488
990	535
990	538
990	576
990	587
990	626
990	644
990	653
990	672
990	1689
990	715
990	757
990	770
990	849
990	852
990	857
990	858
990	865
990	875
990	889
990	910
990	917
990	949
990	962
990	967
990	971
990	974
990	976
990	991
990	994
2	365
2	1671
2	983
2	998
365	20
365	712
365	828
365	993
1671	1200
1671	1287
1671	1296
1671	1618
1671	1668
1671	1771
1671	1833
1671	1972
983	88
983	189
983	218
983	292
983	319
983	363
983	482
983	493
983	510
983	511
983	529
983	585
983	589
983	716
983	761
983	776
983	791
983	800
983	811
983	845
983	862
983	874
983	883
983	891
983	904
983	909
983	921
983	941
983	949
983	950
983	956
983	965
983	971
983	987
983	997
998	29
998	107
998	144
998	228
998	247
998	273
998	319
998	326
998	437
998	469
998	549
998	578
998	645
998	657
998	683
998	687
998	689
998	707
998	727
998	746
998	763
998	778
998	813
998	817
998	827
998	853
998	879
998	906
998	914
998	923
998	932
998	941
998	945
998	958
998	959
998	975
998	988
998	992
998	994
1001	1758
1001	1797
1001	1913
1001	1978
1758	1038
1758	1296
1758	1493
1758	1573
1758	1709
1758	1741
1758	1756
1758	1775
1758	1865
1758	1977
1797	1100
1797	1427
1797	1494
1797	1526
1797	1644
1797	1701
1797	1750
1797	1801
1797	1886
1797	1922
1797	1983
1797	1997
1913	1150
1913	1255
1913	1270
1913	1312
1913	1532
1913	1611
1913	1693
1913	1702
1913	1726
1913	1781
1913	1864
1913	1887
1913	1889
1913	1917
1913	1926
1913	1934
1913	1935
1913	1937
1913	1945
1913	1975
1978	1128
1978	1160
1978	1203
1978	1206
1978	1236
1978	1247
1978	1398
1978	1401
1978	431
1978	1453
1978	1586
1978	1594
1978	1646
1978	1717
1978	1739
1978	1767
1978	1822
1978	1844
1978	1846
1978	1871
1978	1875
1978	1877
1978	1881
1978	1893
1978	1931
1978	1940
1978	1943
1978	1946
1978	1958
1978	1972
1978	1983
1978	1998
3	256
3	729
3	770
3	912
256	719
256	812
256	825
256	925
729	302
729	775
729	835
729	854
729	895
729	907
729	941
729	944
729	984
729	993
770	158
770	226
770	476
770	560
770	706
770	1779
770	848
770	896
770	920
770	972
912	221
912	422
912	431
912	471
912	518
912	582
912	603
912	1626
912	710
912	786
912	793
912	812
912	884
912	917
912	921
912	927
912	928
912	950
912	952
912	967
912	982
4	250
4	1835
4	859
4	944
250	161
250	679
250	764
250	776
1835	1073
1835	1218
1835	1233
1835	1399
1835	1566
1835	1704
1835	1725
1835	1895
1835	1942
1835	1949
1835	1968
1835	1986
1835	1996
859	130
859	245
859	272
859	286
859	524
859	588
859	620
859	704
859	824
859	843
859	846
859	924
859	949
859	965
859	976
944	85
944	164
944	187
944	362
944	420
944	421
944	489
944	494
944	540
944	629
944	694
944	707
944	746
944	769
944	805
944	841
944	879
944	906
944	919
944	938
944	951
944	957
944	966
944	973
944	976
944	999
5	568
5	619
5	845
5	987
568	122
568	513
568	571
568	685
568	778
568	878
619	57
619	552
619	889
619	913
619	935
619	947
619	977
845	50
845	308
845	507
845	661
845	677
845	688
845	754
845	758
845	786
845	806
845	888
845	895
845	911
845	933
987	119
987	162
987	169
987	211
987	251
987	459
987	464
987	514
987	526
987	560
987	584
987	610
987	617
987	673
987	696
987	758
987	778
987	788
987	794
987	811
987	826
987	828
987	850
987	855
987	865
987	867
987	901
987	918
987	921
987	927
987	954
987	975
987	976
987	977
987	992
1002	1884
1002	1889
1002	1932
1002	1988
1884	1156
1884	1210
1884	1284
1884	1300
1884	1514
1884	1597
1884	1652
1884	1672
1884	1752
1884	1788
1884	1932
1884	1944
1884	1947
1884	1967
1884	1981
1884	1990
1889	1267
1889	1282
1889	1436
1889	1463
1889	1563
1889	1607
1889	1721
1889	1732
1889	1789
1889	1792
1889	1829
1889	1872
1889	1937
1889	1969
1889	1977
1889	1982
1932	1211
1932	1212
1932	1234
1932	1345
1932	1384
1932	1403
1932	1488
1932	1593
1932	1636
1932	1640
1932	1651
1932	1703
1932	1716
1932	1793
1932	1801
1932	1813
1932	1837
1932	1862
1932	1926
1932	1942
1932	1957
1932	1959
1932	1963
1988	1056
1988	1066
1988	1083
1988	1108
1988	1122
1988	1223
1988	1312
1988	1341
1988	1468
1988	1483
1988	1516
1988	1546
1988	1632
1988	1689
1988	1715
1988	1729
1988	1775
1988	1796
1988	1798
1988	1805
1988	1828
1988	1837
1988	1841
1988	1902
1988	1906
1988	1909
1988	1911
1988	1919
1988	1940
1988	1953
1988	1958
1988	1970
1988	1980
1988	1985
1988	1987
6	421
6	641
6	914
6	963
421	794
421	897
421	905
421	976
641	75
641	1737
641	816
641	928
641	930
641	960
641	971
914	300
914	325
914	433
914	528
914	554
914	569
914	649
914	781
914	799
914	802
914	840
914	882
914	890
914	901
914	905
914	908
914	929
914	943
914	957
914	964
963	23
963	36
963	72
963	289
963	342
963	461
963	480
963	524
963	634
963	649
963	692
963	766
963	775
963	797
963	864
963	897
963	901
963	926
963	935
963	952
963	954
963	955
963	960
963	965
963	967
963	971
963	976
963	982
963	989
963	996
7	171
7	901
7	904
7	937
171	8
171	874
171	875
901	211
901	300
901	340
901	386
901	414
901	580
901	582
901	648
901	700
901	836
901	856
901	878
901	891
901	922
901	951
901	959
901	993
904	323
904	357
904	366
904	386
904	389
904	427
904	468
904	509
904	536
904	650
904	797
904	863
904	870
904	968
904	975
904	982
904	986
904	991
937	9
937	169
937	261
937	266
937	305
937	358
937	367
937	458
937	528
937	540
937	588
937	592
937	623
937	636
937	638
937	750
937	782
937	785
937	811
937	898
937	940
937	950
937	970
937	989
937	996
1003	1597
1003	1850
1003	1919
1003	1985
1597	1052
1597	1298
1597	1427
1597	1591
1597	1678
1597	1823
1850	1035
1850	1052
1850	1352
1850	1373
1850	1436
1850	1488
1850	1628
1850	1739
1850	1810
1850	1883
1850	1894
1850	1940
1850	1969
1850	1989
1919	1158
1919	1333
1919	1381
1919	1395
1919	1511
1919	1661
1919	1681
1919	1715
1919	1821
1919	1832
1919	1881
1919	1890
1919	1901
1919	1906
1919	1928
1919	1976
1919	1977
1919	1983
1919	1984
1919	1989
1985	1007
1985	1009
1985	1017
1985	1204
1985	1263
1985	1292
1985	1394
1985	1396
1985	1454
1985	1506
1985	1510
1985	1535
1985	1573
1985	1623
1985	1668
1985	1701
1985	1730
1985	1732
1985	1737
1985	1770
1985	1789
1985	1804
1985	1851
1985	1861
1985	1904
1985	1910
1985	1927
1985	1935
1985	1943
1985	1948
1985	1968
1985	1989
1985	1995
1004	1454
1004	1476
1004	1813
1004	1945
1454	1053
1454	1330
1454	1873
1454	1990
1476	1139
1476	1252
1476	1436
1476	1958
1476	1982
1813	1379
1813	1502
1813	1577
1813	637
1813	1639
1813	1713
1813	1723
1813	1727
1813	1864
1813	1904
1813	1934
1945	1123
1945	1317
1945	1451
1945	1495
1945	1534
1945	1621
1945	1747
1945	1786
1945	1808
1945	1817
1945	1860
1945	1872
1945	1894
1945	1895
1945	1896
1945	1903
1945	1909
1945	1928
1945	1943
1945	1957
1945	1961
1945	1963
1945	1979
1945	1983
1945	1992
1005	1422
1005	1624
1005	1690
1005	1761
1422	1282
1422	1394
1422	1519
1422	1594
1422	1738
1624	1533
1624	1638
1624	1736
1624	1812
1624	1834
1624	1842
1624	1879
1690	1136
1690	1499
1690	1613
1690	1826
1690	1848
1690	1931
1690	1940
1761	1164
1761	1183
1761	1359
1761	1461
1761	1737
1761	1801
1761	1910
1761	1914
1761	1958
1761	1965
8	234
8	383
8	829
234	787
234	800
234	916
383	475
383	1666
383	964
383	995
829	176
829	342
829	384
829	536
829	614
829	631
829	702
829	780
829	782
829	867
829	892
829	958
829	960
829	989
9	550
9	854
9	902
550	175
550	564
550	796
550	893
550	940
550	943
854	145
854	196
854	401
854	444
854	742
854	809
854	812
854	875
854	883
854	902
854	950
854	953
854	977
854	978
902	99
902	126
902	378
902	394
902	457
902	496
902	505
902	523
902	652
902	665
902	702
902	781
902	831
902	856
902	866
902	884
902	919
902	936
902	984
10	94
10	780
10	884
10	900
94	546
94	555
94	971
780	395
780	599
780	603
780	754
780	776
780	777
780	857
780	942
780	950
780	977
780	978
884	425
884	496
884	497
884	633
884	683
884	731
884	815
884	843
884	857
884	933
884	939
884	960
884	970
884	979
884	989
900	118
900	149
900	372
900	399
900	430
900	565
900	648
900	663
900	669
900	686
900	697
900	782
900	1818
900	801
900	818
900	898
900	905
900	956
900	962
900	979
1006	1874
1006	1907
1006	1947
1006	1961
1874	1251
1874	1253
1874	1339
1874	1357
1874	1449
1874	1508
1874	1693
1874	1722
1874	1749
1874	1756
1874	1757
1874	1810
1874	1872
1874	1968
1874	1989
1874	1990
1907	1091
1907	1229
1907	1330
1907	1414
1907	1452
1907	1539
1907	1642
1907	1688
1907	1827
1907	1833
1907	1857
1907	1866
1907	1908
1907	1942
1907	1950
1907	959
1907	1964
1907	1967
1907	1974
1947	1018
1947	1151
1947	209
1947	1313
1947	1385
1947	1398
1947	1448
1947	1518
1947	1537
1947	1561
1947	1638
1947	1642
1947	1726
1947	1773
1947	1825
1947	1838
1947	1865
1947	1883
1947	1920
1947	1926
1947	1941
1947	1943
1947	1957
1947	1964
1947	1966
1947	1973
1961	1274
1961	1390
1961	1463
1961	1470
1961	1525
1961	1532
1961	1621
1961	1634
1961	1643
1961	1657
1961	1676
1961	1692
1961	1718
1961	776
1961	1812
1961	1814
1961	1825
1961	1857
1961	1901
1961	1902
1961	1917
1961	1920
1961	1922
1961	1927
1961	1983
1961	1984
1961	1993
1961	1995
1007	1855
1007	1904
1007	1916
1855	1129
1855	1182
1855	1320
1855	1323
1855	1378
1855	1496
1855	1612
1855	1622
1855	1727
1855	1734
1855	1763
1855	1785
1855	1960
1855	1991
1855	1993
1904	1146
1904	1186
1904	1239
1904	1515
1904	1629
1904	1647
1904	1751
1904	1811
1904	1816
1904	1833
1904	1879
1904	1891
1904	1905
1904	1914
1904	1917
1904	1986
1916	1042
1916	1057
1916	1198
1916	1234
1916	1282
1916	1327
1916	341
1916	1355
1916	1379
1916	1559
1916	1584
1916	1609
1916	1640
1916	1691
1916	1707
1916	1736
1916	1769
1916	1825
1916	1949
1916	1974
11	214
11	678
11	830
11	863
214	194
214	472
214	959
678	333
678	616
678	711
678	750
678	819
678	822
678	897
678	927
830	137
830	164
830	372
830	416
830	592
830	596
830	706
830	732
830	815
830	822
830	882
830	925
830	975
830	997
863	47
863	132
863	243
863	446
863	515
863	638
863	719
863	787
863	833
863	841
863	873
863	955
863	986
863	994
12	45
12	659
12	752
12	931
45	793
45	887
45	994
659	298
659	322
659	393
659	466
659	839
659	879
659	957
659	995
752	373
752	408
752	657
752	670
752	879
752	905
752	917
752	929
752	940
752	982
931	454
931	469
931	477
931	485
931	488
931	541
931	551
931	580
931	588
931	608
931	705
931	715
931	722
931	769
931	783
931	821
931	822
931	836
931	844
931	873
931	977
931	988
1008	1708
1008	1793
1008	1809
1008	1967
1708	1013
1708	1271
1708	1394
1708	1518
1708	1574
1708	1794
1708	1823
1708	1861
1708	1976
1793	1446
1793	1514
1793	1517
1793	1530
1793	1543
1793	1721
1793	1816
1793	1849
1793	1940
1793	1963
1809	114
1809	1531
1809	1709
1809	1846
1809	1851
1809	1878
1809	1914
1809	1955
1809	1972
1809	1976
1809	1994
1809	1995
1967	1287
1967	1295
1967	1384
1967	1393
1967	1426
1967	1449
1967	1451
1967	1506
1967	1530
1967	1543
1967	1572
1967	1620
1967	1639
1967	1746
1967	1751
1967	1752
1967	1768
1967	1794
1967	1822
1967	1868
1967	1870
1967	1878
1967	1895
1967	1905
1967	1944
1967	1955
1967	1974
1967	1982
1967	1992
13	459
13	791
13	972
13	995
459	246
459	447
459	690
459	860
791	56
791	193
791	504
791	621
791	679
791	687
791	733
791	746
791	843
791	919
791	994
972	43
972	69
972	91
972	197
972	202
972	277
972	281
972	282
972	338
972	413
972	417
972	491
972	504
972	569
972	608
972	618
972	633
972	708
972	717
972	758
972	762
972	781
972	815
972	869
972	875
972	893
972	894
972	896
972	908
972	936
972	948
972	993
995	27
995	84
995	137
995	307
995	349
995	350
995	367
995	427
995	470
995	1470
995	527
995	544
995	606
995	637
995	704
995	722
995	751
995	776
995	784
995	795
995	819
995	847
995	862
995	876
995	905
995	909
995	927
995	950
995	953
995	956
995	965
995	966
995	970
995	978
995	981
995	988
995	994
1009	1086
1009	1107
1009	816
1086	1560
1086	1565
1086	1968
1107	1580
1107	1893
1107	1970
816	128
816	153
816	175
816	188
816	543
816	561
816	743
816	846
816	861
816	970
816	971
816	976
14	31
14	876
14	916
14	961
31	630
31	771
31	964
876	93
876	158
876	401
876	452
876	584
876	630
876	760
876	841
876	848
876	864
876	873
876	886
876	915
876	1935
876	952
876	993
916	80
916	103
916	220
916	282
916	283
916	299
916	362
916	426
916	575
916	778
916	806
916	818
916	847
916	913
916	917
916	928
916	929
916	953
916	981
916	999
961	42
961	108
961	109
961	200
961	320
961	416
961	464
961	501
961	543
961	586
961	636
961	656
961	660
961	675
961	724
961	726
961	757
961	759
961	783
961	822
961	824
961	838
961	842
961	843
961	860
961	887
961	935
961	943
961	984
961	989
1010	1763
1010	1817
1010	1890
1010	1948
1763	1309
1763	1491
1763	1662
1763	1707
1763	1760
1763	1893
1763	1909
1763	896
1763	1950
1817	39
1817	1277
1817	1604
1817	1629
1817	1648
1817	1656
1817	1840
1817	1842
1817	1942
1817	1955
1817	1972
1890	1167
1890	1294
1890	1307
1890	1367
1890	1418
1890	1515
1890	1518
1890	1656
1890	1728
1890	1868
1890	1918
1890	1939
1890	1946
1890	1954
1890	1968
1890	1998
1948	1030
1948	1039
1948	1256
1948	1424
1948	1492
1948	1507
1948	1536
1948	1565
1948	1595
1948	1765
1948	1789
1948	1831
1948	1836
1948	1864
1948	1871
1948	1893
1948	1900
1948	1908
1948	1924
1948	1944
1948	1952
1948	1953
1948	1962
1948	1975
1948	1989
1948	1997
1011	1057
1011	1589
1011	1790
1011	1873
1057	1861
1057	1863
1589	1143
1589	1180
1589	1186
1589	1438
1589	1614
1589	1678
1589	1721
1790	83
1790	1166
1790	1181
1790	1549
1790	1576
1790	1581
1790	1750
1790	1896
1790	1965
1790	1969
1790	1990
1873	1171
1873	1220
1873	1277
1873	1302
1873	1412
1873	1438
1873	1481
1873	1645
1873	1735
1873	1739
1873	1900
1873	1933
1873	1935
1873	1966
1873	1987
1012	1504
1012	1516
1012	1683
1012	1881
1504	1329
1504	1541
1504	1561
1504	1769
1504	785
1504	1856
1516	1453
1516	1553
1516	1745
1516	1795
1516	1991
1683	1246
1683	1324
1683	1361
1683	1465
1683	1716
1683	1886
1683	1893
1683	1995
1881	1178
1881	1385
1881	1440
1881	1544
1881	1570
1881	1593
1881	1685
1881	1749
1881	1799
1881	1800
1881	1832
1881	1842
1881	1903
1881	1905
1881	965
1013	1135
1013	1823
1013	1836
1135	1581
1135	1955
1135	1966
1823	1087
1823	1291
1823	1443
1823	1458
1823	1475
1823	1551
1823	1608
1823	1749
1823	1771
1823	1924
1823	1933
1836	1154
1836	1179
1836	1313
1836	1334
1836	1471
1836	1778
1836	869
1836	1910
1836	1924
1836	1950
1836	1956
1836	1963
1014	1777
1014	1876
1014	1924
1014	1998
1777	1216
1777	1404
1777	1728
1777	1810
1777	1811
1777	1854
1777	1870
1777	1897
1777	1943
1777	1949
1777	1984
1876	1223
1876	1379
1876	1465
1876	1487
1876	1500
1876	1523
1876	1609
1876	1638
1876	1732
1876	1749
1876	1751
1876	1808
1876	1847
1876	1875
1876	1897
1876	1944
1876	1968
1924	1383
1924	1442
1924	1445
1924	1456
1924	1464
1924	1636
1924	1675
1924	1687
1924	1729
1924	1733
1924	1770
1924	1897
1924	1940
1924	1942
1924	1981
1924	976
1924	1984
1924	1991
1924	1993
1998	1037
1998	1105
1998	1133
1998	1169
1998	1321
1998	1338
1998	1364
1998	1432
1998	1485
1998	1494
1998	1529
1998	1548
1998	1571
1998	1611
1998	1619
1998	1650
1998	1663
1998	1678
1998	1680
1998	1682
1998	1687
1998	1742
1998	1776
1998	1782
1998	1800
1998	1828
1998	1845
1998	1846
1998	873
1998	1900
1998	1939
1998	1949
1998	1957
1998	1968
1998	1972
1998	1993
1998	1994
15	185
15	750
15	846
15	919
185	574
185	872
185	969
750	629
750	701
750	872
750	881
750	932
750	946
750	971
750	977
846	294
846	344
846	405
846	556
846	815
846	896
846	1917
846	909
846	923
846	957
846	966
846	967
846	969
919	66
919	151
919	245
919	273
919	388
919	420
919	463
919	482
919	609
919	649
919	677
919	723
919	733
919	787
919	889
919	909
919	926
919	947
919	976
1015	1070
1015	1396
1015	1423
1015	1658
1070	1191
1070	1334
1070	1982
1396	1078
1396	1644
1396	1915
1423	1251
1423	1432
1423	1821
1423	1828
1423	1922
1658	1116
1658	1185
1658	1286
1658	1638
1658	1642
1658	1927
1658	1995
1016	1372
1016	1438
1016	1982
1016	1984
1372	1700
1372	1717
1372	1914
1372	1951
1438	1027
1438	1759
1438	1940
1982	115
1982	1158
1982	1406
1982	1417
1982	1472
1982	1549
1982	1564
1982	1570
1982	1598
1982	1637
1982	1669
1982	1697
1982	1748
1982	1814
1982	1892
1982	1899
1982	1921
1982	1942
1982	1943
1982	1959
1982	1960
1982	1963
1982	1964
1982	1974
1982	1981
1982	1984
1982	1992
1982	1995
1982	1996
1984	1069
1984	1269
1984	1278
1984	1424
1984	1466
1984	1517
1984	1539
1984	1559
1984	1580
1984	1620
1984	1635
1984	1659
1984	1682
1984	1686
1984	1725
1984	1754
1984	1764
1984	1772
1984	1788
1984	1929
1984	1934
1984	1939
1984	1951
1984	1957
1984	1962
1984	1987
1984	1990
16	43
16	563
16	954
16	958
43	117
43	779
563	524
563	542
563	668
563	687
563	747
563	861
954	279
954	284
954	370
954	376
954	415
954	544
954	593
954	649
954	662
954	693
954	718
954	736
954	765
954	783
954	792
954	800
954	819
954	850
954	861
954	870
954	913
954	951
954	964
954	982
954	992
954	993
954	996
958	125
958	136
958	252
958	267
958	321
958	423
958	538
958	548
958	664
958	694
958	713
958	715
958	1784
958	795
958	836
958	887
958	906
958	926
958	935
958	965
958	968
958	973
958	978
958	992
958	993
958	997
1017	1180
1017	1843
1017	1991
1180	1400
1180	1929
1843	1036
1843	1149
1843	1241
1843	1307
1843	1552
1843	1588
1843	1627
1843	1773
1843	1887
1843	1892
1843	1951
1843	1962
1843	1995
1991	1049
1991	1137
1991	1276
1991	1321
1991	1346
1991	1353
1991	1378
1991	1390
1991	391
1991	1455
1991	1511
1991	1515
1991	1521
1991	1614
1991	1641
1991	1729
1991	1800
1991	1845
1991	1872
1991	1883
1991	1893
1991	1896
1991	1906
1991	1912
1991	1918
1991	1929
1991	1938
1991	1942
1991	1953
1991	1959
1991	1964
1991	1987
17	339
17	719
17	873
17	970
339	82
339	724
339	762
339	999
719	148
719	721
719	856
719	878
719	930
719	945
719	993
873	289
873	462
873	595
873	720
873	844
873	877
873	927
873	930
873	966
873	974
873	977
873	991
873	996
970	98
970	223
970	294
970	316
970	391
970	415
970	506
970	535
970	539
970	613
970	617
970	629
970	672
970	680
970	703
970	842
970	875
970	881
970	892
970	903
970	913
970	951
970	969
970	974
970	980
970	982
970	997
1018	1803
1018	1804
1018	1900
1803	1068
1803	1248
1803	1317
1803	1348
1803	1356
1803	1444
1803	1609
1803	1613
1803	1781
1803	1800
1803	1949
1803	1968
1804	1113
1804	1263
1804	1579
1804	1766
1804	1825
1804	1839
1804	1841
1804	1952
1804	1962
1804	1973
1804	1993
1900	1409
1900	1483
1900	1542
1900	1564
1900	1663
1900	1704
1900	1707
1900	1740
1900	1768
1900	1795
1900	1858
1900	1861
1900	1892
1900	1931
1900	1990
1019	1707
1019	1759
1019	1912
1019	1968
1707	1215
1707	1402
1707	1527
1707	1689
1707	1935
1707	1952
1759	1182
1759	1308
1759	1630
1759	1757
1759	1776
1759	1840
1759	1885
1759	1969
1759	1990
1912	1051
1912	1278
1912	1286
1912	1369
1912	1441
1912	1470
1912	1567
1912	1606
1912	1672
1912	1709
1912	1788
1912	1805
1912	1821
1912	1838
1912	1892
1912	1933
1912	1935
1912	1941
1912	1980
1968	1083
1968	1285
1968	1297
1968	1312
1968	1385
1968	1459
1968	1531
1968	1620
1968	1650
1968	1663
1968	1669
1968	1687
1968	1695
1968	1783
1968	1871
1968	1879
1968	1882
1968	1887
1968	1920
1968	1930
1968	1959
1968	1971
1968	1997
1020	1373
1020	1756
1020	1886
1020	1990
1373	1921
1373	1954
1373	1959
1756	1028
1756	1103
1756	1150
1756	1587
1756	1800
1756	1851
1756	1870
1756	1901
1886	1065
1886	1108
1886	1136
1886	1252
1886	1301
1886	1306
1886	1629
1886	1637
1886	1674
1886	1701
1886	1723
1886	1772
1886	1778
1886	1903
1886	1937
1990	1067
1990	1142
1990	1151
1990	1258
1990	1285
1990	410
1990	1441
1990	1507
1990	1522
1990	1568
1990	1574
1990	1585
1990	1655
1990	1666
1990	1688
1990	1700
1990	1703
1990	1725
1990	1731
1990	1732
1990	1734
1990	1798
1990	1828
1990	1834
1990	1853
1990	1940
1990	1979
1990	1995
18	736
18	808
18	858
18	996
736	58
736	332
736	343
736	1399
736	560
736	585
736	596
736	811
736	965
808	49
808	73
808	183
808	476
808	505
808	831
808	865
808	907
808	940
808	960
808	969
808	971
808	974
858	71
858	90
858	202
858	224
858	230
858	278
858	360
858	444
858	471
858	611
858	790
858	949
858	960
858	962
858	981
996	86
996	126
996	162
996	194
996	217
996	439
996	467
996	503
996	504
996	526
996	549
996	552
996	582
996	615
996	643
996	695
996	696
996	723
996	749
996	793
996	837
996	844
996	847
996	848
996	872
996	893
996	929
996	934
996	936
996	938
996	947
996	978
996	982
996	985
996	991
1021	1370
1021	1530
1021	1778
1021	1940
1370	1271
1370	1275
1370	1462
1370	1798
1530	1407
1530	1518
1530	1877
1530	1987
1778	1217
1778	1341
1778	1450
1778	1453
1778	1507
1778	1692
1778	1837
1778	1862
1778	1877
1940	1029
1940	1059
1940	1469
1940	1487
1940	1613
1940	1617
1940	1653
1940	1685
1940	1686
1940	1711
1940	1818
1940	1854
1940	1859
1940	1898
1940	924
1940	1981
1940	1989
19	377
19	511
19	797
19	994
377	266
377	804
377	834
377	988
511	594
511	874
511	911
511	928
511	945
797	172
797	240
797	555
797	605
797	716
797	751
797	785
797	880
797	984
797	988
994	126
994	253
994	273
994	293
994	307
994	353
994	393
994	467
994	536
994	555
994	632
994	650
994	715
994	721
994	754
994	763
994	789
994	804
994	837
994	866
994	874
994	877
994	883
994	899
994	923
994	926
994	935
994	951
994	966
994	980
994	985
994	989
994	993
1022	1168
1022	1769
1022	1782
1022	1955
1168	1352
1168	1937
1168	1953
1769	1266
1769	1324
1769	1613
1769	1668
1769	1750
1769	1818
1769	1856
1769	1935
1782	1296
1782	1426
1782	469
1782	1514
1782	1612
1782	1839
1782	1898
1782	1906
1782	1965
1955	1220
1955	1225
1955	1274
1955	1280
1955	1497
1955	1598
1955	1674
1955	1764
1955	1800
1955	1814
1955	1858
1955	1864
1955	1867
1955	1883
1955	1895
1955	1898
1955	1928
1955	1935
1955	1944
1955	1952
1955	1963
1955	1964
1955	1969
1955	1975
20	104
20	295
20	971
104	191
104	918
104	943
295	381
295	774
295	883
295	985
971	83
971	237
971	401
971	426
971	452
971	465
971	474
971	487
971	510
971	663
971	732
971	734
971	739
971	806
971	812
971	844
971	866
971	889
971	906
971	922
971	947
971	948
971	969
971	1977
971	989
1023	1121
1023	1455
1023	1527
1023	1744
1121	1252
1121	1640
1121	1896
1455	1765
1455	1776
1455	1788
1455	1942
1527	1237
1527	1404
1527	1569
1527	1673
1527	1887
1744	1303
1744	1363
1744	1434
1744	1509
1744	1552
1744	1848
1744	1863
1744	1973
1744	1980
1024	1105
1024	1733
1024	1760
1024	1983
1105	1738
1105	1816
1733	1132
1733	1263
1733	1556
1733	1665
1733	1694
1733	1883
1733	1946
1733	1983
1760	1077
1760	1179
1760	1498
1760	1664
1760	1783
1760	1871
1760	1918
1760	1962
1760	1976
1983	1199
1983	1301
1983	1414
1983	1418
1983	1472
1983	1475
1983	1562
1983	1570
1983	1632
1983	1649
1983	1698
1983	1748
1983	1750
1983	1765
1983	1791
1983	1826
1983	1832
1983	1846
1983	1849
1983	1854
1983	1856
1983	1927
1983	1950
1983	1958
1983	1965
1983	964
1983	1992
1025	1509
1025	1650
1025	1922
1025	1992
1509	1030
1509	1436
1509	1712
1509	1727
1509	1811
1650	1263
1650	1617
1650	1786
1650	1905
1650	1970
1650	1992
1922	1031
1922	1156
1922	1197
1922	1393
1922	1418
1922	1466
1922	1498
1922	1550
1922	1561
1922	1659
1922	1727
1922	1799
1922	1905
1922	1927
1922	1938
1922	1970
1922	1979
1922	1989
1992	1110
1992	1185
1992	1299
1992	1318
1992	1331
1992	1351
1992	1419
1992	1428
1992	1490
1992	1497
1992	1523
1992	1542
1992	1558
1992	1595
1992	1660
1992	1670
1992	1693
1992	1695
1992	1723
1992	1762
1992	1766
1992	1788
1992	1808
1992	1825
1992	1870
1992	1910
1992	1928
1992	1930
1992	1944
1992	1962
1026	1250
1026	1341
1026	1424
1026	1894
1250	1728
1250	1877
1250	1923
1250	1973
1341	1618
1341	1621
1424	1067
1424	1938
1424	1966
1894	1067
1894	1129
1894	1267
1894	1520
1894	1526
1894	1608
1894	1629
1894	1631
1894	1678
1894	1773
1894	1775
1894	1801
1894	1821
1894	1936
1894	1949
1894	1954
21	470
21	625
21	848
21	981
470	272
470	287
470	740
470	997
625	321
625	431
625	703
625	765
625	853
625	911
625	933
848	346
848	348
848	392
848	407
848	419
848	682
848	713
848	875
848	924
848	930
848	946
848	960
981	203
981	266
981	358
981	363
981	462
981	466
981	538
981	554
981	557
981	570
981	585
981	591
981	611
981	648
981	669
981	706
981	779
981	790
981	825
981	831
981	837
981	868
981	896
981	936
981	938
981	959
981	967
981	973
981	978
981	982
981	988
981	999
1027	1596
1027	1640
1027	1864
1596	1210
1596	1426
1596	1595
1596	1618
1596	1709
1596	1749
1596	1770
1640	1641
1640	1703
1640	1927
1640	1942
1640	1949
1864	1147
1864	1201
1864	1206
1864	1269
1864	1297
1864	1696
1864	1720
1864	1805
1864	1832
1864	1848
1864	1977
1864	980
1028	1469
1028	1822
1028	1839
1469	1603
1469	1840
1469	1892
1822	1104
1822	1115
1822	1177
1822	1288
1822	1580
1822	1631
1822	1807
1822	1825
1822	1883
1822	1920
1822	1976
1839	1195
1839	1380
1839	1442
1839	1517
1839	1603
1839	1815
1839	1837
1839	1875
1839	1898
1839	1927
1839	1942
22	372
22	590
22	701
22	999
372	821
372	984
590	79
590	741
590	749
590	822
590	856
590	948
590	997
701	426
701	522
701	540
701	767
701	843
701	926
701	933
701	1993
999	77
999	115
999	135
999	147
999	257
999	418
999	419
999	433
999	502
999	509
999	566
999	628
999	648
999	683
999	689
999	712
999	720
999	775
999	783
999	793
999	810
999	824
999	836
999	837
999	853
999	893
999	897
999	915
999	935
999	938
999	953
999	967
999	980
999	985
999	992
23	787
23	1849
23	984
787	41
787	402
787	599
787	608
787	692
787	751
787	833
787	880
787	892
1849	1189
1849	1329
1849	1392
1849	1420
1849	1523
1849	1579
1849	1672
1849	1720
1849	1772
1849	1834
1849	1928
1849	1995
984	35
984	122
984	147
984	152
984	335
984	406
984	430
984	479
984	506
984	529
984	548
984	567
984	580
984	604
984	616
984	652
984	702
984	717
984	765
984	773
984	803
984	814
984	853
984	869
984	887
984	896
984	926
984	929
984	942
1029	1305
1029	1651
1029	1923
1305	1129
1305	1205
1305	1326
1651	1095
1651	1497
1651	1805
1651	1829
1651	1875
1651	1942
1651	1944
1923	1325
1923	1413
1923	1435
1923	1578
1923	1583
1923	1659
1923	1673
1923	1675
1923	1679
1923	1710
1923	1811
1923	1821
1923	1851
1923	1867
1923	1871
1923	1875
1923	1897
1923	1966
1923	1979
1923	1981
1030	1561
1030	1644
1561	1141
1561	1878
1561	1994
1644	1202
1644	1356
1644	1739
1644	1810
1644	1937
1644	1995
24	181
24	403
24	437
24	713
181	110
181	933
181	967
403	498
403	698
403	771
403	792
403	932
437	677
437	801
437	883
437	966
713	397
713	458
713	514
713	562
713	714
713	910
713	942
25	285
25	623
25	777
25	837
285	635
285	670
285	693
285	975
623	200
623	483
623	543
623	696
623	920
623	926
777	59
777	251
777	577
777	695
777	838
777	862
777	926
777	945
777	973
777	977
837	399
837	500
837	501
837	577
837	695
837	714
837	803
837	934
837	939
837	945
26	388
26	601
26	680
26	739
388	699
388	802
388	941
388	992
601	348
601	603
601	722
601	799
601	933
601	969
601	979
680	146
680	239
680	544
680	556
680	561
680	579
680	860
739	46
739	190
739	756
739	790
739	810
739	888
739	898
739	975
739	978
1031	1412
1031	1603
1031	1753
1412	1323
1412	1358
1412	1566
1412	1981
1603	1066
1603	1459
1603	1618
1603	1917
1603	1950
1753	1046
1753	1113
1753	1355
1753	1463
1753	1524
1753	1555
1753	1625
1753	1775
1753	1902
1753	1979
27	229
27	711
27	940
229	92
229	966
229	978
711	216
711	350
711	393
711	428
711	498
711	734
711	918
711	967
940	284
940	289
940	453
940	532
940	705
940	714
940	728
940	740
940	768
940	802
940	804
940	811
940	838
940	842
940	869
940	894
940	941
940	952
940	959
940	973
940	985
940	997
28	492
28	686
28	950
28	960
492	35
492	191
492	570
492	738
492	959
686	62
686	109
686	340
686	732
686	768
686	874
686	936
950	60
950	162
950	196
950	313
950	342
950	353
950	430
950	480
950	562
950	633
950	649
950	673
950	755
950	773
950	799
950	812
950	862
950	896
950	922
950	923
950	930
950	980
960	38
960	44
960	262
960	436
960	486
960	491
960	553
960	1568
960	571
960	579
960	612
960	684
960	734
960	745
960	747
960	799
960	823
960	888
960	905
960	915
960	928
960	939
960	955
1032	1158
1032	1388
1032	1546
1032	1853
1158	1567
1388	1366
1388	1754
1388	1755
1388	1828
1546	1489
1546	1909
1546	1959
1546	1972
1546	1975
1853	1108
1853	1174
1853	1231
1853	1291
1853	1633
1853	1783
1853	1866
1853	1870
1853	1885
1853	1952
1853	1959
1853	1973
1853	1987
1853	1989
29	249
29	771
29	986
249	83
249	296
249	856
249	988
771	134
771	454
771	603
771	639
771	760
771	762
771	909
771	910
771	962
986	30
986	48
986	60
986	208
986	251
986	286
986	361
986	366
986	447
986	515
986	517
986	554
986	620
986	675
986	751
986	759
986	768
986	769
986	786
986	804
986	821
986	831
986	843
986	856
986	860
986	867
986	874
986	885
986	915
986	1925
986	945
986	955
986	962
986	989
30	579
30	951
30	991
579	498
579	626
579	637
579	758
951	51
951	101
951	227
951	232
951	291
951	446
951	480
951	526
951	639
951	653
951	665
951	723
951	742
951	754
951	755
951	807
951	827
951	864
951	899
951	907
951	913
951	938
951	959
991	64
991	73
991	113
991	161
991	195
991	200
991	212
991	221
991	243
991	316
991	351
991	358
991	407
991	415
991	489
991	491
991	501
991	547
991	594
991	618
991	698
991	714
991	746
991	767
991	785
991	881
991	893
991	933
991	947
991	956
991	1980
991	974
991	989
630	100
630	366
630	673
630	723
630	933
630	976
964	59
964	116
964	328
964	359
964	363
964	404
964	484
964	498
964	506
964	510
964	575
964	576
964	600
964	607
964	727
964	852
964	865
964	878
964	911
964	921
964	925
964	945
964	948
964	957
964	962
964	973
964	997
1033	1775
1033	1860
1033	1959
1033	1974
1775	1331
1775	1458
1775	1618
1775	1632
1775	1871
1775	1966
1775	1972
1860	1173
1860	1224
1860	1291
1860	409
1860	1497
1860	1555
1860	1704
1860	1844
1860	1862
1860	1928
1860	1969
1860	1975
1860	1976
1860	1986
1959	1041
1959	1111
1959	1306
1959	1348
1959	1628
1959	1654
1959	1681
1959	1694
1959	1731
1959	1742
1959	1783
1959	1791
1959	1845
1959	1862
1959	1866
1959	1903
1959	1962
1959	1965
1959	1974
1959	1996
1974	1074
1974	1247
1974	1248
1974	1326
1974	1332
1974	1362
1974	1414
1974	1452
1974	1550
1974	1567
1974	1776
1974	1783
1974	1792
1974	1806
1974	1819
1974	1847
1974	1887
1974	1908
1974	1928
1974	1930
1974	1936
1974	1949
1974	1953
1974	1969
1974	1972
1974	1975
1974	1989
1034	1431
1034	1571
1034	1712
1034	1762
1431	1608
1431	1609
1431	1810
1431	1854
1431	1885
1571	1356
1571	1586
1571	1746
1571	1752
1571	1994
1712	1531
1712	1698
1712	1701
1712	1714
1712	1946
1712	1952
1712	1960
1712	1997
1762	1240
1762	1418
1762	1656
1762	1695
1762	1752
1762	1812
1762	1925
1762	1929
1762	1937
1035	1358
1035	1440
1035	1595
1358	1539
1358	1910
1358	1963
1440	1345
1440	1831
1440	1870
1440	1954
1595	1421
1595	1866
1595	1930
1595	1962
32	456
32	714
32	939
32	997
456	549
456	657
456	836
456	926
456	978
714	186
714	718
714	749
714	821
714	907
939	76
939	198
939	304
939	393
939	394
939	428
939	555
939	693
939	720
939	759
939	804
939	841
939	890
939	894
939	910
939	934
939	938
939	943
939	946
939	956
939	965
939	980
939	989
997	68
997	144
997	276
997	373
997	389
997	401
997	502
997	591
997	600
997	628
997	655
997	691
997	703
997	709
997	724
997	744
997	748
997	763
997	789
997	792
997	805
997	820
997	865
997	892
997	909
997	921
997	929
997	957
997	966
997	969
997	992
1036	1118
1036	1956
1036	1958
1118	1268
1118	1297
1118	1808
1956	1079
1956	1159
1956	1265
1956	1268
1956	1289
1956	1319
1956	1403
1956	1434
1956	1547
1956	1548
1956	1660
1956	1661
1956	1670
1956	1674
1956	688
1956	1695
1956	1750
1956	1779
1956	1796
1956	1824
1956	1885
1956	1899
1956	1938
1956	1944
1956	1946
1956	1980
1956	1996
1958	1075
1958	1104
1958	1184
1958	1445
1958	1506
1958	1535
1958	1581
1958	1605
1958	1621
1958	1661
1958	1677
1958	1717
1958	1824
1958	1827
1958	1842
1958	1869
1958	1892
1958	1895
1958	1906
1958	1920
1958	1934
1958	1936
1958	1965
1037	1226
1037	1417
1226	1728
1226	1740
1226	1963
1417	1602
1417	1699
1417	1703
1417	1962
33	271
33	302
33	657
33	804
271	95
271	458
271	880
271	966
302	766
302	938
657	276
657	799
657	923
657	942
657	946
804	87
804	552
804	665
804	697
804	833
804	869
804	928
804	973
34	527
34	626
34	823
34	844
527	292
527	353
527	415
527	454
527	881
626	329
626	849
626	878
626	907
626	976
823	261
823	276
823	464
823	507
823	644
823	768
823	814
823	870
823	891
823	897
823	932
823	968
844	239
844	585
844	673
844	786
844	812
844	864
844	915
844	920
844	957
844	975
844	977
35	790
35	855
790	193
790	467
790	507
790	516
790	668
790	691
790	724
790	825
790	880
855	184
855	1653
855	742
855	767
855	775
855	860
855	882
855	883
855	918
855	929
855	959
855	969
855	982
1038	1805
1038	1936
1038	1962
1805	1304
1805	1705
1805	1720
1805	1737
1805	1747
1805	1828
1805	1966
1805	1997
1936	1039
1936	1104
1936	1167
1936	1269
1936	1403
1936	1471
1936	1584
1936	1652
1936	1679
1936	1779
1936	1798
1936	796
1936	1833
1936	1893
1936	1908
1936	1930
1936	1944
1936	1950
1936	1966
1936	1973
1936	1975
1936	1987
1962	1079
1962	1117
1962	1242
1962	1270
1962	1272
1962	1411
1962	1474
1962	633
1962	1695
1962	1717
1962	1748
1962	1750
1962	1802
1962	1819
1962	1848
1962	1927
1962	1951
1962	1964
1962	1980
1962	1981
36	270
36	474
36	923
270	753
270	809
270	969
270	982
474	1687
474	878
474	908
474	966
923	206
923	212
923	252
923	410
923	434
923	487
923	496
923	552
923	721
923	746
923	802
923	807
923	872
923	957
923	976
923	979
923	980
1039	1407
1039	1729
1407	1577
1407	1616
1407	1633
1407	1711
1729	1289
1729	1363
1729	1857
1729	1910
1729	1925
1729	1995
37	296
37	434
37	676
37	938
296	860
296	949
296	988
434	370
434	627
434	908
434	1950
676	382
676	422
676	649
676	684
676	707
676	733
676	899
676	975
938	157
938	197
938	255
938	322
938	352
938	380
938	424
938	690
938	731
938	742
938	776
938	779
938	789
938	794
938	799
938	833
938	860
938	906
938	962
38	120
38	567
38	587
120	462
120	908
120	967
567	361
567	526
567	718
567	905
567	945
587	440
587	753
587	853
587	896
587	920
587	952
39	178
39	872
39	910
178	1287
178	684
178	924
872	77
872	119
872	570
872	604
872	624
872	810
872	817
872	867
872	895
872	910
872	911
872	927
872	989
910	58
910	255
910	263
910	494
910	602
910	633
910	675
910	709
910	740
910	753
910	869
910	882
910	890
910	949
910	957
910	989
40	235
40	531
40	936
40	959
235	801
235	870
235	953
531	288
531	615
531	635
531	929
531	941
531	957
936	89
936	128
936	468
936	481
936	534
936	538
936	663
936	672
936	765
936	822
936	827
936	832
936	843
936	868
936	920
936	941
936	949
936	967
936	979
936	989
959	53
959	123
959	215
959	435
959	523
959	560
959	588
959	607
959	618
959	664
959	704
959	722
959	735
959	793
959	894
959	898
959	925
959	934
959	948
959	956
1040	1163
1040	1625
1040	1705
1040	1885
1163	1366
1163	1934
1163	1979
1625	1082
1625	1281
1625	1830
1625	1868
1625	1882
1625	1987
1705	1141
1705	1647
1705	1788
1705	1798
1705	1825
1705	1934
1705	1944
1705	1951
1885	1098
1885	1155
1885	1368
1885	1564
1885	1714
1885	1831
1885	1838
1885	1846
1885	1883
1885	1898
1885	1903
1885	1906
1885	1931
41	741
41	809
41	853
741	280
741	338
741	482
741	519
741	538
741	682
741	860
741	993
809	54
809	436
809	523
809	581
809	696
809	743
809	820
809	821
809	921
809	930
809	952
853	111
853	212
853	230
853	264
853	314
853	349
853	521
853	807
853	962
853	979
1041	1260
1041	1685
1041	803
1260	1403
1260	1905
1260	1995
1260	1996
1685	1295
1685	1450
1685	1684
1685	1854
1685	1930
1685	1939
803	68
803	112
803	298
803	376
803	721
803	744
803	751
803	792
803	948
803	975
803	988
42	400
42	441
42	685
400	380
400	569
400	616
400	673
400	1997
441	307
441	645
441	835
441	842
441	993
685	138
685	261
685	448
685	618
685	886
685	890
685	980
1042	1349
1042	1642
1042	1816
1349	1243
1349	1482
1349	1565
1349	1931
1642	1369
1642	1608
1642	1798
1642	1917
1642	1995
1816	1093
1816	1119
1816	1582
1816	1616
1816	737
1816	1807
1816	1893
1816	1920
1816	1969
117	66
117	574
117	840
779	273
779	466
779	615
779	675
779	862
779	874
779	918
779	965
779	974
779	993
44	264
44	604
44	993
264	310
264	480
264	702
604	513
604	716
604	756
604	788
604	908
993	122
993	281
993	519
993	520
993	521
993	564
993	585
993	593
993	598
993	622
993	706
993	744
993	762
993	776
993	778
993	856
993	862
993	870
993	883
993	886
993	889
993	922
993	927
993	943
993	968
993	975
793	321
793	336
793	359
793	417
793	1772
793	832
793	877
793	879
887	70
887	291
887	340
887	362
887	418
887	696
887	813
887	822
887	826
887	833
887	839
887	918
887	935
887	941
1043	1369
1043	1497
1043	1791
1369	1588
1369	1954
1497	1186
1497	1616
1791	1060
1791	1492
1791	1666
1791	1699
1791	1845
1791	1875
1791	1898
1791	1953
1791	1972
46	639
46	718
46	992
639	79
639	226
639	267
639	883
639	957
718	451
718	495
718	704
718	740
718	906
718	920
992	121
992	238
992	332
992	448
992	621
992	640
992	642
992	681
992	689
992	708
992	723
992	728
992	737
992	760
992	766
992	788
992	789
992	820
992	847
992	866
992	869
992	882
992	920
992	921
992	925
992	935
992	948
992	955
992	974
992	975
992	977
992	982
47	557
47	749
47	911
557	67
557	237
557	849
557	949
557	965
749	184
749	757
749	834
749	915
749	942
749	956
749	957
911	281
911	344
911	347
911	453
911	455
911	542
911	562
911	677
911	798
911	815
911	833
911	861
911	886
911	888
911	892
911	982
48	131
48	596
48	866
131	545
131	883
131	913
596	134
596	465
596	602
596	609
596	689
866	246
866	299
866	606
866	609
866	768
866	774
866	782
866	840
866	861
866	890
866	965
866	974
49	671
49	710
49	826
671	254
671	380
671	498
671	831
671	867
671	895
671	921
671	979
710	387
710	424
710	436
710	478
710	490
710	798
710	924
710	953
826	313
826	386
826	460
826	525
826	572
826	764
826	801
826	828
826	928
826	941
826	943
826	956
1044	1430
1044	1458
1044	1622
1044	1654
1430	1061
1430	1451
1430	1925
1430	1950
1430	1994
1458	1547
1458	1787
1458	1807
1622	1221
1622	1525
1622	1592
1622	1637
1622	1863
1622	1996
1654	1315
1654	1646
1654	751
1654	1801
1654	1815
1654	1964
1654	1979
1045	1172
1045	1339
1045	1639
1045	1908
1172	1066
1172	1517
1172	1994
1339	1491
1339	1519
1339	1784
1639	1442
1639	1905
1639	1951
1639	1957
1639	1987
1639	1994
1908	1061
1908	1098
1908	1150
1908	1161
1908	1525
1908	1716
1908	1723
1908	1746
1908	1787
1908	1792
1908	1802
1908	1906
1908	1915
1908	1931
1908	1996
50	72
50	704
50	922
72	1512
72	930
704	620
704	864
704	898
704	903
704	953
922	122
922	143
922	274
922	293
922	304
922	336
922	461
922	516
922	653
922	759
922	792
922	831
922	869
922	890
922	896
922	985
922	989
1046	1742
1046	1906
1046	1938
1742	1264
1742	1310
1742	1484
1742	1724
1742	1883
1742	1939
1742	1975
1906	1265
1906	1572
1906	1607
1906	1609
1906	1643
1906	1686
1906	1745
1906	881
1906	1918
1906	1942
1906	1963
1938	1137
1938	1398
1938	413
1938	1514
1938	1555
1938	1585
1938	1740
1938	1746
1938	1771
1938	1798
1938	1837
1938	1848
1938	1862
1938	1870
1938	1879
1938	1969
1938	1970
1938	1972
1938	1973
1938	1975
51	297
51	800
51	973
297	198
297	458
297	728
297	895
800	140
800	426
800	512
800	566
800	622
800	775
800	788
800	835
800	928
800	969
973	118
973	141
973	223
973	228
973	248
973	291
973	638
973	673
973	698
973	703
973	705
973	726
973	745
973	766
973	767
973	814
973	886
973	895
973	906
973	908
973	946
973	948
973	955
973	965
973	967
973	975
52	275
52	556
52	631
52	735
275	140
275	280
275	618
275	878
556	494
556	514
556	534
556	692
631	191
631	461
631	502
631	721
631	761
631	881
735	312
735	411
735	558
735	677
735	824
735	918
735	947
735	975
735	989
1047	1097
1047	1643
1047	1794
1047	1818
1097	1253
1097	1917
1097	1960
1643	1255
1643	1519
1643	1633
1643	1834
1643	1888
1643	1994
1794	1184
1794	1371
1794	1399
1794	1462
1794	1676
1794	1745
1794	1780
1794	1896
1794	1899
1794	1920
1818	1073
1818	1825
1818	1838
1818	1883
1818	1897
1818	1939
1818	1951
1818	1952
1818	1957
1048	1050
1048	1751
1048	1930
1048	1969
1050	1281
1050	1878
1050	1996
1751	1353
1751	1569
1751	1610
1751	1755
1751	1812
1751	1821
1751	798
1930	1106
1930	1204
1930	1266
1930	1308
1930	1533
1930	1573
1930	1578
1930	1649
1930	1653
1930	1666
1930	1719
1930	1841
1930	1925
1930	1937
1930	1980
1930	1987
1930	1997
1969	1200
1969	1416
1969	1433
1969	1522
1969	1703
1969	1710
1969	1716
1969	1765
1969	1830
1969	1841
1969	1847
1969	1910
1969	1921
1969	1926
1969	1927
1969	1929
1969	1950
1969	1952
1969	1964
1969	1971
1969	1977
1969	1994
53	347
53	801
53	947
347	716
347	766
347	908
801	68
801	139
801	175
801	217
801	629
801	840
801	897
801	948
801	953
947	136
947	259
947	274
947	299
947	597
947	646
947	672
947	695
947	715
947	758
947	773
947	782
947	927
947	930
947	941
947	942
947	945
947	952
947	955
947	969
947	980
54	64
54	218
54	489
64	252
64	824
218	258
218	622
489	558
489	636
489	953
55	86
55	394
55	485
55	1901
86	760
86	820
394	629
394	841
394	898
485	348
485	549
485	694
485	806
1901	1082
1901	1477
1901	1528
1901	1549
1901	1551
1901	1564
1901	1630
1901	1741
1901	1837
1901	1847
1901	1921
1901	1931
1901	1941
1901	1971
1901	1981
1049	1433
1049	1736
1049	1748
1433	1459
1433	1725
1433	1808
1433	1888
1736	1288
1736	1352
1736	1542
1736	1636
1736	1887
1736	1910
1736	1976
1748	1261
1748	1325
1748	1355
1748	1432
1748	1721
1748	1780
1748	1928
1281	1821
1281	1854
1281	1950
1878	1411
1878	1474
1878	1607
1878	1746
1878	1771
1878	1785
1878	1833
1878	1834
1878	1859
1878	1897
1878	1960
1878	1986
1878	1995
1878	1996
1996	1109
1996	1136
1996	1142
1996	1209
1996	1213
1996	1435
1996	1477
1996	1482
1996	1511
1996	1515
1996	1521
1996	1551
1996	1556
1996	1584
1996	1669
1996	1721
1996	1724
1996	1845
1996	1854
1996	1861
1996	1903
1996	1915
1996	1941
1996	1952
1996	1960
1996	1970
1996	1973
1996	1980
1996	1986
1996	1997
56	577
56	672
56	796
577	63
577	81
577	430
577	744
672	113
672	669
672	847
672	949
796	58
796	197
796	247
796	428
796	747
796	772
796	828
796	903
796	932
796	977
1051	1754
1051	1806
1051	1819
1754	1242
1754	1367
1754	1612
1754	1631
1754	1743
1754	1828
1754	1960
1754	1964
1806	1188
1806	1364
1806	1376
1806	1612
1806	1667
1806	1676
1806	1677
1806	1951
1806	1952
1806	1953
1806	1972
1819	1115
1819	1368
1819	1408
1819	1548
1819	1667
1819	1738
1819	1807
1819	1845
1819	1926
1819	1943
1052	1257
1052	1738
1257	1128
1257	1514
1257	1563
1257	1670
1738	1236
1738	1279
1738	1560
1738	1920
1738	1931
1738	1964
1053	1560
1053	1875
1053	1973
1560	1479
1560	1691
1560	1765
1560	1815
1875	1112
1875	1340
1875	1638
1875	1659
1875	1675
1875	1698
1875	1867
1875	1965
1875	1971
1875	1973
1973	1142
1973	1146
1973	1283
1973	1550
1973	1590
1973	1648
1973	1663
1973	1677
1973	1694
1973	1702
1973	1781
1973	1844
1973	1858
1973	1868
1973	1870
1973	1905
1973	1926
1973	1949
1973	1953
1973	1954
1973	1964
1973	1972
1973	1986
57	565
57	868
57	956
565	390
565	720
565	1830
565	880
565	925
868	133
868	210
868	443
868	472
868	486
868	547
868	602
868	655
868	702
868	712
868	761
868	807
868	878
868	953
956	81
956	246
956	261
956	397
956	404
956	408
956	521
956	548
956	570
956	581
956	742
956	834
956	865
956	867
956	875
956	897
956	952
956	955
956	957
956	985
956	988
1054	1489
1054	1507
1054	1696
1054	1925
1489	1164
1489	1238
1489	1942
1489	1979
1507	1491
1507	1702
1507	1902
1696	1181
1696	1377
1696	1591
1696	1665
1696	1725
1696	1970
1696	1993
1925	1110
1925	1231
1925	1446
1925	1466
1925	1521
1925	1665
1925	1670
1925	1714
1925	1802
1925	1824
1925	1898
1925	1921
1925	1926
1925	1943
1925	1966
1925	1971
1055	1368
1055	1944
1055	1957
1055	1970
1368	1338
1368	1788
1944	1228
1944	1276
1944	417
1944	1448
1944	1478
1944	1541
1944	1667
1944	1680
1944	1787
1944	1808
1944	1845
1944	1918
1944	1957
1944	1965
1944	1971
1944	1993
1957	1060
1957	1076
1957	1304
1957	1385
1957	1601
1957	1611
1957	1615
1957	1617
1957	1656
1957	1657
1957	1711
1957	1730
1957	1764
1957	1795
1957	1848
1957	1852
1957	1964
1957	1965
1957	1966
1957	1986
1970	1157
1970	1299
1970	1323
1970	1361
1970	1365
1970	1403
1970	1463
1970	1536
1970	1556
1970	1591
1970	1616
1970	1621
1970	1672
1970	1681
1970	1713
1970	1722
1970	1737
1970	1747
1970	1801
1970	1834
1970	1841
1970	1917
1970	1929
1970	1995
58	920
920	358
920	371
920	423
920	457
920	464
920	544
920	730
920	772
920	827
920	861
920	870
920	918
920	962
920	968
920	974
1056	1575
1056	1779
1056	1786
1575	1103
1575	1193
1575	1346
1575	1494
1575	1585
1575	1598
1575	1673
1779	1190
1779	1402
1779	1511
1779	1773
1779	1911
1779	1951
1779	1986
1779	1995
1786	1204
1786	1209
1786	1229
1786	1384
1786	1582
1786	1600
1786	1627
1786	1646
1786	1942
1861	1061
1861	1124
1861	1218
1861	1673
1861	1711
1861	1745
1861	1768
1861	1796
1861	1799
1861	1887
1861	1931
1863	1127
1863	1198
1863	1329
1863	1338
1863	1473
1863	1691
1863	1766
1863	1842
1863	1867
1863	1927
1863	1943
1863	1951
1863	1976
1058	1131
1058	1446
1058	1512
1058	1899
1131	1562
1131	1887
1131	1986
1446	1482
1446	1528
1446	1718
1512	1059
1512	1155
1512	1459
1512	1582
1512	1704
1899	1072
1899	1227
1899	1283
1899	1313
1899	1478
1899	1502
1899	558
1899	1646
1899	1664
1899	1676
1899	1800
1899	1859
1899	1891
1899	1927
1899	1937
1059	1490
1059	1869
1490	1702
1490	1859
1490	1941
1490	1946
1869	1063
1869	1113
1869	1275
1869	1291
1869	1523
1869	1572
1869	1638
1869	1735
1869	1768
1869	1840
1869	1877
1869	1963
1869	1972
1869	1993
1060	1485
1060	1531
1485	1691
1485	1746
1485	1902
1485	1903
1531	1248
1531	1939
1531	1995
1061	1120
1120	1126
1120	1523
1120	1798
1062	1470
1062	1494
1062	1739
1062	1993
1470	1771
1470	1911
1494	1065
1494	1486
1494	1971
1739	1255
1739	1320
1739	1649
1739	1783
1739	1902
1993	1207
1993	1299
1993	1310
1993	1395
1993	1426
1993	1499
1993	1557
1993	1579
1993	1583
1993	1598
1993	1601
1993	1605
1993	1609
1993	1627
1993	1645
1993	1652
1993	1673
1993	1679
1993	1695
1993	1765
1993	1770
1993	1820
1993	1844
1993	1872
1993	1879
1993	1989
1993	1997
1063	1306
1063	1934
1063	1979
1306	1473
1306	1798
1934	1081
1934	1397
1934	1459
1934	1515
1934	1610
1934	1646
1934	1682
1934	1757
1934	1781
1934	1792
1934	1810
1934	1811
1934	1854
1934	1858
1934	1918
1934	1954
1934	1972
1934	1976
1979	1159
1979	1175
1979	1183
1979	279
1979	1284
1979	1313
1979	1357
1979	1364
1979	1460
1979	1493
1979	1572
1979	1632
1979	1662
1979	1670
1979	1672
1979	1702
1979	1730
1979	1743
1979	1784
1979	1832
1979	1846
1979	1879
1979	1926
1979	1954
1979	1997
59	246
59	309
246	651
309	310
309	477
309	674
309	969
1064	1128
1064	1189
1064	1715
1064	1883
1128	1971
1189	1248
1189	1941
1715	1206
1715	1463
1715	1522
1715	1776
1715	1941
1715	1980
1715	1986
1883	1149
1883	1439
1883	1689
1883	1694
1883	1718
1883	1749
1883	1796
1883	1903
1065	1989
1065	1995
1989	1246
1989	1321
1989	1435
1989	1482
1989	1496
1989	1534
1989	1538
1989	1553
1989	1563
1989	1633
1989	1635
1989	1647
1989	1688
1989	692
1989	1718
1989	1721
1989	1787
1989	1800
1989	1830
1989	1852
1989	1897
1989	1911
1989	1933
1989	1939
1989	1977
1995	1208
1995	1268
1995	1457
1995	1554
1995	1593
1995	1620
1995	1627
1995	1636
1995	1647
1995	1659
1995	1660
1995	1697
1995	1701
1995	1723
1995	1781
1995	1795
1995	1847
1995	1848
1995	1866
1995	1893
1995	1950
60	522
60	524
522	412
522	593
522	632
522	706
524	572
524	595
524	862
1066	1858
1858	1253
1858	1449
1858	1520
1858	1590
1858	1631
1858	1838
1858	1866
1858	1921
1858	1928
1858	1937
1858	1953
61	576
61	810
61	907
61	979
576	311
576	952
576	955
576	967
810	396
810	405
810	425
810	541
810	580
810	610
810	745
810	932
810	943
810	952
907	201
907	207
907	455
907	501
907	505
907	512
907	583
907	606
907	650
907	728
907	835
907	875
907	913
907	942
907	943
907	988
979	81
979	88
979	144
979	182
979	247
979	367
979	402
979	438
979	445
979	449
979	458
979	472
979	566
979	614
979	653
979	656
979	743
979	748
979	774
979	783
979	815
979	838
979	892
979	917
979	933
979	943
62	228
62	254
62	432
228	698
254	172
254	660
254	899
432	149
432	530
432	746
432	906
432	932
1067	1975
1975	1214
1975	1290
1975	1428
1975	1488
1975	1496
1975	1573
1975	1576
1975	1586
1975	1606
1975	1669
1975	1686
1975	1698
1975	1711
1975	1755
1975	784
1975	1838
1975	1887
1975	1896
1975	1903
1975	1905
1975	1917
1975	1954
1975	1976
63	269
63	894
63	917
269	405
269	490
269	818
269	980
894	245
894	327
894	395
894	519
894	549
894	574
894	624
894	668
894	696
894	806
894	850
894	905
894	929
894	934
894	967
917	69
917	157
917	449
917	486
917	536
917	665
917	712
917	765
917	847
917	861
917	875
917	886
917	890
917	943
917	945
917	965
917	978
1068	1314
1068	1491
1068	1713
1314	1134
1314	1543
1314	709
1314	1859
1491	1857
1491	1926
1713	1295
1713	1350
1713	1500
1713	1667
1713	1862
1713	1933
1713	1976
252	219
252	763
824	154
824	259
824	368
824	386
824	419
824	449
824	720
824	927
824	978
65	265
65	674
65	785
65	857
265	81
265	870
265	918
265	927
674	476
674	696
674	925
674	941
674	968
674	978
674	989
785	100
785	373
785	644
785	660
785	746
785	929
785	941
785	977
857	220
857	354
857	494
857	542
857	572
857	581
857	597
857	600
857	1831
857	877
857	878
857	888
857	955
66	168
66	789
168	651
168	772
168	889
789	277
789	385
789	404
789	525
789	776
789	818
789	941
789	974
1069	1077
1069	1478
1069	1971
1077	1676
1077	1814
1478	1175
1478	1752
1478	1892
1971	1096
1971	1116
1971	1144
1971	1227
1971	1375
1971	1429
1971	1460
1971	1495
1971	1500
1971	1501
1971	1541
1971	1550
1971	1631
1971	1661
1971	1675
1971	1734
1971	728
1971	1788
1971	1800
1971	1808
1971	1851
1971	1896
1971	1911
1191	1495
1191	1834
1191	1941
1334	1337
1334	1847
1334	1865
67	248
67	870
67	943
248	1181
248	452
248	850
870	80
870	572
870	618
870	662
870	861
870	865
870	885
870	908
870	967
943	113
943	215
943	327
943	510
943	553
943	603
943	646
943	699
943	754
943	827
943	828
943	847
943	913
943	946
943	974
943	975
68	364
364	446
364	500
364	523
364	605
69	283
69	287
283	717
283	839
283	928
287	210
287	484
287	700
1071	1510
1071	1776
1071	1965
1071	1966
1510	1080
1510	1145
1510	1352
1510	1700
1510	1972
1776	1460
1776	1666
1776	1731
1776	1857
1776	1859
1965	1192
1965	1235
1965	1269
1965	1279
1965	1288
1965	1342
1965	1367
1965	1524
1965	1533
1965	1586
1965	1601
1965	1630
1965	1704
1965	1780
1965	1848
1965	1857
1965	1866
1965	1891
1965	1963
1965	1980
1965	1994
1966	1119
1966	1171
1966	1190
1966	1291
1966	1322
1966	1404
1966	1599
1966	1617
1966	1700
1966	1706
1966	1724
1966	1789
1966	1820
1966	1856
1966	1867
1966	1882
1966	1892
1966	1898
1966	1960
1966	1997
1072	1139
1072	1471
1072	1673
1139	1230
1139	1920
1471	1224
1471	1534
1471	1868
1673	1089
1673	1730
1673	1918
1073	1090
1073	1976
1090	1160
1090	215
1090	1534
1976	1117
1976	1193
1976	1237
1976	1363
1976	1393
1976	1413
1976	1554
1976	1555
1976	1583
1976	1593
1976	1610
1976	1628
1976	1757
1976	1767
1976	1811
1976	1865
1976	1888
1976	1892
1976	889
1976	1914
1976	1935
70	544
70	655
70	723
544	219
544	794
655	190
655	327
655	398
655	805
655	813
655	879
723	471
723	663
723	869
723	918
723	985
71	727
71	731
71	945
727	290
727	422
727	506
727	561
727	566
727	679
727	838
727	918
731	374
731	605
731	620
731	645
731	664
731	849
731	882
731	885
945	179
945	344
945	424
945	500
945	517
945	551
945	621
945	744
945	767
945	784
945	881
945	882
945	899
945	927
945	957
945	966
945	989
930	289
930	362
930	423
930	634
930	635
930	673
930	732
930	737
930	754
930	758
930	795
930	838
930	841
930	903
930	913
930	977
73	393
73	571
393	392
571	193
571	390
571	893
571	957
74	304
74	427
74	614
74	962
304	643
304	799
427	413
427	773
427	934
614	216
614	391
614	417
614	757
614	925
962	179
962	187
962	1197
962	224
962	501
962	622
962	645
962	651
962	658
962	692
962	732
962	738
962	764
962	788
962	883
962	892
962	908
962	921
962	948
962	949
962	955
1074	1714
1074	1810
1074	1981
1714	1380
1714	1496
1714	1787
1714	1827
1714	1840
1714	1891
1810	1315
1810	1355
1810	1693
1810	1824
1810	1857
1810	1964
1981	1078
1981	1166
1981	1183
1981	1219
1981	1300
1981	1316
1981	1371
1981	1375
1981	1425
1981	1429
1981	1594
1981	1667
1981	1710
1981	1757
1981	1770
1981	1820
1981	1857
1981	1866
1981	1898
1981	1909
1981	1931
1981	1941
1981	1954
1981	1972
1981	1977
75	424
75	717
75	730
424	298
424	683
717	114
717	471
717	573
717	850
717	909
717	932
730	290
730	408
730	558
730	782
730	813
730	818
730	874
730	886
730	888
76	316
76	545
76	840
316	105
316	953
545	291
545	805
545	851
545	946
545	976
840	106
840	244
840	519
840	582
840	687
840	691
840	760
840	774
840	795
840	929
1075	1399
1075	1653
1075	1740
1399	1724
1653	1296
1653	1436
1653	1829
1653	1943
1653	1963
1740	1721
1740	1892
1740	1898
1740	1905
1740	1910
1076	1126
1076	1492
1076	1788
1126	1521
1126	1585
1492	1394
1492	1732
1492	1895
1492	1935
1788	1542
1788	1684
1788	1997
77	564
77	832
564	335
564	370
564	769
564	772
832	125
832	224
832	381
832	450
832	536
832	679
832	691
832	782
832	879
832	965
832	988
78	92
78	776
78	864
78	874
92	798
92	893
776	202
776	486
776	732
776	927
864	200
864	336
864	481
864	609
864	773
864	877
864	891
864	933
864	957
864	968
864	974
874	449
874	450
874	542
874	624
874	722
874	811
874	892
874	976
874	980
79	391
79	415
391	123
391	186
415	978
80	236
80	755
236	335
236	825
236	924
755	204
755	1351
755	349
755	443
755	519
755	580
755	767
755	969
1676	1610
1676	1787
1676	1943
1676	1949
1814	1078
1814	1188
1814	1351
1814	1361
1814	1496
1814	1529
1814	1765
1814	1773
1814	1799
82	205
82	638
82	733
205	547
205	883
205	966
638	84
638	157
638	734
638	988
733	519
733	583
733	1629
733	737
733	834
733	968
733	978
1078	1646
1646	1745
1646	1879
83	807
807	134
807	219
807	233
807	369
807	632
807	645
807	737
807	769
807	879
84	768
84	897
768	315
768	675
768	806
768	918
768	924
768	982
897	1179
897	225
897	355
897	589
897	666
897	765
897	788
897	835
897	838
897	918
897	968
897	976
85	310
85	634
85	885
310	426
310	481
634	155
634	661
634	805
634	883
634	969
885	98
885	262
885	315
885	495
885	543
885	591
885	702
885	778
885	805
885	820
885	835
885	842
885	924
885	932
1079	1453
1079	968
1453	1669
1453	1868
968	91
968	140
968	281
968	294
968	429
968	443
968	448
968	509
968	513
968	536
968	542
968	552
968	573
968	653
968	692
968	743
968	782
968	879
968	908
968	941
968	946
968	988
760	466
760	467
760	589
760	660
760	915
760	955
820	154
820	191
820	504
820	536
820	599
820	692
820	724
820	888
820	969
87	514
87	918
87	955
514	145
514	891
514	925
918	177
918	215
918	306
918	1652
918	761
918	818
918	892
918	898
918	967
955	102
955	155
955	231
955	640
955	643
955	648
955	663
955	699
955	708
955	745
955	822
955	828
955	867
955	915
955	941
955	976
955	982
1080	1377
1080	1735
1080	877
1377	1568
1377	1611
1377	1917
1735	1570
1735	1772
1735	1844
1735	1897
1735	1928
1735	1929
1735	1941
877	406
877	411
877	436
877	482
877	562
877	640
877	769
877	861
877	915
877	926
877	942
877	977
1081	1477
1081	1488
1081	1812
1477	1117
1477	1461
1477	1865
1488	1771
1488	1842
1812	1138
1812	1152
1812	1331
1812	1383
1812	1568
1812	867
1812	1929
1812	1997
88	600
88	616
600	355
600	821
600	903
600	909
616	356
616	465
616	578
616	652
89	358
89	617
617	186
617	435
617	523
617	612
617	849
90	862
90	929
90	980
862	180
862	203
862	338
862	448
862	643
862	708
862	898
862	903
862	977
929	278
929	386
929	406
929	449
929	518
929	734
929	764
929	783
929	811
929	880
929	932
929	974
980	146
980	282
980	395
980	438
980	478
980	479
980	574
980	607
980	620
980	698
980	724
980	732
980	784
980	794
980	811
980	849
980	882
980	892
980	895
980	927
980	965
980	974
980	988
1082	1608
1082	1660
1608	1606
1608	1710
1608	1837
1660	1088
1660	1176
1660	1898
1660	1933
1660	975
91	300
91	662
300	677
300	734
662	135
662	240
662	399
662	471
662	666
662	895
1083	1960
1083	1972
1960	1091
1960	1188
1960	1460
1960	1515
1960	1532
1960	1537
1960	1545
1960	1551
1960	1719
1960	1747
1960	1765
1960	1785
1960	1796
1960	1820
1960	1824
1960	1888
1960	1911
1960	1920
1960	1941
1960	1951
1972	1093
1972	1096
1972	1140
1972	1244
1972	1279
1972	1283
1972	1367
1972	1529
1972	1577
1972	1594
1972	1627
1972	1652
1972	1846
1972	1866
1972	1950
798	253
798	387
798	442
798	486
798	621
798	756
798	861
798	948
798	953
798	985
893	293
893	478
893	605
893	646
893	1657
893	753
893	763
893	775
893	781
893	819
893	834
893	836
893	949
93	533
93	608
93	647
533	152
533	435
533	611
533	783
533	788
533	933
608	95
608	738
608	852
608	988
647	345
647	645
647	675
647	677
647	690
647	952
647	985
546	239
546	247
546	516
546	570
546	762
546	941
555	97
555	530
555	927
1084	1187
1084	1252
1084	1413
1084	1882
1187	1848
1187	1877
1187	1997
1252	1499
1413	1808
1413	1891
1413	1953
1882	1108
1882	1294
1882	1415
1882	1502
1882	1587
1882	1614
1882	1679
1882	1757
1882	1771
1882	1825
1882	1833
1882	1856
1882	1986
1882	1987
1085	1580
1085	1824
1085	1832
1085	1903
1580	1505
1580	1771
1580	1937
1580	1946
1824	1112
1824	1152
1824	1162
1824	1540
1824	1664
1824	1695
1824	1720
1824	1980
1832	1223
1832	1456
1832	1473
1832	1602
1832	1680
1832	1896
1832	1946
1832	1997
1903	1214
1903	1240
1903	1414
1903	1416
1903	1487
1903	1677
1903	1698
1903	1910
1903	1963
1565	1104
1565	1247
1565	1515
1565	1675
95	139
95	532
139	180
139	475
532	351
532	691
532	716
532	888
532	977
96	322
96	525
96	530
96	766
322	418
322	640
525	325
525	468
525	878
525	935
530	108
530	286
530	700
530	799
766	130
766	374
766	709
766	948
766	969
766	985
97	677
97	891
97	969
677	481
891	99
891	164
891	268
891	420
891	487
891	512
891	534
891	552
891	878
891	881
891	921
891	927
891	933
969	132
969	231
969	390
969	418
969	428
969	451
969	508
969	541
969	700
969	724
969	726
969	814
969	879
969	921
969	957
98	132
98	149
132	899
149	411
1087	1484
1087	1680
1087	1846
1484	1242
1484	1583
1484	1796
1484	1837
1680	1364
1680	1365
1680	1820
1680	1870
1680	1921
1846	1300
1846	1536
1846	1830
1846	1852
1846	1877
1846	1896
1846	1897
1088	1620
1088	1720
1620	1194
1620	1664
1620	1893
1720	1481
1720	1537
1720	1657
1720	1704
1720	1946
99	805
99	905
805	258
805	326
805	559
805	764
805	934
805	966
805	988
905	141
905	148
905	430
905	554
905	562
905	569
905	586
905	602
905	795
905	831
905	865
905	927
905	974
1089	1194
1089	1290
1089	1897
1194	1245
1194	1585
1290	1462
1290	1677
1290	1746
1897	1124
1897	1151
1897	1213
1897	1429
1897	1502
1897	1614
1897	1764
1897	1859
1897	1935
1160	1397
1160	1609
1534	1195
1534	1375
1534	1757
1091	1143
1091	1434
1143	1719
1143	1879
1434	1280
1434	1451
1434	1626
1092	1567
1092	1700
1092	1844
1092	1859
1567	1635
1567	1728
1567	1746
1700	1184
1700	1404
1700	1508
1700	1929
1700	1997
1844	1343
1844	1362
1844	1600
1844	1667
1844	1792
1844	1796
1844	1862
1844	1868
1844	1915
1859	1098
1859	1283
1859	1594
1859	1628
1859	1706
1859	1717
1859	1867
1859	1887
100	500
100	690
500	921
500	934
690	392
690	490
690	502
690	814
690	946
101	404
101	440
101	726
404	477
404	757
440	329
440	753
440	843
440	946
726	253
726	255
726	262
726	747
726	838
726	883
726	926
102	124
102	586
102	778
124	240
124	290
124	915
586	379
586	540
586	836
586	946
586	985
778	176
778	267
778	378
778	632
778	827
778	946
1093	1528
1093	1986
1528	1887
1528	1888
1528	1950
1528	1951
1986	1241
1986	1380
1986	1499
1986	1501
1986	1600
1986	1613
1986	1668
1986	1684
1986	1730
1986	1731
1986	1734
1986	1765
1986	1771
1986	1774
1986	1827
1986	1854
1986	1862
1986	1868
1986	1896
1986	1911
1986	1914
1986	1946
1986	1949
103	345
103	360
103	737
345	155
345	368
345	483
360	165
360	570
360	957
737	606
737	765
737	850
737	882
737	921
105	277
105	507
105	642
277	982
277	985
507	292
507	847
507	865
642	111
642	140
642	367
642	433
642	906
642	932
106	397
106	603
106	932
397	462
397	628
397	841
603	125
603	668
932	160
932	313
932	354
932	369
932	535
932	650
932	656
932	774
932	813
932	828
932	927
932	948
932	965
107	118
107	279
107	851
118	687
279	812
851	166
851	231
851	301
851	367
851	369
851	468
851	497
851	610
851	716
851	786
851	795
851	878
851	957
1094	1307
1094	1426
1094	1655
1307	1401
1307	1827
1426	1994
1655	591
1655	1584
1655	1826
1655	1867
1655	1926
1655	1937
1655	1946
108	369
108	892
369	666
892	201
892	515
892	537
892	693
892	702
892	792
892	795
892	865
892	982
1095	1219
1095	1405
1095	1928
1219	1447
1219	1695
1405	1579
1405	1724
1405	1865
1405	1902
1405	1917
1928	1272
1928	1404
1928	1447
1928	1513
1928	1601
1928	1661
1928	1807
1928	1811
1928	1834
1928	1911
1928	1939
1928	1952
1928	1987
1096	1244
1096	1336
1244	1387
1244	1891
1244	1931
1336	1328
1336	1398
1336	1581
1336	1784
109	609
109	965
609	251
609	325
609	613
965	301
965	334
965	553
965	572
965	620
965	661
965	670
965	772
965	813
965	819
965	842
965	861
965	875
965	933
965	989
1253	1409
1253	1415
1917	1298
1917	1318
1917	1342
1917	1406
1917	1468
1917	1586
1917	1689
1917	1722
1917	1750
1917	1787
110	159
110	650
110	833
159	506
159	721
159	849
650	499
650	573
650	784
833	138
833	142
833	227
833	417
833	706
833	802
833	925
833	949
111	856
111	875
856	154
856	257
856	384
856	471
856	547
856	698
856	754
856	928
875	505
875	551
875	554
875	732
875	849
875	966
875	978
1098	1731
1731	1390
1731	1557
1731	1764
1731	1842
1731	1997
1099	1242
1099	1268
1099	1409
1099	1774
1242	1767
1268	1408
1409	1766
1409	1915
1409	1937
1774	1590
1774	1677
1774	1706
1774	1789
1774	1807
1774	1827
1774	1868
1774	1943
1774	1994
112	607
112	860
112	977
607	189
607	376
607	526
607	977
860	151
860	161
860	173
860	493
860	495
860	539
860	560
860	852
977	288
977	407
977	409
977	442
977	508
977	592
977	658
977	661
977	665
977	697
977	1755
977	825
977	835
977	880
977	913
977	926
113	210
210	679
1100	1785
1100	1888
1100	1935
1785	1233
1785	1374
1785	1524
1785	1577
1785	1600
1785	1641
1785	1764
1785	1987
1888	1117
1888	1150
1888	1481
1888	1498
1888	1599
1888	1637
1888	1727
1888	1749
1888	1781
1888	1950
1888	1951
1888	1977
1935	1327
1935	1333
1935	1444
1935	1519
1935	1524
1935	1549
1935	1568
1935	1694
1935	1725
1935	1784
1935	1941
1935	1977
1935	1997
114	341
114	751
341	517
341	941
751	308
751	705
751	896
751	908
115	324
115	827
324	786
324	906
324	909
827	299
827	412
827	573
827	682
827	693
827	754
827	896
827	928
116	348
116	913
116	966
348	1584
913	126
913	174
913	355
913	362
913	666
913	700
913	775
913	813
913	882
913	903
913	953
966	356
966	359
966	366
966	412
966	589
966	644
966	661
966	707
966	759
966	889
966	898
966	1918
966	942
966	949
966	982
966	988
574	482
574	865
574	985
1101	1216
1101	1752
1101	1851
1101	1994
1216	1487
1216	1787
1752	1326
1752	1361
1752	1400
1752	1905
1752	1909
1851	1320
1851	1401
1851	1716
1851	1757
1851	1764
1851	1780
1851	1920
1851	1937
1851	1997
1994	1239
1994	1245
1994	1249
1994	1275
1994	1284
1994	1322
1994	1365
1994	1382
1994	1411
1994	1479
1994	1493
1994	1532
1994	1543
1994	1648
1994	1692
1994	1704
1994	1728
1994	1795
1994	1821
1994	1838
1994	1867
1994	1939
1994	1951
1994	1953
1994	1980
1102	1479
1102	1635
1102	1887
1102	1909
1479	1208
1479	1604
1479	1687
1635	1109
1635	1451
1635	1678
1635	1789
1635	1872
1887	1538
1887	1553
1887	1591
1887	1870
1887	1941
1887	1997
1909	1234
1909	1237
1909	1382
1909	1557
1909	1576
1909	1867
1909	1868
1909	1877
1909	1895
1909	1937
1909	1942
1909	1946
1909	1963
687	167
687	458
687	707
687	806
1103	1943
1103	1963
1943	1210
1943	1261
1943	1328
1943	1498
1943	1513
1943	1538
1943	1539
1943	1545
1943	1593
1943	1674
1943	1730
1943	1798
1943	1841
1943	1910
1963	1155
1963	1282
1963	1354
1963	1367
1963	1506
1963	1578
1963	1581
1963	1641
1963	1749
1963	1821
1963	1826
1963	1891
1963	1893
1963	1918
1963	1939
1963	1949
119	597
119	669
597	188
597	230
597	526
597	653
597	813
669	329
669	371
669	472
669	748
669	834
462	646
462	775
908	343
908	688
908	707
908	1796
908	784
908	794
908	852
908	895
908	906
908	946
967	184
967	268
967	290
967	293
967	356
967	417
967	478
967	497
967	518
967	520
967	570
967	612
967	668
967	697
967	743
967	765
967	1829
967	819
1106	1236
1106	1547
1106	1796
1236	1475
1236	1649
1547	1199
1547	1416
1547	1632
1547	1927
1796	1316
1796	1616
1796	1711
1796	1792
121	189
121	578
121	660
189	329
578	1213
578	479
578	867
578	935
660	242
660	284
660	976
660	988
1893	1552
1893	1556
1893	1593
1893	1619
1893	1679
1893	1826
1893	1952
1109	1582
1109	1905
1582	1390
1582	1450
1582	1656
1582	1730
1905	1116
1905	1171
1905	1215
1905	1542
1905	1601
1905	1781
1905	1915
1905	1980
1110	1173
1110	1389
1173	1114
1173	1856
1389	1605
1389	1856
1389	1915
1111	1205
1111	1363
1111	1802
1205	1245
1205	1607
1363	1915
1802	1273
1802	1517
1802	1558
1802	1612
1802	1613
1802	1665
1802	1698
1802	1726
1802	1871
1112	1628
1112	1766
1628	1238
1628	1529
1628	1820
1766	1535
1766	1557
1766	1574
1766	1692
1766	1921
1766	1950
123	794
794	196
794	340
794	1798
794	928
794	957
794	989
1113	1315
1315	1523
1315	1687
240	881
290	461
915	156
915	230
915	326
915	381
915	476
915	494
915	663
915	665
915	694
915	1871
915	975
915	989
1114	1499
1114	1896
1114	1977
1499	1857
1499	1862
1896	1132
1896	1662
1896	1664
1896	1709
1896	1911
1896	1937
1896	1954
1977	1132
1977	1224
1977	1247
1977	1258
1977	1309
1977	1371
1977	1393
1977	1520
1977	1563
1977	1598
1977	1634
1977	1662
1977	1730
1977	1749
1977	1755
1977	1867
1977	1870
1977	1872
1977	1911
1977	1937
1115	1847
1115	1892
1847	1161
1847	1259
1847	1404
1847	1472
1847	1502
1847	1838
1847	1926
1847	1950
1892	1311
1892	1319
1892	1400
1892	1410
1892	1674
1892	1946
1892	1954
125	899
899	260
899	314
899	419
899	663
899	683
899	763
899	773
899	834
899	842
899	886
899	903
899	948
899	953
1116	1599
1599	1495
1599	1638
1599	1661
1599	1933
1599	1987
127	150
127	303
127	883
127	895
150	204
150	288
150	869
303	351
303	491
303	975
883	268
883	274
883	581
883	758
895	208
895	257
895	747
895	758
895	783
895	799
895	949
895	974
895	976
1297	1157
1297	1391
1808	1138
1808	1536
1808	1568
1808	1827
1808	1837
128	842
128	953
842	135
842	1264
842	503
842	761
842	821
842	852
842	941
953	166
953	177
953	263
953	276
953	336
953	368
953	740
953	772
953	812
953	828
953	852
953	903
953	952
953	985
129	183
129	628
129	636
129	925
183	551
183	949
628	198
628	435
628	595
628	976
636	429
636	632
636	978
636	985
925	376
925	416
925	534
925	572
925	573
925	615
925	740
925	788
925	1834
925	847
925	924
925	975
925	988
1119	1327
1119	1465
1327	1548
1327	1862
1465	1606
1465	1915
1465	1964
130	479
130	742
479	881
479	942
742	172
742	477
742	745
742	761
742	982
1523	1867
1798	1933
1798	1997
1122	1420
1122	1602
1122	1795
1420	1631
1420	1768
1420	1831
1420	1862
1602	1513
1602	1699
1602	1717
1602	1768
1602	1825
1795	1195
1795	1577
1795	1634
1795	1807
1795	1830
1795	1837
1795	1921
1123	1675
1123	1737
1123	1827
1675	1702
1675	1831
1675	1898
1737	1501
1737	1605
1737	1768
1737	1898
1827	1133
1827	1309
1827	1587
1827	1636
1827	1750
1827	1757
1124	1487
1124	1852
1487	1918
1852	1232
1852	1280
1852	1294
1852	1380
1852	1496
1852	1518
1852	1585
1852	1826
1852	1951
1852	1980
1852	1987
133	802
133	948
133	982
802	515
802	621
802	656
802	728
802	815
802	817
802	850
802	978
948	333
948	349
948	433
948	510
948	561
948	633
948	675
948	744
948	757
948	763
948	836
948	849
948	882
948	941
982	170
982	199
982	253
982	320
982	325
982	408
982	410
982	448
982	512
982	640
982	747
982	774
982	781
982	795
982	806
982	882
982	975
1125	1140
1125	1366
1125	1799
1125	1997
1140	1926
1366	1129
1366	1553
1799	1318
1799	1755
1799	1826
1799	1898
1799	1920
1799	1933
1799	1946
1799	1997
1997	1152
1997	1277
1997	1344
1997	1380
1997	1461
1997	1619
1997	1659
1997	1691
1997	1702
1997	1757
1997	1767
1997	1780
1997	1895
1997	1915
1997	1931
1997	1949
1997	1950
134	282
282	646
1521	1623
1521	1746
1521	1964
1585	1344
1585	1926
135	486
1127	1387
1127	1391
1127	1772
1387	1408
1387	1636
1387	1870
1391	1311
1391	1783
1391	1830
1772	1211
1772	1410
1772	1692
1772	1920
1772	1926
136	705
136	879
705	166
705	330
705	509
705	709
705	909
879	204
879	1232
879	499
879	605
879	786
879	817
879	828
137	169
137	746
169	759
746	163
746	688
746	1910
138	331
138	548
331	414
331	1550
331	598
331	788
548	175
548	715
548	978
180	142
180	722
475	373
475	399
475	835
475	880
1130	1239
1130	1246
1130	1553
1130	1783
1239	1857
1239	1918
1246	1719
1246	1954
1553	1746
1553	1915
1783	1258
1783	1392
1783	1801
1783	1856
1562	1535
1562	1614
1562	1918
1562	1951
1562	1954
1132	1617
1617	1274
1617	1734
1617	1826
1133	1578
1133	1682
1578	1238
1578	1304
1578	1320
1578	1949
1682	1245
1682	1425
1682	1637
1682	1662
1682	1732
141	595
595	508
595	598
595	691
595	703
1134	1338
1134	1840
1134	1937
1338	1661
1840	1211
1840	1332
1840	1448
1840	1472
1840	1474
1840	1678
1840	1710
1840	1871
1840	1891
1937	1270
1937	1427
1937	1577
1937	1701
1937	1725
1937	1845
1937	1856
1937	1857
1937	1950
1581	1550
1581	1716
1581	1770
1136	1877
1877	1230
1877	1664
1877	1674
1877	1755
1877	1781
1877	1895
1877	1953
1877	1987
1137	1444
1137	1949
1444	1332
1444	1505
1444	1949
1949	1207
1949	1289
1949	1428
1949	1468
1949	1587
1949	1616
1949	1747
1949	1767
1949	1784
1949	1838
1949	1918
1949	1980
1138	1381
1138	1800
1381	1623
1381	1732
1381	1879
1800	1266
1800	1514
1800	1950
142	761
142	834
761	537
761	757
761	921
761	935
761	976
834	233
834	541
834	561
834	697
834	838
834	852
834	942
143	658
143	799
143	847
658	325
658	385
658	408
658	445
658	695
658	881
799	605
799	681
799	764
799	886
847	190
847	333
847	513
847	880
847	952
847	976
1230	1459
1230	1711
1920	1145
1920	1251
1920	1280
1920	1443
1920	1664
1920	1672
1920	1693
1920	1723
1920	1815
144	257
145	1848
145	898
1848	1304
1848	1588
1848	1698
1848	1941
1848	1980
898	357
898	384
898	483
898	682
898	720
898	748
898	792
898	812
898	839
898	921
1926	1482
1926	1505
1926	1513
1926	1626
1926	1820
1926	1866
1926	1941
1926	1946
1926	1987
1141	1333
1141	1915
1333	1443
1333	1723
1915	1421
1915	1543
1915	1577
1915	1781
1915	1865
1915	1929
1915	1964
1915	1980
1142	1506
1506	1645
1506	1951
146	455
146	627
455	156
455	452
455	734
627	512
627	640
627	783
627	881
627	926
627	942
1719	1202
1719	1221
1719	1401
1719	1452
1719	1829
1719	1902
1879	1162
1879	1170
1879	1176
1879	1379
1879	1558
1879	1584
1879	1652
1879	1710
1879	1732
1144	1636
1144	1807
1144	1911
1636	1353
1636	1726
1807	1159
1807	1249
1807	1425
1807	1542
1807	1607
1911	1335
1911	1419
1911	1495
1911	1526
1911	1554
1911	1604
1911	1668
1911	1684
1911	1867
1911	1987
147	496
147	621
496	242
496	974
621	197
621	643
1145	1619
1145	1953
1619	1167
1619	1588
1619	1677
1619	985
1953	1165
1953	1207
1953	1218
1953	319
1953	1382
1953	1419
1953	1425
1953	1447
1953	1505
1953	1519
1953	1540
1953	1545
1953	1573
1953	1704
1953	1768
148	483
148	957
483	472
483	975
957	182
957	293
957	387
957	435
957	448
957	497
957	688
957	1828
957	946
411	722
411	878
411	889
204	934
288	688
288	767
869	213
869	399
869	442
869	518
869	721
869	763
869	989
1146	1241
1146	1765
1241	1634
1241	1663
1765	1505
1147	1309
1147	1641
1309	1148
1641	1256
1641	1259
1641	1344
1641	1442
1148	1415
1148	1432
1148	1535
1415	1320
1415	1508
1415	1829
1432	1529
1432	1980
1535	1649
1535	1870
151	764
764	225
764	477
764	580
764	629
764	748
152	294
152	467
294	260
467	769
153	521
153	926
521	374
521	444
521	812
926	438
926	518
926	528
926	529
926	594
926	610
926	635
926	637
926	906
926	949
154	769
769	446
769	572
769	781
769	974
1149	1153
1149	1914
1153	1537
1153	1687
1153	1964
1914	1346
1914	1493
1914	1525
1914	1630
1914	1649
1914	1725
1914	1780
1914	1841
1914	1845
1914	1895
1914	1933
1914	1941
1914	1942
1914	1980
155	836
836	203
836	273
836	679
836	708
836	1747
836	890
1151	1346
1346	1722
1152	1701
1701	1437
1701	1607
1701	1767
156	460
156	949
460	591
460	813
460	896
460	949
949	261
949	350
949	426
949	428
949	519
949	694
949	934
949	942
949	975
949	978
949	985
1537	1610
1537	1618
1537	1669
1687	1442
1687	1626
1964	1375
1964	1383
1964	1437
1964	1503
1964	1579
1964	1649
1964	1656
1964	1703
1964	1727
1964	1741
1964	1841
1964	1902
1964	1929
1964	1933
1154	1475
1154	1750
1154	1927
1475	1781
1475	1987
1750	1724
1750	1854
1927	1501
1927	1544
1927	1579
1927	1615
1927	1830
1927	1833
1927	1871
1927	1921
1927	1942
1927	1952
1155	1781
1781	1801
1156	1841
1156	1933
1841	1222
1841	1545
1841	1615
1841	1626
1841	1702
1841	1706
1933	1217
1933	1220
1933	1330
1933	1395
1933	1421
1933	1611
1933	1630
1933	1659
1933	1709
1933	1721
1933	1857
1933	1865
1933	1872
157	412
412	700
412	906
1157	1857
1857	1322
1857	1421
1857	1698
158	583
583	201
583	865
583	881
583	941
1159	1929
1929	1376
1929	1437
1929	1439
1929	1525
1929	1616
1929	1645
1929	1706
1929	1741
1929	1825
1929	1942
1929	1952
1929	1954
1397	1439
1397	1664
1397	1666
1609	1437
1161	1271
1161	1612
1271	1207
1271	1669
1612	1355
1612	1359
1162	1273
1162	1328
1273	1558
1273	1606
1273	1987
1328	1201
1328	1865
506	788
506	888
721	560
721	773
721	888
849	342
849	481
849	554
849	644
849	814
849	935
849	974
160	357
160	398
160	928
357	170
357	700
398	453
398	656
398	839
398	850
928	1206
928	313
928	355
928	356
928	444
928	613
928	783
928	839
928	934
928	952
928	989
1164	1647
1164	1951
1647	1347
1647	1462
1647	1664
1647	1951
1951	1186
1951	1392
1951	1466
1951	1474
1951	1668
1951	1721
1951	1770
1951	1780
1951	1829
1951	1891
161	493
493	238
493	328
493	841
1165	1464
1165	1598
1165	1706
1464	1592
1464	1614
1464	1632
1464	1826
1598	1670
1598	1871
1706	1445
1706	1452
1706	1541
1706	1583
162	652
652	237
652	311
652	508
652	559
652	656
163	233
163	384
163	591
233	927
384	637
591	450
591	520
164	815
815	330
815	382
815	684
815	818
815	882
815	952
165	174
165	684
165	767
174	241
174	906
684	599
684	605
684	831
767	497
767	610
767	784
767	975
166	464
464	466
167	407
167	681
167	709
407	207
407	743
681	346
681	594
681	665
681	722
681	813
681	843
709	549
709	878
709	941
709	988
1166	1435
1166	1679
1435	1403
1435	1538
1679	1439
1679	1456
1679	1586
1167	1448
1448	1210
1448	1481
1352	1563
1169	1533
1169	1921
1533	1276
1533	1337
1533	1745
1921	1170
1921	1190
1921	1228
1921	1605
1921	1659
1921	1693
1921	1703
1921	1723
1921	1780
1921	1867
1921	1918
651	363
651	553
651	613
651	698
651	934
772	382
772	423
772	606
772	754
772	861
772	974
889	226
889	389
889	476
889	683
889	708
889	765
889	831
889	946
889	975
889	988
759	225
759	328
759	517
759	649
759	811
759	852
170	473
170	488
473	443
473	540
473	707
473	806
473	814
488	379
488	724
488	747
172	219
173	457
173	773
173	934
457	268
457	745
457	942
773	431
773	613
773	712
773	762
934	253
934	272
934	385
934	410
934	439
934	540
934	593
934	613
934	757
934	946
934	974
934	975
241	371
241	503
241	566
241	974
906	278
906	378
906	510
906	584
906	732
906	786
906	792
906	811
1170	1382
1170	1767
1382	1332
1767	1292
1767	1322
1767	1820
1767	1870
176	594
176	978
594	389
594	744
594	896
978	320
978	321
978	381
978	420
978	446
978	461
978	581
978	697
978	720
978	734
978	825
978	831
978	841
978	952
978	974
177	425
177	573
425	298
425	469
425	976
573	903
1171	1784
1784	1351
1784	1362
1784	1374
1784	1427
1784	1834
1517	1522
1517	1728
1287	1590
1287	1688
924	222
924	255
924	396
924	442
924	520
924	543
924	599
924	612
924	682
924	698
924	720
924	744
924	747
924	841
924	880
179	482
179	756
756	445
756	469
756	738
756	758
756	838
756	850
756	880
722	745
722	819
933	334
933	430
933	447
933	463
933	588
933	653
933	688
933	758
933	792
933	813
933	974
933	985
182	712
182	878
712	523
712	575
712	740
712	843
878	640
878	699
878	745
551	612
551	679
551	698
1856	1261
1856	1317
1856	1343
1856	1447
1856	1586
1856	1821
184	395
395	541
395	976
1174	1831
1174	1837
1174	1931
1831	1544
1831	1747
1831	1757
1831	1789
1831	1830
1831	1865
1837	1232
1837	1300
1837	1310
1931	1212
1931	1231
1931	1452
1931	1568
1931	1605
1931	1698
1931	1717
1931	1718
1931	1787
1931	1801
1931	1868
1931	1910
1175	1301
1301	1526
1301	1630
1176	1293
1176	1941
1293	1472
1293	1670
1293	1689
1293	1866
1941	1234
1941	1240
1941	1262
1941	1304
1941	1498
1941	1555
1941	1570
1941	1626
1941	1898
1941	1987
186	812
812	255
812	629
812	903
187	707
187	843
707	353
707	592
843	301
843	379
843	416
843	754
1177	1261
1177	1362
1177	1621
1261	1544
1362	1182
1621	1202
1621	1542
188	682
188	952
682	220
682	502
682	952
952	190
952	244
952	306
952	350
952	499
952	509
952	569
952	624
952	666
952	738
952	935
1178	1726
1178	1745
1178	1946
1726	1569
1726	1815
1726	1872
1726	1910
1726	1987
1745	1298
1745	1356
1745	1551
1745	1554
1946	1282
1946	1416
1946	1508
1946	1545
1946	1572
1946	1663
1946	1697
1946	1699
1946	1725
1946	1870
1946	1872
1179	1681
1681	1204
1681	1222
1681	1316
1681	1429
1681	1483
1400	1559
1400	1648
1181	1552
1552	1577
1552	1600
1552	1662
1182	1939
1939	1243
1939	1284
1939	1350
1939	1376
1939	1406
1939	1410
1939	1549
1939	1618
1939	1669
1939	1727
1939	1828
1939	1942
1939	1980
1183	1605
1605	1529
329	673
1184	1592
1592	1298
1592	1317
1592	1473
1592	622
1592	1801
1185	1319
1185	1563
1319	1197
1319	1240
1563	1747
1188	1743
1743	1221
1743	1272
1743	1570
1743	1583
1743	1711
1743	1871
1248	1364
1190	1258
1258	1741
1495	1311
1495	1473
1834	1378
1834	1657
1834	1659
1834	1669
1192	1316
1192	1395
1192	1954
1316	1288
1395	1691
1954	1222
1954	1224
1954	1231
1954	1254
1954	1452
1954	1513
1954	1540
1954	1541
1954	1559
1954	1588
1954	734
1954	1770
1954	1865
192	223
192	692
192	753
192	941
223	320
692	633
753	352
753	695
753	748
753	786
753	865
941	217
941	439
941	890
941	988
941	989
193	774
774	268
774	402
774	504
774	708
774	775
194	318
194	974
318	558
318	697
318	841
318	909
974	238
974	263
974	396
974	501
974	535
974	606
974	624
974	839
974	988
195	413
195	612
413	406
413	562
612	463
612	927
196	781
781	284
781	356
781	414
781	598
781	734
781	831
1193	1295
1193	1360
1295	1684
1360	1520
1360	1632
1360	1648
1360	1872
1245	1611
198	763
763	406
763	822
763	825
199	664
199	888
199	989
664	274
664	361
664	503
664	865
664	903
888	559
888	584
888	828
888	935
888	946
888	976
888	985
888	988
989	203
989	239
989	315
989	319
989	452
989	539
989	559
989	697
989	738
989	765
989	821
989	850
989	921
989	946
201	748
748	538
748	691
748	747
202	549
1195	1410
1410	1326
1410	1593
1196	1436
1196	1645
1196	1718
1196	1770
1645	1350
1645	1390
1645	1457
1645	1674
1718	1303
1718	1503
1718	1699
1718	1830
1770	1526
1770	1871
1197	1600
1600	1322
1600	1343
547	528
547	558
206	319
206	762
206	985
762	361
762	410
762	553
762	592
762	1820
985	232
985	382
985	418
985	438
985	439
985	495
985	515
985	593
985	649
985	715
985	716
985	740
985	786
985	814
985	817
985	821
1198	1278
1198	1588
1278	1439
1278	1520
1588	1576
1588	1678
1199	1468
1199	1483
1468	1212
1468	1942
1483	1801
1483	1952
1200	1228
1200	1386
1228	1235
1386	1421
1386	1429
1386	1634
1386	1638
1201	1697
1201	1866
1697	1340
1697	1443
1697	1630
1697	1684
1697	1691
1697	1838
1866	1342
1866	1411
1866	822
1866	1872
1866	1987
1202	1657
1657	1532
1657	1623
1657	1942
207	209
209	499
209	861
208	323
208	782
323	211
323	346
782	266
782	370
782	503
782	648
499	422
499	699
861	308
861	560
861	765
861	935
1203	1280
1203	1408
1203	1686
1408	1524
1408	1755
1686	1325
1686	1385
1686	1637
1686	1723
679	694
679	806
211	613
613	896
212	841
841	450
841	553
841	743
213	376
213	839
213	886
839	1274
839	505
839	592
839	728
839	819
839	896
839	909
886	334
886	385
886	414
886	420
886	581
886	818
886	880
886	975
1607	1208
1607	1747
472	515
1208	1325
1325	1610
216	988
988	242
988	258
988	476
988	498
988	505
988	512
988	589
988	688
988	775
988	1862
988	865
988	975
1209	1263
1209	1543
1543	1902
217	743
743	539
743	976
258	539
258	788
622	276
622	332
622	811
1211	1402
1402	1332
1402	1728
1402	1980
1212	1842
1842	1443
1842	1604
1842	1615
1842	1629
1842	1815
1842	1895
220	852
852	436
852	469
852	518
852	523
852	699
852	935
1213	1684
1684	1584
1684	1610
1214	1308
1214	1569
1308	1284
1308	1569
1569	1347
1569	1838
221	328
221	817
328	453
817	312
817	326
817	359
817	589
817	689
817	881
817	882
817	890
1215	1627
1215	1678
1627	1604
1627	1792
1678	1811
222	305
222	306
222	402
305	343
305	378
305	385
306	867
306	946
1787	1311
1787	1345
1787	1532
1217	1356
1217	1723
1218	1980
1980	1321
1980	1518
1980	1618
1980	1663
1980	1670
1980	1727
1980	1792
1980	1854
1980	1867
1980	1902
1980	1918
1980	1987
320	703
1447	1710
1447	1773
1695	1359
224	487
487	819
487	903
1220	1318
1318	1500
225	1741
1741	1345
1741	1439
1741	1987
226	976
976	534
976	668
976	697
976	708
976	811
976	838
976	909
976	935
1221	1549
1549	1918
227	632
227	695
632	792
695	569
695	602
1222	1709
1709	1237
1709	1275
1709	1668
698	811
1223	1611
1611	1665
231	909
909	301
909	344
909	378
909	433
909	439
909	606
909	646
909	880
1225	1265
1225	1337
1225	1950
1265	1551
1265	1865
1337	1555
1337	1722
1950	1233
1950	1256
1950	1354
1950	1566
1950	1574
1950	1633
1950	1692
1950	1815
1728	1583
1728	1703
1227	1511
1227	1829
1511	1665
1511	1910
1829	1445
1829	1554
1829	1688
1829	1698
1829	1801
1829	1987
1235	1335
1235	1374
1235	1496
232	828
232	903
828	491
828	643
828	644
828	670
903	340
903	517
903	518
903	575
903	724
903	935
903	946
927	350
927	477
927	592
927	821
927	825
335	443
335	661
825	392
825	451
825	656
825	693
825	786
825	880
825	935
1229	1451
1229	1461
1461	1514
1461	1539
238	529
529	584
529	610
529	699
1711	484
881	463
881	580
881	663
881	795
1232	1544
1232	1586
1544	1330
1544	1634
371	267
371	935
503	259
503	724
566	355
566	708
1233	1525
1233	1826
1525	1826
1826	1579
1826	1667
1826	1918
1234	1833
1833	1240
1833	1264
1833	1379
1833	1519
1833	1601
1833	1891
242	423
242	835
423	513
835	390
835	422
835	494
835	668
835	890
835	896
1335	1656
1335	1891
1335	1952
1374	539
1374	1606
1649	1623
1237	418
243	267
243	278
243	675
278	284
675	535
244	308
244	312
244	541
308	510
312	263
312	307
541	946
245	262
245	818
262	508
818	280
818	333
818	666
818	740
818	890
1238	1425
1238	1942
1425	1987
1942	1303
1942	1615
1942	1830
1942	1870
247	880
880	552
880	1694
880	890
1918	1344
1918	1557
1918	1566
1918	1591
1918	1630
452	406
850	260
850	330
850	491
850	508
850	643
850	744
1634	1347
1634	1590
1634	1662
1663	1256
1663	1845
251	351
351	554
1243	1699
1243	1780
1243	1987
1699	1428
1699	1443
1699	1689
1699	1868
1780	1536
1780	1821
1780	1854
1987	1401
1987	1541
1987	1688
1987	1792
1987	1838
1987	1854
1987	1871
1987	1952
1891	1450
1891	1520
1891	589
1891	1662
1891	1910
1891	1952
1247	1604
1604	1623
1604	1830
1249	1419
1249	447
1249	1792
1419	1579
1419	1692
447	513
447	814
1792	1481
1792	1591
1251	1672
1251	1854
1672	1691
1672	1764
1854	1310
1854	1693
539	806
788	784
788	975
259	738
259	975
738	266
738	389
738	689
738	942
975	405
975	528
975	610
975	688
975	806
260	559
559	484
559	575
1254	1466
1254	1572
1254	1674
1254	1811
1466	1558
1674	1548
1811	1294
1811	1350
1811	1498
1811	1688
1255	1371
1255	1652
1371	1764
1652	1529
1652	1870
1256	1725
1670	1703
508	380
263	540
480	422
702	352
702	1573
702	683
1259	1262
1262	1277
1262	1414
1262	1845
1277	1296
1414	1702
1845	1429
1845	1590
1845	1710
1845	1952
405	396
405	409
490	327
490	454
490	599
1264	1456
1264	1895
1456	1303
1456	1868
1895	1276
1895	1347
1895	1486
1895	1532
1895	1820
1895	1872
1895	1952
1865	1269
1865	1286
1865	1662
1865	1666
1266	1540
1266	1722
1540	1324
1540	1383
1540	1727
1722	1279
1722	1313
1722	1717
1722	1764
272	584
272	620
584	582
620	668
274	534
534	593
280	509
280	732
618	593
618	935
1267	1329
1267	1365
1267	1503
1329	1500
1365	1359
1503	1312
1503	1556
1503	1616
1503	1952
1270	1539
1270	1755
1539	1734
1755	1416
1755	1590
1272	1768
1272	1862
1768	1501
1768	1633
1862	1348
1862	1354
1862	1574
1558	1536
1558	1677
1606	1302
1606	1428
1274	1666
1666	1312
1275	1952
1952	1351
1952	1441
1952	1457
1952	1500
1952	1773
1952	1872
1952	1910
1276	1526
1526	1570
1520	1872
1279	1902
1902	1340
1902	1343
1902	1384
1902	1486
1902	1638
1902	1656
1902	1665
509	307
732	644
281	414
414	390
646	416
646	561
1821	1564
1821	1704
1283	1773
1773	1323
1773	1868
1773	1910
1285	1286
1285	1344
1285	1828
1286	1418
1828	1288
1828	1310
1828	1626
1828	1871
1418	1427
1688	1710
1688	1721
635	419
635	648
635	716
635	882
670	444
670	593
670	822
670	946
693	588
693	783
1289	1508
1289	1613
1508	1302
1508	1538
1613	1587
286	439
286	569
484	389
484	699
700	1574
700	599
700	819
1462	1353
1462	1734
1677	1564
1746	1724
289	374
374	822
461	396
291	715
715	637
715	694
292	399
292	814
814	598
814	606
814	867
814	921
1292	1342
1292	1353
1292	1825
1342	1474
1825	1330
1825	1815
1472	1384
1689	1298
1689	1820
1294	1703
381	942
728	390
728	520
728	689
728	882
298	562
299	784
784	311
784	392
784	396
784	890
734	451
1299	1302
1299	1615
1302	1716
1615	1591
1615	1702
1300	1623
1623	1665
1716	1378
1716	1583
1716	1637
1303	1394
301	758
758	921
643	344
343	387
343	502
867	435
867	465
867	633
867	706
867	757
946	535
946	543
946	558
946	775
946	792
946	795
1326	1661
1473	1361
481	744
1401	1548
311	575
311	935
575	588
935	582
935	585
935	696
935	745
1311	1614
1614	1421
313	495
495	416
314	526
314	537
314	696
537	338
537	346
537	813
537	822
315	332
315	689
332	419
689	783
697	720
703	361
703	516
703	656
703	819
321	795
795	581
795	598
1317	1734
1734	1348
1734	1601
1500	1732
640	382
346	1359
786	454
786	706
1321	1584
1323	1486
1486	1629
1486	1868
1324	1340
1324	1450
1340	1550
1450	1747
1610	1566
326	757
757	942
1661	1694
327	656
1548	1406
453	354
453	429
673	401
330	699
699	896
598	465
598	821
1331	1441
1331	1576
1441	1518
1441	1632
1576	1522
1576	1815
1576	1872
333	653
653	921
334	409
334	792
409	449
409	921
792	838
1656	1376
1398	1633
1555	1665
443	942
661	599
661	615
661	942
1519	1357
1474	1513
1343	1694
1694	1593
1345	1513
1347	1717
1717	1587
338	942
942	387
942	463
942	542
942	611
942	629
942	740
942	813
1348	1730
1730	1502
1482	1428
1350	1449
1449	1554
1449	1564
517	520
517	666
502	831
1354	1566
1354	1815
1566	1411
1815	1498
1815	1524
368	429
368	645
1357	1481
1357	1910
1910	1460
1910	1789
716	373
716	379
349	528
528	380
1648	1460
1648	1633
1648	1667
1648	1801
1872	1493
352	468
352	865
468	1692
865	582
353	512
354	450
354	624
450	775
624	589
624	605
1764	1524
1375	1789
1789	1573
1789	1693
1789	1868
359	401
1732	1820
1383	1771
1771	1437
363	819
819	513
819	754
446	706
366	516
516	602
516	683
429	392
429	694
645	611
666	466
666	611
370	611
821	445
821	535
821	921
1830	1559
1830	1594
822	740
1392	1545
1392	1691
1545	1898
1393	1747
882	896
379	665
665	811
1633	1411
637	765
637	921
1724	1457
1724	1502
1724	1710
1559	1437
1559	1692
1406	1556
1406	1704
1556	1898
1631	1554
1631	1587
408	813
921	806
410	890
890	420
890	553
890	585
890	691
1594	1505
683	663
1626	1591
1538	1541
1538	1838
428	442
442	831
694	747
431	744
436	505
1442	1445
1445	1601
438	444
438	561
1505	1667
831	454
831	720
445	497
445	602
602	504
706	542
451	504
451	838
838	538
838	644
1868	1637
745	501
745	615
1457	1867
1457	1898
1898	1820
896	588
896	691
463	515
465	648
1463	1629
806	783
478	520
747	615
1493	1557
1493	1838
1557	1522
1838	1501
1501	1693
1727	1749
1522	1668
1668	1574
610	708
615	668
543	592
1587	1871
