2000	0
0	46
0	61
0	96
0	162
0	456
0	463
0	696
0	739
0	743
1	15
1	337
1	618
1	737
1	829
1	853
1	893
1	953
2	32
2	150
2	158
2	184
2	232
2	289
2	306
2	392
2	688
2	774
2	868
3	52
3	147
3	187
3	248
3	289
3	291
3	371
3	427
3	488
3	556
3	966
4	36
4	132
4	148
4	159
4	330
4	471
4	649
4	727
4	923
4	1948
5	24
5	172
5	264
5	301
5	429
5	430
5	532
5	648
5	664
5	811
5	918
5	993
6	23
6	53
6	112
6	165
6	182
6	201
6	221
6	259
6	276
6	416
6	608
6	678
6	689
6	717
6	969
7	125
7	234
7	242
7	262
7	280
7	467
7	515
7	899
7	982
8	211
8	310
8	385
8	464
8	536
8	549
8	580
8	632
8	650
8	682
8	750
9	107
9	247
9	325
9	342
9	512
9	661
9	685
9	802
9	859
9	891
10	93
10	281
10	369
10	394
10	546
10	557
10	589
10	610
10	765
10	773
10	775
10	869
11	25
11	183
11	209
11	278
11	640
11	655
11	703
11	843
11	868
11	875
11	914
11	922
12	65
12	86
12	152
12	179
12	182
12	185
12	222
12	298
12	376
12	555
12	711
12	755
13	35
13	170
13	332
13	837
13	872
13	944
13	982
14	65
14	440
14	520
14	546
14	703
14	822
14	922
14	924
15	128
15	245
15	456
15	566
15	672
15	774
15	831
15	999
16	83
16	120
16	122
16	126
16	239
16	258
16	287
16	306
16	425
16	618
16	663
16	691
16	719
16	812
16	867
16	977
17	184
17	422
17	456
17	519
17	1890
18	248
18	348
18	434
18	589
18	605
18	625
18	636
18	664
18	740
18	756
18	866
18	924
18	943
18	957
19	69
19	183
19	208
19	415
19	423
19	444
19	642
19	723
19	748
19	883
19	885
20	119
20	258
20	357
20	442
20	534
20	550
20	598
20	830
21	106
21	187
21	203
21	389
21	438
21	538
21	601
21	755
21	854
21	977
22	52
22	138
22	382
22	404
22	578
22	708
22	761
22	782
22	850
22	901
23	74
23	118
23	139
23	223
23	260
23	356
23	396
23	429
23	545
23	580
23	790
23	924
23	986
24	219
24	335
24	427
24	507
24	744
24	760
24	782
24	810
24	904
24	910
24	960
25	214
25	440
25	447
25	518
25	789
25	862
26	168
26	207
26	356
26	472
26	584
26	642
26	735
26	840
27	58
27	588
27	635
27	837
28	134
28	194
28	202
28	307
28	368
28	756
28	793
28	810
28	887
28	1170
29	68
29	148
29	200
29	289
29	362
29	455
30	80
30	116
30	440
30	497
30	610
30	693
30	704
30	831
30	968
30	983
31	69
31	97
31	174
31	199
31	291
31	359
31	362
31	426
31	482
31	697
31	816
31	851
31	862
31	912
32	348
32	644
33	56
33	85
33	127
33	149
33	241
33	274
33	880
33	882
34	77
34	163
34	187
34	368
34	679
34	683
34	728
34	775
34	830
34	961
34	997
35	186
35	219
35	321
35	382
35	402
35	410
35	449
35	472
35	569
35	752
36	58
36	294
36	426
36	565
36	581
36	617
36	633
36	805
36	865
36	900
36	989
36	1461
37	94
37	173
37	343
37	412
37	413
37	515
37	545
37	552
37	805
38	235
38	487
38	492
38	928
39	73
39	179
39	238
39	271
39	281
39	291
39	300
39	363
39	501
39	573
39	601
39	622
39	774
39	850
39	882
39	999
40	349
40	493
40	616
40	721
40	863
40	892
40	898
40	984
41	187
41	189
41	200
41	202
41	255
41	282
41	324
41	407
41	483
41	513
41	584
41	587
41	656
41	790
41	828
41	904
42	44
42	235
42	410
42	475
42	486
42	518
42	577
42	631
42	634
42	880
42	882
42	982
43	82
43	415
43	449
43	592
43	604
43	712
43	853
43	871
43	899
43	956
44	144
44	276
44	294
44	809
44	951
45	204
45	214
45	273
45	389
45	475
45	505
45	520
45	525
45	624
45	834
45	855
45	952
45	963
46	87
46	155
46	157
46	251
46	271
46	515
46	527
46	536
46	547
46	554
46	603
46	622
46	752
46	886
46	930
47	118
47	134
47	135
47	270
47	574
47	660
47	670
47	824
48	217
48	288
48	478
48	492
48	663
48	705
48	906
49	80
49	92
49	122
49	133
49	321
49	346
49	368
49	518
49	564
49	570
49	712
49	741
49	758
49	930
50	66
50	564
50	796
50	842
50	944
51	59
51	157
51	227
51	251
51	352
51	399
51	408
51	430
51	521
51	560
51	629
51	1001
52	73
52	154
52	235
52	257
52	504
52	926
52	976
53	79
53	81
53	163
53	198
53	234
53	410
53	699
53	743
53	834
53	977
54	97
54	135
54	139
54	227
54	242
54	253
54	575
54	650
54	742
54	778
54	784
54	790
54	820
54	893
54	1792
55	68
55	349
55	387
55	481
55	526
55	557
55	585
55	589
55	773
55	811
55	847
55	951
56	231
56	335
56	468
56	546
56	690
56	859
56	998
57	174
57	264
57	307
57	349
57	813
57	825
57	1293
58	221
58	288
58	317
58	387
58	410
58	429
59	216
59	358
59	490
59	552
59	579
59	600
59	862
59	897
59	919
60	156
60	233
60	335
60	507
60	559
60	613
60	761
60	775
60	875
60	942
60	956
60	971
61	81
61	277
61	339
61	357
61	563
61	580
61	689
61	789
61	855
61	916
61	941
62	63
62	186
62	246
62	259
62	286
62	331
62	426
62	448
62	583
62	609
62	616
62	617
62	948
63	141
63	180
63	364
63	455
63	583
63	730
63	899
63	929
64	79
64	178
64	263
64	301
64	402
64	446
64	691
64	757
64	778
64	812
64	843
64	852
65	173
65	187
65	198
65	206
65	287
65	288
65	293
65	367
65	484
65	501
65	509
65	520
65	546
65	549
65	559
65	591
65	878
66	123
66	138
66	203
66	223
66	271
66	409
66	430
66	598
66	840
66	934
66	988
67	92
67	233
67	250
67	578
67	646
67	675
67	696
67	821
67	876
67	914
67	968
67	1589
68	300
68	307
68	329
68	363
68	414
68	523
68	560
68	739
68	888
69	165
69	231
69	395
69	561
69	609
69	665
69	668
69	693
69	786
69	941
70	189
70	201
70	371
70	566
70	739
71	80
71	165
71	324
71	457
71	949
71	959
72	120
72	154
72	394
72	413
72	443
72	826
73	128
73	232
73	247
73	349
73	575
73	593
73	599
73	604
73	815
73	912
74	568
74	580
74	714
74	892
75	169
75	216
75	272
75	377
75	553
75	912
75	999
76	197
76	453
76	543
76	555
76	558
76	573
76	582
76	671
76	758
76	806
76	964
76	975
77	327
77	561
77	728
77	931
77	963
78	122
78	196
78	350
78	429
78	507
78	621
78	660
78	745
78	831
78	832
78	998
78	1847
79	137
79	250
79	459
79	647
79	748
79	779
79	943
80	104
80	517
80	570
80	571
81	145
81	258
81	286
81	365
81	413
81	508
81	553
81	588
81	834
81	934
81	977
82	168
82	301
82	322
82	451
82	464
82	541
82	577
82	644
82	781
82	857
82	864
82	908
83	135
83	227
83	263
83	475
83	599
83	807
83	866
83	883
83	938
83	975
83	986
84	116
84	232
84	331
84	427
84	444
84	471
84	502
84	770
84	845
84	900
85	320
85	390
85	425
85	468
85	501
85	570
85	590
86	108
86	120
86	168
86	207
86	338
86	607
86	629
86	718
86	773
86	777
86	930
87	99
87	110
87	129
87	167
87	258
87	354
87	414
87	447
87	473
87	630
87	706
87	805
87	808
87	822
87	893
87	919
88	237
88	427
88	479
88	562
88	618
88	660
88	779
88	780
88	835
88	906
88	926
89	471
89	503
89	515
89	691
89	719
89	814
90	110
90	228
90	288
90	307
90	374
90	655
90	681
90	737
90	745
90	950
90	968
90	980
91	113
91	147
91	209
91	708
91	784
91	885
91	964
92	103
92	507
92	523
92	553
92	786
92	890
93	208
93	486
93	506
93	558
93	709
93	738
93	769
93	775
93	817
93	978
93	1175
94	181
94	186
94	374
95	119
95	236
95	278
95	531
95	651
95	708
95	719
95	741
95	757
95	806
95	833
95	959
96	205
96	681
96	747
96	752
96	936
97	104
97	354
97	362
97	371
97	559
97	827
97	922
97	938
98	173
98	381
98	430
98	436
98	483
98	572
98	875
99	213
99	255
99	311
99	395
99	401
99	505
99	522
99	563
99	670
99	753
99	846
99	974
100	119
100	129
100	189
100	245
100	250
100	374
100	386
100	706
100	762
100	800
100	854
101	177
101	185
101	223
101	234
101	268
101	560
101	610
101	658
101	796
101	850
102	159
102	205
102	283
102	546
102	555
102	764
102	778
102	918
103	234
103	318
103	401
103	402
103	635
103	651
103	679
103	782
103	791
103	860
104	213
104	239
104	254
104	306
104	356
104	514
104	537
104	589
104	743
105	144
105	297
105	310
105	344
105	382
105	526
105	906
105	917
105	1196
106	116
106	241
106	319
106	411
106	463
106	499
106	601
106	678
106	723
106	758
106	800
107	181
107	251
107	345
107	586
107	629
107	661
107	665
107	853
107	996
108	153
108	237
108	246
108	321
108	552
108	605
108	751
108	811
108	883
108	996
109	289
109	351
109	545
109	622
109	624
109	685
109	722
109	796
109	806
110	323
110	452
110	661
110	821
110	845
110	904
110	915
111	439
112	215
112	261
112	405
112	967
113	175
113	176
113	400
113	501
113	687
113	781
113	864
113	867
113	899
113	991
114	155
114	268
114	318
114	361
114	392
114	396
114	718
114	926
114	960
114	967
114	988
115	190
115	199
115	476
115	503
115	533
115	609
115	629
115	706
115	707
115	808
115	813
116	166
116	293
116	451
116	596
116	714
116	972
117	154
117	197
117	439
117	470
117	718
117	960
118	150
118	269
118	411
118	565
118	604
118	730
118	868
118	929
119	230
119	297
119	374
119	854
119	904
120	355
120	462
120	483
120	501
120	607
120	623
120	661
120	861
120	943
121	126
121	162
121	307
121	318
121	352
121	436
121	481
121	624
121	629
121	708
121	827
121	847
121	914
121	968
122	142
122	180
122	223
122	349
122	465
122	691
122	755
122	783
122	843
123	294
123	381
123	389
123	391
123	461
123	477
123	528
123	550
123	901
124	237
124	395
124	573
124	718
124	734
124	771
124	781
124	853
124	861
124	901
124	994
125	310
125	365
125	451
125	479
125	810
125	869
125	914
125	978
126	256
126	316
126	330
126	361
126	408
126	496
126	563
126	597
126	678
126	734
126	776
126	893
126	984
127	130
127	163
127	259
127	394
127	654
127	662
127	837
127	907
127	916
127	933
127	976
128	302
128	382
128	766
128	1005
129	171
129	321
129	339
129	384
129	445
129	462
129	468
129	490
129	558
129	640
129	676
129	777
129	780
129	794
129	953
130	293
130	382
130	394
130	518
130	697
130	854
130	869
130	892
131	165
131	227
131	228
131	317
131	337
131	514
131	669
131	677
131	703
131	706
131	754
131	765
131	802
131	901
131	973
132	188
132	419
132	603
132	634
132	640
132	722
132	836
132	952
132	973
132	995
133	317
133	512
133	536
133	653
133	737
133	752
133	768
133	770
133	786
133	835
133	968
133	985
134	186
134	193
134	229
134	284
134	358
134	462
134	611
134	714
134	730
134	806
134	904
135	268
135	359
135	573
135	592
135	596
135	629
135	648
135	659
135	799
135	808
135	859
135	906
135	959
136	156
136	255
136	600
136	826
137	150
137	172
137	438
137	721
137	814
137	828
138	141
138	549
138	775
138	976
139	553
139	605
139	660
139	691
139	799
139	895
139	941
140	250
140	287
140	351
140	593
140	737
140	885
140	986
140	997
141	198
141	256
141	305
141	369
141	537
141	581
141	619
141	640
141	886
142	168
142	261
142	306
142	460
142	462
142	589
142	715
142	875
142	902
142	972
143	473
143	514
143	557
143	745
143	800
143	840
143	859
143	896
143	920
143	992
144	208
144	229
144	252
144	273
144	276
144	583
144	632
144	640
144	652
144	696
144	723
145	163
145	174
145	191
145	359
145	453
145	464
145	675
145	771
145	870
145	998
146	207
146	231
146	456
146	559
146	739
146	790
147	281
147	318
147	372
147	569
147	596
147	643
147	684
147	767
147	777
147	854
147	898
147	944
147	950
148	287
148	609
148	639
148	858
148	866
148	909
148	926
149	265
149	289
149	517
149	544
149	561
149	578
149	924
150	160
150	415
150	504
150	551
150	630
150	714
150	778
150	787
151	349
151	587
151	792
151	971
152	321
152	539
152	567
152	579
152	589
153	198
153	210
153	266
153	486
153	695
154	696
154	710
154	785
154	920
155	345
155	367
155	401
155	405
155	475
155	484
155	782
155	795
155	855
155	899
155	982
156	199
156	251
156	461
156	549
156	577
156	589
156	632
156	673
156	714
156	720
156	852
157	275
157	375
157	397
157	424
157	689
157	727
157	826
157	893
158	165
158	172
158	290
158	377
158	428
158	469
158	535
158	593
158	699
158	788
158	845
158	888
159	336
159	356
159	419
159	458
159	466
159	508
159	514
159	596
159	629
159	639
159	642
159	677
159	794
159	949
159	982
160	278
160	356
160	377
160	542
160	558
160	697
160	754
160	888
160	902
160	935
161	174
161	209
161	223
161	422
161	464
161	468
161	633
161	735
161	882
161	884
161	949
161	984
162	307
162	404
162	609
162	616
162	685
162	850
162	948
162	993
163	234
163	296
163	317
163	363
163	402
163	430
163	650
163	676
163	828
163	918
163	921
163	931
164	173
164	233
164	329
164	436
164	628
164	928
164	950
165	491
165	507
165	511
165	518
165	523
165	570
165	631
165	677
165	709
165	749
165	751
165	954
165	982
165	988
165	995
166	218
166	246
166	404
166	479
166	768
166	776
166	803
166	876
166	956
167	197
167	458
167	515
167	681
167	768
167	905
167	956
167	971
168	313
168	322
168	355
168	357
168	464
168	709
168	759
168	883
169	197
169	526
169	614
169	625
169	708
169	762
170	265
170	280
170	360
170	387
170	406
170	648
170	695
170	817
170	945
170	948
170	1890
171	460
171	516
171	567
171	663
171	683
171	737
171	992
172	457
172	500
172	508
172	553
172	555
172	710
172	831
172	867
172	912
173	195
173	210
173	255
173	419
173	489
173	502
173	744
173	774
174	287
174	432
174	459
174	494
174	824
174	921
174	960
174	1013
175	271
175	319
175	512
175	526
175	540
175	695
175	959
175	976
176	245
176	310
176	470
176	571
176	590
176	810
177	328
177	435
177	703
177	759
177	904
178	323
178	325
178	489
178	558
178	775
178	810
178	829
178	834
178	840
178	846
179	183
179	461
179	678
179	828
179	851
179	904
179	982
179	1367
180	338
180	374
180	398
180	426
180	500
180	825
181	389
181	407
181	464
181	479
181	494
181	565
181	674
181	839
181	918
181	1984
182	316
182	359
182	938
183	281
183	402
183	412
183	472
183	722
183	740
183	745
183	928
183	957
184	247
184	384
184	397
184	459
184	479
184	525
184	561
184	570
184	596
184	625
184	743
184	847
184	875
184	910
184	914
184	991
185	218
185	264
185	314
185	323
185	361
185	424
185	469
185	543
185	718
185	792
185	830
185	880
185	883
186	325
186	864
187	277
187	401
187	584
187	701
187	721
187	847
187	909
188	378
188	433
188	481
188	551
188	565
188	581
188	592
188	593
188	722
188	736
188	818
188	881
188	966
188	992
189	295
189	332
189	447
189	480
189	575
189	652
189	702
189	884
189	965
189	987
190	211
190	216
190	283
190	416
190	496
190	499
190	543
190	685
190	904
191	279
191	395
191	494
191	545
191	591
191	655
191	764
192	218
192	233
192	255
192	342
192	416
192	613
192	684
192	867
192	930
193	416
193	431
193	780
193	827
193	876
193	928
194	419
194	464
194	471
194	618
194	642
194	712
194	731
194	854
195	226
195	248
195	253
195	468
195	860
195	911
195	950
195	951
195	958
196	333
196	384
196	468
196	503
196	574
196	620
196	829
196	900
196	963
197	325
197	464
197	482
197	559
197	649
197	720
197	733
197	900
198	311
198	312
198	349
198	566
198	589
198	806
199	330
199	366
199	568
199	752
199	923
200	204
200	332
200	393
200	406
200	497
200	507
201	311
201	367
201	515
201	554
201	650
201	736
201	894
201	1909
202	218
202	286
202	444
202	447
202	463
202	637
202	710
202	719
203	302
203	504
203	688
203	699
203	701
203	783
203	975
204	284
204	388
204	444
204	549
204	617
204	674
204	693
204	728
204	784
204	990
204	1467
205	301
205	382
205	410
205	433
205	441
205	528
205	593
205	661
205	686
205	698
206	236
206	351
206	492
206	542
206	643
206	657
206	718
206	774
206	823
206	858
206	895
206	956
207	309
207	559
207	699
207	992
208	503
208	593
208	664
208	968
209	241
209	589
209	650
209	683
209	709
209	910
210	234
210	350
210	411
210	452
210	741
210	939
210	988
210	1619
211	679
211	745
211	903
211	960
211	1096
212	219
212	228
212	530
212	717
212	841
213	264
213	313
213	395
213	481
213	618
213	689
213	700
213	712
213	994
214	313
214	391
214	420
214	433
214	471
214	595
214	730
214	884
214	937
215	429
215	499
215	806
215	858
215	1038
216	451
216	541
216	633
217	241
217	323
217	328
217	567
217	935
218	268
218	628
218	700
218	843
218	852
218	857
219	353
219	417
219	591
219	646
219	694
219	819
219	881
219	931
220	259
220	310
220	478
220	592
220	813
220	864
220	948
220	974
221	244
221	513
221	592
221	759
221	882
221	902
222	297
222	385
222	734
222	886
223	503
223	655
223	713
223	828
223	941
224	242
224	329
224	404
224	489
224	619
224	622
224	653
224	847
224	859
225	306
225	338
225	427
225	509
225	622
226	245
226	299
226	311
226	476
226	595
226	692
226	819
226	854
226	871
226	872
226	925
226	1656
227	258
227	394
227	620
227	691
227	741
227	783
228	329
228	349
228	406
228	466
228	468
228	624
228	639
228	679
228	853
228	890
228	957
228	965
229	237
229	301
229	382
229	557
229	755
229	825
229	847
229	853
229	923
230	259
230	279
230	282
230	304
230	494
230	507
230	527
230	652
230	718
230	805
230	935
231	421
231	546
231	582
231	764
231	823
231	826
231	1691
232	311
232	325
232	466
232	556
232	716
232	792
232	873
233	315
233	317
233	391
233	457
233	475
233	546
233	576
233	585
233	588
233	732
233	767
233	858
233	890
234	238
234	261
234	401
234	446
234	568
234	615
234	709
234	748
234	847
234	894
234	921
235	429
235	470
235	570
235	582
235	738
235	806
235	816
235	873
235	979
235	1999
236	582
236	596
237	290
237	295
237	399
237	410
237	446
237	470
237	477
237	580
237	692
237	711
237	971
237	976
237	1638
238	336
238	497
238	621
238	958
238	1285
239	334
239	431
239	496
239	519
239	593
239	687
239	695
239	703
239	707
239	777
239	800
239	815
239	823
239	879
239	969
240	265
240	290
240	343
240	365
240	414
240	458
240	504
240	601
240	712
240	819
240	833
241	317
241	352
241	491
241	622
242	254
242	430
242	448
242	697
242	748
242	778
242	823
242	875
243	397
243	537
243	598
243	722
243	753
243	781
243	823
243	951
243	958
244	311
244	383
244	636
244	692
244	771
244	822
244	869
245	319
245	389
245	429
245	448
245	610
245	614
245	754
245	824
245	847
246	459
246	512
246	601
246	637
246	651
246	736
246	737
246	798
246	950
246	994
247	417
247	430
247	591
247	604
247	696
247	824
247	903
247	964
248	283
248	314
248	441
248	578
248	933
248	992
249	253
249	302
249	494
249	774
249	827
249	913
250	772
250	805
250	834
250	903
250	907
250	913
250	983
251	280
251	641
251	974
252	471
252	508
252	711
252	764
253	513
253	516
253	545
253	809
253	823
253	944
254	264
254	316
254	454
254	599
254	613
254	649
254	658
254	907
254	970
254	1367
255	445
255	459
255	487
255	566
255	600
255	628
255	826
255	841
255	890
255	892
256	496
256	541
256	585
256	680
256	831
256	920
256	981
257	292
257	319
257	349
257	362
257	568
257	596
257	615
257	930
257	993
258	422
258	427
258	542
258	643
258	651
258	737
259	403
259	560
259	690
259	693
259	858
259	886
259	888
259	996
259	1121
260	732
260	887
260	922
261	578
261	746
261	765
261	771
261	939
262	287
262	465
262	628
262	818
262	822
262	916
262	998
263	316
263	333
263	500
263	525
263	743
263	834
263	882
263	983
263	1999
264	267
264	277
264	449
264	601
264	668
264	669
264	710
264	762
264	821
264	896
264	913
264	939
265	313
265	522
265	643
266	336
266	338
266	517
266	569
266	729
266	749
266	878
266	987
267	365
267	409
267	505
267	584
267	677
267	785
267	990
268	321
268	417
268	551
268	657
268	729
269	276
269	303
269	311
269	365
269	395
269	532
269	797
269	939
269	997
269	1320
270	548
270	563
270	640
270	758
271	356
271	424
271	438
271	458
271	482
271	541
271	672
272	280
272	587
272	605
272	642
272	683
272	725
272	938
272	993
273	352
273	425
273	447
273	508
273	776
274	315
274	316
274	320
274	499
275	400
275	626
275	692
275	797
275	799
275	841
275	857
275	918
275	955
276	342
276	359
276	377
276	383
276	509
276	688
276	888
276	950
276	1728
277	300
277	589
277	722
277	931
277	999
278	443
278	519
278	520
278	721
278	768
278	920
278	970
279	500
279	508
279	514
279	531
279	623
279	711
279	747
279	766
279	794
279	886
280	350
280	592
280	910
280	973
281	301
281	386
281	473
281	512
281	544
281	580
281	712
281	802
281	829
281	923
282	391
282	561
282	584
282	707
282	905
282	1172
283	297
283	459
283	529
283	655
283	814
283	816
283	899
283	952
284	351
284	353
284	430
284	491
284	640
284	893
284	911
284	1178
285	318
285	339
285	374
285	538
285	576
285	620
285	671
285	717
285	828
285	855
285	958
286	363
286	454
286	459
286	920
286	944
286	978
287	566
287	745
287	915
287	963
288	324
288	611
288	810
288	959
289	470
289	566
289	582
289	720
289	767
289	878
290	662
290	895
290	896
290	908
291	298
291	348
291	366
291	489
291	898
292	298
292	431
292	612
292	615
292	819
292	854
292	975
292	995
293	511
293	541
293	839
293	840
293	855
293	871
293	942
294	312
294	357
294	437
294	674
294	773
294	883
295	341
295	358
295	363
295	417
295	443
295	570
295	599
295	660
295	668
295	732
295	737
295	738
295	740
295	753
295	895
295	993
296	329
296	388
296	617
296	684
296	800
296	836
296	952
297	400
297	444
297	518
297	562
297	723
297	839
297	938
297	970
298	413
298	416
298	470
298	487
298	530
298	592
298	652
298	970
299	442
299	465
299	573
299	670
299	739
299	749
299	778
299	884
299	945
300	536
300	540
300	601
300	881
300	904
300	935
300	990
301	352
301	457
301	460
301	509
301	568
301	639
301	670
301	746
301	840
301	860
302	400
302	539
302	548
302	557
302	558
302	665
302	822
302	874
302	925
302	949
303	443
303	673
303	812
303	863
303	931
304	420
304	791
304	927
305	339
305	379
305	474
305	634
305	657
305	680
305	745
305	816
305	929
305	960
306	307
306	367
306	548
306	762
306	828
306	837
306	874
306	921
307	366
307	557
307	637
307	889
307	920
307	967
308	445
308	549
308	574
308	578
308	642
308	735
308	941
309	508
309	550
309	989
309	1064
310	447
310	772
310	852
311	463
311	502
311	552
311	663
311	698
311	706
311	737
311	788
311	862
311	905
312	334
312	335
312	383
312	424
312	496
312	638
312	721
312	753
312	839
313	327
313	476
313	562
313	609
313	636
313	770
313	877
313	946
314	405
314	436
314	464
314	620
314	913
314	947
315	327
315	369
315	370
315	438
315	465
315	466
315	596
315	876
315	888
316	541
316	610
316	705
316	974
317	443
317	856
317	911
317	928
317	937
317	945
317	960
317	988
318	364
318	506
318	526
318	527
318	591
318	834
319	362
319	459
319	504
319	521
319	615
319	820
319	873
320	599
320	645
320	652
320	693
320	695
320	959
321	349
321	415
321	550
321	564
321	612
321	626
321	722
321	789
322	416
322	496
322	501
322	736
322	784
322	793
322	821
322	826
322	851
322	858
322	922
322	952
322	972
323	357
323	381
323	521
323	531
323	645
323	949
324	608
324	690
324	711
324	800
324	802
324	997
325	368
325	512
325	607
325	706
325	707
325	741
325	765
325	831
325	853
325	938
325	956
325	967
326	341
326	486
326	577
326	620
326	756
326	759
326	764
326	811
327	580
327	673
327	689
327	751
327	780
327	810
327	818
328	356
328	489
328	584
328	586
328	588
328	712
328	819
329	352
329	377
329	382
329	383
329	431
329	528
329	661
329	673
329	717
329	823
329	843
329	894
329	921
330	417
330	437
330	471
330	571
330	637
330	672
330	678
331	408
331	418
331	960
331	979
331	992
332	776
332	835
332	988
333	334
333	388
333	441
333	516
333	573
333	689
333	869
334	410
334	443
334	592
334	667
334	749
334	845
334	918
334	1217
335	346
335	580
335	674
335	726
335	884
335	916
335	996
336	411
336	475
336	807
336	868
336	906
337	453
337	554
337	979
338	592
338	776
338	881
338	999
338	1242
339	384
339	553
339	790
339	988
340	461
340	627
340	679
340	762
340	867
340	1332
342	380
342	456
342	605
342	778
342	805
343	778
343	822
344	422
344	621
344	981
345	407
345	462
345	544
345	745
345	896
346	353
346	472
346	648
346	820
346	832
346	943
347	813
347	868
348	408
348	440
348	448
348	660
348	673
348	816
348	950
349	432
349	437
349	554
349	582
349	713
349	749
349	775
349	890
349	970
350	366
350	627
350	629
350	792
350	795
350	982
351	430
351	545
351	627
351	769
351	846
351	852
351	878
351	890
351	895
352	406
352	457
352	487
352	497
352	544
352	854
352	865
353	425
353	647
353	717
353	734
353	764
353	782
353	806
353	886
353	956
353	988
354	440
354	674
354	877
354	905
355	409
355	588
355	630
355	660
355	717
355	841
355	920
356	417
356	507
356	558
356	598
356	641
356	771
356	784
356	799
356	809
356	862
356	912
356	1358
357	390
357	422
357	438
357	564
357	580
357	619
357	637
357	744
357	897
357	975
358	490
358	678
359	484
359	564
359	729
359	733
359	782
359	836
359	971
360	513
360	516
360	571
360	681
360	702
360	878
360	925
360	961
361	426
361	434
361	485
361	489
361	570
361	575
361	606
361	672
361	673
361	716
361	752
361	899
361	946
362	429
362	505
362	597
363	527
363	620
363	825
363	839
363	854
363	954
364	398
364	423
364	479
364	581
364	587
364	894
364	994
365	385
365	412
365	442
365	459
365	705
365	709
365	832
366	427
366	510
366	635
366	657
366	867
366	885
366	927
366	937
366	943
366	986
367	401
367	454
367	463
367	546
367	589
367	740
367	777
367	779
367	780
367	812
367	958
368	393
368	422
368	430
368	603
368	608
368	767
368	932
368	937
368	953
369	398
369	498
369	535
369	546
369	570
369	621
369	797
369	804
369	978
370	432
370	542
370	577
370	750
370	761
370	861
371	512
371	517
371	571
371	665
371	845
371	992
372	576
372	872
372	929
373	446
373	532
373	546
373	691
373	975
373	982
373	987
374	749
374	872
375	395
375	447
375	549
375	570
375	666
375	1673
376	543
376	678
377	398
377	412
377	479
377	512
377	527
377	679
377	758
378	460
378	550
378	941
378	974
378	997
378	1732
379	388
379	395
379	461
379	603
379	843
379	955
380	569
380	578
380	650
380	651
380	742
380	759
380	941
381	457
381	566
381	881
381	888
381	985
382	414
382	547
382	733
382	860
382	974
383	411
383	419
383	430
383	512
383	514
383	717
383	801
383	891
384	499
384	538
384	731
384	732
384	792
384	963
384	1230
385	408
385	683
385	709
385	735
385	774
386	432
386	437
386	465
386	556
386	626
386	632
386	820
386	883
386	976
387	424
387	444
387	570
387	607
387	749
387	821
387	966
387	1482
388	640
388	842
388	878
388	949
388	977
389	410
389	434
389	452
389	550
389	588
389	620
389	637
389	680
389	748
389	765
390	445
390	519
390	714
390	726
390	989
391	467
391	538
391	638
391	696
391	754
392	450
392	492
392	495
392	578
392	645
392	767
392	867
392	953
393	474
393	706
393	923
393	998
394	439
394	560
394	577
395	410
395	452
395	714
395	744
395	810
395	848
395	893
395	956
396	435
396	492
396	621
396	760
396	889
396	946
397	459
397	464
397	748
397	770
397	863
397	938
397	996
398	540
398	615
398	667
398	723
398	724
398	896
398	991
399	657
400	413
400	433
400	523
400	599
400	629
400	644
400	817
400	835
400	866
400	918
400	945
400	977
401	803
402	415
402	512
402	583
402	671
402	690
402	817
402	840
402	904
403	583
403	603
403	723
403	778
403	801
403	913
403	928
404	423
404	450
404	487
404	576
404	629
404	717
404	748
404	778
404	874
404	942
405	464
405	544
405	548
405	554
405	616
405	637
405	825
405	848
405	940
405	944
405	987
406	706
406	727
406	785
406	815
406	894
406	989
407	426
407	671
407	677
407	706
407	867
408	534
408	925
408	960
408	965
409	448
409	497
409	926
410	548
410	744
410	978
410	985
411	619
411	846
411	877
411	916
411	968
412	566
412	634
412	670
412	718
412	850
412	946
412	1083
413	522
413	594
413	627
413	643
413	656
413	699
413	838
413	839
413	864
413	889
413	905
413	917
414	462
414	692
414	703
414	748
414	799
414	921
414	978
415	505
415	514
415	532
415	955
416	468
416	488
416	495
416	659
416	702
416	717
416	744
416	935
416	973
417	472
417	540
417	542
417	571
417	784
417	806
417	896
418	513
418	514
418	816
418	867
419	610
419	694
419	882
419	926
420	540
420	575
420	648
420	750
420	795
420	1418
421	476
421	589
421	671
421	698
421	708
421	821
421	878
421	882
421	910
422	479
422	534
422	642
422	899
422	907
422	962
422	995
422	996
423	579
423	586
423	640
423	739
423	772
423	959
424	822
424	870
424	916
425	600
425	784
425	837
425	1795
426	463
426	509
426	829
426	899
426	932
427	500
427	503
427	528
427	553
427	805
427	810
427	883
427	960
428	553
428	701
428	860
428	920
428	938
428	999
429	476
429	569
429	802
429	889
429	966
430	667
430	878
430	1645
431	444
431	649
431	740
431	764
431	912
432	553
432	585
432	606
432	676
432	697
432	716
432	757
432	856
432	967
433	608
433	680
433	807
433	822
433	932
433	975
434	493
434	527
434	546
434	672
434	937
434	1802
435	486
435	537
435	570
435	635
435	736
435	952
436	497
436	539
436	560
436	562
436	669
436	681
436	688
436	802
436	818
436	894
436	990
437	460
437	464
437	494
437	528
437	692
437	718
437	768
437	984
438	472
438	486
438	640
438	650
438	685
438	712
438	848
438	932
438	940
439	517
439	606
439	841
439	865
440	447
440	532
440	556
440	698
440	702
440	961
441	547
441	573
441	595
441	601
441	655
441	751
442	583
442	666
442	675
442	692
442	849
442	950
443	499
443	544
443	553
443	679
443	849
444	493
444	569
444	575
444	651
444	851
444	885
445	654
445	679
445	707
445	723
445	730
445	910
445	997
446	462
446	468
446	471
446	757
446	773
446	792
446	801
446	832
446	861
446	864
446	895
446	926
447	500
448	465
448	478
448	656
448	725
448	760
448	887
448	979
449	497
449	521
449	553
449	720
449	722
449	786
450	456
450	544
450	562
450	695
450	792
450	948
451	462
451	511
451	570
451	629
451	890
451	923
451	925
451	941
451	943
451	1181
452	528
452	655
452	681
452	703
452	729
452	752
452	795
452	926
452	1142
453	455
453	539
453	740
453	784
453	962
454	529
454	575
454	664
454	888
454	905
454	939
454	953
455	651
455	668
455	675
455	912
455	978
456	583
456	614
456	783
456	820
456	855
457	710
457	722
457	799
457	905
458	470
458	543
458	648
458	657
458	790
458	827
458	830
458	915
459	475
459	633
459	669
459	718
459	764
459	807
459	840
459	854
460	545
460	634
460	678
460	689
460	713
461	470
461	476
461	600
461	963
461	979
462	463
462	473
462	491
462	498
463	553
463	581
463	968
464	477
464	494
464	582
464	646
464	693
464	776
464	843
465	472
465	477
465	570
465	679
466	473
466	883
467	478
467	549
467	643
467	897
467	996
468	657
468	1510
469	760
469	765
470	496
470	877
470	929
470	937
471	574
471	646
471	650
471	711
471	748
471	884
471	944
471	993
472	527
472	619
472	622
472	794
472	903
472	928
472	1112
473	481
473	691
473	709
473	809
474	701
474	817
474	915
474	969
475	557
475	757
475	908
475	977
476	570
476	602
476	760
476	1104
477	518
477	549
477	743
477	755
477	798
477	824
477	908
477	922
477	1194
478	671
478	730
478	744
478	776
478	845
478	860
478	1433
479	484
479	562
479	738
479	740
479	777
479	851
480	503
480	567
480	692
480	733
481	593
481	774
481	884
481	886
481	961
482	609
482	721
482	737
482	753
482	775
482	1447
483	715
483	737
483	913
484	554
484	620
484	629
484	691
484	796
484	814
485	542
485	547
485	593
485	719
485	831
485	917
485	934
485	953
486	582
486	635
486	828
486	932
487	654
487	664
487	697
487	700
487	716
487	898
487	945
488	702
488	926
488	981
489	730
489	778
489	880
489	964
489	978
490	493
490	550
490	997
491	588
491	634
491	834
491	962
491	964
492	648
492	651
492	678
492	780
492	936
493	543
493	929
494	499
494	502
494	769
494	865
495	504
495	564
495	770
495	788
495	980
496	771
496	900
496	905
497	591
497	606
497	609
497	974
498	552
498	576
498	704
498	839
499	590
499	594
499	693
499	782
499	796
499	961
499	968
500	779
500	836
500	875
501	538
501	592
501	610
501	614
501	858
501	992
502	616
502	758
502	830
503	554
503	784
503	806
503	958
503	981
504	540
504	686
504	701
504	716
504	727
504	729
504	816
505	531
505	612
505	692
505	726
505	842
505	947
505	973
506	533
506	578
506	590
506	833
506	840
506	857
506	914
506	997
507	581
507	591
507	839
507	985
507	991
507	992
508	731
508	734
508	990
509	559
509	626
509	628
509	778
509	792
509	809
509	867
509	877
509	933
509	949
510	807
510	916
510	948
511	555
511	649
511	693
511	797
511	1405
512	530
512	912
513	518
513	550
513	562
513	594
513	625
513	711
513	741
513	806
513	854
513	900
514	576
514	804
514	868
514	887
514	913
514	992
514	998
514	1232
515	540
515	637
515	712
515	733
515	909
516	556
516	650
516	654
516	679
516	963
517	941
517	983
518	567
518	612
518	713
518	785
518	889
519	751
519	825
520	534
520	684
520	730
520	784
520	944
521	554
521	623
521	666
521	687
521	709
521	713
521	835
521	847
521	867
521	872
521	894
522	552
522	678
522	737
522	779
522	851
522	895
522	958
522	997
523	582
523	602
523	689
523	888
523	1660
524	625
524	663
524	739
524	757
524	822
524	837
525	530
525	601
525	660
525	743
525	879
525	890
526	656
526	914
527	568
527	599
527	677
527	712
527	727
527	888
527	904
527	916
527	1149
528	583
528	656
528	862
528	968
529	624
529	632
529	751
529	843
529	981
530	556
530	600
530	609
530	614
530	657
530	689
530	816
530	845
530	922
530	926
531	590
531	641
531	793
531	971
532	576
532	738
532	819
532	937
532	1798
533	688
533	821
533	994
534	539
534	736
534	817
534	850
534	993
535	605
535	662
535	765
535	822
535	977
536	625
536	867
536	980
536	1201
536	1641
537	837
538	558
538	721
538	724
538	879
538	968
539	558
539	651
539	737
539	779
539	841
539	916
539	958
540	759
540	763
540	848
541	576
541	658
541	727
541	739
541	836
541	860
541	874
541	884
541	917
541	918
542	767
542	811
543	566
543	591
543	964
543	1178
544	686
544	804
544	959
544	993
545	703
545	767
545	837
545	856
545	865
545	888
545	927
546	573
546	585
546	616
546	628
546	703
547	637
547	760
547	892
548	814
548	816
548	826
548	871
548	941
548	974
549	613
549	679
549	746
549	908
550	563
550	570
550	701
550	745
551	663
551	799
551	806
551	859
552	559
552	667
552	763
552	809
552	855
552	940
553	581
553	746
553	811
553	819
554	899
555	663
555	801
555	895
556	698
556	820
556	823
556	977
557	634
557	679
557	731
557	782
557	854
557	956
557	960
557	1583
558	656
558	724
558	764
558	785
559	609
559	688
559	752
559	886
560	585
560	706
560	752
560	811
560	948
560	1007
561	574
561	885
562	676
562	893
563	639
563	647
563	755
563	768
564	664
564	667
564	756
564	781
564	849
565	584
565	661
566	660
566	975
567	648
567	660
567	672
567	976
568	575
568	616
568	658
568	684
568	788
568	868
568	912
568	974
568	988
569	635
569	868
570	715
570	794
570	885
570	923
571	938
571	941
571	988
572	590
572	660
572	664
572	687
572	721
572	786
572	996
573	628
573	634
573	849
573	895
573	938
573	1699
574	771
574	805
574	965
575	702
575	855
575	860
575	929
575	996
576	602
576	730
576	844
577	621
577	891
577	919
578	602
578	705
578	763
578	788
578	908
578	968
579	614
579	666
580	694
580	704
580	737
580	739
580	834
580	1719
581	586
581	624
581	793
581	850
581	985
582	595
582	624
582	625
582	647
582	787
582	811
582	833
583	927
583	936
583	949
584	658
584	748
584	756
584	800
584	829
585	589
585	633
585	746
585	804
585	860
586	742
586	912
587	698
587	731
587	934
588	873
588	880
588	893
589	608
589	670
589	710
589	890
590	597
590	637
590	710
590	925
591	628
591	680
591	740
591	911
592	786
592	924
592	932
593	611
593	663
593	726
593	903
594	675
595	710
595	749
595	826
596	641
596	713
596	755
596	820
596	971
597	768
597	811
597	826
597	840
597	866
597	940
598	664
598	711
598	741
598	748
598	757
599	638
599	655
599	793
599	840
599	908
600	673
600	898
600	999
601	742
601	832
601	862
601	891
601	934
602	609
602	677
602	736
602	754
602	783
602	889
603	628
603	642
603	663
603	676
603	698
603	867
604	684
604	792
604	801
605	653
605	883
605	902
606	678
606	697
606	978
607	731
607	762
607	777
607	867
607	969
607	986
608	855
608	971
608	996
609	706
609	962
609	988
610	758
610	810
610	859
610	1570
611	825
611	838
611	918
612	662
612	683
612	742
612	783
612	884
613	636
613	654
613	825
613	845
613	985
614	636
614	778
614	856
614	860
614	921
614	943
615	695
616	697
616	857
616	925
617	853
618	685
618	734
618	739
618	785
618	857
618	971
618	981
619	630
620	630
620	633
620	697
620	835
620	879
620	900
620	952
620	974
621	717
621	938
622	657
622	725
622	775
622	854
622	958
622	992
623	625
623	732
623	808
624	821
624	834
624	854
624	866
624	936
625	650
625	708
625	717
625	783
625	830
625	842
625	970
626	646
626	756
626	777
626	837
626	841
626	967
626	980
627	649
627	694
627	701
627	710
627	759
627	859
627	970
628	706
628	893
628	1281
629	812
630	659
630	859
630	880
630	948
630	977
631	634
631	697
631	754
631	805
631	825
632	655
632	683
632	696
632	717
632	738
632	830
632	893
633	657
633	661
633	714
633	723
633	842
633	912
634	736
635	686
635	816
635	836
635	899
636	674
636	754
636	817
637	645
637	651
637	743
637	762
637	912
637	943
637	962
637	973
637	991
638	665
638	795
639	716
639	728
639	882
640	691
640	781
640	829
640	924
640	941
641	670
641	750
641	779
641	850
641	911
641	989
642	708
642	806
642	898
643	692
643	707
643	731
643	802
643	899
643	980
644	661
644	860
644	885
644	903
645	659
645	717
645	747
645	821
645	878
645	910
646	701
646	760
646	887
646	961
647	775
647	798
647	812
647	846
647	920
647	945
648	874
648	992
649	750
649	752
649	989
650	765
650	798
650	847
650	933
650	996
651	747
651	873
651	886
651	899
651	1052
652	664
652	667
652	672
652	875
652	997
653	729
653	795
653	805
654	968
655	849
655	855
656	769
656	920
656	989
658	660
658	762
658	823
658	870
658	961
658	1730
659	711
659	751
659	779
659	819
659	860
659	893
659	906
659	945
659	995
660	712
660	828
660	937
660	981
660	990
661	701
661	867
662	669
662	690
662	799
662	870
662	901
663	798
663	952
663	1635
664	886
664	999
665	705
665	706
665	748
665	963
666	764
666	820
666	849
666	950
666	971
667	846
667	869
667	947
667	977
668	919
669	692
669	780
669	837
669	932
669	993
670	757
670	796
670	857
670	935
671	708
671	781
671	809
671	847
671	962
671	1815
672	804
672	842
672	1293
673	864
673	909
674	676
674	725
674	865
675	688
676	848
676	860
677	769
677	824
677	838
678	728
678	808
678	924
679	810
680	733
680	814
680	916
681	772
681	934
681	984
682	793
682	841
682	853
682	938
682	949
683	723
683	756
683	759
683	967
683	981
684	742
684	843
684	866
684	897
685	839
686	755
686	800
686	819
686	886
686	954
687	778
687	924
687	980
688	891
688	946
689	712
689	739
689	740
689	826
689	834
689	843
689	880
689	963
690	753
690	759
690	872
690	883
690	946
690	970
690	1686
691	740
691	756
692	735
692	900
692	908
692	929
692	965
692	990
692	995
693	823
693	894
693	963
694	709
694	718
694	719
694	861
695	714
695	880
696	841
697	855
698	781
698	898
699	749
699	755
699	791
699	810
699	828
699	888
699	953
699	974
700	703
700	705
700	727
700	749
700	759
700	906
700	959
700	982
701	729
701	734
701	829
701	1542
702	851
703	713
703	779
703	797
703	802
703	958
703	1611
704	712
704	743
704	775
704	929
705	715
705	781
705	906
705	908
706	742
706	755
706	916
707	982
707	1904
708	767
708	797
708	933
709	746
710	762
710	878
710	893
711	719
711	779
711	802
711	1868
712	821
712	836
712	840
712	864
712	995
713	803
713	990
714	731
714	773
714	945
714	990
715	724
715	973
716	778
716	796
716	861
716	995
717	725
718	764
718	920
718	951
719	909
719	986
720	757
720	762
721	788
721	869
722	777
722	783
722	837
722	992
723	742
723	867
723	880
723	883
723	888
723	895
723	971
723	989
724	870
724	876
724	958
724	989
725	882
725	897
726	893
726	965
727	809
727	917
728	736
728	804
728	821
728	910
729	758
729	800
729	808
730	871
730	908
730	922
730	961
731	773
731	819
732	738
732	817
732	821
732	874
733	746
734	859
734	940
735	992
736	749
736	912
736	921
736	992
737	790
737	891
737	975
738	762
738	818
738	970
738	982
739	772
740	955
742	809
742	828
742	835
743	911
743	975
744	957
744	959
745	770
745	844
745	948
746	825
747	765
747	804
747	850
747	885
747	897
748	767
748	773
748	926
748	1670
749	880
750	839
750	860
750	939
751	772
751	869
751	919
751	967
752	914
752	950
752	985
753	904
753	921
753	974
754	813
754	869
755	792
755	799
755	922
755	941
755	955
756	757
756	846
756	1512
757	764
757	803
757	805
757	840
757	862
758	873
759	915
760	804
760	829
760	914
761	792
761	868
761	896
761	929
762	884
762	967
762	986
763	821
763	837
763	887
763	914
763	987
764	934
765	850
765	1525
766	935
766	1651
767	780
767	817
767	820
767	831
767	839
767	856
767	945
767	969
767	975
768	790
768	905
770	1383
771	940
771	945
772	829
772	853
772	927
772	970
773	789
773	806
773	953
773	961
774	804
774	976
774	989
775	880
775	985
776	777
776	821
776	851
777	890
778	800
778	865
778	912
779	922
779	956
779	991
780	824
780	842
780	912
780	916
781	802
781	920
781	1112
782	786
782	857
782	963
783	862
783	884
784	852
784	889
784	972
785	859
786	942
787	853
788	943
788	988
789	1840
791	944
792	916
792	917
793	840
793	923
793	933
794	808
795	833
795	912
795	988
795	997
796	832
796	975
797	810
797	859
797	865
797	884
798	988
799	848
799	973
799	992
800	885
800	893
801	850
801	916
802	873
802	955
802	975
802	990
803	814
804	840
804	903
804	942
805	831
805	837
805	905
805	921
805	977
806	952
806	954
807	866
807	867
807	900
807	984
808	812
808	927
808	971
809	884
809	897
810	853
810	895
811	857
811	977
812	838
812	854
812	910
812	1055
812	1130
815	864
815	974
816	869
816	931
816	970
817	863
817	1031
819	854
819	876
819	894
821	917
822	889
822	926
822	996
822	1536
823	995
824	828
824	869
824	946
825	880
825	952
825	982
826	905
826	925
827	831
827	913
827	999
828	865
828	901
829	882
829	896
829	994
830	882
832	963
833	934
833	962
835	910
835	936
835	946
835	992
836	867
836	880
836	884
837	963
838	915
838	1114
838	1274
839	905
840	857
840	877
840	925
840	961
840	994
841	883
841	887
841	890
842	913
842	932
843	860
843	961
843	973
844	879
845	907
846	898
847	858
848	916
848	939
849	1856
850	873
850	965
851	883
851	922
852	904
853	977
854	908
854	975
855	898
855	1267
856	971
857	872
858	899
858	907
858	1001
859	916
859	1116
860	905
861	892
861	928
861	938
864	874
864	875
864	893
865	916
866	931
866	990
867	923
867	937
867	1094
868	951
869	930
869	954
870	884
870	927
872	965
872	993
872	1685
876	880
876	973
877	916
877	974
881	1399
882	939
882	952
883	885
883	904
883	917
883	951
884	948
884	954
884	982
884	983
885	925
885	936
885	989
886	994
888	964
889	943
889	958
889	992
890	918
891	927
891	972
893	902
893	974
895	981
896	983
897	997
898	912
898	1678
899	936
899	1164
901	930
901	981
902	983
904	912
905	935
905	955
905	966
905	967
905	988
906	961
907	922
911	999
912	944
913	942
916	929
916	985
917	985
919	963
919	992
922	973
922	996
924	970
924	977
929	1935
931	990
931	997
933	950
935	976
938	973
941	989
943	946
948	988
949	950
950	970
951	969
953	985
957	969
958	987
963	1797
969	994
969	1759
973	991
973	994
973	1216
975	1055
976	1246
978	982
992	996
1000	1191
1000	1212
1000	1304
1000	1350
1000	1414
1000	1490
1000	1562
1000	1588
1000	1737
1000	1738
1000	1788
1000	1790
1000	1802
1000	1881
1000	1983
1001	1037
1001	1048
1001	1094
1001	1141
1001	1378
1001	1384
1001	1511
1001	1609
1001	1695
1001	1725
1001	1873
1002	1177
1002	1260
1003	1010
1003	1051
1003	1085
1003	1099
1003	1310
1003	1874
1003	1884
1004	1392
1004	1657
1004	1713
1004	1868
1005	1027
1005	1067
1005	1110
1005	1183
1005	1314
1005	1340
1005	1406
1005	1461
1005	1562
1005	1609
1005	1677
1005	1827
1005	1851
1005	1863
1005	1913
1005	1968
1005	1978
1006	1405
1006	1447
1006	1991
1007	1034
1007	1098
1007	1172
1007	1215
1007	1242
1007	1334
1007	1379
1007	1566
1007	1620
1007	1638
1007	1647
1007	1736
1007	1792
1007	1856
1008	1041
1008	1157
1008	1203
1008	1218
1008	1453
1008	1569
1008	1643
1008	1856
1008	1944
1008	1979
1009	1232
1009	1381
1009	1398
1009	1499
1009	1509
1009	1546
1009	1565
1009	1593
1009	1759
1009	1921
1010	1269
1010	1316
1010	1412
1010	1557
1010	1722
1010	1787
1010	1798
1010	1858
1010	1925
1010	1928
1011	1229
1011	1312
1011	1353
1011	1514
1011	1566
1011	1691
1011	1786
1011	1801
1011	1809
1012	1220
1012	1223
1012	1311
1012	1354
1012	1373
1012	1419
1012	1534
1012	1629
1012	1647
1012	1653
1012	1660
1012	1663
1012	1720
1012	1832
1012	1937
1013	1162
1013	1274
1013	1527
1013	1626
1013	1944
1014	1095
1014	1122
1014	1185
1014	1344
1014	1517
1014	1704
1014	1791
1014	1892
1014	1922
1014	1951
1015	1168
1015	1178
1015	1230
1015	1251
1015	1304
1015	1356
1015	1368
1015	1515
1015	1524
1015	1590
1015	1713
1015	1746
1015	1778
1015	1846
1015	1886
1015	1959
1015	1990
1016	1018
1016	1258
1016	1484
1016	1595
1016	1710
1016	1745
1016	1964
1017	1315
1017	1479
1017	1549
1017	1566
1017	1821
1018	1044
1018	1081
1018	1241
1018	1438
1018	1476
1018	1560
1018	1611
1018	1632
1018	1700
1018	1716
1018	1953
1019	1118
1019	1215
1019	1271
1019	1441
1019	1507
1019	1510
1019	1518
1019	1572
1019	1664
1019	1962
1020	1174
1020	1296
1020	1324
1020	1391
1020	1514
1020	1630
1020	1761
1020	1868
1020	1929
1020	1973
1021	1233
1021	1253
1021	1348
1021	1361
1021	1456
1021	1558
1021	1622
1021	1768
1021	1888
1021	1930
1021	1933
1022	1170
1022	1357
1022	1376
1022	1481
1022	1524
1022	1581
1022	1585
1022	1598
1022	1657
1022	1816
1022	1848
1022	1866
1022	1900
1022	1950
1023	1068
1023	1316
1023	1368
1023	1402
1023	1754
1023	1821
1023	1880
1024	1068
1024	1328
1024	1365
1024	1372
1024	1465
1024	1583
1024	1633
1024	1710
1024	1812
1024	1840
1025	1068
1025	1211
1025	1370
1025	1458
1025	1645
1025	1727
1025	1846
1025	1854
1025	1935
1025	1948
1025	1992
1026	1226
1026	1283
1026	1442
1026	1537
1026	1551
1026	1689
1026	1884
1026	1931
1026	1934
1027	1371
1027	1450
1027	1533
1027	1587
1027	1636
1027	1749
1027	1790
1027	1999
1028	1091
1028	1633
1028	1665
1028	1771
1028	1816
1028	1867
1029	1193
1029	1204
1029	1865
1029	1972
1029	1977
1030	1050
1030	1132
1030	1292
1030	1362
1030	1394
1030	1553
1030	1630
1030	1703
1031	1058
1031	1117
1031	1385
1031	1585
1031	1675
1031	1844
1032	1070
1032	1112
1032	1296
1032	1324
1032	1428
1032	1618
1032	1840
1032	1880
1032	1956
1033	1228
1033	1410
1033	1470
1033	1616
1033	1813
1033	1979
1034	1065
1034	1155
1034	1254
1034	1408
1034	1563
1034	1715
1034	1739
1034	1828
1035	1057
1035	1096
1035	1211
1035	1298
1035	1304
1035	1305
1035	1344
1035	1402
1035	1679
1035	1775
1036	1077
1036	1202
1036	1309
1036	1374
1036	1404
1036	1429
1036	1442
1036	1794
1036	1934
1037	1072
1037	1132
1037	1476
1037	1545
1037	1618
1037	1771
1037	1884
1037	1918
1037	1945
1037	1950
1037	1959
1038	1093
1038	1562
1038	1592
1038	1595
1038	1610
1038	1653
1038	1665
1038	1676
1038	1852
1038	1881
1039	1111
1039	1150
1039	1238
1039	1252
1039	1332
1039	1358
1039	1404
1039	1428
1039	1444
1039	1555
1039	1610
1039	1678
1039	1767
1039	1823
1039	1944
1040	1110
1040	1344
1040	1357
1040	1460
1040	1466
1040	1605
1040	1698
1040	1814
1040	1873
1041	1096
1041	1153
1041	1268
1041	1339
1041	1432
1041	1498
1041	1533
1041	1666
1041	1727
1041	1729
1041	1767
1041	1791
1041	1825
1041	1828
1041	1843
1041	1889
1041	1941
1042	1206
1042	1237
1042	1302
1042	1470
1042	1736
1042	1850
1042	1967
1043	1323
1043	1357
1043	1365
1043	1393
1043	1460
1043	1894
1043	1996
1044	1048
1044	1052
1044	1147
1044	1229
1044	1288
1044	1478
1044	1777
1044	1806
1044	1824
1044	1892
1045	1109
1045	1114
1045	1160
1045	1195
1045	1199
1045	1241
1045	1308
1045	1442
1045	1570
1045	1609
1045	1611
1045	1628
1045	1654
1045	1808
1046	1084
1046	1259
1046	1334
1046	1439
1046	1630
1046	1643
1046	1971
1047	1057
1047	1111
1047	1135
1047	1238
1047	1257
1047	1269
1047	1357
1047	1385
1047	1402
1047	1418
1047	1450
1047	1468
1047	1645
1047	1931
1048	1232
1048	1327
1048	1518
1048	1590
1048	1621
1048	1790
1049	1155
1049	1231
1049	1236
1049	1278
1049	1280
1049	1296
1049	1472
1049	1621
1049	1674
1049	1738
1049	1820
1049	1829
1049	1874
1049	1919
1050	1102
1050	1237
1050	1296
1050	1842
1051	1085
1051	1319
1051	1476
1051	1649
1051	1721
1051	1767
1051	1827
1051	1886
1052	1130
1052	1133
1052	1275
1052	1288
1052	1415
1052	1460
1052	1580
1052	1620
1052	1672
1052	1724
1052	1996
1053	1164
1053	1202
1053	1217
1053	1301
1053	1313
1053	1321
1053	1381
1053	1415
1053	1571
1053	1735
1053	1932
1054	1082
1054	1145
1054	1146
1054	1337
1054	1341
1054	1357
1054	1397
1054	1519
1054	1522
1054	1645
1054	1648
1054	1666
1054	1694
1055	1060
1055	1120
1055	1161
1055	1295
1055	1378
1055	1416
1055	1535
1055	1617
1055	1700
1055	1733
1055	1743
1056	1093
1056	1099
1056	1182
1056	1257
1056	1308
1056	1377
1056	1418
1056	1464
1056	1496
1056	1518
1056	1567
1056	1855
1056	1868
1056	1900
1057	1116
1057	1162
1057	1250
1057	1355
1057	1438
1057	1469
1057	1479
1057	1539
1057	1878
1057	1899
1058	1089
1058	1180
1058	1198
1058	1342
1058	1353
1058	1371
1058	1658
1058	1691
1058	1822
1058	1865
1058	1946
1059	1102
1059	1107
1059	1123
1059	1512
1059	1957
1059	1958
1060	1086
1060	1228
1060	1260
1060	1272
1060	1297
1060	1307
1060	1407
1060	1499
1060	1503
1060	1531
1060	1757
1060	1974
1061	1073
1061	1163
1061	1184
1061	1243
1061	1263
1061	1580
1061	1619
1061	1654
1061	1670
1061	1705
1061	1722
1061	1795
1061	1839
1061	1895
1061	1984
1062	1091
1062	1215
1062	1313
1062	1408
1062	1409
1062	1489
1062	1615
1062	1696
1062	1789
1062	1879
1062	1953
1062	1992
1063	1396
1063	1484
1063	1497
1063	1716
1063	1757
1063	1816
1063	1868
1063	1918
1064	1299
1064	1362
1064	1378
1064	1447
1064	1466
1064	1608
1064	1682
1064	1898
1064	1925
1064	1992
1065	1186
1065	1227
1065	1240
1065	1320
1065	1383
1065	1718
1065	1728
1065	1756
1065	1759
1065	1846
1066	1270
1066	1271
1066	1311
1066	1429
1066	1645
1066	1810
1067	1187
1067	1188
1067	1237
1067	1303
1067	1338
1067	1500
1067	1529
1067	1605
1067	1712
1067	1840
1067	1881
1068	1120
1068	1212
1068	1423
1068	1475
1068	1493
1068	1530
1068	1895
1068	1988
1069	1080
1069	1527
1069	1535
1069	1684
1069	1927
1070	1134
1070	1151
1070	1154
1070	1305
1070	1404
1070	1710
1070	1905
1071	1133
1071	1258
1071	1482
1071	1628
1071	1653
1071	1742
1071	1745
1071	1899
1072	1194
1072	1244
1072	1402
1072	1405
1072	1712
1072	1775
1072	1848
1072	1875
1072	1981
1073	1396
1073	1531
1073	1801
1073	1897
1073	1973
1074	1419
1074	1447
1074	1602
1074	1616
1074	1788
1074	1845
1075	1115
1075	1402
1075	1450
1075	1682
1075	1770
1075	1792
1075	1940
1076	1097
1076	1465
1076	1484
1076	1598
1076	1659
1076	1776
1076	1922
1076	1964
1076	1974
1076	1979
1077	1115
1077	1194
1077	1212
1077	1224
1077	1226
1077	1253
1077	1518
1077	1519
1077	1531
1077	1590
1077	1598
1077	1675
1077	1683
1077	1826
1077	1986
1078	1112
1078	1151
1078	1271
1078	1325
1078	1373
1078	1415
1078	1485
1078	1507
1078	1620
1078	1641
1078	1680
1078	1811
1078	1843
1078	1922
1079	1144
1079	1207
1079	1766
1079	1798
1079	1842
1079	1892
1079	1936
1079	1956
1080	1185
1080	1249
1080	1446
1080	1479
1080	1490
1080	1637
1080	1835
1080	1856
1080	1992
1081	1248
1081	1335
1081	1586
1081	1588
1082	1165
1082	1245
1082	1267
1082	1302
1082	1435
1082	1608
1082	1614
1082	1784
1082	1870
1082	1999
1083	1099
1083	1166
1083	1257
1083	1265
1083	1357
1083	1447
1083	1475
1083	1563
1083	1828
1084	1108
1084	1184
1084	1220
1084	1370
1084	1525
1084	1539
1084	1673
1084	1976
1085	1126
1085	1239
1085	1275
1085	1419
1085	1538
1085	1555
1085	1571
1085	1640
1085	1739
1085	1749
1085	1932
1085	1960
1086	1514
1086	1865
1086	1907
1086	1982
1087	1165
1087	1390
1087	1443
1087	1920
1088	1117
1088	1213
1088	1456
1088	1551
1088	1641
1088	1727
1088	1745
1089	1460
1089	1509
1089	1809
1090	1195
1090	1375
1090	1440
1090	1450
1090	1589
1090	1630
1090	1676
1090	1691
1090	1920
1091	1359
1091	1406
1091	1433
1091	1577
1091	1631
1091	1641
1091	1663
1091	1666
1091	1721
1091	1801
1091	1843
1091	1882
1091	1927
1091	1928
1092	1485
1092	1719
1092	1779
1092	1891
1093	1109
1093	1271
1093	1411
1093	1423
1093	1446
1093	1454
1093	1493
1093	1541
1093	1628
1093	1703
1093	1894
1093	1971
1093	1999
1094	1164
1094	1236
1094	1290
1094	1510
1094	1907
1094	1941
1095	1098
1095	1185
1095	1216
1095	1331
1095	1342
1095	1369
1095	1515
1095	1709
1095	1723
1095	1747
1095	1838
1095	1849
1095	1886
1095	1895
1095	1905
1095	1946
1096	1352
1096	1559
1096	1603
1096	1687
1096	1860
1096	1952
1097	1209
1097	1328
1097	1399
1097	1628
1097	1657
1097	1766
1098	1116
1098	1125
1098	1233
1098	1280
1098	1281
1098	1298
1098	1359
1098	1370
1098	1452
1098	1498
1098	1546
1098	1816
1098	1844
1099	1103
1099	1108
1099	1111
1099	1176
1099	1485
1099	1495
1099	1574
1099	1598
1099	1601
1099	1863
1099	1909
1099	1948
1100	1168
1100	1197
1100	1256
1100	1506
1100	1583
1100	1719
1100	1785
1100	1822
1100	1963
1101	1122
1101	1220
1101	1369
1101	1407
1101	1611
1101	1646
1101	1648
1101	1650
1101	1774
1101	1775
1101	1894
1102	1177
1102	1181
1102	1234
1102	1269
1102	1306
1102	1482
1102	1487
1102	1499
1102	1502
1102	1505
1102	1546
1102	1755
1102	1814
1102	1835
1102	1861
1102	1912
1103	1157
1103	1279
1103	1538
1103	1635
1103	1701
1103	1704
1103	1750
1103	1777
1103	1881
1103	1893
1103	1961
1104	1160
1104	1277
1104	1278
1104	1641
1104	1682
1104	1766
1104	1925
1104	1931
1104	1933
1104	1982
1104	1999
1105	1225
1105	1283
1105	1305
1105	1359
1105	1806
1106	1117
1106	1304
1106	1487
1106	1527
1106	1539
1106	1549
1106	1796
1106	1798
1106	1953
1107	1246
1107	1409
1107	1470
1107	1590
1107	1591
1107	1667
1107	1768
1107	1878
1107	1913
1107	1917
1107	1953
1108	1344
1108	1396
1108	1583
1109	1211
1109	1373
1109	1670
1109	1704
1109	1997
1110	1384
1110	1390
1110	1461
1110	1574
1110	1577
1110	1600
1110	1644
1110	1783
1110	1811
1110	1838
1110	1868
1110	1955
1111	1207
1111	1439
1111	1464
1111	1495
1111	1574
1111	1609
1111	1739
1111	1767
1111	1833
1111	1892
1111	1923
1112	1125
1112	1198
1112	1312
1112	1409
1112	1441
1112	1471
1112	1474
1112	1486
1112	1521
1112	1642
1112	1741
1112	1758
1112	1807
1112	1950
1113	1211
1113	1320
1113	1971
1114	1135
1114	1580
1114	1596
1114	1624
1114	1815
1114	1831
1114	1834
1114	1951
1115	1150
1115	1193
1115	1198
1115	1264
1115	1285
1115	1489
1115	1545
1115	1557
1115	1670
1115	1720
1115	1792
1116	1136
1116	1139
1116	1146
1116	1218
1116	1229
1116	1535
1116	1612
1116	1672
1116	1966
1117	1172
1117	1281
1117	1324
1117	1336
1117	1507
1117	1534
1117	1578
1117	1592
1117	1834
1117	1959
1117	1993
1118	1169
1118	1279
1118	1333
1118	1347
1118	1381
1118	1449
1118	1480
1118	1506
1118	1521
1118	1650
1118	1652
1118	1904
1118	1928
1119	1151
1119	1276
1119	1387
1119	1777
1119	1926
1120	1141
1120	1348
1120	1458
1120	1469
1120	1481
1120	1550
1120	1598
1120	1795
1120	1855
1120	1877
1121	1224
1121	1551
1121	1564
1121	1668
1121	1729
1121	1871
1121	1877
1122	1272
1122	1313
1122	1348
1122	1434
1122	1449
1122	1461
1122	1670
1122	1921
1122	1970
1123	1353
1123	1744
1123	1857
1123	1941
1124	1225
1124	1245
1124	1403
1124	1638
1124	1747
1124	1752
1125	1245
1125	1416
1125	1436
1125	1534
1125	1821
1125	1900
1125	1966
1126	1179
1126	1424
1126	1536
1126	1580
1126	1592
1126	1606
1126	1607
1126	1750
1126	1952
1127	1341
1127	1534
1127	1564
1127	1661
1127	1926
1128	1197
1128	1710
1128	1723
1128	1731
1128	1847
1128	1903
1129	1343
1129	1620
1129	1791
1129	1906
1129	1989
1130	1312
1130	1377
1130	1497
1130	1706
1130	1745
1130	1795
1130	1832
1130	1876
1131	1182
1131	1406
1131	1454
1131	1692
1131	1832
1131	1916
1131	1929
1132	1304
1132	1337
1132	1462
1132	1520
1132	1693
1132	1712
1132	1740
1133	1159
1133	1237
1133	1538
1133	1569
1133	1688
1133	1876
1133	1886
1134	1172
1134	1230
1134	1306
1134	1341
1134	1382
1134	1512
1134	1840
1134	1864
1135	1195
1135	1209
1135	1460
1135	1592
1135	1620
1135	1629
1135	1745
1135	1778
1135	1816
1135	1860
1135	1867
1135	1961
1136	1188
1136	1208
1136	1217
1136	1232
1136	1335
1136	1621
1136	1693
1136	1757
1136	1830
1136	1960
1137	1257
1137	1377
1137	1415
1137	1452
1137	1468
1137	1525
1137	1531
1137	1544
1137	1628
1137	1857
1137	1886
1137	1951
1138	1202
1138	1211
1138	1246
1138	1290
1138	1401
1138	1876
1138	1941
1138	1969
1139	1230
1139	1284
1139	1483
1139	1606
1139	1665
1139	1763
1139	1827
1139	1860
1140	1169
1140	1171
1140	1280
1140	1283
1140	1324
1140	1325
1140	1357
1140	1416
1140	1579
1140	1602
1140	1615
1140	1652
1140	1850
1140	1907
1141	1325
1141	1329
1141	1480
1141	1503
1141	1533
1141	1584
1141	1585
1141	1793
1141	1878
1141	1944
1141	1958
1142	1208
1142	1233
1142	1241
1142	1618
1142	1856
1143	1176
1143	1256
1143	1353
1143	1395
1143	1554
1143	1613
1143	1667
1143	1680
1143	1730
1143	1784
1143	1843
1143	1849
1143	1918
1143	1963
1143	1965
1144	1157
1144	1196
1144	1315
1144	1458
1144	1479
1144	1595
1144	1650
1144	1832
1144	1892
1144	1898
1144	1919
1145	1157
1145	1183
1145	1302
1145	1403
1145	1447
1145	1527
1145	1548
1145	1657
1145	1660
1145	1916
1145	1946
1146	1297
1146	1376
1146	1628
1146	1676
1146	1757
1146	1760
1146	1855
1146	1900
1147	1156
1147	1174
1147	1195
1147	1340
1147	1353
1147	1443
1147	1721
1147	1772
1147	1777
1147	1916
1147	1929
1148	1566
1148	1582
1148	1984
1149	1354
1149	1423
1149	1454
1149	1535
1149	1687
1149	1696
1149	1979
1149	1999
1150	1224
1150	1331
1150	1333
1150	1436
1150	1460
1150	1517
1150	1529
1150	1562
1150	1575
1150	1829
1150	1871
1150	1894
1151	1285
1151	1286
1151	1312
1151	1383
1151	1478
1151	1567
1151	1571
1151	1587
1151	1612
1151	1750
1152	1293
1152	1407
1152	1540
1152	1850
1152	1925
1153	1456
1153	1502
1153	1784
1153	1815
1153	1835
1153	1846
1153	1921
1154	1277
1154	1430
1154	1626
1154	1652
1154	1683
1154	1777
1154	1794
1154	1799
1154	1886
1155	1235
1155	1481
1155	1527
1155	1641
1155	1759
1155	1836
1155	1844
1155	1945
1155	1985
1156	1228
1156	1521
1156	1577
1156	1592
1156	1628
1156	1773
1156	1854
1156	1981
1157	1203
1157	1217
1157	1729
1157	1813
1157	1890
1157	1988
1158	1168
1158	1267
1158	1288
1158	1573
1158	1825
1159	1164
1159	1219
1159	1318
1159	1393
1159	1399
1159	1683
1159	1717
1159	1996
1160	1175
1160	1334
1160	1642
1160	1798
1160	1803
1160	1883
1160	1900
1161	1250
1161	1539
1161	1606
1161	1829
1161	1865
1161	1979
1162	1202
1162	1226
1162	1278
1162	1434
1162	1517
1162	1628
1162	1711
1163	1344
1163	1428
1163	1455
1163	1472
1163	1546
1163	1567
1163	1872
1163	1880
1164	1170
1164	1175
1164	1280
1164	1346
1164	1357
1164	1361
1164	1394
1164	1511
1164	1619
1164	1646
1164	1786
1164	1841
1164	1932
1165	1200
1165	1205
1165	1283
1165	1325
1165	1386
1165	1390
1165	1438
1165	1509
1165	1563
1165	1587
1165	1743
1165	1776
1165	1919
1166	1233
1166	1538
1166	1560
1166	1593
1166	1645
1166	1788
1166	1963
1167	1179
1167	1240
1167	1476
1167	1538
1167	1561
1167	1751
1167	1763
1167	1836
1167	1905
1167	1931
1168	1285
1168	1584
1168	1851
1168	1944
1169	1223
1169	1466
1169	1520
1169	1610
1169	1625
1169	1744
1169	1848
1169	1868
1170	1289
1170	1388
1170	1643
1170	1703
1170	1867
1171	1248
1171	1279
1171	1541
1171	1771
1171	1962
1172	1226
1172	1453
1172	1527
1172	1704
1172	1899
1173	1256
1173	1606
1173	1883
1173	1924
1173	1944
1174	1223
1174	1285
1174	1330
1174	1406
1174	1983
1174	1994
1175	1331
1175	1499
1175	1506
1175	1773
1175	1978
1176	1292
1176	1323
1176	1341
1176	1353
1176	1382
1176	1436
1176	1536
1176	1541
1176	1656
1176	1790
1176	1824
1176	1834
1176	1985
1177	1204
1177	1383
1177	1393
1177	1451
1177	1589
1177	1625
1177	1743
1177	1897
1177	1928
1178	1259
1178	1535
1178	1708
1178	1768
1178	1774
1178	1827
1178	1832
1178	1955
1179	1243
1179	1276
1179	1412
1179	1453
1179	1480
1179	1575
1179	1601
1179	1760
1179	1783
1179	1826
1179	1856
1179	1942
1180	1562
1180	1630
1180	1727
1180	1780
1180	1875
1180	1892
1180	1987
1181	1190
1181	1303
1181	1341
1181	1464
1181	1654
1181	1825
1181	1869
1181	1980
1182	1201
1182	1232
1182	1240
1182	1372
1182	1453
1182	1480
1182	1542
1182	1614
1182	1636
1182	1663
1182	1720
1182	1766
1182	1878
1182	1904
1182	1978
1183	1510
1183	1513
1183	1523
1183	1642
1183	1673
1183	1711
1183	1751
1183	1752
1184	1194
1184	1217
1184	1508
1184	1541
1184	1548
1184	1597
1184	1658
1184	1677
1185	1187
1185	1646
1185	1789
1185	1967
1185	1994
1186	1205
1186	1399
1186	1482
1186	1650
1186	1729
1186	1779
1186	1801
1186	1907
1187	1404
1187	1516
1187	1661
1187	1743
1187	1949
1188	1453
1188	1712
1188	1869
1189	1234
1189	1246
1189	1249
1189	1343
1189	1445
1189	1555
1189	1596
1189	1647
1189	1803
1189	1879
1189	1968
1190	1232
1190	1281
1190	1367
1190	1404
1190	1437
1190	1516
1190	1677
1190	1743
1190	1874
1191	1285
1191	1327
1191	1382
1191	1447
1191	1469
1191	1491
1191	1589
1191	1648
1191	1913
1192	1220
1192	1223
1192	1309
1192	1442
1192	1757
1192	1938
1192	1991
1193	1223
1193	1348
1193	1371
1193	1454
1193	1683
1193	1801
1193	1870
1193	1977
1194	1311
1194	1470
1194	1492
1194	1543
1194	1544
1194	1758
1194	1827
1194	1868
1194	1870
1194	1977
1194	1993
1195	1295
1195	1513
1195	1574
1195	1665
1195	1676
1196	1395
1196	1410
1196	1464
1196	1614
1196	1628
1196	1717
1197	1201
1197	1474
1197	1479
1197	1502
1197	1873
1197	1963
1198	1287
1198	1299
1198	1397
1198	1447
1198	1534
1198	1558
1198	1952
1199	1298
1199	1455
1199	1501
1199	1510
1199	1641
1199	1652
1199	1682
1199	1689
1199	1751
1199	1891
1200	1333
1200	1481
1200	1674
1200	1703
1200	1848
1201	1216
1201	1220
1201	1261
1201	1366
1201	1877
1202	1332
1202	1360
1202	1403
1202	1427
1202	1584
1202	1643
1202	1656
1202	1676
1202	1715
1202	1823
1202	1869
1202	1949
1203	1309
1203	1724
1203	1735
1203	1860
1203	1908
1204	1409
1204	1542
1204	1644
1204	1857
1204	1935
1204	1944
1204	1953
1205	1244
1205	1452
1205	1538
1205	1562
1205	1631
1205	1787
1205	1853
1205	1971
1206	1309
1206	1406
1206	1522
1206	1681
1206	1783
1207	1304
1207	1317
1207	1481
1207	1493
1207	1612
1207	1637
1207	1847
1207	1864
1208	1312
1208	1398
1208	1519
1208	1526
1208	1825
1208	1993
1209	1245
1209	1405
1209	1423
1209	1542
1209	1834
1210	1321
1210	1344
1210	1363
1210	1493
1210	1542
1210	1654
1210	1666
1210	1688
1210	1738
1210	1757
1210	1801
1210	1839
1210	1883
1210	1972
1211	1309
1211	1351
1211	1436
1211	1525
1211	1535
1211	1600
1211	1884
1212	1347
1212	1383
1212	1491
1212	1498
1212	1537
1212	1679
1212	1763
1212	1812
1212	1835
1212	1873
1212	1962
1212	1984
1213	1242
1213	1349
1213	1414
1213	1807
1214	1239
1214	1267
1214	1277
1214	1585
1214	1785
1215	1494
1215	1510
1215	1839
1215	1860
1216	1246
1216	1345
1216	1351
1216	1551
1216	1596
1216	1597
1216	1621
1216	1738
1216	1796
1216	1854
1216	1906
1217	1221
1217	1238
1217	1384
1217	1414
1217	1484
1217	1728
1217	1840
1218	1223
1218	1284
1218	1541
1218	1770
1218	1912
1219	1294
1219	1483
1219	1675
1219	1716
1219	1786
1220	1267
1220	1334
1220	1350
1220	1402
1220	1538
1220	1549
1220	1740
1220	1756
1220	1768
1220	1842
1220	1910
1221	1280
1221	1338
1221	1370
1221	1453
1221	1479
1221	1569
1221	1632
1221	1657
1221	1710
1221	1815
1221	1831
1221	1863
1221	1892
1221	1961
1222	1311
1222	1455
1222	1479
1222	1493
1222	1635
1222	1730
1222	1754
1222	1949
1222	1977
1223	1271
1223	1392
1223	1412
1223	1514
1223	1582
1223	1608
1223	1698
1223	1730
1223	1848
1223	1943
1224	1257
1224	1304
1224	1391
1224	1417
1224	1628
1224	1697
1224	1724
1224	1842
1224	1932
1225	1276
1225	1494
1225	1509
1225	1564
1225	1577
1225	1726
1225	1792
1225	1900
1225	1931
1226	1227
1226	1269
1226	1362
1226	1425
1226	1451
1226	1498
1226	1510
1226	1769
1226	1933
1226	1958
1227	1418
1227	1438
1227	1476
1227	1514
1227	1574
1227	1685
1227	1736
1227	1887
1227	1906
1227	1967
1228	1404
1228	1425
1228	1518
1228	1563
1228	1690
1228	1716
1228	1829
1228	1860
1228	1922
1229	1258
1229	1268
1229	1275
1229	1357
1229	1556
1229	1658
1229	1660
1229	1737
1229	1875
1230	1245
1230	1403
1230	1602
1230	1691
1230	1864
1230	1960
1231	1551
1231	1845
1231	1875
1231	1886
1231	1914
1232	1254
1232	1324
1232	1521
1232	1724
1232	1918
1233	1272
1233	1616
1233	1640
1233	1744
1233	1811
1233	1844
1233	1860
1233	1861
1233	1884
1234	1257
1234	1323
1234	1326
1234	1340
1234	1402
1234	1908
1234	1962
1235	1286
1235	1292
1235	1384
1235	1423
1235	1474
1235	1535
1235	1756
1235	1838
1235	1885
1235	1991
1236	1475
1236	1636
1236	1710
1236	1747
1236	1767
1236	1798
1236	1805
1237	1300
1237	1331
1237	1346
1237	1385
1237	1423
1237	1719
1237	1868
1237	1902
1237	1943
1238	1239
1238	1244
1238	1257
1238	1303
1238	1306
1238	1320
1238	1348
1238	1431
1238	1435
1238	1438
1238	1702
1238	1719
1238	1720
1238	1851
1238	1859
1238	1934
1239	1269
1239	1322
1239	1383
1239	1469
1239	1577
1239	1714
1239	1936
1240	1325
1240	1413
1240	1488
1240	1517
1240	1579
1240	1931
1240	1985
1241	1342
1241	1383
1241	1495
1241	1496
1241	1557
1241	1683
1241	1715
1241	1837
1241	1900
1242	1273
1242	1413
1242	1476
1242	1500
1242	1563
1242	1654
1242	1848
1242	1862
1242	1960
1243	1310
1243	1316
1243	1440
1243	1535
1243	1562
1243	1564
1243	1793
1243	1945
1243	1978
1244	1480
1244	1740
1245	1380
1245	1389
1245	1446
1245	1623
1245	1795
1245	1872
1245	1975
1246	1265
1246	1518
1246	1686
1246	1695
1246	1790
1246	1805
1246	1808
1246	1863
1247	1417
1247	1443
1247	1468
1247	1580
1247	1593
1247	1880
1247	1881
1247	1905
1247	1973
1247	1991
1248	1325
1248	1549
1248	1756
1248	1889
1248	1960
1249	1305
1249	1444
1249	1515
1249	1532
1249	1554
1249	1567
1249	1578
1249	1617
1249	1650
1249	1678
1249	1765
1249	1785
1249	1803
1249	1940
1249	1972
1250	1314
1250	1363
1250	1376
1250	1434
1250	1592
1250	1615
1250	1695
1250	1787
1250	1842
1251	1267
1251	1456
1251	1476
1251	1549
1251	1552
1251	1642
1251	1661
1251	1669
1251	1696
1251	1724
1251	1777
1251	1852
1252	1349
1252	1351
1252	1455
1252	1579
1252	1625
1252	1781
1252	1843
1252	1861
1252	1913
1252	1926
1253	1336
1253	1400
1253	1600
1253	1647
1253	1677
1253	1754
1253	1811
1253	1871
1253	1902
1253	1951
1254	1264
1254	1370
1254	1448
1254	1647
1254	1709
1254	1719
1254	1782
1254	1950
1254	1998
1255	1287
1255	1346
1255	1422
1255	1533
1255	1549
1255	1597
1255	1668
1256	1559
1256	1714
1256	1840
1256	1943
1257	1299
1257	1331
1257	1348
1257	1678
1257	1694
1257	1700
1257	1803
1257	1816
1257	1966
1258	1284
1258	1485
1258	1583
1258	1619
1258	1802
1259	1346
1259	1457
1259	1846
1259	1852
1259	1876
1259	1914
1259	1939
1259	1944
1260	1284
1260	1309
1260	1388
1260	1396
1260	1578
1260	1883
1260	1965
1260	1967
1261	1282
1261	1321
1261	1534
1261	1585
1261	1601
1261	1723
1261	1754
1261	1840
1261	1863
1261	1894
1262	1407
1262	1459
1262	1480
1262	1881
1262	1922
1263	1740
1263	1762
1263	1912
1263	1941
1264	1514
1264	1725
1264	1749
1265	1348
1265	1379
1265	1525
1265	1544
1265	1662
1265	1663
1265	1672
1265	1801
1265	1865
1265	1974
1266	1534
1266	1562
1266	1575
1266	1630
1266	1657
1266	1721
1266	1740
1266	1791
1267	1311
1267	1394
1267	1494
1267	1612
1267	1618
1267	1630
1267	1824
1267	1965
1267	1969
1268	1326
1268	1368
1268	1524
1268	1539
1268	1627
1269	1290
1269	1366
1269	1422
1269	1425
1269	1588
1269	1600
1269	1646
1269	1735
1269	1873
1269	1968
1270	1296
1270	1320
1270	1327
1270	1444
1270	1614
1270	1669
1270	1844
1270	1859
1270	1881
1271	1325
1271	1523
1271	1947
1272	1274
1272	1350
1272	1408
1272	1605
1272	1625
1272	1670
1272	1700
1272	1952
1272	1965
1273	1579
1273	1583
1273	1603
1273	1733
1274	1359
1274	1418
1274	1504
1274	1772
1274	1824
1275	1302
1275	1312
1275	1422
1275	1618
1275	1696
1275	1907
1275	1929
1275	1968
1276	1285
1276	1398
1276	1437
1276	1516
1276	1753
1276	1896
1277	1352
1277	1377
1277	1624
1277	1655
1277	1704
1277	1705
1277	1726
1277	1758
1278	1490
1278	1754
1278	1996
1279	1353
1279	1387
1279	1395
1279	1405
1279	1445
1279	1489
1279	1728
1279	1774
1279	1933
1279	1983
1280	1383
1280	1428
1280	1665
1280	1699
1280	1791
1280	1882
1281	1400
1281	1407
1281	1469
1281	1676
1281	1702
1281	1782
1282	1348
1282	1442
1282	1533
1282	1669
1282	1714
1282	1729
1282	1761
1282	1915
1283	1521
1283	1832
1283	1938
1284	1317
1284	1377
1284	1454
1284	1458
1284	1461
1284	1532
1284	1590
1284	1656
1284	1857
1284	1919
1284	1991
1285	1377
1285	1427
1285	1432
1285	1565
1285	1707
1285	1836
1285	1848
1285	1903
1285	1949
1286	1452
1286	1464
1286	1683
1286	1875
1286	1941
1286	1963
1287	1326
1287	1331
1287	1449
1287	1628
1287	1670
1287	1697
1287	1739
1287	1766
1287	1889
1287	1901
1287	1909
1288	1385
1288	1467
1288	1477
1288	1485
1288	1566
1288	1826
1288	1857
1288	1874
1288	1940
1289	1434
1289	1526
1289	1541
1289	1568
1289	1607
1289	1616
1289	1664
1289	1777
1289	1835
1289	1896
1290	1538
1290	1544
1290	1605
1290	1672
1290	1765
1290	1922
1290	1926
1290	1965
1291	1538
1291	1581
1291	1587
1291	1662
1291	1779
1291	1835
1291	1848
1291	1864
1292	1470
1292	1548
1292	1580
1292	1606
1292	1774
1292	1867
1293	1353
1293	1384
1293	1709
1293	1728
1293	1735
1293	1746
1293	1786
1293	1872
1294	1323
1294	1349
1294	1417
1294	1438
1294	1464
1294	1649
1294	1678
1294	1727
1294	1754
1295	1647
1295	1803
1295	1831
1296	1390
1296	1513
1296	1601
1296	1628
1296	1809
1297	1380
1297	1392
1297	1442
1297	1448
1297	1475
1297	1672
1297	1743
1297	1872
1297	1935
1297	1966
1298	1332
1298	1426
1298	1465
1298	1582
1298	1596
1298	1664
1298	1707
1298	1752
1298	1898
1298	1965
1299	1345
1299	1566
1299	1567
1299	1588
1299	1600
1299	1667
1299	1795
1299	1833
1299	1835
1299	1863
1299	1868
1299	1973
1300	1444
1300	1472
1300	1644
1300	1656
1300	1672
1300	1679
1300	1771
1300	1890
1300	1989
1301	1427
1301	1479
1301	1530
1301	1630
1301	1667
1301	1805
1301	1921
1302	1358
1302	1510
1302	1559
1302	1690
1302	1708
1302	1808
1302	1884
1302	1896
1302	1948
1303	1332
1303	1360
1303	1507
1303	1524
1303	1644
1303	1756
1303	1794
1303	1816
1303	1819
1303	1914
1303	1980
1304	1380
1304	1429
1304	1552
1304	1577
1304	1600
1304	1691
1304	1948
1305	1329
1305	1428
1305	1693
1305	1749
1305	1867
1306	1368
1306	1609
1306	1850
1306	1988
1307	1389
1307	1493
1307	1580
1307	1620
1307	1696
1307	1709
1307	1771
1307	1923
1308	1341
1308	1413
1308	1481
1308	1523
1308	1791
1308	1815
1308	1892
1308	1944
1309	1328
1309	1367
1309	1406
1309	1457
1309	1594
1309	1741
1309	1905
1310	1352
1310	1449
1310	1495
1310	1506
1310	1924
1311	1334
1311	1391
1311	1523
1311	1525
1311	1554
1311	1581
1311	1585
1311	1600
1311	1653
1311	1882
1312	1391
1312	1395
1312	1502
1312	1539
1312	1540
1312	1708
1312	1771
1313	1479
1313	1692
1313	1977
1314	1333
1314	1569
1314	1627
1314	1647
1314	1844
1315	1439
1315	1619
1315	1990
1316	1329
1316	1391
1316	1512
1316	1514
1316	1517
1316	1743
1316	1783
1316	1855
1316	1926
1316	1933
1317	1437
1317	1540
1317	1596
1317	1601
1317	1634
1317	1781
1317	1831
1317	1849
1317	1925
1318	1412
1318	1462
1318	1672
1318	1717
1318	1781
1318	1860
1319	1329
1319	1431
1319	1529
1319	1587
1319	1604
1319	1821
1319	1843
1319	1929
1319	1993
1320	1425
1320	1499
1320	1669
1320	1681
1320	1688
1320	1772
1320	1810
1321	1469
1321	1697
1321	1791
1321	1838
1321	1866
1322	1417
1322	1450
1322	1465
1322	1477
1322	1638
1322	1645
1322	1899
1322	1909
1323	1332
1323	1363
1323	1381
1323	1471
1323	1473
1323	1642
1323	1684
1323	1754
1323	1921
1324	1494
1324	1508
1324	1528
1324	1744
1324	1829
1325	1366
1325	1480
1325	1497
1325	1513
1325	1516
1325	1587
1325	1645
1325	1919
1326	1329
1326	1357
1326	1420
1326	1766
1326	1912
1326	1961
1326	1968
1327	1334
1327	1365
1327	1581
1327	1619
1327	1676
1327	1776
1327	1865
1327	1873
1327	1922
1327	1954
1328	1380
1328	1392
1328	1425
1328	1498
1328	1522
1328	1615
1328	1767
1329	1590
1329	1703
1329	1776
1329	1880
1329	1882
1329	1883
1329	1894
1329	1999
1330	1341
1330	1472
1330	1525
1330	1676
1330	1722
1330	1783
1331	1777
1331	1875
1332	1350
1332	1367
1332	1423
1332	1894
1332	1898
1333	1361
1333	1434
1333	1669
1333	1752
1333	1911
1333	1922
1333	1930
1334	1428
1334	1499
1334	1510
1334	1692
1334	1916
1335	1341
1335	1490
1336	1370
1336	1814
1336	1873
1336	1886
1337	1354
1337	1866
1337	1944
1337	1996
1338	1342
1338	1407
1338	1418
1338	1537
1338	1556
1338	1610
1338	1662
1338	1687
1338	1787
1339	1395
1339	1403
1339	1574
1339	1655
1339	1914
1339	1948
1340	1654
1340	1677
1340	1698
1340	1712
1340	1813
1340	1893
1341	1443
1341	1542
1341	1649
1341	1667
1341	1722
1341	1829
1341	1858
1341	1897
1342	1381
1342	1464
1342	1731
1342	1751
1342	1802
1343	1356
1343	1367
1343	1382
1343	1488
1343	1548
1343	1635
1343	1729
1343	1844
1343	1850
1343	1864
1343	1973
1344	1349
1344	1360
1344	1443
1344	1685
1344	1711
1344	1814
1344	1852
1345	1679
1345	1806
1345	1833
1346	1388
1346	1523
1346	1537
1346	1750
1346	1893
1346	1898
1347	1361
1347	1693
1347	1998
1348	1355
1348	1370
1348	1784
1348	1788
1349	1600
1349	1754
1349	1844
1349	1894
1349	1930
1350	1574
1350	1662
1350	1789
1350	1852
1350	1918
1351	1382
1351	1558
1351	1647
1351	1714
1352	1466
1352	1472
1352	1494
1352	1502
1352	1532
1352	1651
1352	1653
1352	1688
1352	1754
1352	1842
1353	1512
1353	1522
1353	1708
1353	1815
1353	1856
1354	1456
1354	1863
1354	1935
1354	1960
1354	1980
1355	1734
1355	1788
1355	1815
1355	1830
1356	1405
1356	1445
1356	1464
1356	1470
1356	1519
1356	1524
1356	1525
1356	1615
1356	1777
1357	1492
1357	1540
1357	1741
1357	1924
1357	1995
1358	1581
1358	1712
1358	1806
1358	1826
1358	1832
1358	1875
1359	1493
1359	1566
1359	1697
1359	1729
1359	1997
1360	1717
1361	1452
1361	1528
1361	1586
1361	1614
1361	1817
1361	1855
1361	1912
1362	1576
1362	1853
1362	1989
1363	1365
1363	1371
1363	1430
1363	1475
1363	1729
1363	1772
1363	1817
1363	1966
1363	1983
1364	1524
1364	1531
1364	1591
1364	1623
1364	1638
1364	1648
1364	1944
1365	1456
1365	1506
1365	1631
1365	1689
1365	1690
1365	1863
1365	1957
1365	1971
1366	1502
1366	1533
1366	1661
1366	1678
1366	1693
1367	1375
1367	1442
1367	1485
1367	1565
1367	1871
1368	1460
1368	1506
1368	1557
1368	1568
1368	1925
1369	1448
1369	1482
1369	1636
1369	1654
1369	1730
1369	1867
1370	1960
1371	1452
1371	1467
1371	1486
1371	1589
1371	1741
1371	1816
1372	1410
1372	1464
1372	1509
1372	1719
1372	1733
1372	1802
1372	1803
1372	1839
1373	1378
1373	1386
1373	1436
1373	1440
1373	1480
1373	1496
1373	1509
1373	1556
1373	1809
1373	1902
1374	1380
1374	1466
1374	1471
1374	1501
1374	1567
1374	1648
1374	1716
1374	1936
1375	1510
1375	1835
1375	1851
1375	1866
1375	1952
1376	1629
1376	1642
1376	1661
1376	1927
1377	1431
1377	1529
1377	1602
1377	1607
1377	1713
1377	1849
1377	1893
1377	1958
1377	1996
1378	1582
1378	1608
1378	1643
1378	1717
1378	1734
1378	1821
1379	1384
1379	1413
1379	1429
1379	1686
1379	1709
1379	1768
1379	1781
1379	1792
1379	1855
1380	1496
1380	1533
1380	1562
1380	1765
1380	1934
1381	1443
1381	1469
1381	1695
1381	1732
1381	1816
1381	1832
1381	1850
1381	1853
1381	1943
1381	1953
1381	1973
1382	1415
1382	1556
1382	1634
1382	1752
1382	1862
1382	1972
1382	1992
1383	1401
1383	1676
1383	1825
1383	1860
1383	1889
1383	1972
1384	1436
1384	1608
1384	1690
1384	1794
1384	1812
1385	1427
1385	1442
1385	1444
1385	1810
1385	1834
1385	1882
1385	1910
1385	1986
1385	1994
1386	1469
1386	1529
1386	1538
1386	1589
1386	1621
1386	1638
1386	1873
1386	1921
1386	1941
1386	1997
1387	1402
1387	1414
1387	1565
1387	1601
1387	1620
1387	1728
1387	1860
1387	1929
1388	1480
1388	1687
1388	1784
1388	1790
1388	1997
1389	1457
1389	1726
1389	1764
1389	1799
1389	1876
1390	1430
1390	1603
1390	1626
1390	1649
1390	1837
1390	1933
1390	1961
1391	1439
1391	1456
1391	1494
1391	1516
1391	1631
1391	1847
1391	1871
1391	1949
1392	1525
1392	1635
1392	1977
1393	1703
1393	1855
1394	1597
1394	1668
1394	1686
1394	1736
1394	1799
1395	1405
1395	1450
1395	1733
1395	1816
1395	1845
1395	1987
1395	1992
1396	1482
1396	1515
1396	1607
1396	1645
1396	1687
1396	1808
1396	1913
1396	1964
1397	1611
1397	1949
1397	1985
1398	1528
1398	1613
1398	1705
1398	1871
1399	1404
1399	1443
1399	1597
1399	1677
1399	1695
1399	1708
1399	1767
1399	1795
1399	1846
1399	1972
1400	1584
1400	1642
1400	1698
1400	1749
1400	1926
1400	1994
1401	1579
1401	1597
1401	1818
1402	1460
1402	1502
1402	1770
1402	1993
1403	1581
1403	1591
1403	1632
1403	1668
1403	1739
1403	1793
1403	1866
1404	1496
1404	1593
1404	1598
1404	1665
1404	1802
1405	1407
1405	1425
1405	1466
1405	1492
1405	1577
1405	1774
1405	1846
1405	1897
1406	1549
1406	1583
1406	1652
1406	1716
1406	1835
1406	1838
1406	1903
1406	1952
1406	1960
1407	1526
1407	1595
1407	1894
1407	1966
1407	1982
1408	1430
1408	1673
1408	1742
1408	1833
1408	1942
1409	1479
1409	1507
1409	1603
1409	1841
1409	1854
1409	1871
1409	1925
1410	1438
1410	1665
1411	1442
1411	1480
1411	1643
1411	1818
1411	1835
1411	1884
1411	1898
1411	1906
1412	1761
1412	1815
1412	1838
1412	1880
1412	1888
1413	1548
1413	1566
1413	1740
1413	1741
1413	1870
1414	1427
1414	1454
1414	1666
1414	1732
1414	1786
1414	1930
1415	1461
1415	1506
1415	1681
1415	1689
1415	1690
1415	1738
1415	1898
1416	1504
1416	1625
1416	1774
1416	1874
1416	1911
1416	1961
1417	1444
1417	1549
1417	1727
1417	1930
1417	1990
1418	1604
1418	1676
1418	1978
1419	1655
1419	1787
1419	1908
1420	1532
1420	1545
1420	1884
1420	1921
1421	1516
1421	1745
1421	1782
1421	1803
1421	1831
1421	1913
1422	1425
1422	1440
1422	1570
1422	1920
1423	1433
1423	1735
1423	1847
1423	1939
1423	1994
1423	1998
1424	1466
1424	1499
1424	1723
1424	1930
1425	1592
1425	1632
1425	1766
1425	1856
1426	1519
1426	1614
1426	1652
1426	1661
1426	1714
1426	1880
1426	1907
1428	1563
1428	1580
1428	1807
1428	1998
1429	1451
1429	1455
1429	1666
1429	1774
1429	1833
1429	1965
1430	1629
1430	1785
1430	1801
1430	1832
1430	1859
1430	1886
1431	1693
1431	1726
1431	1787
1431	1901
1431	1941
1432	1737
1432	1752
1432	1778
1432	1785
1432	1963
1433	1552
1433	1620
1433	1706
1433	1737
1433	1859
1434	1444
1434	1694
1435	1496
1435	1500
1435	1584
1435	1608
1435	1813
1435	1815
1435	1888
1435	1943
1435	1982
1436	1557
1436	1568
1436	1597
1436	1835
1436	1851
1436	1871
1436	1988
1437	1477
1437	1525
1437	1566
1437	1602
1437	1636
1437	1668
1437	1679
1437	1911
1437	1914
1437	1935
1437	1956
1437	1985
1438	1468
1438	1631
1438	1755
1438	1782
1438	1852
1438	1883
1439	1441
1439	1488
1439	1561
1439	1603
1439	1631
1439	1732
1439	1736
1439	1917
1439	1936
1440	1448
1440	1452
1440	1498
1440	1513
1440	1531
1440	1859
1441	1523
1441	1862
1441	1877
1441	1939
1442	1532
1442	1793
1442	1959
1443	1482
1443	1485
1443	1601
1443	1660
1443	1717
1443	1724
1443	1731
1443	1748
1443	1901
1443	1937
1443	1989
1444	1676
1444	1851
1444	1979
1444	1983
1445	1857
1445	1912
1445	1987
1446	1491
1446	1546
1446	1573
1446	1576
1446	1585
1446	1750
1446	1752
1446	1830
1446	1900
1447	1575
1447	1739
1447	1856
1447	1962
1447	1967
1448	1868
1448	1953
1449	1566
1449	1567
1449	1569
1449	1636
1449	1813
1449	1937
1449	1955
1450	1539
1450	1583
1450	1605
1450	1858
1450	1955
1451	1527
1451	1535
1451	1919
1451	1956
1452	1459
1452	1537
1452	1670
1452	1792
1452	1863
1452	1879
1453	1524
1453	1679
1453	1752
1453	1802
1453	1927
1454	1499
1454	1521
1454	1522
1454	1563
1454	1654
1454	1672
1454	1688
1454	1752
1454	1904
1454	1997
1455	1658
1455	1820
1455	1867
1455	1908
1455	1975
1456	1773
1456	1930
1456	1977
1457	1466
1457	1503
1457	1516
1457	1565
1457	1602
1457	1622
1457	1820
1457	1844
1457	1877
1457	1944
1458	1492
1458	1657
1458	1666
1458	1727
1458	1813
1459	1725
1459	1813
1459	1898
1459	1957
1460	1620
1460	1633
1460	1680
1460	1740
1460	1825
1460	1996
1461	1473
1461	1634
1461	1662
1461	1683
1461	1814
1461	1944
1461	1966
1461	1972
1462	1483
1462	1629
1462	1724
1462	1732
1462	1758
1462	1996
1463	1556
1463	1666
1463	1729
1463	1961
1464	1503
1464	1606
1464	1635
1464	1974
1464	1980
1465	1740
1465	1786
1465	1814
1465	1935
1465	1984
1466	1538
1466	1661
1466	1684
1466	1735
1466	1995
1467	1703
1467	1760
1467	1903
1467	1935
1467	1959
1468	1587
1468	1800
1469	1607
1469	1675
1469	1688
1469	1828
1469	1849
1469	1883
1469	1969
1470	1526
1470	1552
1470	1557
1470	1634
1470	1708
1470	1729
1470	1753
1470	1776
1470	1797
1470	1800
1470	1880
1470	1901
1471	1568
1471	1746
1471	1846
1471	1855
1471	1973
1472	1496
1472	1514
1472	1606
1472	1664
1472	1793
1472	1870
1472	1913
1473	1888
1474	1594
1474	1620
1474	1638
1474	1919
1475	1531
1475	1534
1475	1541
1475	1612
1475	1750
1475	1856
1475	1915
1476	1509
1476	1581
1476	1615
1476	1630
1476	1661
1476	1707
1476	1834
1476	1942
1476	1948
1476	1996
1477	1690
1477	1707
1477	1972
1478	1503
1478	1539
1478	1573
1478	1637
1478	1677
1478	1869
1478	1887
1478	1950
1479	1683
1479	1765
1479	1812
1479	1915
1480	1562
1480	1738
1480	1823
1480	1877
1480	1921
1480	1967
1481	1518
1481	1754
1481	1788
1481	1849
1481	1878
1481	1882
1481	1983
1481	1988
1482	1490
1482	1615
1482	1657
1482	1687
1482	1750
1482	1816
1483	1641
1483	1691
1483	1790
1483	1924
1483	1935
1483	1977
1484	1519
1484	1695
1484	1837
1484	1882
1484	1889
1485	1517
1485	1606
1485	1909
1485	1983
1486	1586
1486	1673
1486	1744
1486	1762
1486	1799
1486	1929
1487	1645
1487	1680
1487	1710
1487	1827
1487	1883
1487	1906
1488	1555
1488	1699
1488	1741
1488	1792
1488	1927
1488	1949
1489	1624
1489	1659
1489	1667
1489	1748
1489	1760
1489	1801
1489	1965
1489	1993
1490	1520
1491	1655
1491	1733
1491	1784
1491	1955
1492	1645
1492	1646
1492	1805
1493	1509
1493	1543
1493	1555
1493	1771
1493	1891
1493	1939
1494	1733
1494	1754
1494	1816
1494	1891
1494	1894
1494	1992
1495	1518
1495	1551
1495	1618
1495	1695
1495	1696
1495	1740
1495	1867
1495	1875
1495	1886
1495	1938
1496	1505
1496	1543
1496	1644
1496	1913
1497	1508
1497	1755
1497	1780
1497	1805
1497	1808
1497	1901
1498	1628
1498	1697
1498	1741
1498	1771
1498	1923
1498	1950
1499	1589
1499	1629
1499	1975
1500	1835
1500	1851
1500	1890
1500	1945
1501	1640
1501	1653
1501	1706
1501	1710
1501	1775
1501	1876
1501	1906
1501	1917
1502	1529
1502	1648
1502	1697
1502	1840
1502	1872
1503	1552
1503	1968
1503	1984
1504	1694
1504	1809
1504	1843
1504	1923
1505	1559
1505	1895
1506	1546
1506	1554
1506	1644
1506	1675
1506	1706
1506	1733
1506	1765
1506	1967
1507	1643
1507	1710
1507	1736
1507	1888
1508	1521
1508	1531
1508	1936
1509	1553
1509	1601
1509	1756
1509	1816
1509	1829
1509	1853
1509	1939
1510	1688
1510	1696
1510	1868
1510	1884
1510	1968
1511	1582
1511	1621
1511	1810
1511	1884
1511	1916
1511	1996
1512	1687
1512	1760
1512	1809
1512	1933
1512	1968
1513	1682
1513	1685
1513	1904
1513	1973
1514	1694
1514	1785
1514	1800
1515	1565
1515	1690
1515	1746
1516	1519
1516	1616
1516	1631
1516	1664
1516	1735
1517	1564
1517	1693
1517	1781
1517	1840
1519	1535
1519	1674
1519	1712
1519	1717
1519	1930
1519	1940
1519	1942
1520	1777
1520	1874
1521	1575
1521	1593
1521	1647
1521	1783
1521	1830
1521	1952
1521	1978
1522	1565
1522	1663
1522	1684
1522	1719
1522	1979
1522	1991
1523	1589
1523	1681
1523	1706
1523	1737
1523	1942
1525	1536
1525	1686
1525	1743
1525	1936
1525	1955
1526	1544
1526	1599
1526	1604
1526	1695
1526	1702
1526	1857
1526	1890
1527	1630
1527	1665
1527	1791
1527	1797
1527	1849
1527	1928
1528	1591
1528	1622
1528	1783
1528	1848
1529	1565
1529	1613
1529	1758
1529	1777
1529	1808
1529	1830
1530	1689
1530	1888
1530	1917
1530	1958
1531	1561
1531	1654
1531	1871
1532	1545
1532	1555
1532	1686
1532	1807
1532	1915
1532	1927
1533	1665
1534	1535
1534	1563
1534	1673
1534	1924
1535	1767
1536	1678
1536	1827
1536	1868
1536	1889
1536	1967
1537	1547
1537	1586
1538	1607
1538	1745
1538	1750
1538	1812
1538	1823
1538	1900
1538	1976
1539	1576
1539	1726
1539	1770
1539	1889
1539	1936
1539	1937
1540	1617
1540	1618
1540	1674
1540	1754
1540	1757
1540	1772
1540	1857
1540	1874
1540	1909
1540	1946
1541	1647
1541	1713
1541	1754
1541	1776
1542	1581
1542	1606
1542	1619
1542	1779
1542	1854
1542	1968
1542	1979
1542	1994
1543	1575
1543	1625
1543	1654
1543	1732
1543	1765
1543	1775
1543	1859
1543	1889
1543	1955
1543	1997
1544	1568
1544	1601
1544	1609
1544	1816
1544	1978
1545	1687
1546	1570
1546	1579
1546	1619
1546	1690
1546	1827
1546	1854
1547	1548
1547	1629
1547	1774
1547	1838
1547	1928
1548	1636
1548	1638
1548	1918
1549	1558
1549	1787
1549	1950
1550	1647
1550	1832
1550	1914
1551	1634
1551	1734
1551	1754
1551	1966
1551	1974
1552	1977
1553	1732
1553	1735
1553	1818
1553	1874
1553	1901
1553	1934
1554	1603
1554	1648
1554	1650
1554	1669
1554	1876
1554	1906
1554	1917
1555	1770
1555	1793
1555	1843
1555	1882
1555	1921
1555	1997
1556	1721
1557	1602
1557	1620
1557	1625
1557	1651
1557	1782
1557	1875
1557	1881
1557	1926
1558	1585
1558	1770
1558	1795
1558	1833
1558	1860
1558	1865
1558	1921
1558	1993
1559	1873
1560	1607
1560	1862
1560	1905
1561	1601
1561	1726
1561	1848
1561	1880
1561	1963
1561	1992
1562	1575
1562	1621
1562	1700
1562	1712
1562	1852
1562	1870
1563	1641
1563	1776
1563	1854
1563	1873
1564	1823
1564	1946
1564	1958
1564	1987
1565	1613
1565	1676
1565	1831
1565	1999
1566	1874
1566	1899
1566	1933
1566	1963
1567	1574
1567	1588
1567	1756
1567	1846
1567	1959
1567	1983
1568	1948
1568	1990
1569	1602
1569	1928
1570	1694
1570	1966
1571	1630
1571	1749
1571	1750
1571	1772
1571	1824
1571	1851
1572	1573
1572	1661
1572	1721
1572	1739
1572	1790
1573	1621
1573	1900
1573	1903
1573	1950
1574	1652
1574	1655
1574	1671
1574	1893
1574	1930
1575	1602
1575	1613
1575	1669
1575	1692
1575	1788
1575	1918
1576	1643
1576	1838
1576	1841
1576	1923
1577	1614
1577	1891
1577	1904
1578	1700
1578	1713
1578	1857
1578	1950
1578	1999
1579	1601
1579	1614
1579	1619
1579	1840
1580	1590
1580	1677
1580	1697
1580	1732
1580	1754
1580	1846
1581	1606
1581	1681
1581	1817
1582	1693
1583	1586
1583	1843
1583	1881
1583	1904
1584	1630
1584	1631
1584	1747
1584	1767
1584	1991
1585	1627
1585	1746
1585	1796
1585	1909
1586	1816
1586	1844
1586	1856
1586	1889
1586	1918
1586	1924
1586	1986
1587	1774
1587	1910
1588	1751
1588	1764
1588	1785
1589	1689
1589	1699
1589	1741
1589	1781
1589	1881
1589	1941
1589	1997
1590	1607
1590	1655
1590	1920
1590	1933
1591	1594
1591	1660
1592	1620
1592	1628
1592	1816
1592	1824
1592	1833
1592	1863
1592	1922
1592	1990
1593	1615
1593	1781
1593	1920
1593	1958
1594	1784
1594	1789
1594	1847
1595	1622
1595	1763
1595	1773
1595	1889
1596	1669
1597	1638
1597	1660
1597	1935
1598	1677
1598	1702
1598	1715
1598	1756
1598	1835
1598	1882
1598	1983
1599	1658
1599	1700
1599	1776
1599	1797
1599	1882
1599	1958
1600	1610
1600	1611
1600	1731
1601	1713
1601	1893
1601	1916
1602	1625
1602	1717
1602	1779
1602	1909
1602	1948
1603	1663
1603	1705
1603	1780
1603	1787
1603	1916
1603	1948
1604	1771
1604	1817
1604	1845
1604	1882
1604	1901
1605	1636
1605	1668
1605	1717
1605	1912
1605	1958
1606	1851
1606	1877
1606	1951
1607	1928
1607	1968
1608	1719
1608	1940
1609	1797
1609	1842
1610	1798
1610	1891
1611	1731
1611	1782
1611	1873
1611	1930
1611	1983
1611	1985
1612	1714
1612	1887
1612	1975
1613	1716
1613	1816
1613	1853
1614	1753
1615	1679
1615	1702
1615	1781
1615	1998
1616	1875
1617	1628
1617	1655
1617	1692
1618	1628
1618	1684
1618	1695
1618	1862
1618	1873
1619	1636
1619	1896
1620	1622
1620	1747
1620	1776
1620	1854
1620	1941
1620	1950
1621	1701
1621	1738
1621	1798
1622	1693
1622	1807
1622	1887
1622	1931
1623	1737
1623	1746
1623	1854
1624	1726
1624	1946
1624	1977
1625	1652
1625	1750
1626	1767
1626	1831
1626	1964
1627	1758
1627	1786
1627	1978
1628	1759
1628	1846
1629	1662
1629	1788
1629	1939
1629	1984
1630	1643
1630	1837
1630	1850
1630	1858
1631	1638
1631	1732
1631	1858
1631	1902
1632	1703
1632	1711
1632	1749
1632	1765
1632	1771
1633	1899
1633	1925
1634	1725
1634	1770
1634	1807
1634	1808
1634	1890
1634	1915
1634	1925
1635	1785
1635	1802
1635	1862
1636	1683
1636	1702
1636	1722
1636	1841
1636	1852
1637	1683
1637	1685
1637	1754
1637	1770
1637	1867
1638	1915
1638	1924
1639	1644
1639	1844
1640	1658
1640	1736
1640	1861
1640	1927
1640	1938
1640	1977
1641	1977
1642	1813
1643	1749
1643	1938
1643	1959
1644	1698
1644	1713
1644	1867
1644	1961
1644	1977
1645	1911
1645	1990
1646	1782
1647	1664
1647	1753
1647	1806
1647	1946
1647	1963
1648	1731
1648	1818
1648	1922
1648	1926
1649	1812
1649	1827
1649	1929
1649	1957
1649	1993
1649	1997
1650	1662
1650	1726
1650	1877
1650	1903
1651	1737
1651	1748
1651	1756
1651	1865
1652	1735
1652	1872
1653	1884
1654	1685
1654	1828
1654	1986
1656	1680
1657	1716
1657	1743
1657	1846
1657	1851
1657	1933
1657	1963
1657	1973
1658	1741
1658	1896
1659	1797
1659	1849
1659	1854
1660	1703
1660	1802
1660	1845
1660	1887
1660	1926
1661	1723
1661	1724
1661	1744
1661	1866
1662	1919
1662	1987
1664	1737
1664	1835
1664	1861
1665	1845
1666	1713
1667	1919
1668	1679
1668	1741
1668	1815
1668	1844
1668	1932
1668	1952
1668	1953
1669	1671
1669	1772
1669	1813
1669	1836
1669	1877
1669	1889
1669	1894
1669	1991
1670	1705
1670	1809
1670	1826
1670	1857
1670	1949
1671	1833
1671	1916
1671	1922
1671	1941
1672	1697
1672	1815
1672	1854
1672	1950
1673	1960
1674	1796
1675	1763
1675	1819
1675	1858
1675	1868
1675	1872
1675	1988
1676	1716
1676	1748
1676	1828
1676	1879
1676	1893
1676	1902
1677	1751
1677	1770
1677	1819
1677	1856
1677	1873
1677	1910
1677	1985
1679	1798
1679	1886
1679	1937
1679	1981
1680	1683
1680	1728
1680	1792
1681	1814
1682	1821
1683	1720
1683	1982
1683	1993
1684	1990
1685	1812
1685	1960
1686	1835
1687	1798
1688	1821
1689	1753
1689	1804
1690	1816
1690	1836
1690	1893
1691	1875
1691	1936
1691	1948
1693	1731
1693	1757
1693	1792
1693	1799
1694	1899
1695	1771
1695	1900
1695	1998
1696	1770
1696	1777
1696	1887
1697	1733
1697	1757
1697	1808
1697	1877
1697	1960
1698	1763
1698	1782
1698	1859
1698	1947
1699	1772
1699	1784
1699	1853
1699	1890
1701	1765
1701	1794
1701	1817
1701	1863
1701	1880
1702	1773
1702	1805
1702	1828
1703	1719
1703	1867
1703	1952
1703	1961
1704	1737
1705	1967
1706	1803
1706	1869
1707	1732
1707	1765
1707	1788
1707	1976
1707	1996
1708	1842
1708	1937
1708	1985
1709	1785
1709	1793
1709	1879
1709	1888
1709	1900
1710	1806
1710	1939
1710	1973
1711	1771
1711	1933
1712	1777
1712	1959
1712	1969
1714	1770
1714	1822
1714	1874
1714	1981
1715	1815
1715	1898
1715	1911
1716	1760
1716	1909
1716	1915
1717	1810
1717	1816
1717	1817
1717	1950
1719	1903
1720	1774
1721	1769
1721	1770
1721	1784
1721	1899
1721	1912
1721	1917
1721	1923
1722	1853
1722	1977
1723	1746
1723	1840
1724	1826
1724	1840
1724	1847
1724	1896
1724	1989
1725	1800
1726	1770
1726	1798
1726	1852
1726	1992
1726	1997
1727	1829
1727	1913
1728	1747
1728	1787
1728	1816
1728	1843
1729	1800
1729	1805
1729	1836
1729	1958
1731	1791
1731	1829
1731	1888
1732	1827
1732	1832
1733	1826
1733	1883
1733	1935
1734	1754
1734	1770
1734	1904
1734	1979
1735	1917
1736	1865
1736	1910
1738	1898
1738	1925
1739	1830
1739	1857
1740	1793
1740	1816
1740	1899
1742	1828
1742	1855
1742	1859
1742	1881
1742	1912
1743	1967
1744	1864
1745	1816
1745	1835
1745	1884
1745	1943
1746	1794
1746	1907
1746	1972
1747	1820
1747	1829
1747	1866
1747	1877
1747	1944
1747	1975
1748	1933
1748	1991
1749	1756
1749	1778
1749	1820
1749	1927
1750	1903
1751	1762
1751	1830
1751	1976
1752	1946
1752	1947
1752	1952
1753	1762
1754	1837
1754	1838
1754	1880
1755	1771
1756	1843
1757	1798
1757	1865
1758	1766
1758	1857
1758	1960
1759	1985
1760	1770
1760	1848
1760	1995
1761	1930
1761	1981
1762	1852
1762	1853
1762	1856
1762	1863
1762	1913
1762	1970
1764	1929
1764	1982
1765	1864
1766	1853
1766	1933
1767	1837
1767	1917
1767	1949
1768	1812
1768	1829
1768	1898
1768	1962
1770	1781
1770	1921
1770	1969
1771	1909
1772	1817
1773	1801
1773	1823
1773	1918
1773	1956
1774	1799
1774	1865
1774	1947
1774	1950
1776	1781
1777	1780
1777	1789
1777	1921
1777	1927
1777	1946
1778	1806
1778	1815
1778	1877
1778	1924
1779	1879
1779	1988
1780	1853
1780	1873
1780	1908
1780	1951
1781	1899
1781	1910
1782	1820
1782	1929
1782	1989
1783	1890
1785	1789
1785	1848
1786	1791
1786	1938
1787	1806
1787	1850
1788	1842
1788	1881
1788	1907
1789	1952
1789	1981
1790	1835
1790	1872
1790	1967
1790	1986
1791	1805
1791	1907
1791	1920
1792	1867
1792	1917
1792	1970
1792	1990
1793	1874
1793	1899
1793	1951
1793	1971
1794	1833
1794	1863
1794	1869
1796	1827
1796	1844
1796	1901
1796	1964
1797	1858
1797	1975
1798	1868
1800	1845
1800	1876
1801	1825
1801	1879
1802	1812
1802	1849
1802	1857
1802	1927
1804	1876
1806	1852
1806	1859
1806	1954
1806	1959
1807	1855
1807	1894
1807	1899
1807	1930
1807	1971
1808	1841
1809	1819
1809	1849
1809	1878
1810	1947
1811	1994
1812	1815
1812	1850
1812	1974
1813	1816
1813	1859
1813	1867
1813	1939
1814	1862
1815	1985
1816	1966
1817	1835
1817	1874
1818	1941
1819	1829
1820	1887
1820	1978
1822	1903
1823	1922
1824	1933
1824	1992
1825	1909
1826	1914
1828	1831
1828	1969
1830	1887
1830	1893
1831	1945
1832	1843
1832	1880
1832	1915
1832	1970
1833	1932
1833	1974
1833	1975
1834	1904
1834	1919
1834	1936
1834	1950
1834	1997
1835	1854
1836	1889
1836	1940
1836	1979
1837	1900
1838	1982
1839	1906
1840	1868
1840	1918
1841	1979
1842	1913
1843	1915
1843	1957
1844	1957
1845	1883
1845	1932
1846	1871
1846	1943
1847	1849
1847	1944
1848	1943
1849	1993
1850	1874
1850	1875
1850	1883
1852	1952
1853	1883
1853	1923
1853	1934
1854	1927
1855	1889
1857	1870
1857	1955
1858	1963
1859	1867
1860	1869
1860	1887
1860	1937
1861	1950
1862	1881
1863	1923
1863	1946
1863	1978
1864	1944
1865	1950
1865	1951
1866	1888
1866	1897
1867	1896
1867	1961
1869	1923
1870	1872
1870	1950
1870	1952
1871	1907
1871	1962
1872	1978
1873	1950
1874	1878
1874	1972
1877	1932
1878	1902
1878	1905
1879	1903
1879	1949
1880	1916
1880	1925
1882	1953
1883	1898
1884	1921
1885	1928
1887	1974
1888	1946
1890	1971
1892	1968
1893	1967
1894	1969
1895	1947
1895	1951
1895	1978
1895	1980
1897	1900
1897	1947
1899	1936
1900	1936
1901	1919
1901	1935
1901	1984
1901	1995
1905	1917
1906	1942
1907	1994
1909	1971
1910	1939
1910	1961
1914	1925
1914	1971
1917	1994
1918	1966
1918	1982
1919	1925
1919	1974
1920	1959
1921	1936
1921	1949
1921	1970
1921	1994
1924	1938
1925	1973
1927	1964
1927	1994
1928	1983
1930	1966
1931	1981
1931	1992
1933	1999
1934	1947
1936	1941
1937	1995
1940	1965
1942	1971
1942	1996
1943	1978
1946	1980
1949	1989
1950	1969
1953	1972
1965	1977
1977	1985
1977	1991
1982	1998
1987	1991
