2000	0
0	47
0	299
0	563
0	759
47	142
47	822
47	866
299	681
299	709
299	870
299	980
563	287
563	489
563	808
563	817
563	883
563	970
759	104
759	111
759	223
759	266
759	443
759	506
759	649
759	715
759	745
759	792
759	996
1000	1832
1000	1835
1000	1896
1000	1909
1832	1316
1832	1543
1832	1577
1832	1843
1832	1903
1832	1912
1832	1919
1832	1923
1832	1924
1832	1949
1832	1956
1832	1967
1832	1980
1835	1049
1835	1641
1835	1731
1835	1736
1835	1774
1835	1796
1835	1852
1835	1906
1835	1915
1835	1948
1835	1954
1835	1967
1835	1977
1835	1997
1896	1152
1896	1162
1896	1291
1896	1388
1896	1432
1896	1484
1896	1580
1896	1606
1896	1709
1896	1778
1896	1787
1896	1789
1896	1857
1896	1863
1896	1887
1896	1915
1896	1916
1896	1925
1909	1003
1909	1391
1909	1416
1909	1612
1909	1737
1909	1819
1909	1836
1909	1852
1909	1853
1909	1864
1909	1872
1909	1880
1909	1915
1909	1932
1909	1934
1909	1958
1909	1976
1909	1986
1909	1987
1	8
1	148
1	191
1	978
8	835
8	853
8	893
148	288
148	357
148	965
191	184
191	995
191	996
978	13
978	64
978	180
978	195
978	255
978	291
978	358
978	415
978	433
978	436
978	437
978	468
978	646
978	679
978	766
978	776
978	785
978	790
978	811
978	815
978	819
978	825
978	829
978	872
978	881
978	904
978	927
978	931
978	934
978	937
978	963
978	975
2	549
2	677
2	988
2	996
549	279
549	380
549	493
549	582
549	717
549	751
677	284
677	787
677	852
677	890
677	953
677	958
677	961
677	979
988	85
988	117
988	167
988	184
988	374
988	405
988	436
988	441
988	510
988	550
988	567
988	569
988	591
988	641
988	650
988	668
988	679
988	686
988	750
988	820
988	822
988	831
988	843
988	853
988	861
988	876
988	902
988	904
988	924
988	926
988	980
988	982
988	989
988	991
988	996
996	31
996	36
996	83
996	168
996	273
996	298
996	383
996	428
996	479
996	506
996	579
996	592
996	629
996	651
996	667
996	766
996	767
996	769
996	799
996	804
996	816
996	881
996	884
996	916
996	922
996	933
996	938
996	951
996	963
996	1965
996	986
996	990
996	993
996	995
1001	1610
1001	1735
1001	1974
1001	1980
1610	1598
1610	1776
1610	1808
1610	1898
1610	1922
1610	1925
1610	1940
1735	1119
1735	1752
1735	1841
1735	1848
1735	1876
1735	1879
1735	1985
1735	1989
1735	1994
1974	1071
1974	1299
1974	1323
1974	1333
1974	1339
1974	1406
1974	1454
1974	1456
1974	1460
1974	1531
1974	1532
1974	1566
1974	1575
1974	1679
1974	1733
1974	1740
1974	1783
1974	1796
1974	1801
1974	1810
1974	1814
1974	1836
1974	1848
1974	1882
1974	1903
1974	1928
1974	1930
1974	1933
1974	1935
1974	1937
1974	1942
1974	1949
1974	1988
1980	1199
1980	1270
1980	1370
1980	1374
1980	1430
1980	1483
1980	1491
1980	1524
1980	523
1980	1582
1980	1594
1980	1663
1980	1740
1980	1744
1980	1768
1980	1785
1980	1794
1980	1799
1980	1818
1980	1820
1980	1842
1980	1864
1980	1872
1980	1873
1980	1888
1980	1955
1980	1956
1980	1960
1980	1971
1980	1972
1980	1977
1980	1985
1980	1987
1980	1998
3	326
3	430
3	820
3	843
326	368
326	445
326	536
326	806
430	204
430	466
430	595
430	794
430	997
820	43
820	122
820	281
820	479
820	688
820	689
820	715
820	769
820	956
820	971
820	983
820	999
843	146
843	247
843	305
843	328
843	392
843	529
843	634
843	688
843	830
843	834
843	847
843	889
843	906
843	958
4	546
4	804
4	935
4	991
546	633
546	729
546	911
546	916
546	930
546	980
804	93
804	338
804	370
804	446
804	492
804	672
804	808
804	911
804	926
804	945
804	968
804	990
935	75
935	157
935	213
935	301
935	379
935	394
935	427
935	1549
935	634
935	635
935	680
935	723
935	782
935	827
935	865
935	879
935	907
935	910
935	936
935	960
935	965
935	974
935	997
991	59
991	152
991	229
991	458
991	559
991	617
991	638
991	671
991	688
991	706
991	719
991	749
991	788
991	793
991	808
991	819
991	826
991	851
991	857
991	858
991	870
991	882
991	883
991	904
991	907
991	911
991	918
991	928
991	949
991	952
991	971
991	977
991	995
991	998
1002	1372
1002	1808
1002	1953
1002	1993
1372	1525
1372	1646
1372	1770
1372	1862
1808	1120
1808	1380
1808	1409
1808	1459
1808	1678
1808	1886
1808	1888
1808	1902
1808	1933
1808	1954
1808	1982
1953	1021
1953	1038
1953	1054
1953	1117
1953	1412
1953	1470
1953	1537
1953	1573
1953	1651
1953	1666
1953	1710
1953	1745
1953	1789
1953	1792
1953	1810
1953	1838
1953	1905
1953	1910
1953	1924
1953	1932
1953	1946
1953	1960
1953	1979
1953	1982
1953	1991
1953	1992
1953	1995
1993	1045
1993	1215
1993	1234
1993	1290
1993	1336
1993	1466
1993	1481
1993	1506
1993	1557
1993	1576
1993	1617
1993	1623
1993	1674
1993	1755
1993	1765
1993	1783
1993	1791
1993	1834
1993	1837
1993	1843
1993	1847
1993	1849
1993	1876
1993	922
1993	1941
1993	1947
1993	1957
1993	1961
1993	1963
1993	1968
1993	1972
1993	1978
1993	1982
1993	1986
1993	1987
1993	1992
1993	1998
5	710
5	797
5	838
5	976
710	308
710	446
710	633
710	721
710	1831
710	867
710	889
710	890
710	905
797	231
797	273
797	530
797	622
797	763
797	786
797	862
797	903
797	924
797	926
797	981
797	998
838	596
838	600
838	646
838	652
838	658
838	678
838	748
838	778
838	890
838	938
838	952
838	957
838	987
838	992
976	29
976	134
976	181
976	201
976	259
976	325
976	1580
976	628
976	685
976	690
976	737
976	764
976	769
976	770
976	771
976	783
976	785
976	800
976	808
976	829
976	851
976	857
976	862
976	870
976	915
976	917
976	936
976	973
976	979
976	983
976	999
1003	1084
1003	1699
1003	1916
1084	1206
1084	1886
1084	1929
1699	1130
1699	1237
1699	1773
1699	1806
1699	1837
1699	1859
1699	1888
1699	1918
1699	1976
1916	1111
1916	1403
1916	1444
1916	1476
1916	1502
1916	1521
1916	1561
1916	1622
1916	1628
1916	1636
1916	1686
1916	1773
1916	1784
1916	1821
1916	1824
1916	1837
1916	1840
1916	1867
1916	1868
1916	1986
6	508
6	855
6	903
6	939
508	201
508	659
508	810
508	821
508	940
855	24
855	243
855	252
855	458
855	561
855	672
855	682
855	738
855	854
855	898
855	930
855	942
855	972
855	992
855	993
903	88
903	94
903	421
903	598
903	669
903	691
903	789
903	831
903	874
903	894
903	926
903	927
903	943
903	968
903	974
903	980
903	983
903	985
939	41
939	74
939	376
939	400
939	409
939	423
939	497
939	598
939	620
939	691
939	737
939	740
939	747
939	751
939	822
939	839
939	865
939	876
939	927
939	980
939	981
939	983
939	997
7	695
7	762
7	881
7	984
695	27
695	400
695	463
695	471
695	598
695	755
695	831
695	905
695	940
762	104
762	455
762	562
762	570
762	658
762	784
762	796
762	812
762	890
762	938
762	990
881	9
881	14
881	137
881	192
881	219
881	387
881	405
881	613
881	662
881	882
881	883
881	927
881	943
881	944
881	960
984	362
984	406
984	422
984	426
984	432
984	524
984	569
984	620
984	686
984	783
984	790
984	824
984	844
984	849
984	852
984	884
984	886
984	894
984	900
984	912
984	914
984	924
984	925
984	932
984	941
984	950
984	958
984	960
984	964
984	979
984	980
984	992
984	999
835	577
835	600
835	621
835	668
835	742
835	760
835	802
835	844
835	845
835	890
835	899
835	904
835	906
835	957
853	289
853	304
853	307
853	335
853	376
853	420
853	456
853	630
853	659
853	865
853	973
853	977
853	1976
853	989
893	36
893	73
893	169
893	425
893	577
893	693
893	703
893	708
893	750
893	767
893	798
893	805
893	810
893	818
893	862
893	891
893	918
893	936
9	383
9	572
9	1607
383	296
383	723
383	886
572	26
572	415
572	731
572	1798
572	803
572	948
1607	1284
1607	1367
1607	1373
1607	1900
1607	1931
1607	1958
1607	1988
10	529
10	599
10	786
10	861
529	102
529	609
529	787
529	945
529	973
599	54
599	416
599	445
599	525
599	821
599	977
599	992
786	227
786	321
786	395
786	547
786	566
786	596
786	696
786	781
786	891
786	934
786	948
861	52
861	401
861	416
861	497
861	609
861	642
861	696
861	715
861	743
861	856
861	859
861	951
861	990
861	993
861	994
1004	1067
1004	1232
1004	1770
1004	1907
1067	1145
1067	1410
1067	1777
1232	1724
1232	1967
1232	1990
1770	1407
1770	1453
1770	1800
1770	1805
1770	1858
1770	908
1770	1914
1770	1937
1770	1957
1907	25
1907	1171
1907	1306
1907	1367
1907	1446
1907	1525
1907	1719
1907	1753
1907	1779
1907	1821
1907	1831
1907	1862
1907	1913
1907	1914
1907	1924
1907	1942
1907	1960
1907	1986
1907	1999
11	450
11	969
11	973
11	986
450	229
450	342
450	610
450	805
450	908
969	14
969	36
969	40
969	327
969	405
969	482
969	544
969	577
969	657
969	664
969	747
969	767
969	792
969	812
969	829
969	884
969	892
969	898
969	899
969	915
969	916
969	1927
969	944
969	958
969	964
969	965
969	989
969	994
973	61
973	119
973	135
973	214
973	330
973	385
973	410
973	423
973	519
973	528
973	533
973	631
973	685
973	729
973	750
973	784
973	791
973	852
973	856
973	889
973	902
973	927
973	934
973	938
973	946
973	981
973	997
986	51
986	87
986	118
986	139
986	205
986	206
986	295
986	385
986	402
986	438
986	484
986	488
986	519
986	522
986	525
986	581
986	622
986	731
986	757
986	763
986	800
986	822
986	845
986	862
986	878
986	895
986	927
986	938
986	947
986	961
986	985
986	992
986	993
1005	1070
1005	1730
1005	1928
1005	1956
1070	1630
1070	1693
1070	1931
1730	1198
1730	1524
1730	1667
1730	1695
1730	1837
1730	1847
1730	1919
1730	1946
1730	1983
1928	1105
1928	1375
1928	1437
1928	1518
1928	1572
1928	1622
1928	1629
1928	1701
1928	1825
1928	1836
1928	1858
1928	1883
1928	1899
1928	1918
1928	1934
1928	1941
1928	1950
1928	1965
1928	1975
1928	1978
1928	1997
1956	1011
1956	1016
1956	1027
1956	1101
1956	1229
1956	1233
1956	234
1956	1237
1956	1268
1956	1382
1956	1438
1956	1528
1956	1669
1956	1725
1956	1740
1956	1753
1956	1780
1956	1840
1956	1861
1956	1864
1956	1873
1956	1924
1956	1934
1956	1947
1956	1992
1956	1997
12	744
12	851
12	872
12	943
744	258
744	1368
744	464
744	495
744	579
744	778
744	780
744	837
744	958
744	992
851	283
851	287
851	361
851	452
851	737
851	765
851	810
851	882
851	920
851	1925
851	928
851	933
851	946
872	370
872	630
872	723
872	750
872	758
872	792
872	827
872	864
872	887
872	891
872	915
872	928
872	944
872	982
872	999
943	19
943	1215
943	359
943	363
943	374
943	417
943	437
943	448
943	605
943	623
943	679
943	753
943	780
943	858
943	886
943	909
943	911
943	919
943	936
943	944
943	962
943	971
13	778
13	813
13	854
778	262
778	313
778	755
778	824
778	900
778	910
778	962
778	966
778	983
813	225
813	382
813	634
813	635
813	726
813	753
813	758
813	806
813	818
813	826
813	917
813	920
813	970
854	463
854	571
854	575
854	691
854	800
854	802
854	805
854	870
854	885
854	886
854	948
854	955
854	970
854	980
14	618
14	630
618	75
618	114
618	427
618	467
618	842
618	875
618	894
630	108
630	264
630	713
630	887
630	929
630	958
1006	1891
1006	1946
1006	958
1006	1965
1891	1106
1891	1161
1891	1225
1891	1342
1891	1375
1891	1599
1891	1621
1891	1663
1891	1803
1891	1846
1891	1862
1891	1900
1891	1936
1891	1947
1891	1959
1891	1975
1891	1991
1946	1264
1946	1273
1946	1321
1946	1379
1946	1486
1946	1531
1946	1545
1946	1604
1946	1650
1946	1670
1946	1704
1946	1771
1946	1782
1946	1792
1946	1794
1946	1812
1946	1853
1946	1871
1946	1889
1946	1894
1946	1921
1946	1957
1946	1961
958	134
958	197
958	507
958	531
958	590
958	724
958	737
958	753
958	754
958	755
958	821
958	828
958	836
958	878
958	896
958	898
958	931
958	937
958	982
958	989
1965	1110
1965	1299
1965	1347
1965	1363
1965	1379
1965	1452
1965	1467
1965	1498
1965	1586
1965	1727
1965	1777
1965	1795
1965	1838
1965	1842
1965	1876
1965	1878
1965	1883
1965	1888
1965	1901
1965	1919
1965	1925
1965	1959
1965	1962
1965	1963
1965	1969
1965	1976
1965	1988
1965	1990
1007	1043
1007	1117
1007	1184
1007	1788
1043	1540
1043	1655
1043	1983
1117	1025
1117	1039
1184	1461
1184	1777
1184	1997
1788	1530
1788	1560
1788	1751
1788	1802
1788	1809
1788	1815
1788	1834
1788	1875
1788	1927
1788	1967
1788	1979
1008	1250
1008	1293
1008	1458
1008	1814
1250	1293
1250	1602
1250	1842
1250	1931
1293	1352
1293	1411
1293	1957
1458	1369
1458	664
1458	1740
1458	1934
1458	1949
1814	1090
1814	1092
1814	1095
1814	1380
1814	1433
1814	1443
1814	1871
1814	1931
1814	1969
1814	1975
1814	1992
1009	1769
1009	1857
1009	1940
1009	1959
1769	1207
1769	1239
1769	1409
1769	1746
1769	1844
1769	1901
1769	1917
1769	1936
1769	1951
1769	1998
1857	1109
1857	1158
1857	1370
1857	1562
1857	1620
1857	1687
1857	1697
1857	1780
1857	1847
1857	1905
1857	1919
1857	1954
1857	1972
1857	1976
1940	1011
1940	1143
1940	1364
1940	1391
1940	1483
1940	1494
1940	1536
1940	1562
1940	1569
1940	1592
1940	1600
1940	1645
1940	1682
1940	1695
1940	1703
1940	1720
1940	1778
1940	1872
1940	1874
1940	1897
1940	1934
1940	1952
1940	1998
1959	1052
1959	1142
1959	1266
1959	1280
1959	1308
1959	1313
1959	1322
1959	1345
1959	1387
1959	1395
1959	1506
1959	1608
1959	654
1959	1716
1959	1723
1959	1815
1959	1847
1959	1888
1959	1895
1959	1912
1959	1922
1959	1933
1959	1943
1959	1951
1959	1961
1959	1971
1959	1973
1010	1026
1010	1417
1010	1601
1010	1969
1026	1918
1026	1921
1026	1984
1417	1029
1417	1694
1417	1765
1417	1984
1417	1989
1601	1452
1601	1469
1601	1804
1601	1897
1601	1943
1601	1962
1969	1062
1969	1355
1969	1356
1969	1380
1969	1434
1969	1461
1969	1471
1969	1488
1969	1533
1969	1583
1969	1588
1969	1625
1969	1693
1969	688
1969	1759
1969	1805
1969	1825
1969	1853
1969	1890
1969	1900
1969	1901
1969	1903
1969	1920
1969	1963
1969	1976
1969	1977
1969	1981
1969	1988
1969	1997
15	217
15	378
15	439
15	760
217	513
217	597
217	1996
378	1083
378	134
378	208
378	732
439	390
439	829
439	852
439	883
439	972
760	45
760	371
760	476
760	535
760	557
760	731
760	968
760	972
760	974
760	990
1011	1313
1011	1935
1313	1077
1313	1183
1313	1376
1935	1013
1935	1019
1935	1107
1935	1159
1935	1163
1935	1407
1935	1579
1935	1640
1935	1658
1935	1723
1935	1726
1935	1787
1935	1794
1935	1796
1935	1799
1935	1927
1935	1929
1935	1948
1935	1957
1935	1975
1935	1988
1935	1992
1012	1552
1012	1716
1012	1976
1012	1979
1552	1101
1552	1520
1552	1848
1552	1849
1552	1966
1552	1985
1716	1094
1716	1307
1716	1750
1716	1850
1716	1869
1716	1876
1716	1912
1716	1994
1976	1050
1976	1104
1976	1213
1976	1234
1976	1295
1976	1339
1976	1548
1976	1634
1976	1673
1976	1703
1976	1712
1976	1723
1976	1787
1976	1822
1976	1836
1976	1837
1976	1864
1976	1870
1976	1881
1976	1904
1976	1930
1976	1937
1976	1942
1976	1944
1976	1955
1976	1967
1976	1981
1976	1984
1979	1027
1979	1066
1979	1133
1979	1207
1979	1277
1979	1332
1979	1394
1979	1418
1979	1561
1979	1562
1979	1621
1979	1635
1979	1660
1979	1671
1979	1686
1979	1689
1979	1718
1979	1784
1979	1786
1979	1807
1979	1827
1979	1839
1979	1864
1979	1887
1979	1910
1979	1924
1979	1937
1979	1941
1979	1985
1979	1987
1979	1991
1979	1992
1013	1264
1013	1709
1013	1877
1264	1401
1264	1546
1264	1937
1709	1116
1709	1356
1709	1581
1709	1715
1709	1819
1709	1845
1709	1851
1709	1998
1877	1130
1877	1303
1877	1410
1877	1480
1877	1546
1877	1571
1877	1703
1877	1722
1877	1800
1877	1844
1877	1939
1877	1968
1877	1978
1877	1986
1877	1996
1877	1997
16	703
16	717
16	726
16	787
703	198
703	589
703	619
703	689
703	701
703	1773
703	876
703	934
717	363
717	607
717	700
717	869
717	912
717	953
717	989
717	998
726	44
726	312
726	319
726	464
726	614
726	735
726	775
726	915
726	957
787	131
787	488
787	613
787	627
787	693
787	793
787	868
787	912
787	917
787	985
17	271
17	745
17	769
17	910
271	295
271	592
271	754
271	847
745	62
745	473
745	561
745	633
745	705
745	747
745	749
745	856
745	892
769	226
769	255
769	580
769	623
769	638
769	882
769	963
769	974
910	300
910	332
910	490
910	566
910	602
910	687
910	720
910	761
910	841
910	847
910	882
910	905
910	928
910	929
910	938
910	974
910	985
18	573
18	887
18	950
18	960
573	81
573	360
573	574
573	890
573	892
573	901
887	117
887	269
887	287
887	414
887	420
887	479
887	490
887	657
887	661
887	666
887	772
887	790
887	836
887	951
887	974
887	981
950	38
950	67
950	239
950	257
950	297
950	344
950	447
950	487
950	495
950	524
950	576
950	596
950	646
950	648
950	691
950	738
950	765
950	888
950	928
950	952
950	964
950	977
950	982
950	989
960	44
960	77
960	259
960	263
960	354
960	407
960	425
960	461
960	509
960	515
960	597
960	646
960	666
960	696
960	718
960	731
960	811
960	841
960	894
960	967
960	974
960	987
960	1989
19	606
19	719
19	987
606	364
606	535
606	687
606	729
606	818
606	839
606	914
719	331
719	588
719	808
719	833
719	890
719	972
719	990
719	992
987	69
987	138
987	153
987	254
987	283
987	381
987	479
987	509
987	533
987	582
987	604
987	655
987	743
987	753
987	758
987	788
987	793
987	812
987	832
987	867
987	868
987	876
987	1890
987	886
987	916
987	926
987	937
987	944
987	956
987	965
987	968
987	997
987	998
20	24
20	356
20	670
20	949
24	946
24	961
356	103
356	111
356	144
356	767
670	136
670	490
670	637
670	730
670	850
670	947
670	964
670	966
949	115
949	232
949	289
949	404
949	419
949	470
949	483
949	506
949	634
949	639
949	644
949	649
949	665
949	716
949	740
949	752
949	799
949	821
949	834
949	864
949	915
949	925
949	932
949	966
1014	1409
1014	1553
1014	1697
1014	1714
1409	1537
1409	1805
1409	1823
1553	1410
1553	1494
1553	1756
1553	1938
1553	1949
1553	1997
1697	1248
1697	1312
1697	1399
1697	1631
1697	1887
1697	1930
1697	1948
1714	1021
1714	1096
1714	1369
1714	1626
1714	1756
1714	1798
1714	1874
1714	1888
1714	1964
21	86
21	325
21	859
21	965
86	714
86	930
86	993
325	930
325	936
325	966
859	64
859	159
859	212
859	248
859	295
859	488
859	674
859	679
859	790
859	824
859	831
859	880
859	923
859	951
965	29
965	142
965	187
965	233
965	1239
965	264
965	431
965	492
965	504
965	515
965	580
965	612
965	638
965	639
965	811
965	846
965	852
965	896
965	936
965	940
965	956
965	957
965	992
22	38
22	432
22	947
22	992
38	571
38	845
432	119
432	391
432	879
432	952
947	32
947	139
947	284
947	385
947	565
947	574
947	620
947	643
947	686
947	733
947	791
947	796
947	803
947	805
947	808
947	841
947	866
947	885
947	900
947	951
947	963
947	972
947	990
992	56
992	281
992	321
992	350
992	470
992	480
992	520
992	532
992	558
992	564
992	588
992	623
992	635
992	653
992	699
992	740
992	771
992	780
992	814
992	818
992	833
992	892
992	1917
992	925
992	937
992	983
992	999
23	852
23	919
23	952
23	994
852	289
852	397
852	494
852	526
852	586
852	672
852	729
852	899
852	916
852	977
919	344
919	422
919	602
919	643
919	721
919	739
919	752
919	807
919	833
919	856
919	864
919	882
919	901
919	908
919	925
919	927
919	959
919	985
919	990
952	63
952	216
952	221
952	278
952	333
952	470
952	499
952	514
952	560
952	609
952	687
952	705
952	743
952	1859
952	856
952	894
952	911
952	929
952	945
952	989
952	990
994	91
994	1114
994	155
994	174
994	182
994	207
994	243
994	263
994	303
994	351
994	598
994	601
994	662
994	708
994	748
994	756
994	768
994	772
994	775
994	802
994	834
994	882
994	884
994	904
994	909
994	915
994	931
994	961
994	964
994	977
994	981
994	993
994	995
994	997
946	125
946	128
946	179
946	212
946	220
946	254
946	280
946	286
946	311
946	343
946	410
946	555
946	567
946	578
946	610
946	777
946	791
946	809
946	831
946	845
946	877
946	927
946	975
961	57
961	166
961	251
961	265
961	278
961	385
961	583
961	603
961	631
961	704
961	731
961	742
961	766
961	858
961	865
961	866
961	880
961	883
961	891
961	895
961	897
961	980
961	993
25	70
25	162
25	679
70	60
70	742
70	875
162	621
162	708
162	980
679	175
679	558
679	751
679	917
679	972
1015	1481
1015	1734
1015	1892
1015	1898
1481	1648
1481	1839
1481	1958
1481	1964
1734	1168
1734	1334
1734	1381
1734	1485
1734	1489
1734	1598
1734	1637
1734	1652
1734	1874
1892	1287
1892	1450
1892	1538
1892	1677
1892	1685
1892	1790
1892	1811
1892	1859
1892	1878
1892	1895
1892	1901
1892	1926
1892	1927
1892	1945
1892	1958
1892	1966
1892	1986
1898	1104
1898	1190
1898	1219
1898	1345
1898	1423
1898	1526
1898	539
1898	1693
1898	1721
1898	1742
1898	1747
1898	1847
1898	1867
1898	1895
1898	1911
1898	1921
1898	1992
26	453
26	877
26	882
453	595
453	857
453	860
453	898
453	948
877	121
877	134
877	195
877	324
877	741
877	784
877	807
877	846
877	865
877	897
877	902
877	924
877	931
877	945
877	957
877	997
882	189
882	322
882	668
882	728
882	809
882	823
882	959
882	970
882	971
882	995
27	143
27	598
27	796
143	567
143	866
143	908
598	536
598	800
598	907
796	124
796	285
796	461
796	627
796	648
796	716
796	721
796	925
796	928
796	967
1016	1594
1016	1635
1016	1805
1594	1223
1594	1392
1594	1517
1594	1865
1594	1999
1635	1102
1635	1203
1635	1310
1635	1392
1635	1926
1635	1939
1805	1273
1805	1459
1805	1496
1805	1554
1805	1671
1805	1700
1805	1777
1805	1879
1805	1964
1017	1059
1017	1274
1017	509
1017	1849
1059	1911
1059	1972
1059	1984
1274	1245
1274	1671
1274	1754
1274	1973
509	273
509	467
509	543
1849	1197
1849	1301
1849	1320
1849	374
1849	1400
1849	1702
1849	1756
1849	1870
1849	1958
1849	1973
1849	1981
1849	1992
1018	1882
1018	1884
1018	1943
1018	1978
1882	1203
1882	1227
1882	1278
1882	1353
1882	1415
1882	1479
1882	1648
1882	1777
1882	1825
1882	1853
1882	1948
1882	1957
1882	1983
1882	1987
1882	1999
1884	1118
1884	1192
1884	1195
1884	277
1884	1383
1884	1569
1884	1619
1884	1676
1884	1743
1884	1798
1884	1830
1884	1874
1884	1918
1884	1921
1884	1977
1884	1978
1943	1114
1943	1146
1943	1173
1943	1287
1943	1396
1943	1413
1943	1423
1943	1546
1943	1667
1943	1707
1943	1710
1943	1723
1943	1728
1943	1746
1943	1817
1943	1829
1943	1842
1943	1894
1943	1902
1943	1918
1943	1939
1943	1955
1943	1958
1978	1205
1978	1211
1978	1271
1978	1292
1978	1392
1978	1446
1978	1477
1978	1506
1978	1534
1978	1567
1978	1590
1978	1592
1978	1657
1978	1661
1978	1666
1978	1679
1978	1741
1978	1750
1978	1779
1978	1813
1978	1827
1978	1862
1978	1889
1978	1922
1978	1933
1978	1942
1978	1951
1978	1966
1978	1971
1978	1988
28	187
28	626
28	968
28	985
187	527
187	920
626	465
626	506
626	643
626	771
626	799
626	863
626	928
968	133
968	211
968	362
968	403
968	489
968	1513
968	534
968	610
968	613
968	617
968	643
968	700
968	738
968	756
968	824
968	826
968	840
968	864
968	913
968	941
968	963
968	982
968	993
985	34
985	53
985	80
985	106
985	115
985	120
985	153
985	209
985	242
985	423
985	592
985	611
985	1660
985	658
985	713
985	768
985	782
985	783
985	785
985	789
985	825
985	866
985	868
985	890
985	894
985	901
985	921
985	928
985	993
29	709
29	962
709	230
709	258
709	476
709	479
709	721
709	850
709	1961
709	989
962	116
962	172
962	272
962	489
962	497
962	531
962	555
962	568
962	587
962	672
962	747
962	805
962	807
962	844
962	845
962	891
962	896
962	897
962	924
962	925
962	928
962	931
962	941
962	963
1019	1170
1019	1705
1019	1821
1170	1126
1170	1626
1170	1944
1705	1337
1705	1463
1705	1570
1705	1736
1705	1747
1705	1868
1705	1929
1705	1964
1705	1991
1821	1350
1821	1418
1821	1551
1821	1564
1821	1679
1821	1726
1821	1797
1821	1927
1821	1966
1821	1981
1020	1331
1020	1513
1020	1787
1020	1963
1331	1318
1331	1383
1331	1902
1331	1994
1513	1677
1513	1874
1513	1887
1513	1931
1787	1041
1787	1115
1787	1413
1787	1644
1787	1827
1787	1950
1787	1988
1787	1992
1963	1033
1963	1126
1963	1239
1963	1240
1963	1256
1963	1260
1963	1275
1963	1499
1963	1536
1963	516
1963	1562
1963	1661
1963	1702
1963	1721
1963	1785
1963	1792
1963	1793
1963	1827
1963	1842
1963	1856
1963	1952
1963	1957
1963	1961
1963	1981
1963	1984
1963	1992
1963	1997
30	344
30	676
30	937
30	983
344	309
344	888
676	1589
676	636
676	755
676	807
676	873
676	898
676	909
676	945
937	50
937	145
937	293
937	333
937	416
937	574
937	575
937	576
937	667
937	700
937	702
937	756
937	839
937	897
937	921
937	932
937	936
937	940
937	1968
983	49
983	367
983	417
983	471
983	472
983	478
983	527
983	540
983	558
983	579
983	600
983	603
983	650
983	689
983	718
983	768
983	788
983	812
983	814
983	832
983	860
983	870
983	901
983	902
983	930
983	942
983	959
31	93
31	688
31	885
93	800
93	802
688	77
688	587
688	674
688	810
688	979
885	122
885	125
885	221
885	240
885	288
885	389
885	449
885	550
885	564
885	607
885	849
885	860
885	867
885	909
885	926
885	957
1021	1442
1021	1841
1442	1365
1442	1951
1442	1970
1442	1989
1442	1997
1841	1047
1841	1286
1841	1414
1841	1739
1841	1756
1841	1776
1841	1807
1841	1880
1841	1883
1841	1968
1841	1975
1841	1996
1841	1998
32	513
32	537
32	805
513	81
513	348
513	609
513	682
513	959
537	124
537	331
537	411
537	436
537	716
537	886
805	149
805	632
805	680
805	731
805	897
805	926
805	936
805	940
33	789
33	826
33	867
33	981
789	314
789	623
789	654
789	663
789	812
789	848
789	904
789	921
789	923
789	966
826	358
826	520
826	523
826	579
826	595
826	607
826	730
826	822
826	918
826	921
826	981
867	258
867	384
867	429
867	466
867	555
867	718
867	723
867	761
867	846
867	916
867	930
867	953
867	957
981	139
981	169
981	206
981	438
981	442
981	480
981	505
981	607
981	660
981	720
981	742
981	767
981	780
981	803
981	810
981	811
981	846
981	874
981	916
981	921
981	924
981	925
981	957
981	959
981	979
981	980
981	995
1022	1641
1022	1829
1022	1875
1022	1972
1641	1126
1641	1373
1641	1868
1641	1870
1641	1872
1641	1985
1829	1166
1829	1387
1829	1455
1829	1527
1829	1535
1829	1542
1829	1614
1829	1654
1829	1837
1829	850
1829	1874
1829	1988
1875	1258
1875	1286
1875	1296
1875	1377
1875	1493
1875	1548
1875	1603
1875	1666
1875	1766
1875	1776
1875	1781
1875	1872
1875	1939
1875	1957
1875	1994
1972	1118
1972	1179
1972	1212
1972	1214
1972	1271
1972	1283
1972	1408
1972	1431
1972	1535
1972	1590
1972	1593
1972	1631
1972	1678
1972	1726
1972	1761
1972	1766
1972	1773
1972	1782
1972	1806
1972	1826
1972	1864
1972	1895
1972	1897
1972	1903
1972	1929
1972	1971
1972	1977
1972	1999
34	252
34	360
34	875
252	850
252	879
252	989
360	349
360	624
360	750
875	45
875	48
875	167
875	243
875	276
875	382
875	507
875	669
875	697
875	723
875	777
875	891
875	920
875	934
875	980
1023	1201
1023	1806
1023	1932
1023	1992
1201	1401
1201	1750
1201	1997
1806	1205
1806	1429
1806	1656
1806	1782
1806	1801
1806	1836
1806	1897
1806	1922
1806	1939
1806	1991
1932	1090
1932	1174
1932	1470
1932	1529
1932	1596
1932	1731
1932	1763
1932	1801
1932	1813
1932	1817
1932	834
1932	1856
1932	1866
1932	1889
1932	1902
1932	1958
1932	1971
1932	1981
1932	1986
1932	1988
1992	1024
1992	1079
1992	1135
1992	1138
1992	1155
1992	1206
1992	1216
1992	1302
1992	1475
1992	1545
1992	1547
1992	1549
1992	1619
1992	1698
1992	1701
1992	1713
1992	1743
1992	1758
1992	1783
1992	1784
1992	1796
1992	1813
1992	1818
1992	1843
1992	1869
1992	1926
1992	1984
1024	1197
1024	1456
1024	1890
1197	1536
1197	1732
1456	1220
1456	1541
1456	1563
1456	1904
1890	1035
1890	1044
1890	1296
1890	1483
1890	1604
1890	1624
1890	1653
1890	1758
1890	1801
1890	1833
1890	1924
1890	1933
1890	1967
1890	1989
1890	1991
35	436
35	592
35	683
35	944
436	188
436	889
592	165
592	449
592	646
592	930
683	132
683	657
683	684
683	690
683	704
683	925
683	928
683	955
683	956
944	166
944	197
944	221
944	320
944	399
944	409
944	517
944	604
944	612
944	736
944	834
944	863
944	895
944	920
944	932
944	957
944	964
944	971
944	997
1025	1230
1025	1779
1025	1790
1230	1400
1230	1917
1230	1975
1779	1173
1779	1243
1779	1403
1779	1611
1779	1642
1779	1746
1779	1867
1779	1917
1779	1930
1790	1093
1790	1341
1790	1672
1790	1771
1790	1791
1790	1881
1790	1929
1790	1942
1790	1957
1790	1986
1918	1092
1918	1269
1918	1328
1918	1426
1918	1435
1918	1602
1918	1604
1918	1615
1918	1674
1918	1784
1918	1809
1918	1921
1918	1933
1918	1951
1918	1964
1918	1975
1918	1998
1921	1076
1921	1226
1921	1312
1921	1493
1921	1507
1921	1652
1921	1691
1921	1755
1921	1871
1921	1915
1921	1925
1921	1944
1921	1949
1921	1966
1921	1970
1921	1988
1921	1996
1984	1036
1984	1068
1984	1107
1984	1111
1984	1142
1984	1220
1984	1290
1984	1291
1984	1354
1984	1449
1984	1504
1984	1581
1984	1623
1984	1624
1984	1786
1984	1797
1984	1818
1984	1850
1984	1860
1984	1868
1984	1888
1984	1893
1984	1894
1984	1900
1984	1922
1984	1925
1984	1926
1984	1961
1984	1966
1984	1975
1027	1081
1027	1463
1081	1712
1081	1865
1081	1981
1463	1649
1463	829
1463	1887
1463	1994
1028	1282
1028	1448
1028	1708
1028	1942
1282	1354
1282	1374
1282	1502
1282	1868
1448	1145
1448	1768
1448	1801
1448	1871
1448	1964
1708	1038
1708	1394
1708	1522
1708	1542
1708	1777
1708	1878
1708	1905
1708	1945
1708	1977
1942	1097
1942	1194
1942	1498
1942	1515
1942	1587
1942	1599
1942	1609
1942	1687
1942	1727
1942	1742
1942	1744
1942	1747
1942	1838
1942	1934
1942	1952
1942	1954
1942	1955
1942	1958
1942	1987
1029	1578
1029	1865
1029	897
1578	1204
1578	1530
1578	1576
1578	1618
1578	1831
1578	1930
1865	1364
1865	1393
1865	1422
1865	1539
1865	1618
1865	1742
1865	1804
1865	1856
1865	1906
1865	1931
1865	1961
1865	1966
1865	1998
897	151
897	259
897	302
897	553
897	647
897	697
897	749
897	830
897	834
897	871
897	927
897	955
897	975
36	808
808	72
808	1661
808	629
808	735
808	830
808	956
808	972
1030	1148
1030	1913
1030	1924
1030	1999
1148	1729
1148	1975
1148	1995
1913	1046
1913	1048
1913	1367
1913	1454
1913	1573
1913	1711
1913	1712
1913	1741
1913	1817
1913	1826
1913	1827
1913	1853
1913	1854
1913	1874
1913	1893
1913	1897
1913	1968
1913	1977
1913	1987
1924	1137
1924	1195
1924	1271
1924	1323
1924	1395
1924	1673
1924	1676
1924	1692
1924	1775
1924	1838
1924	1878
1924	1936
1924	1950
1924	1960
1924	1967
1924	1989
1999	1124
1999	1164
1999	1180
1999	1188
1999	1202
1999	1215
1999	1226
1999	1421
1999	1441
1999	1465
1999	1471
1999	1512
1999	1528
1999	1546
1999	1599
1999	1611
1999	1618
1999	636
1999	1698
1999	1704
1999	1721
1999	1752
1999	1820
1999	1850
1999	1851
1999	1876
1999	1899
1999	1910
1999	1911
1999	1915
1999	1938
1999	1939
1999	1947
1999	1964
1999	1982
37	714
37	1886
37	894
37	998
714	128
714	218
714	615
714	693
714	829
714	873
714	874
714	999
1886	1263
1886	1363
1886	1430
1886	1492
1886	1566
1886	1623
1886	1660
1886	1673
1886	1777
1886	1816
1886	1862
1886	1961
1886	1968
1886	1977
894	281
894	413
894	463
894	556
894	620
894	687
894	776
894	866
894	878
894	941
894	967
894	998
998	113
998	203
998	213
998	232
998	236
998	255
998	275
998	386
998	489
998	532
998	571
998	628
998	645
998	692
998	711
998	723
998	735
998	766
998	768
998	783
998	806
998	824
998	832
998	860
998	876
998	901
998	914
998	1922
998	928
998	951
998	970
998	975
998	997
1031	1134
1031	1700
1031	1796
1031	1967
1134	1583
1134	1775
1134	1997
1700	1034
1700	1108
1700	1326
1700	1637
1700	1836
1700	1901
1700	1952
1700	1994
1796	1342
1796	1390
1796	1436
1796	1663
1796	1791
1796	1869
1796	1897
1967	1040
1967	1057
1967	1152
1967	1290
1967	1329
1967	1334
1967	1386
1967	1450
1967	1571
1967	1611
1967	1665
1967	1689
1967	1732
1967	1783
1967	1803
1967	1817
1967	1873
1967	924
1967	1925
1967	1954
1967	1971
1967	1983
1967	1986
1967	1991
571	419
571	698
571	761
571	982
845	280
845	457
845	498
845	616
845	707
845	889
845	917
845	929
845	932
845	964
845	977
39	569
39	702
39	825
39	864
569	261
569	736
569	909
569	974
702	172
702	268
702	443
702	501
702	515
702	706
702	715
702	1994
825	166
825	368
825	698
825	712
825	824
825	842
825	848
825	871
825	933
825	972
825	974
864	238
864	306
864	505
864	650
864	764
864	830
864	857
864	884
864	900
864	914
864	957
864	995
40	130
40	662
40	818
130	174
130	822
130	921
662	353
662	561
662	673
662	803
662	850
662	1910
818	163
818	230
818	268
818	665
818	785
818	900
818	948
818	980
818	997
41	576
41	585
41	699
576	538
576	594
576	611
576	837
576	865
585	192
585	304
585	377
585	512
585	690
585	884
585	990
699	272
699	552
699	554
699	720
699	743
699	895
699	936
699	990
42	253
42	632
42	971
42	975
253	331
253	716
253	849
253	959
632	373
632	548
632	739
632	757
632	866
632	916
632	929
971	50
971	104
971	233
971	262
971	318
971	336
971	440
971	459
971	494
971	672
971	681
971	1717
971	711
971	721
971	780
971	904
971	924
971	942
971	945
971	974
971	975
971	977
971	999
975	94
975	103
975	170
975	266
975	317
975	345
975	350
975	372
975	409
975	491
975	507
975	545
975	638
975	725
975	728
975	753
975	830
975	866
975	895
975	916
975	953
975	977
975	979
975	982
975	1990
1032	1515
1032	1665
1032	1778
1032	1861
1515	1127
1515	1746
1515	1895
1515	1987
1665	1224
1665	1429
1665	1646
1665	1657
1665	1784
1665	1855
1665	1982
1778	1231
1778	1424
1778	1430
1778	1474
1778	1922
1778	1930
1778	1949
1778	1990
1778	1998
1861	1339
1861	1527
1861	1633
1861	1668
1861	1681
1861	1696
1861	1737
1861	1742
1861	1750
1861	1761
1861	1815
1861	1867
1861	1970
1861	1998
1033	1677
1033	1766
1033	1880
1677	1185
1677	1478
1677	1797
1677	1838
1677	1889
1677	1923
1766	1052
1766	1381
1766	1511
1766	1704
1766	1801
1766	1815
1766	1914
1766	1938
1880	1049
1880	1289
1880	1364
1880	1500
1880	1628
1880	1630
1880	1718
1880	1731
1880	1818
1880	1847
1880	1930
1880	1947
1880	1951
1880	1954
1034	1295
1034	1680
1034	1990
1295	1725
1295	1744
1295	1968
1680	1251
1680	1496
1680	1561
1680	1658
1680	1689
1680	1746
1680	1985
1680	1997
1990	1082
1990	1125
1990	1147
1990	1173
1990	1257
1990	1277
1990	1371
1990	1426
1990	1470
1990	1471
1990	1533
1990	1534
1990	1548
1990	1559
1990	1605
1990	1613
1990	1636
1990	1674
1990	1707
1990	1732
1990	1771
1990	1873
1990	1903
1990	1904
1990	1912
1990	1923
1990	1949
1990	1952
1990	1962
1990	1970
1990	1989
1990	1998
43	161
43	752
43	784
161	315
161	350
161	652
752	247
752	357
752	418
752	593
752	743
752	785
752	940
752	956
784	391
784	503
784	527
784	639
784	675
784	849
784	856
784	878
784	891
1035	1144
1035	1519
1035	1775
1144	1199
1144	1217
1144	1302
1519	1425
1519	1671
1519	1876
1519	1879
1519	1914
1775	1538
1775	1742
1775	1743
1775	1745
1775	1759
1775	1784
1775	1911
1775	1933
1775	1998
44	401
44	927
401	577
401	892
401	916
927	443
927	516
927	518
927	578
927	671
927	731
927	733
927	741
927	749
927	879
927	898
927	901
927	913
1036	1593
1036	1767
1036	1782
1593	1749
1593	1893
1593	1895
1593	1917
1593	1923
1767	1488
1767	1494
1767	1582
1767	1602
1767	1712
1767	1794
1767	1938
1767	1968
1767	997
1767	1996
1782	1063
1782	1621
1782	1728
1782	1800
1782	1883
1782	1885
1782	1971
1782	1991
1037	1093
1037	1289
1037	1451
1037	1488
1093	1119
1093	1653
1289	1822
1289	1954
1289	1977
1451	1123
1451	1551
1451	1753
1451	1975
1451	1983
1488	1657
1488	1859
1488	1991
1038	1086
1038	1986
1086	1627
1086	1722
1086	1936
1986	1102
1986	1138
1986	1254
1986	1309
1986	1365
1986	1430
1986	1478
1986	1484
1986	1591
1986	1606
1986	1615
1986	1620
1986	1684
1986	1687
1986	1733
1986	1774
1986	1800
1986	1872
1986	1903
1986	1926
1986	1938
1986	1944
1986	1962
1986	1985
1986	1989
1986	1996
45	412
45	651
412	788
412	799
412	895
412	922
412	934
651	90
651	106
651	279
651	615
651	633
651	934
651	990
1039	1185
1039	1228
1039	1819
1185	1683
1185	1995
1228	1163
1228	1576
1228	1938
1819	1172
1819	1190
1819	1240
1819	1278
1819	1308
1819	1402
1819	1435
1819	1546
1819	1883
1819	1958
1040	1717
1040	1762
1040	1904
1717	1281
1717	1522
1717	1668
1717	1762
1717	1945
1717	1947
1717	1961
1717	1964
1762	1076
1762	1163
1762	1388
1762	1546
1762	1568
1762	1757
1762	1929
1762	1937
1762	1971
1904	158
1904	1173
1904	1354
1904	1654
1904	1712
1904	1772
1904	1812
1904	1871
1904	1872
1904	1900
1904	1902
1904	1920
1904	1939
1904	1948
1904	1973
1904	1985
46	306
46	512
46	841
46	948
306	541
306	582
306	627
512	532
512	723
512	728
512	732
512	1850
841	205
841	468
841	541
841	581
841	755
841	839
841	863
841	915
841	916
841	928
841	951
948	49
948	90
948	215
948	244
948	247
948	280
948	475
948	504
948	661
948	774
948	781
948	782
948	874
948	891
948	907
948	909
948	928
948	957
948	967
948	972
1041	1432
1041	1518
1041	1982
1432	1203
1432	1408
1432	1544
1432	1707
1518	1269
1518	1529
1518	1744
1518	1802
1982	1051
1982	1132
1982	1263
1982	1310
1982	334
1982	1338
1982	1340
1982	1344
1982	1406
1982	1413
1982	1419
1982	1424
1982	1441
1982	1649
1982	1784
1982	1798
1982	1836
1982	1843
1982	1844
1982	1864
1982	1868
1982	1883
1982	1894
1982	1936
1982	1938
1982	1961
1982	1964
1982	1970
1982	1988
1982	1989
142	577
142	596
822	154
822	267
822	444
822	542
822	559
822	878
822	963
822	964
866	266
866	270
866	307
866	447
866	595
866	790
866	819
866	974
866	1983
48	84
48	527
48	608
84	589
84	708
84	827
527	147
527	523
527	603
608	73
608	406
608	455
608	459
608	538
608	716
608	736
49	833
49	999
833	69
833	149
833	366
833	373
833	410
833	586
833	758
833	837
833	874
833	886
833	912
999	66
999	83
999	122
999	174
999	294
999	296
999	300
999	402
999	530
999	1654
999	721
999	738
999	746
999	781
999	791
999	799
999	869
999	884
999	886
999	890
999	892
999	898
999	901
999	907
999	916
999	918
999	931
999	933
999	938
999	955
999	974
999	980
1042	1258
1042	1710
1042	1768
1042	1914
1258	1802
1258	883
1258	1998
1710	1441
1710	1573
1710	1574
1710	1668
1710	1931
1710	1964
1710	1998
1768	1212
1768	1263
1768	1454
1768	1465
1768	1704
1768	1902
1768	1917
1768	1998
1914	1103
1914	1167
1914	1681
1914	1742
1914	1817
1914	1833
1914	1843
1914	1850
1914	1867
1914	1872
1914	1873
1914	1893
1914	1920
1914	1983
1914	1988
1914	1989
50	832
50	869
832	256
832	334
832	390
832	410
832	533
832	614
832	656
832	876
832	900
832	930
832	931
869	82
869	282
869	308
869	498
869	557
869	732
869	798
869	856
869	888
869	901
869	914
869	932
869	938
869	990
1540	1453
1540	1527
1540	1642
1540	1747
1540	1809
1540	923
1655	1126
1655	1332
1655	1449
1655	1545
1655	1569
1655	1911
1655	1945
1983	1077
1983	1146
1983	1169
1983	1218
1983	1361
1983	1421
1983	1445
1983	1529
1983	1547
1983	1621
1983	1691
1983	1704
1983	1718
1983	1781
1983	1807
1983	1826
1983	1840
1983	1867
1983	1897
1983	1901
1983	1927
1983	1938
1983	1955
1983	1958
1983	1961
1983	1962
1983	1970
1983	1973
1983	1987
1044	1608
1044	1833
1044	1863
1608	1131
1608	1167
1608	1178
1608	1858
1608	1881
1608	1968
1833	1109
1833	1413
1833	477
1833	1585
1833	1605
1833	1660
1833	1682
1833	1867
1833	1910
1833	1915
1833	1922
1833	1949
1863	1340
1863	1495
1863	1644
1863	1662
1863	1736
1863	1748
1863	1772
1863	1818
1863	1830
1863	1873
1863	1888
1863	1906
1863	1968
1863	1988
51	137
51	322
51	800
137	170
137	208
322	521
322	684
322	914
800	129
800	364
800	486
800	707
800	801
800	941
800	982
52	426
52	770
52	782
426	290
426	353
426	367
426	380
770	100
770	107
770	444
770	583
770	771
770	801
770	842
770	922
770	923
770	942
782	215
782	514
782	819
782	828
782	926
782	930
782	957
782	964
1045	1496
1045	1617
1045	1954
1496	1440
1496	1740
1496	1800
1617	282
1617	1294
1617	1383
1617	1510
1617	1570
1617	1690
1954	1079
1954	1108
1954	1160
1954	1204
1954	1276
1954	1346
1954	1453
1954	1587
1954	1589
1954	1647
1954	1675
1954	1807
1954	1815
1954	1816
1954	1869
1954	1937
1954	1941
1954	1951
1954	1960
1954	1973
1954	1998
1046	1092
1046	1141
1046	1624
1092	1188
1141	1163
1141	1376
1141	1783
1624	1611
1624	1659
1624	678
1624	1753
1624	1948
53	265
53	775
53	980
265	474
265	485
265	989
775	76
775	149
775	335
775	619
775	765
775	940
775	953
775	970
775	982
980	89
980	110
980	180
980	226
980	310
980	389
980	466
980	475
980	570
980	588
980	648
980	749
980	777
980	873
980	895
980	912
980	913
980	930
980	938
54	768
54	816
54	906
768	92
768	385
768	469
768	497
768	619
768	737
768	823
816	95
816	112
816	135
816	403
816	505
816	542
816	722
816	763
816	823
816	909
816	915
816	982
906	126
906	397
906	591
906	607
906	641
906	663
906	669
906	689
906	696
906	720
906	736
906	801
906	830
906	905
906	929
906	953
906	989
1047	1620
1047	1676
1047	1955
1620	1604
1620	1679
1620	1713
1620	1917
1620	1960
1676	1272
1676	1324
1676	1604
1676	1760
1676	1839
1676	1977
1955	1135
1955	1151
1955	1154
1955	1190
1955	1222
1955	1267
1955	1328
1955	1391
1955	1443
1955	1535
1955	1572
1955	1623
1955	1629
1955	1630
1955	1807
1955	1845
1955	1873
1955	1920
1955	1939
1955	1945
1955	1964
1955	1970
1955	1998
55	164
55	871
55	898
55	899
164	60
164	156
164	842
871	69
871	141
871	249
871	277
871	338
871	457
871	484
871	536
871	538
871	795
871	856
871	951
871	963
871	989
898	188
898	317
898	323
898	346
898	446
898	500
898	776
898	829
898	876
898	922
898	942
899	394
899	395
899	587
899	658
899	704
899	761
899	811
899	880
899	909
899	911
899	917
899	951
899	970
899	972
899	997
1048	1208
1048	1272
1048	1512
1208	1509
1208	1584
1208	1720
1272	1404
1272	1550
1272	1888
1512	1445
1512	1631
1512	1644
1512	1720
56	178
56	520
56	685
178	388
178	400
178	659
520	349
520	434
520	954
520	982
685	231
685	553
685	671
685	763
685	916
685	920
685	989
57	368
57	697
57	802
368	434
368	485
697	551
697	718
697	847
697	923
697	955
697	970
697	974
802	293
802	424
802	542
802	642
802	661
802	705
802	722
802	922
1049	1265
1049	1356
1265	1475
1265	1727
1265	1879
1265	1920
1356	1438
1356	1997
58	96
58	424
58	468
58	1690
96	1627
96	761
96	956
424	532
424	711
424	716
424	834
468	353
468	931
468	993
1690	1431
1690	1757
1690	1812
1690	1845
1690	1903
1690	1912
1690	1971
59	419
59	575
59	696
419	186
419	664
419	925
575	92
575	593
575	654
575	736
575	880
696	200
696	358
696	560
696	793
696	995
1050	1803
1050	1834
1050	1966
1803	1118
1803	1269
1803	1565
1803	1595
1803	1792
1803	1823
1803	1852
1803	1938
1803	1944
1803	1947
1834	1106
1834	1217
1834	1325
1834	1604
1834	1625
1834	1670
1834	1673
1834	1870
1834	1872
1834	1903
1834	1923
1834	1973
1966	1116
1966	1137
1966	1202
1966	1269
1966	1277
1966	1309
1966	1396
1966	1426
1966	1468
1966	1476
1966	1535
1966	551
1966	1595
1966	1719
1966	1737
1966	1743
1966	1871
1966	1895
1966	1899
1966	1947
1966	1957
1966	1995
1966	1998
1051	1853
1051	1883
1051	1900
1853	1190
1853	1318
1853	1531
1853	1599
1853	1724
1853	1837
1853	1934
1853	1961
1853	1962
1883	1352
1883	1656
1883	1781
1883	1802
1883	1816
1883	1838
1883	1912
1883	1939
1883	1970
1883	1995
1900	1321
1900	1473
1900	1497
1900	1499
1900	1534
1900	1602
1900	1678
1900	1726
1900	1752
1900	1802
1900	1815
1900	1905
1900	1989
60	362
60	931
362	837
362	914
931	132
931	261
931	361
931	494
931	648
931	653
931	747
931	794
931	817
931	857
931	880
931	905
931	989
931	995
1052	1797
1052	1859
1797	1160
1797	1267
1797	1405
1797	1554
1797	1719
1797	1855
1797	1894
1797	1985
1859	1468
1859	1586
1859	1591
1859	1789
1859	1794
1859	1847
1859	1858
1859	1876
1859	1879
1859	1910
1859	1977
1053	1613
1053	1899
1053	1910
1053	1919
1613	1454
1613	1824
1613	1854
1613	1870
1613	1895
1613	1995
1899	1252
1899	1294
1899	1322
1899	1388
1899	1403
1899	1433
1899	1740
1899	1741
1899	1815
1899	1839
1899	1869
1899	1893
1899	1926
1899	1957
1899	1994
1910	1301
1910	1449
1910	1520
1910	1544
1910	1557
1910	1627
1910	1672
1910	1696
1910	1754
1910	1848
1910	1885
1910	1968
1910	1987
1910	1988
1919	1097
1919	1277
1919	393
1919	1387
1919	1501
1919	1559
1919	1563
1919	1582
1919	1689
1919	1715
1919	1917
1919	1934
1919	1945
1919	1948
1919	1957
1919	1960
1919	1996
61	87
61	559
61	982
87	560
87	772
559	347
559	570
559	740
559	921
982	65
982	113
982	223
982	324
982	398
982	422
982	464
982	619
982	624
982	682
982	724
982	742
982	746
982	773
982	777
982	809
982	834
982	846
982	892
982	922
982	964
982	995
1054	1392
1054	1396
1054	1837
1392	1938
1396	1063
1396	1327
1837	1106
1837	1315
1837	1421
1837	1462
1837	1684
1837	1823
1837	1850
62	300
62	653
62	997
300	900
300	977
653	237
653	761
653	764
653	791
653	940
653	959
997	126
997	140
997	304
997	309
997	311
997	372
997	435
997	476
997	497
997	535
997	583
997	617
997	621
997	649
997	661
997	665
997	757
997	857
997	862
997	908
997	923
997	924
997	956
997	957
997	963
997	995
1055	1259
1055	1422
1055	1531
1055	1845
1259	1296
1259	1450
1259	1729
1259	1964
1422	1936
1422	1952
1422	967
1422	1962
1531	1376
1531	1466
1531	1977
1845	1270
1845	1333
1845	1528
1845	1537
1845	1698
1845	1742
1845	1754
1845	1894
1845	1915
1845	1948
1845	1994
1056	1637
1056	1648
1056	1839
1056	1944
1637	1357
1637	1386
1637	1688
1637	1887
1637	1933
1648	1339
1648	1353
1648	1573
1648	1649
1648	1897
1839	1254
1839	1530
1839	1692
1839	1737
1839	1755
1839	1763
1839	1800
1839	1868
1839	1888
1839	1970
1944	1105
1944	1177
1944	1220
1944	1314
1944	1455
1944	1487
1944	1499
1944	1511
1944	1619
1944	1621
1944	1644
1944	1741
1944	1771
1944	1873
1944	1893
1944	1917
1944	1945
1944	1971
1944	1996
1944	1997
1057	1123
1057	1656
1057	1960
1123	1585
1123	1815
1656	1368
1656	1691
1656	1931
1656	1936
1656	1939
1960	144
1960	1221
1960	1343
1960	1346
1960	1361
1960	1436
1960	1514
1960	1522
1960	1555
1960	1612
1960	1649
1960	1822
1960	1847
1960	1873
1960	1885
1960	1902
1960	1929
1960	1930
1960	1941
1960	1962
1960	1981
1960	1994
1058	1281
1058	1820
1058	1961
1058	1987
1281	1538
1281	1756
1281	1994
1820	1087
1820	313
1820	1377
1820	1441
1820	1565
1820	1727
1820	1744
1820	1794
1820	1870
1820	1973
1961	1103
1961	1140
1961	1247
1961	1329
1961	1508
1961	1525
1961	1532
1961	1628
1961	1683
1961	1757
1961	1830
1961	1848
1961	1872
1961	1912
1961	1915
1961	1950
1961	1958
1987	1129
1987	1147
1987	1174
1987	1244
1987	1262
1987	1299
1987	1470
1987	1559
1987	1561
1987	1583
1987	1634
1987	1763
1987	1776
1987	1786
1987	1905
1987	1917
1987	1926
1987	1927
1987	1929
1987	1941
1987	1950
1987	1951
1987	1958
1987	1962
1987	1995
63	578
63	734
63	967
578	444
578	511
578	613
578	635
578	886
734	114
734	119
734	551
734	568
734	730
734	889
734	891
734	900
734	911
734	979
967	182
967	185
967	429
967	440
967	467
967	522
967	558
967	561
967	584
967	591
967	602
967	650
967	671
967	674
967	691
967	715
967	791
967	865
967	924
967	942
967	945
967	963
1911	1200
1911	1240
1911	1318
1911	1383
1911	1429
1911	1568
1911	1696
1911	1753
1911	1781
1911	1783
1911	1789
1911	1855
1911	1915
1911	1923
1911	1929
1911	1952
64	305
64	953
305	637
305	892
305	928
953	109
953	226
953	316
953	339
953	418
953	472
953	495
953	505
953	541
953	1706
953	725
953	766
953	781
953	823
953	837
953	860
953	956
953	970
953	979
1060	459
1060	1945
1060	1962
1060	1997
459	848
459	928
459	938
1945	1128
1945	1159
1945	1229
1945	1373
1945	1387
1945	1477
1945	1487
1945	1643
1945	1693
1945	1844
1945	1846
1945	1881
1945	1923
1945	1938
1945	1939
1945	1968
1945	1989
1945	1997
1962	1061
1962	1122
1962	1133
1962	1341
1962	1388
1962	1457
1962	1473
1962	1549
1962	1596
1962	1636
1962	1644
1962	1666
1962	1723
1962	1731
1962	1744
1962	1759
1962	810
1962	1828
1962	1887
1962	1985
1997	1094
1997	1100
1997	1115
1997	1162
1997	1165
1997	1311
1997	1343
1997	1503
1997	1530
1997	1638
1997	1657
1997	1718
1997	1802
1997	1804
1997	1825
1997	1826
1997	1939
1997	1950
1997	1952
1997	1973
1997	1977
1997	1994
1997	1996
1061	1235
1061	1703
1061	1964
1235	1842
1235	1917
1235	1981
1703	1623
1703	1728
1703	1780
1703	902
1703	1937
1703	1996
1964	1169
1964	1218
1964	1421
1964	1433
1964	1480
1964	1517
1964	1585
1964	1686
1964	692
1964	1739
1964	1825
1964	1848
1964	1920
1964	1931
1964	1947
1964	1948
1964	1970
1964	1973
65	351
65	445
65	552
351	336
351	431
351	912
445	698
445	767
445	924
552	209
552	472
552	530
552	829
552	921
66	666
66	791
66	809
666	399
666	503
666	604
666	650
666	656
666	970
791	257
791	484
791	503
791	725
791	884
791	979
809	336
809	422
809	556
809	594
809	634
809	641
809	718
809	951
809	954
809	993
67	175
67	245
67	774
175	739
175	966
245	342
245	359
245	715
774	75
774	364
774	417
774	681
774	725
774	781
774	895
774	907
774	941
774	955
68	118
68	728
68	858
68	915
118	250
118	956
728	115
728	640
728	642
728	704
728	929
728	942
728	972
858	89
858	269
858	324
858	329
858	359
858	369
858	681
858	785
858	907
858	914
858	918
858	954
915	140
915	307
915	334
915	427
915	541
915	554
915	564
915	673
915	912
915	917
915	922
915	941
69	284
284	437
284	874
1062	1389
1062	1851
1062	1862
1389	1137
1389	1186
1389	1358
1389	1595
1851	1071
1851	1090
1851	1306
1851	1402
1851	1490
1851	1629
1851	1639
1851	1706
1851	1826
1851	1846
1851	1855
1851	1947
1862	1196
1862	1541
1862	1631
1862	1715
1862	1874
1862	1905
1862	1908
1862	1929
1862	1989
1862	1995
1063	1249
1063	1363
1249	1639
1249	1754
1249	1823
1363	1268
1363	1848
742	240
742	393
742	831
742	922
742	932
742	938
1064	1388
1064	1471
1064	1502
1064	1867
1471	1082
1471	1887
1502	1405
1502	1933
1502	1988
1867	1110
1867	1297
1867	1504
1867	1616
1867	1668
1867	1780
1867	837
1867	1950
1867	1996
1065	1075
1065	1866
1065	1952
1065	1985
1075	1537
1075	1780
1075	1998
1866	1125
1866	1266
1866	1330
1866	1390
1866	1532
1866	1563
1866	1827
1866	1860
1866	1925
1866	1934
1866	1977
1866	1991
1866	1995
1866	1996
1952	1205
1952	1286
1952	1446
1952	1491
1952	1563
1952	1616
1952	1679
1952	1748
1952	1754
1952	751
1952	1813
1952	1846
1952	1937
1952	1948
1952	1950
1952	1951
1952	1995
1952	1996
1985	1129
1985	1191
1985	1275
1985	1294
1985	1398
1985	1410
1985	1428
1985	1476
1985	1478
1985	1498
1985	1588
1985	1603
1985	1659
1985	1667
1985	1725
1985	1738
1985	1747
1985	1755
1985	1793
1985	1852
1985	888
1985	1901
1985	1903
1985	1920
1985	1970
1066	1667
1066	1681
1066	1742
1667	1171
1667	1558
1667	1807
1667	936
1667	1934
1681	1165
1681	1514
1681	1823
1681	1929
1681	1949
1681	1970
1742	1748
1742	1776
1742	1957
1145	1334
1145	1858
1410	1089
1410	1566
1777	1104
1777	1602
1777	1701
1777	1874
1777	1887
1068	1304
1068	1428
1068	1557
1304	1169
1304	1664
1304	1732
1304	1888
1428	1577
1428	1823
1428	1936
1428	1939
1557	1549
1557	1738
1557	1758
1557	1897
1069	1077
1069	1807
1069	1864
1069	1881
1077	1750
1807	1423
1807	1460
1807	1548
1807	1615
1807	1889
1807	1937
1864	1222
1864	1273
1864	1303
1864	1324
1864	1353
1864	1378
1864	1764
1864	1933
1881	1124
1881	1369
1881	1462
1881	1547
1881	1719
1881	1739
1881	1855
1881	1906
1881	1915
1881	1933
1881	1994
1881	1996
71	661
71	928
71	977
71	979
661	440
661	798
661	807
661	840
928	119
928	246
928	316
928	503
928	815
928	964
928	977
977	100
977	1157
977	244
977	296
977	357
977	393
977	446
977	516
977	541
977	748
977	827
977	839
977	860
977	868
977	883
977	891
977	895
977	902
977	905
977	979
979	98
979	235
979	348
979	370
979	603
979	687
979	701
979	764
979	776
979	779
979	790
979	792
979	795
979	844
979	847
979	849
979	870
979	889
979	908
979	932
979	933
979	955
1630	1567
1630	1583
1630	1719
1630	1789
1630	1810
1693	1138
1693	1791
1693	1838
1693	1887
1693	1903
1931	1142
1931	1207
1931	1221
1931	1414
1931	1506
1931	1566
1931	1568
1931	1605
1931	1645
1931	1704
1931	1776
1931	1789
1931	1840
1931	1947
1071	1784
1071	1895
1784	1879
1784	1938
1784	1939
1784	1975
1895	1279
1895	1395
1895	1497
1895	1555
1895	1689
1895	1747
1895	1812
1895	1915
1895	1929
1895	1995
72	321
72	415
72	590
321	524
321	842
415	318
415	721
415	905
590	230
590	737
590	754
590	763
590	933
590	966
1072	1550
1072	1786
1072	868
1072	1996
1550	1198
1550	1538
1550	1670
1550	1672
1550	1764
1786	1464
1786	1479
1786	1702
1786	1749
1786	1825
1786	1934
1786	1994
1786	1998
868	74
868	525
868	539
868	561
868	645
868	650
868	792
868	844
868	850
868	913
868	929
868	963
1996	1210
1996	1226
1996	1253
1996	1348
1996	1446
1996	1523
1996	1568
1996	1580
1996	1582
1996	1633
1996	1640
1996	1695
1996	1698
1996	1725
1996	1738
1996	1747
1996	1771
1996	1802
1996	1860
1996	1873
1996	1905
1996	1947
1996	1949
1996	1968
73	460
73	860
460	372
460	542
460	581
460	723
460	862
860	1111
860	132
860	158
860	340
860	449
860	462
860	582
860	681
860	925
1073	1166
1073	1292
1073	1464
1073	568
1166	1189
1166	1995
1292	1573
1292	1799
1292	1800
1464	1349
1464	1749
1464	1947
1464	1981
568	135
568	328
568	682
568	765
1074	1424
1074	1585
1074	1815
1074	1995
1424	1751
1424	1885
1424	1981
1585	1263
1585	1539
1585	1989
1815	1603
1815	1825
1815	1947
1815	1948
1995	1082
1995	1204
1995	1231
1995	1394
1995	1427
1995	1466
1995	1472
1995	1554
1995	1629
1995	1633
1995	1650
1995	1748
1995	1758
1995	1765
1995	1810
1995	1828
1995	1836
1995	1843
1995	1856
1995	1869
1995	1902
1995	1908
1995	1936
1995	1938
1995	1975
1995	1991
74	452
74	917
452	577
452	636
452	727
452	828
917	219
917	387
917	393
917	545
917	654
917	693
917	801
917	839
917	895
917	920
917	923
917	955
917	970
1537	1491
1537	1855
1537	1908
1780	1216
1780	500
1780	1684
1780	1825
1780	1906
1780	1951
1780	1970
1998	1096
1998	1176
1998	1212
1998	1294
1998	1366
1998	1402
1998	1476
1998	1494
1998	1527
1998	1542
1998	1574
1998	1588
1998	1634
1998	1645
1998	1650
1998	1670
1998	1763
1998	1765
1998	1856
1076	1609
1076	1822
1609	1260
1609	1546
1609	1651
1609	1752
1609	1970
1609	1989
1822	1327
1822	1371
1822	1398
1822	1495
1822	1626
1822	1785
1822	1828
1822	1903
1822	1968
1822	1970
1750	1238
1750	1412
1750	1847
1750	1950
1750	1973
1750	1991
1078	1555
1078	1573
1078	1885
1078	1951
1555	1244
1555	1498
1555	1968
1555	1988
1573	1377
1885	1096
1885	1176
1885	1194
1885	1615
1885	1627
1885	1719
1885	1754
1885	1772
1885	1791
1885	1842
1885	1908
1885	1968
1951	1277
1951	1297
1951	1320
1951	1324
1951	1411
1951	1420
1951	1548
1951	1633
1951	1647
1951	1682
1951	1683
1951	700
1951	1771
1951	1920
1951	1950
1951	1957
75	91
91	848
91	956
76	660
76	863
76	886
660	197
660	246
660	327
660	361
660	433
660	545
660	857
863	124
863	233
863	462
863	566
863	672
863	806
863	876
863	878
863	925
863	941
863	942
863	955
863	972
886	524
886	619
886	642
886	680
886	724
886	746
886	916
886	930
886	974
77	507
77	990
507	682
507	815
990	1102
990	127
990	159
990	193
990	203
990	283
990	416
990	427
990	519
990	528
990	536
990	681
990	684
990	814
990	821
990	878
990	883
990	904
990	914
990	922
990	964
990	993
78	333
78	586
78	901
78	918
333	261
333	686
586	292
586	406
586	694
586	776
586	876
901	89
901	106
901	231
901	550
901	591
901	1759
901	849
901	888
901	892
901	911
901	945
918	211
918	519
918	624
918	674
918	698
918	746
918	757
918	806
918	810
918	827
918	888
918	890
918	908
918	914
918	933
1079	1362
1079	1737
1362	1559
1362	1685
1362	1754
1362	1830
1737	1411
1737	1533
1737	1793
1737	1798
1737	1889
1737	1989
79	112
79	207
79	497
79	913
112	243
112	926
207	109
207	810
913	379
913	451
913	454
913	478
913	480
913	487
913	547
913	623
913	694
913	735
913	836
913	874
913	896
913	905
913	933
1080	1302
1080	1434
1080	1794
1080	1981
1302	1844
1302	1873
1434	1110
1434	1130
1434	1804
1434	1930
1794	1342
1794	1511
1794	1654
1794	1888
1794	1908
1981	1172
1981	1288
1981	1349
1981	1371
1981	1391
1981	1397
1981	1408
1981	1526
1981	1530
1981	1692
1981	1727
1981	1733
1981	1738
1981	1800
1981	1816
1981	1854
1981	1874
1981	1908
1981	1912
1981	1926
1981	1927
1981	1929
1981	1958
1981	1994
80	602
80	727
80	945
602	258
602	346
602	941
602	993
727	334
727	462
727	616
727	755
727	850
727	857
727	870
727	879
727	889
945	150
945	200
945	244
945	535
945	539
945	741
945	748
945	765
945	814
945	817
945	862
945	883
945	954
945	955
945	963
945	970
1712	1171
1712	1426
1712	1751
1712	1831
1712	1893
1082	1387
1083	1430
1083	1516
1083	1902
1430	1414
1516	1446
1516	1813
1516	900
1516	1929
1516	1970
1902	1325
1902	1370
1902	1378
1902	1431
1902	1567
1902	1651
1902	1668
1902	1701
1902	1715
1902	1720
1902	1941
81	352
81	524
352	658
352	849
352	879
352	921
524	154
524	956
82	433
82	493
82	848
433	698
433	739
433	942
493	461
493	528
493	738
493	815
848	403
848	435
848	705
848	758
848	812
848	873
848	876
848	888
848	905
848	923
848	925
83	713
83	974
713	417
713	619
713	788
713	862
713	920
713	923
713	993
974	277
974	397
974	408
974	429
974	516
974	562
974	580
974	646
974	664
974	790
974	792
974	842
974	846
974	870
974	926
974	964
1206	1664
1206	1741
1929	1153
1929	1224
1929	1322
1929	1560
1929	1727
1929	1757
1929	1793
1929	1920
1929	1941
1085	1662
1085	1761
1085	1958
1085	1971
1662	1246
1662	1247
1662	1490
1662	1492
1662	1755
1662	1912
1761	1276
1761	1482
1761	1636
1761	1646
1761	1672
1761	1774
1761	1804
1761	1991
1958	1132
1958	1247
1958	1355
1958	1406
1958	1415
1958	1579
1958	1595
1958	1692
1958	1715
1958	1724
1958	1825
1958	1868
1958	1871
1958	1905
1958	1920
1958	1948
1971	125
1971	1263
1971	1279
1971	1297
1971	1440
1971	1569
1971	1570
1971	1618
1971	1631
1971	1669
1971	1741
1971	1760
1971	1828
1971	1836
1971	1843
1971	1894
1971	1901
1971	1906
1971	1922
1971	1947
1971	1973
1971	1975
589	448
589	465
589	647
589	687
589	940
589	970
708	633
708	673
708	795
708	812
708	817
708	1957
827	314
827	411
827	480
827	604
827	656
827	788
827	790
827	801
827	824
827	930
1627	1154
1627	1505
1627	1764
1627	1847
1722	1595
1722	1643
1722	1658
1722	1798
1722	1800
1722	1870
1722	1991
1722	1994
1936	1095
1936	1382
1936	1411
1936	1579
1936	1604
1936	1675
1936	1715
1936	1746
1936	1756
1936	1765
1936	1791
1936	1855
1936	1878
1936	1925
1936	1949
1087	1487
1087	1878
1087	1922
1487	1285
1487	1450
1487	1842
1878	1210
1878	1270
1878	1296
1878	1315
1878	1344
1878	1367
1878	1385
1878	1644
1878	1811
1878	1912
1878	1950
1922	1088
1922	1128
1922	1192
1922	1358
1922	1379
1922	1547
1922	1642
1922	1711
1922	1755
1922	1888
1922	1937
1922	1973
85	526
85	780
85	940
526	327
526	600
526	932
526	940
526	970
780	490
780	491
780	570
780	902
780	932
780	970
940	1261
940	270
940	522
940	548
940	628
940	739
940	779
940	794
940	821
940	828
940	862
940	880
940	896
940	922
930	99
930	238
930	342
930	1338
930	579
930	583
930	616
930	657
930	671
930	746
930	926
993	211
993	213
993	279
993	340
993	437
993	486
993	500
993	581
993	587
993	668
993	732
993	779
993	798
993	830
993	836
993	844
993	883
993	902
993	911
993	951
993	963
993	995
1088	1633
1088	1671
1088	1926
1633	1466
1633	1551
1633	1893
1671	1127
1671	1276
1671	1772
1671	1975
1926	1211
1926	1308
1926	1375
1926	1403
1926	1462
1926	1491
1926	1569
1926	1575
1926	1597
1926	1760
1926	1830
1926	1908
1926	1934
1926	1941
1089	1375
1089	1583
1089	1795
1375	1836
1583	1773
1583	1973
1795	1411
1795	1632
1795	1687
1795	1776
1795	1827
1795	1901
1795	1927
1795	1970
1795	989
1795	1991
560	123
560	731
560	879
560	966
772	124
772	208
772	404
772	693
772	736
772	865
772	936
772	942
772	966
1090	1729
1729	1136
1729	1311
1729	1351
1729	1416
1729	1447
1729	1500
1729	1989
88	335
88	533
88	545
335	171
335	593
533	232
533	891
533	966
545	313
545	636
545	773
89	933
933	160
933	218
933	270
933	318
933	482
933	584
933	642
933	647
933	716
933	721
933	735
933	746
933	879
933	892
933	941
90	131
90	814
131	141
131	756
814	165
814	249
814	294
814	476
814	664
814	776
814	880
814	907
814	925
1091	1600
1091	1843
1091	1948
1091	1975
1600	1231
1600	1319
1600	1764
1600	1783
1600	1893
1843	1504
1843	1616
1843	1696
1843	1743
1843	1870
1843	1873
1843	1906
1948	1140
1948	1153
1948	1188
1948	1280
1948	1309
1948	1472
1948	1616
1948	1792
1948	1812
1948	1816
1948	1854
1948	1973
1948	1988
1975	1105
1975	1111
1975	1181
1975	1243
1975	1339
1975	1477
1975	1517
1975	1526
1975	1591
1975	1668
1975	1706
1975	1773
1975	1869
1975	1887
1975	1897
1975	1925
1975	1937
1975	1939
1975	1949
1188	1970
1119	1200
1119	1810
1653	1554
1653	1598
1653	1658
1653	1706
1653	1753
1653	1872
956	224
956	228
956	481
956	515
956	531
956	532
956	644
956	763
956	834
956	839
956	888
956	912
956	941
956	957
956	995
92	442
92	771
442	264
442	282
442	342
442	925
771	121
771	147
771	192
771	205
771	889
771	921
771	989
1094	1307
1094	1941
1307	1330
1307	1595
1307	1824
1941	1283
1941	1294
1941	1327
1941	1340
1941	1365
1941	1473
1941	1590
1941	1688
1941	1758
1941	1838
1941	1847
1941	1860
1941	1930
1941	1977
1941	1991
1095	1495
1095	1994
1495	1102
1495	1825
1495	1872
1994	1268
1994	1312
1994	1316
1994	1329
1994	1380
1994	1420
1994	1423
1994	1444
1994	1476
1994	1576
1994	1629
1994	1719
1994	1752
1994	1771
1994	1772
1994	1824
1994	1879
1994	1905
1994	1920
1994	1938
1994	1950
1994	1968
1096	1731
1731	1242
1731	1369
1731	1581
1731	1917
1731	1939
1097	1905
1097	1920
1905	1364
1905	1509
1905	1551
1905	1615
1905	1711
1905	1757
1905	1842
1905	1854
1905	1947
1905	1973
1920	1210
1920	1252
1920	1276
1920	1530
1920	1542
1920	1638
1920	1696
1920	1813
1920	1923
1920	1939
1098	1165
1098	1172
1098	1649
1098	1685
1165	1977
1172	1533
1649	1300
1649	1359
1649	1743
1685	1581
1685	1711
1685	1826
1685	1836
1685	1855
1685	1949
1099	1202
1099	1539
1099	1879
1099	1950
1202	1825
1539	1365
1539	1400
1539	1501
1539	1638
1879	1177
1879	1355
1879	1418
1879	1423
1879	1575
1879	1748
1879	1781
1879	1838
1879	1906
1950	1116
1950	1268
1950	1444
1950	1453
1950	1548
1950	1674
1950	1678
1950	1702
1950	1715
1950	1744
1950	1793
1950	1799
1950	1816
1950	1968
94	484
94	732
484	642
484	737
732	95
732	246
732	371
732	457
732	611
732	765
1100	1352
1100	1385
1100	1672
1352	1813
1352	1887
1385	1459
1385	1860
1385	880
1672	1199
1672	1336
1672	1384
1672	1973
95	777
95	1934
777	222
777	456
777	705
777	741
777	905
777	955
777	972
1934	1253
1934	1297
1934	1386
1934	1455
1934	1556
1934	1570
1934	1575
1934	1588
1934	1701
1934	1774
1934	1798
761	145
761	1262
761	308
761	377
761	765
761	879
97	183
97	185
97	672
97	932
183	317
183	558
183	959
185	1564
185	619
672	102
672	461
932	233
932	364
932	418
932	428
932	521
932	641
932	675
932	711
932	712
932	811
932	824
932	896
932	907
1101	1317
1101	1570
1317	1140
1317	1280
1317	1462
1317	1991
1570	1137
1570	544
98	641
98	731
98	896
641	242
641	336
641	487
641	895
731	375
731	954
896	327
896	355
896	407
896	615
896	669
896	673
896	686
896	740
896	753
896	755
896	921
896	924
99	680
99	753
99	926
680	140
680	202
680	379
680	667
680	758
680	792
753	259
753	617
753	846
753	909
926	315
926	361
926	379
926	588
926	610
926	663
926	733
926	755
926	1783
926	892
926	912
100	113
100	168
113	587
168	260
168	638
101	521
101	655
101	698
101	941
521	196
521	821
521	900
521	907
655	176
655	292
655	584
655	1612
655	649
655	857
655	989
698	304
698	375
698	758
698	955
941	122
941	127
941	169
941	492
941	518
941	523
941	649
941	865
941	902
941	912
941	929
941	964
941	972
102	764
102	883
764	272
764	531
764	663
764	773
764	883
764	890
764	895
883	195
883	720
883	766
883	849
883	874
883	938
883	954
103	239
103	534
239	684
239	879
534	251
534	282
534	301
534	735
534	966
1103	1691
1103	1991
1691	1260
1691	1379
1691	1638
1691	1646
1691	1725
1991	1167
1991	1187
1991	1247
1991	1457
1991	1472
1991	1473
1991	1528
1991	1591
1991	1598
1991	1686
1991	1688
1991	1702
1991	1736
1991	1831
1991	1850
1991	1855
1991	1871
1991	1933
1991	1957
1991	1968
1104	1830
1830	1183
1830	1211
1830	1255
1830	1298
1830	1373
1830	1686
1830	1818
1830	1968
1105	1575
1575	1213
1575	1846
1106	1817
1817	1298
1817	1556
1817	1612
1817	1721
1817	1745
1817	1927
1817	1949
1107	1791
1107	1917
1791	1183
1791	1457
1791	1596
1791	1772
1791	1930
1917	1285
1917	1475
1917	1544
1917	1695
1917	1856
1917	1889
1917	1906
1917	1957
1917	1988
104	628
628	718
628	1751
628	756
628	942
628	995
1108	1475
1108	1799
1475	1174
1475	1395
1799	1288
1799	1377
1799	1429
1799	1490
1799	1692
1799	1701
1799	1927
1799	1989
1109	1315
1109	1566
1315	1194
1315	1873
1566	1459
1566	1692
1110	1869
1869	1431
1869	1629
1869	1660
1869	1679
1869	705
1869	1823
1869	1876
1869	1887
1869	1989
105	136
105	487
105	625
105	839
136	414
136	783
487	954
487	963
625	309
625	481
625	635
625	741
625	909
625	923
625	955
839	1113
839	160
839	417
839	505
839	540
839	611
839	856
106	551
551	530
551	562
551	908
1112	151
1112	1406
1112	1536
1112	1538
151	126
151	171
1406	1560
1406	1938
1536	1811
1536	1906
1536	1927
1538	1606
1538	1925
107	358
107	467
107	678
358	316
467	173
467	737
678	173
678	329
678	564
678	729
678	743
678	989
108	298
108	636
108	648
298	481
298	485
298	911
636	150
636	198
636	363
636	794
648	190
648	297
648	550
648	916
1113	1199
1113	1823
1113	1927
1823	1333
1823	1543
1823	1669
1823	1732
1823	1738
1823	1968
1927	1321
1927	1520
1927	1524
1927	1618
1927	1674
1927	1692
1927	1724
1927	1759
1927	1772
1927	1957
1114	1325
1114	1755
1325	1447
1325	1970
1755	1367
1755	1474
1755	1484
1755	1494
1115	1244
1115	1852
1244	1400
1852	1222
1852	1393
1852	1440
1852	1452
1852	1510
1852	1713
1852	1733
1852	740
1852	1792
1852	1893
1116	1407
1407	1167
1407	1494
1407	1657
1118	1529
1529	1497
1529	1590
109	485
109	849
485	517
485	644
849	116
849	256
849	381
849	724
849	798
849	902
849	929
110	288
110	535
110	715
288	530
288	623
535	447
535	773
715	311
715	671
715	806
111	402
111	793
402	844
402	873
793	219
793	316
793	354
793	700
793	720
793	741
793	746
793	829
1200	1237
1200	1687
1810	1332
1810	1467
1810	1558
1810	1612
1810	1789
1810	1846
1810	1938
1810	1989
587	739
587	891
587	970
1120	1354
1120	1748
1120	1912
1354	1811
1748	1158
1748	1233
1748	1326
1748	1438
1748	1809
1912	1214
1912	1251
1912	1252
1912	1450
1912	1452
1912	1480
1912	1713
1912	1739
1912	1772
1912	1888
114	248
114	837
248	694
248	773
837	274
837	328
837	525
837	539
837	847
837	865
837	905
837	929
1121	1337
1121	1544
1121	1871
1121	1893
1337	1214
1337	1511
1337	1695
1544	1350
1544	1368
1544	1643
1871	1316
1871	1619
1871	1720
1871	1754
1871	1801
1871	1811
1871	1844
1871	1973
1893	1285
1893	1584
1893	1652
1893	1670
1893	1745
1893	1785
1893	995
1122	1130
1122	1153
1122	1586
1153	1763
1586	1268
1586	1854
1586	1939
1586	1989
115	489
489	874
116	470
116	803
470	556
470	907
803	285
803	286
803	339
803	465
803	486
803	691
803	730
803	884
117	388
117	605
388	501
388	690
388	785
605	370
605	738
605	779
605	857
605	889
605	922
1124	1157
1124	1347
1157	1329
1157	1616
1347	1370
1347	1628
1347	1989
1125	1437
1125	1657
1437	1291
1437	1646
1437	1811
1437	1850
1657	1383
1657	1818
250	201
250	840
250	889
120	391
120	601
120	908
391	179
391	643
601	170
601	611
601	614
601	645
601	665
601	763
908	259
908	343
908	384
908	420
908	465
908	547
908	621
908	765
908	821
908	902
908	966
121	407
121	674
407	366
407	499
407	925
674	414
674	531
674	970
674	972
123	615
123	783
123	815
615	318
615	799
615	815
615	819
783	490
783	640
783	675
783	756
783	905
783	942
815	128
815	238
815	267
815	481
815	737
815	781
815	876
815	920
1127	1193
1127	1625
1193	1154
1193	1360
1193	1427
1625	1267
1625	1429
1625	1860
1625	1888
1625	1939
1128	1669
1128	1854
1669	1599
1669	1634
1669	1727
1669	1818
1669	1915
1854	1151
1854	1196
1854	1329
1854	1405
1854	1590
1854	1856
1854	1876
1854	1915
1854	1949
1129	1284
1129	1574
1284	1131
1284	1341
1284	1870
1574	1179
1574	1399
1574	1840
1574	1989
125	263
263	225
263	469
1131	1490
1131	1781
1490	1572
1490	1632
1781	1326
1781	1467
1781	1534
1781	1567
1781	1957
1781	1968
1132	1186
1132	1831
1186	1809
1186	1938
1831	1386
1831	1412
1831	1505
1831	1587
1831	1634
1831	1789
1831	1847
1831	1897
1133	1726
1133	1901
1726	1255
1726	1455
1726	1694
1726	1752
1726	1763
1901	1135
1901	1168
1901	1465
1901	1565
1901	1606
1901	1611
1901	1725
1901	1773
1901	1915
1135	1897
1897	1439
1897	1473
1897	1771
1897	1840
1897	1868
1897	1930
1897	1937
126	483
483	408
483	536
483	766
483	929
1136	1509
1136	1651
1136	1664
1509	1161
1509	220
1509	1923
1651	1366
1651	1565
1651	1628
1651	1925
1664	1335
1664	1590
1664	1636
1664	1774
1664	1789
1664	1977
127	794
127	951
794	152
794	195
794	204
794	504
794	517
794	557
794	622
794	795
951	264
951	291
951	522
951	581
951	596
951	597
951	689
951	690
951	729
951	810
951	911
951	942
951	959
951	995
1138	1939
1939	1353
1939	1453
1939	1564
1939	1666
1939	1743
128	274
274	694
274	704
274	964
129	347
129	498
129	566
347	643
347	824
347	924
498	478
498	541
498	595
566	684
566	707
566	929
1139	1323
1139	1401
1139	1545
1139	1876
1323	1757
1323	1989
1401	1433
1401	1736
1401	1889
1545	1461
1545	1486
1545	1754
1876	1178
1876	1254
1876	1314
1876	1560
1876	1736
1876	1760
1876	1776
174	405
921	203
921	235
921	346
921	357
921	475
921	600
921	1663
921	743
921	757
921	773
141	565
141	722
756	579
756	610
756	704
756	799
756	959
132	801
801	386
801	462
801	639
801	707
801	750
801	842
801	963
133	214
133	847
133	920
214	812
214	874
847	179
847	225
847	303
847	341
847	471
847	577
847	738
847	902
847	904
920	138
920	413
920	431
920	538
920	627
920	640
920	824
920	889
920	902
920	907
920	995
1140	1344
1344	1824
1344	1949
1376	1343
1376	1751
1783	1427
1783	1706
1783	1842
1783	1870
1142	1695
1695	1349
1695	1800
1695	1970
135	687
687	564
687	746
687	817
414	375
414	879
414	936
1143	1221
1143	1460
1143	1753
1221	1171
1460	1248
1460	1719
1460	1947
1753	1595
1753	1698
1753	1760
1753	1816
170	472
208	938
1217	1560
1217	1675
1334	1336
1334	1923
1858	1161
1858	1278
1858	1404
1858	1408
1858	1632
1858	1683
1858	1792
1858	1802
1858	1856
1858	1915
1858	1973
1146	1233
1146	1472
1233	1160
1472	1752
1472	1793
1147	1196
1147	1840
1196	1826
1840	1243
1840	1252
1840	1279
1840	1398
1840	1636
1840	1760
1840	1868
1840	1988
138	494
138	895
494	464
494	995
895	363
895	390
895	421
895	536
895	595
895	831
139	781
781	199
781	287
781	420
781	718
781	938
1149	1439
1149	1447
1149	1547
1149	1752
1439	1543
1439	1582
1439	730
1439	1906
1447	160
1447	1476
1447	1949
1547	1404
1547	1785
1752	1287
1752	1754
1752	1887
140	924
924	275
924	413
924	425
924	639
924	856
924	891
924	914
924	923
565	337
565	471
565	473
565	878
565	955
722	371
722	490
722	567
722	638
722	817
722	846
722	911
722	938
1150	1728
1150	1746
1150	914
1150	1977
1728	1226
1728	1342
1728	1438
1728	1485
1728	1793
1728	1970
1746	1305
1746	1332
1746	1452
1746	1605
914	163
914	255
914	257
914	454
914	496
914	645
914	650
914	692
914	922
1977	1225
1977	1384
1977	1405
1977	1440
1977	1503
1977	1526
1977	1532
1977	1558
1977	1579
1977	1715
1977	1720
1977	1738
1977	1771
1977	1818
1977	1889
1977	1906
1977	1973
577	416
596	157
596	689
596	955
567	644
567	840
567	959
1151	1745
1151	1758
1745	1370
1745	1543
1745	1694
1745	1702
1745	1933
1745	1973
1758	1661
1758	1678
1758	1725
1758	1889
1758	1947
144	332
144	486
332	692
332	907
332	970
486	675
486	828
145	210
145	850
210	234
210	365
210	798
850	310
850	396
850	488
850	616
850	671
850	748
850	840
850	911
1152	1414
1152	1743
1414	1478
1414	1482
1743	1381
1743	1827
1743	1937
1763	1572
1763	1596
1763	1638
1763	1702
1763	1937
146	336
146	810
146	909
810	184
810	314
810	750
810	938
909	186
909	320
909	380
909	540
909	798
909	812
909	821
909	836
909	955
1154	1528
1528	1305
147	435
147	856
435	429
435	614
435	964
856	177
856	510
856	879
856	923
856	959
357	166
149	836
836	249
836	272
836	440
836	473
836	597
836	748
836	828
836	900
836	934
150	639
150	902
639	451
639	591
639	862
902	637
902	846
902	900
902	942
902	955
902	959
171	196
171	735
152	667
152	807
667	403
667	405
667	725
667	795
667	900
807	269
807	345
807	634
807	656
807	870
807	890
807	905
807	963
1155	1659
1155	1683
1155	1756
1659	1254
1659	1358
1659	1673
1659	1718
1659	1989
1683	1161
1683	1236
1683	1577
1683	1738
1756	1255
1756	1256
1756	1261
1756	1485
153	380
153	748
380	750
748	156
748	392
748	831
748	959
154	340
154	673
340	359
340	884
673	638
673	701
673	706
673	823
1156	1198
1156	328
1156	1489
1156	1623
1198	1615
328	473
1489	1397
1489	1469
1489	1611
1489	1860
1623	1425
1623	1785
155	314
155	492
155	873
314	410
492	447
492	779
873	229
873	295
873	319
873	428
873	478
873	539
873	603
873	656
873	700
873	844
873	989
156	665
156	995
665	438
665	624
665	681
665	811
995	182
995	251
995	254
995	337
995	387
995	422
995	473
995	514
995	539
995	564
995	735
995	792
995	876
995	888
995	900
995	922
995	934
995	942
995	989
1616	1321
1616	1335
1616	1873
157	518
157	964
518	209
518	240
518	429
518	471
964	338
964	502
964	582
964	594
964	647
964	649
964	686
964	751
964	767
964	888
964	938
158	540
158	610
540	276
540	659
540	957
610	269
610	942
159	227
159	621
227	637
227	905
621	323
621	544
621	970
1158	1592
1158	1887
1592	1455
1592	1511
1592	1584
1592	1836
1887	1364
1887	1412
1887	1889
160	970
970	280
970	404
970	580
970	593
970	604
970	616
970	629
970	633
970	957
315	502
315	819
315	842
350	224
350	466
652	289
652	523
652	642
652	675
652	725
652	755
652	857
1159	1523
1159	1989
1523	1524
1523	1576
1523	1765
1523	1824
1989	1271
1989	1397
1989	1399
1989	1565
1989	1591
1989	1638
1989	1674
1989	1707
1989	1732
1989	1827
1989	1968
163	663
163	840
663	556
663	640
663	738
663	880
840	232
840	330
840	458
840	477
840	1576
840	607
840	627
840	664
840	936
842	398
842	528
842	749
842	767
842	890
842	923
842	954
1160	1824
1824	1421
1824	1533
1824	1596
1824	1597
1824	1689
1824	1744
1824	1908
165	647
165	912
647	669
647	720
647	876
647	963
912	276
912	499
912	542
912	593
912	642
912	729
912	733
912	806
912	884
1162	1209
1162	1715
1209	1301
1209	1541
1209	1721
1715	1645
167	681
167	1811
681	510
681	739
1811	1563
1811	1643
1811	1759
1811	1764
1811	1798
1811	1988
260	694
260	707
260	824
260	880
638	443
638	725
169	177
177	235
177	310
472	635
472	892
196	223
196	725
735	230
735	536
735	600
1164	1181
1164	1486
1164	1804
1181	1279
1181	1450
1486	1532
1486	1606
1486	757
1804	1227
1804	1251
1804	1269
1804	1306
1804	1369
1804	1554
1804	1614
172	622
172	934
622	500
622	584
622	691
622	876
934	292
934	310
934	363
934	421
934	1436
934	447
934	597
934	686
934	694
934	785
934	892
934	900
934	911
934	916
173	723
173	757
723	304
723	972
757	359
757	547
757	656
757	959
1189	241
1189	1358
1189	1723
739	256
739	811
739	870
739	963
966	286
966	345
966	395
966	408
966	469
966	548
966	583
966	611
966	682
966	704
966	743
966	776
966	779
966	831
966	905
966	989
1168	1176
1168	1793
1176	1603
1793	1236
1793	1336
1793	1500
1793	1860
1169	1654
1654	1568
1654	1813
1654	1930
1626	1514
1626	1554
1626	1688
1626	1692
1626	1738
176	463
176	829
176	955
463	194
463	574
829	244
829	499
829	594
829	724
829	922
955	241
955	517
955	614
955	629
955	669
955	675
955	700
955	799
955	890
235	888
310	725
400	441
400	724
659	413
659	465
659	591
659	631
659	795
179	237
237	611
237	707
1533	1500
1533	1933
180	862
180	876
862	194
862	374
862	689
862	798
862	844
862	959
876	495
876	830
876	957
1174	1658
1658	1694
1658	1760
1658	1970
181	275
181	285
181	441
275	580
275	629
285	387
285	834
441	716
441	751
441	828
1175	1261
1175	1480
1175	1551
1175	1581
1261	1403
1261	1968
1480	1237
1480	1749
1551	1572
1551	1812
1581	1349
1581	1416
182	251
251	700
317	349
317	515
558	231
558	844
959	226
959	323
959	349
959	519
959	538
959	553
959	597
959	741
959	779
959	819
959	989
184	475
475	223
475	684
1603	1589
1603	1634
1603	1678
1177	1720
1177	1801
1720	1491
1720	1706
1720	1751
1801	1279
1801	1415
1801	1652
1801	1706
1801	1812
1178	1868
1178	1970
1868	1180
1868	1457
1868	1542
1868	1559
1868	1889
1868	1937
1970	1327
1970	1357
1970	1454
1970	1466
1970	1479
1970	1622
1970	1642
1970	1663
1970	1828
1970	1848
1179	1223
1179	1416
1223	1461
1223	1645
1416	1238
1416	1906
1564	1420
1564	1452
1564	1632
1564	1740
619	890
1180	1563
1180	1826
1563	1903
1826	1503
1826	591
1826	1644
1826	1647
1826	1732
1826	1938
186	878
186	942
878	218
878	241
878	292
878	427
878	522
878	584
878	828
878	834
878	954
942	202
942	277
942	339
942	469
942	686
942	704
942	929
942	989
1182	1187
1182	1285
1182	1382
1182	1933
1187	1596
1187	1988
1285	1236
1382	1425
1382	1453
1933	1276
1933	1353
1933	1543
1933	1576
1933	1679
1933	1828
1933	1844
1933	1968
1933	1988
188	502
188	635
502	308
502	331
502	754
635	296
635	957
189	355
189	929
189	954
355	270
355	396
355	495
929	474
929	758
929	834
929	846
929	857
929	891
929	900
929	925
954	294
954	341
954	428
954	451
954	482
954	491
954	528
954	613
954	620
954	704
954	712
954	751
954	806
954	821
954	824
954	884
954	889
190	398
190	668
190	754
398	749
398	754
668	278
668	411
668	456
668	819
754	421
754	516
754	705
754	880
754	957
192	421
421	366
1183	1842
1842	1256
1842	1305
1842	1846
1842	1894
193	254
193	614
193	711
254	692
614	376
614	392
711	532
711	693
711	738
711	889
711	963
1461	1527
1461	1906
194	418
194	664
418	373
418	972
664	746
664	957
1809	1194
1809	1326
1809	1386
1809	1443
1809	1499
1809	1614
1809	1741
1809	1930
1938	1314
1938	1342
1938	1398
1938	1647
1938	1684
1938	1698
1938	1937
1596	1802
1988	1195
1988	1207
1988	1290
1988	1468
1988	1499
1988	1542
1988	1597
1988	1629
1988	1666
1988	1723
1988	712
1988	1789
1988	1812
1988	1825
1988	1908
725	216
725	905
197	511
511	496
511	504
511	669
511	718
511	936
198	203
198	291
291	496
291	957
199	262
199	1433
199	806
262	658
262	741
1433	1957
806	338
806	409
806	548
806	767
806	907
200	276
200	888
276	821
888	295
888	510
888	623
888	658
888	738
888	773
888	938
201	320
320	730
320	763
241	367
1358	1240
1723	1298
1723	1429
1723	1906
1191	1351
1191	1599
1191	1640
1351	1203
1351	1415
1351	1440
1599	1719
1640	1501
1640	1597
1640	1718
1640	1957
1640	1973
1192	1310
1192	1321
1310	1322
1310	1764
202	373
202	480
373	547
480	594
1360	1245
1360	1378
1360	1642
1360	1650
1427	1457
1427	1818
1427	1888
1195	1949
1949	1225
1949	1319
1949	1419
1949	1474
1949	1484
1949	1598
1949	1739
1949	1856
1949	1889
204	420
204	989
420	600
989	242
989	345
989	366
989	389
989	491
989	501
989	538
989	684
989	691
989	824
989	884
989	900
1732	1251
1732	1739
1732	1894
205	457
457	458
457	870
206	372
206	654
372	624
654	329
654	525
654	767
654	923
1615	1606
1615	1855
1687	1243
1687	1291
1687	1435
1687	1525
1825	1702
1825	1848
938	266
938	346
938	456
938	607
938	821
938	972
1204	1484
1484	1418
1205	1474
1474	1661
1474	1798
209	455
455	224
455	501
455	936
1741	1218
1741	1491
1741	1517
1741	1618
234	277
234	865
365	386
365	642
365	701
365	795
798	339
798	503
798	684
798	736
798	747
211	765
765	292
765	474
765	729
212	891
212	905
891	219
891	481
891	767
891	870
905	302
905	530
905	879
213	477
477	609
477	612
477	857
1584	1319
1584	1673
1584	1751
1584	1930
812	548
812	684
812	817
812	936
812	972
874	236
874	431
874	627
874	718
874	724
874	776
874	830
215	267
215	382
267	334
267	645
382	620
382	637
1301	1508
1301	1836
1541	1330
1541	1419
1541	1621
1541	1838
1721	1444
1721	1684
1721	1724
1721	1870
1721	1925
1210	1319
1319	1923
1211	1283
1283	1361
1283	1646
1212	1216
1216	1937
216	570
216	880
570	447
570	817
880	516
880	689
880	795
880	823
880	879
880	925
597	416
597	790
1213	1345
1213	1740
1345	1812
1345	1818
1740	1378
1740	1504
1740	1792
1214	1498
1498	1492
218	544
544	375
544	381
544	454
1215	1661
1661	1639
1661	1645
220	434
220	631
434	301
434	821
434	823
631	249
631	633
631	657
631	682
631	817
221	751
751	773
751	785
751	963
1937	1330
1937	1411
1937	1543
1937	1663
1937	1694
1937	1856
1937	1947
1560	1696
1560	1816
1675	1242
1675	1346
1675	1426
1675	1634
1675	1686
1675	1704
222	404
222	408
222	712
404	375
408	609
408	923
712	395
712	406
712	554
712	574
712	627
1218	1957
1957	1390
1957	1425
1957	1698
1957	1711
1957	1800
1957	1925
1957	1968
1219	1588
1219	1889
1219	1930
1588	1846
1588	1947
1889	1413
1889	1497
1889	1598
1889	1701
1930	1384
1930	1398
1930	1399
1930	1497
1930	1650
1930	1873
1930	1908
1220	1733
1733	1443
1733	790
1733	1838
1733	1923
1733	1973
224	294
294	478
1222	1903
1903	1468
1903	1507
1903	1556
1903	1558
1903	1663
1903	1812
1903	1848
225	302
302	564
302	724
1645	1449
1645	1482
1224	1525
1224	1696
1525	1652
1696	1229
1696	1286
1225	1828
1828	1436
1828	1559
1828	1562
1828	1579
1828	1636
1828	1688
1828	1874
637	308
637	354
637	495
637	957
1227	1747
1227	1749
1747	1455
1747	1844
1747	1923
1749	1468
1749	1561
1749	1679
1749	1759
1749	1874
1749	1968
228	309
228	743
228	746
309	936
743	1470
743	557
746	644
1229	1418
1418	1906
1400	1467
1231	1521
1521	1478
1521	1517
1521	1524
1521	1713
229	740
740	423
740	427
740	736
740	831
1724	1316
1724	1510
1724	1548
1724	1569
1724	1850
865	236
865	562
865	582
865	694
865	870
865	911
1234	1508
1234	1847
1508	1412
1508	1520
1508	1704
1847	1597
1847	1776
236	911
911	354
911	811
911	834
911	923
611	272
707	287
707	423
707	557
707	963
1236	1565
1565	1591
1238	1532
1238	1827
1532	1744
1827	1335
1827	1684
1827	1738
1827	1968
238	431
431	386
1239	1813
1813	1408
1813	1526
1813	1567
1813	1773
684	478
879	392
879	539
879	584
879	705
240	579
579	593
1241	1300
1241	1543
1241	1650
1241	1802
1300	1431
1300	1587
1300	1838
1650	1686
1650	1860
1802	1738
1802	1844
1802	1894
367	730
367	749
242	907
907	525
907	588
907	612
907	675
907	706
1242	1350
1242	1604
1350	1639
1350	1798
342	343
1245	1373
1245	1850
1850	1361
1850	1501
1850	1642
1850	1713
1850	1816
1246	1405
1246	1469
1246	1894
1405	1660
1469	1326
1469	1482
1469	1764
1894	1506
1894	555
1894	1643
1894	1678
1894	1702
1894	1776
1894	1844
1894	1855
1248	1403
1248	1580
1580	1273
1580	1355
1580	1589
246	1556
1556	1652
1556	1706
1556	1973
247	922
922	329
922	346
922	506
922	658
922	693
694	438
694	496
694	733
773	324
773	329
773	504
773	730
889	553
889	785
889	799
889	904
889	916
1639	1305
1639	1505
1639	1711
1639	1906
1754	1306
700	366
700	675
1602	788
1602	1848
331	1947
716	510
716	963
1251	1718
1718	1312
1718	1707
1718	1818
692	312
692	411
692	462
692	693
692	750
255	369
369	258
369	706
369	923
1252	1296
1253	1332
1253	1587
1253	1846
1587	1647
1587	1870
1846	1333
1846	1399
1846	1571
1846	1590
1846	1644
1846	1925
1254	1526
1255	1419
1255	1562
1419	1440
1419	1772
1562	1438
256	268
256	390
268	286
268	613
390	516
1256	1415
1256	1874
1415	1670
1874	1340
1874	1348
1874	1390
1874	1571
1257	1393
1257	1402
1257	1507
1257	1923
1393	1629
1393	1860
1402	1619
1402	1925
1507	1459
1507	1497
1507	1947
1923	1270
1923	1535
1923	1554
1923	1571
1923	1628
1923	1682
1923	1736
1923	1908
1923	1915
257	319
257	580
319	354
319	612
580	374
580	595
1260	1558
1260	1725
1558	1449
1558	1789
1725	1299
1725	1771
824	682
261	830
261	846
830	337
830	384
830	473
830	643
830	656
846	283
846	364
846	397
846	451
846	790
658	904
741	396
741	588
741	795
1968	1492
1968	1628
1968	1711
1968	1764
1262	1312
1262	1511
1262	1751
1751	1271
1751	1517
1751	1711
469	429
469	446
1727	1611
1727	1736
1727	1908
1266	1267
1266	1614
1266	1798
1267	1870
1614	1297
1614	1503
1614	1589
1614	1870
1798	1642
1798	1836
264	522
522	690
474	532
474	603
474	766
1870	1309
1870	1380
1870	1707
1270	1477
1477	1423
1477	1764
1404	1365
1404	1679
1404	1738
1888	1395
1888	1500
266	624
624	451
624	591
645	449
645	517
645	792
645	936
1273	1330
286	643
613	394
613	417
269	730
730	307
730	438
1973	1359
1973	1465
1973	1568
1973	1643
1973	1668
1973	1682
1973	1686
1973	1713
1973	1925
270	892
892	413
892	476
892	629
892	736
892	890
273	278
273	562
278	923
562	428
562	749
704	904
1275	1642
1275	1711
1275	1838
1711	1305
1838	1303
1838	1701
629	341
629	550
629	766
821	593
923	399
923	531
923	640
279	440
279	795
440	515
795	337
795	555
795	718
280	957
957	301
957	633
957	823
957	844
1278	1707
1278	1792
1707	1340
1707	1774
1707	1855
1792	1619
1792	1694
1792	1844
281	510
281	844
510	823
844	640
844	649
844	690
844	721
1280	1631
1280	1765
1631	1435
1631	1597
1765	1421
1765	1678
1765	1812
1765	1856
282	657
657	465
657	543
657	763
283	646
646	330
646	444
1374	1318
1374	1366
1374	1632
437	409
437	523
387	392
834	890
834	916
643	574
1361	1492
1646	1394
1646	1514
1341	1287
1341	1736
530	389
623	644
289	482
482	454
482	799
1286	1384
1384	1435
1287	1632
1632	1561
1632	1774
1288	1622
1288	1698
1288	1702
1622	1303
1622	1335
1622	1776
1622	1789
1698	1577
290	1457
290	555
290	603
290	857
555	790
603	386
857	348
857	541
1290	1694
1694	1397
1694	1535
1291	1760
1760	1493
1760	1549
1760	1844
1800	1510
1800	1549
1744	1391
1744	1582
496	293
496	972
293	296
293	634
634	682
634	817
1298	1668
1298	1925
1668	1844
1925	1346
1925	1359
1925	1377
1925	1739
1925	1856
1299	1479
1479	1527
1479	1530
297	312
297	547
297	557
312	749
312	763
547	669
557	831
1431	1759
481	766
1836	1844
1844	1485
1873	1589
1873	1816
870	353
870	376
870	538
870	1872
900	884
900	963
301	525
1303	1505
1505	1493
1505	1628
724	550
724	1774
724	925
303	501
303	514
303	755
501	785
514	448
514	763
514	925
755	341
1306	1483
1483	1510
1483	1621
582	747
582	763
627	451
627	594
1308	1446
1308	1514
1514	1872
307	399
399	620
1309	1449
936	425
936	548
936	604
936	644
936	706
936	758
1322	1598
1764	1534
1764	1605
1311	1436
1311	1445
1311	1692
1436	1947
1445	1338
1445	1357
1445	1420
311	747
311	779
747	448
747	729
747	779
779	397
779	556
779	819
749	561
1314	1366
1314	1435
1366	1582
313	607
313	776
776	690
776	705
776	819
410	444
819	588
819	817
819	828
819	925
1316	1713
1713	1324
1713	1346
1462	1371
1462	1503
316	828
828	1328
828	612
828	736
828	758
828	904
349	384
515	449
318	381
381	671
612	650
612	729
1318	1465
1465	1381
1320	1682
1320	1785
1320	1915
1682	1522
1682	1577
1682	1785
1785	1577
1785	1848
1785	1855
1785	1908
1915	1670
1915	1757
1915	1759
1915	1771
1915	1908
323	609
323	691
609	553
691	656
324	733
733	341
733	406
733	649
733	706
733	729
1757	1443
1757	1444
1757	1504
1757	1773
327	701
701	376
701	640
701	689
701	690
701	884
330	831
330	884
831	458
831	531
831	604
884	422
884	488
884	617
1324	1420
1420	1394
1947	1706
1947	1772
1947	1908
686	767
686	972
593	479
1327	1470
1328	1349
1328	1503
337	393
338	583
583	413
583	548
1333	1577
1336	1357
1335	1459
1357	1619
339	456
456	823
343	505
343	640
1338	1612
1338	1621
1612	1872
1612	1908
640	528
345	574
574	554
348	449
348	766
766	671
384	617
466	738
466	788
1736	1443
353	600
396	693
396	963
1343	1441
1343	1500
1441	1906
1812	1425
1812	1860
1818	1688
1348	1485
1348	1856
1348	1908
1485	1689
1856	1397
1856	1524
1856	1663
1908	1739
1908	1774
1908	1872
750	706
750	758
361	758
706	411
706	556
370	377
377	454
377	817
371	491
371	556
491	963
1355	1567
1567	1772
1438	1572
1619	972
1359	1454
1359	1906
1906	1666
1378	1674
1492	1467
1559	1569
1848	1611
1848	1638
1848	1684
454	448
817	542
817	904
379	446
620	675
617	554
617	682
1368	1542
1368	1678
690	916
785	720
785	890
389	720
720	464
1371	1704
1704	1605
394	542
394	799
799	616
799	1776
1674	1390
1674	1606
395	811
811	425
811	476
811	550
811	737
1379	1647
1647	1719
1647	1816
693	554
963	519
963	595
963	823
1381	1774
1774	1499
1774	1572
1425	1522
1860	1510
1860	1618
1860	1739
1860	1773
1860	1855
916	788
916	823
403	669
1467	1643
406	517
517	604
499	737
499	904
925	721
925	972
409	519
1660	1638
1660	1701
1408	1816
1816	1597
444	656
411	584
584	788
788	553
788	649
788	792
1412	1571
1571	1689
1413	1579
1579	1561
1478	1688
1482	1534
1482	1759
1670	1673
1670	1684
1772	1652
721	553
1522	1501
1426	1444
972	443
972	506
972	543
972	644
972	705
972	823
972	904
1759	1688
423	425
428	904
904	443
904	464
904	650
823	792
523	581
438	543
543	504
543	528
543	633
448	581
581	471
1466	1739
1739	1568
1643	1686
1468	1618
458	736
461	503
461	792
792	890
462	588
1473	1506
1688	1520
1534	1549
1689	1605
1606	1520
594	500
594	790
644	488
1493	1773
1493	1855
1773	1771
1855	1666
1872	1673
1501	1701
1504	1589
500	616
616	554
1652	1591
1535	1636
1706	1605
1673	1634
561	689
1666	1684
