2000	0
1000	1314
1000	1426
1000	1946
1000	1996
1314	1349
1314	1438
1314	1788
1314	1954
1426	1274
1426	1532
1426	1607
1426	1904
1426	1975
1946	1097
1946	1117
1946	1285
1946	1294
1946	1344
1946	1530
1946	1605
1946	1661
1946	1697
1946	703
1946	1719
1946	1752
1946	1787
1946	1789
1946	1807
1946	1836
1946	1882
1946	1907
1946	1930
1946	1936
1946	1960
1946	1972
1946	1973
1946	1998
1996	1086
1996	1261
1996	1268
1996	1284
1996	1376
1996	1385
1996	1467
1996	1514
1996	1515
1996	1577
1996	1598
1996	1611
1996	1630
1996	1763
1996	1791
1996	1808
1996	1810
1996	1830
1996	1843
1996	1851
1996	1865
1996	1890
1996	1910
1996	1912
1996	1922
1996	1939
1996	1944
1996	1947
1996	1951
1996	1953
1996	1966
1996	1969
1996	1981
1996	1984
1996	1987
1996	1988
1001	1303
1001	1649
1001	1928
1001	1999
1303	1545
1303	1938
1303	1977
1303	1987
1649	1477
1649	1693
1649	1701
1649	1738
1649	1750
1649	1874
1649	1975
1649	1982
1928	1100
1928	1170
1928	1399
1928	1443
1928	1512
1928	1514
1928	1543
1928	1581
1928	1661
1928	1791
1928	1806
1928	1812
1928	1815
1928	1827
1928	1910
1928	1962
1928	1968
1928	1983
1928	1990
1928	1994
1928	1998
1999	1163
1999	1252
1999	1316
1999	1335
1999	1400
1999	1402
1999	1409
1999	1442
1999	1460
1999	1470
1999	1516
1999	1580
1999	1588
1999	1616
1999	1619
1999	1621
1999	1653
1999	1656
1999	1732
1999	1737
1999	1752
1999	1754
1999	1762
1999	1764
1999	1766
1999	1777
1999	1821
1999	1825
1999	1844
1999	1865
1999	1872
1999	1876
1999	1906
1999	1913
1999	1940
1999	1941
1999	1965
1999	1997
1002	1334
1002	1395
1002	1712
1002	1980
1334	1026
1334	1706
1334	1942
1334	1962
1395	1296
1395	1393
1395	1538
1395	1866
1395	1920
1712	1085
1712	1388
1712	1650
1712	1665
1712	1767
1712	1872
1712	1911
1712	1943
1712	1972
1980	1114
1980	1126
1980	1207
1980	1234
1980	1255
1980	1383
1980	1391
1980	1405
1980	1465
1980	1472
1980	1504
1980	1532
1980	1537
1980	1574
1980	1680
1980	1686
1980	1744
1980	757
1980	1819
1980	1822
1980	1843
1980	1915
1980	1920
1980	1930
1980	1932
1980	1939
1980	1941
1980	1956
1980	1970
1980	1976
1980	1990
1003	1297
1003	1553
1003	1924
1003	1957
1297	1192
1297	1690
1297	1833
1297	1888
1553	1324
1553	1674
1553	1733
1553	1816
1553	1873
1553	1908
1924	1089
1924	1248
1924	1254
1924	1347
1924	1459
1924	1502
1924	1510
1924	1554
1924	1686
1924	1715
1924	1749
1924	1851
1924	1894
1924	1895
1924	1925
1924	1933
1924	1944
1924	1970
1924	1974
1924	1976
1924	1992
1957	1106
1957	1247
1957	1344
1957	1345
1957	1389
1957	1520
1957	1528
1957	1583
1957	1613
1957	1714
1957	1726
1957	1750
1957	1760
1957	1814
1957	1870
1957	1884
1957	1890
1957	1901
1957	1936
1957	1968
1957	1979
1957	1984
1957	1990
1957	1992
1957	1993
0	272
0	679
0	742
0	963
272	555
272	589
272	916
272	925
679	405
679	716
679	1849
679	871
679	917
679	931
679	944
679	997
742	210
742	233
742	694
742	759
742	854
742	865
742	874
742	892
742	990
742	995
963	52
963	54
963	60
963	230
963	1427
963	437
963	519
963	520
963	662
963	671
963	709
963	734
963	767
963	790
963	799
963	813
963	816
963	818
963	856
963	876
963	899
963	915
963	923
963	937
963	949
963	954
963	965
963	985
1	414
1	911
1	955
1	986
414	146
414	638
414	844
414	955
414	995
911	116
911	200
911	411
911	505
911	575
911	757
911	761
911	806
911	810
911	812
911	860
911	867
911	891
911	897
911	928
911	977
911	980
911	987
911	992
955	63
955	121
955	133
955	196
955	286
955	295
955	314
955	417
955	672
955	740
955	741
955	797
955	822
955	866
955	874
955	883
955	886
955	888
955	903
955	934
955	945
955	973
955	974
955	980
955	989
986	26
986	33
986	44
986	198
986	434
986	486
986	506
986	513
986	555
986	557
986	572
986	588
986	614
986	652
986	738
986	739
986	741
986	743
986	1789
986	790
986	801
986	819
986	838
986	858
986	863
986	917
986	936
986	949
986	952
986	960
986	970
986	973
986	976
986	992
986	999
1004	1545
1004	1600
1004	1666
1004	1990
1545	1567
1545	1658
1545	1795
1545	1919
1545	1959
1600	1016
1600	1213
1600	1466
1600	1502
1600	1534
1600	1922
1600	1953
1666	1037
1666	1099
1666	1157
1666	1256
1666	1271
1666	1393
1666	1731
1666	725
1990	1026
1990	1074
1990	1242
1990	1249
1990	1256
1990	1287
1990	1319
1990	1410
1990	1421
1990	1427
1990	1576
1990	1616
1990	1692
1990	1696
1990	1698
1990	1724
1990	1746
1990	1760
1990	1809
1990	1849
1990	1885
1990	1891
1990	1905
1990	1913
1990	1939
1990	1940
1990	1943
1990	1945
1990	1950
1990	1951
1990	1987
2	398
2	501
2	583
2	881
398	406
398	572
398	588
398	774
398	966
501	38
501	78
501	126
501	155
501	475
501	626
583	347
583	429
583	845
583	864
583	876
583	983
583	991
881	18
881	340
881	378
881	408
881	438
881	447
881	517
881	615
881	783
881	836
881	838
881	855
881	868
881	900
881	912
881	942
881	997
3	119
3	210
3	713
3	800
119	436
119	508
119	545
210	55
210	722
713	537
713	655
713	668
713	793
713	808
713	833
713	847
713	869
713	910
800	53
800	148
800	275
800	477
800	684
800	792
800	833
800	913
800	919
800	927
800	954
800	984
4	613
4	692
4	693
4	760
613	100
613	480
613	809
613	862
613	934
613	948
613	971
692	526
692	735
692	793
692	922
692	948
692	958
692	967
692	974
692	995
693	29
693	352
693	612
693	658
693	716
693	845
693	966
693	982
693	994
760	408
760	582
760	661
760	702
760	796
760	797
760	799
760	924
760	979
760	996
1005	1564
1005	1861
1005	1974
1005	1982
1564	1120
1564	1546
1564	1765
1564	1783
1564	1900
1564	1926
1861	1047
1861	1102
1861	1323
1861	1634
1861	1639
1861	1726
1861	1735
1861	1771
1861	1844
1861	1901
1861	1921
1861	1942
1861	1968
1861	1969
1861	1973
1974	1018
1974	1031
1974	1036
1974	1337
1974	1378
1974	1432
1974	1537
1974	1589
1974	1609
1974	1623
1974	1634
1974	1665
1974	1684
1974	1732
1974	1752
1974	1810
1974	1856
1974	1859
1974	1885
1974	1910
1974	1913
1974	1920
1974	1934
1974	1944
1974	1950
1974	1959
1974	1982
1974	1983
1982	1025
1982	1080
1982	1146
1982	1165
1982	193
1982	1277
1982	1446
1982	1490
1982	1492
1982	1493
1982	1569
1982	1572
1982	1618
1982	1708
1982	1723
1982	1726
1982	1741
1982	1792
1982	1797
1982	1798
1982	1826
1982	1853
1982	1888
1982	1904
1982	1917
1982	1968
1982	1978
1982	1979
1982	1993
1982	1995
5	496
5	573
5	599
5	967
496	74
496	747
496	802
496	949
496	993
496	996
573	172
573	229
573	373
573	451
573	515
573	914
599	55
599	313
599	540
599	546
599	552
599	831
599	890
967	15
967	72
967	176
967	185
967	268
967	292
967	350
967	375
967	444
967	626
967	649
967	661
967	688
967	735
967	812
967	823
967	824
967	828
967	830
967	850
967	919
967	941
967	949
967	960
967	962
967	988
967	990
1006	1481
1006	1519
1006	1566
1006	1681
1481	1516
1481	1749
1481	1871
1481	1917
1481	1983
1519	1522
1519	1668
1519	1882
1519	1902
1519	1948
1519	1993
1566	1402
1566	1605
1566	1914
1566	1956
1566	1960
1566	1994
1681	1295
1681	1608
1681	1803
1681	1818
1681	1853
1681	1921
1681	1961
1681	1975
1007	1538
1007	1764
1007	1869
1007	1983
1538	1837
1538	1840
1538	1860
1538	1934
1538	1970
1764	1151
1764	1277
1764	1329
1764	1663
1764	1691
1764	1722
1764	1896
1764	1929
1764	1933
1764	1944
1869	1136
1869	1164
1869	1394
1869	488
1869	1541
1869	1598
1869	1621
1869	1678
1869	1800
1869	1862
1869	1868
1869	1898
1869	1901
1869	1961
1869	1988
1983	1103
1983	1147
1983	1172
1983	1188
1983	1245
1983	1252
1983	1326
1983	1327
1983	1366
1983	1430
1983	1438
1983	1531
1983	1559
1983	1594
1983	1632
1983	1658
1983	1702
1983	1727
1983	1741
1983	1759
1983	1766
1983	1838
1983	1858
1983	1870
1983	1908
1983	1921
1983	1925
1983	1938
1983	1940
1008	1076
1008	1377
1008	1799
1008	1965
1076	1701
1076	1834
1076	1979
1377	1391
1377	1521
1377	1754
1377	1838
1799	1166
1799	1280
1799	1337
1799	1658
1799	1675
1799	1761
1799	1856
1799	1887
1799	1893
1799	1966
1799	1984
1799	1992
1965	1114
1965	1304
1965	1384
1965	1521
1965	1629
1965	1749
1965	1750
1965	1765
1965	1772
1965	1794
1965	1823
1965	1844
1965	1854
1965	1862
1965	1865
1965	855
1965	1885
1965	1896
1965	1912
1965	1914
1965	1947
1965	1951
1965	1971
1965	1977
1965	1998
6	418
6	469
6	536
6	767
418	674
418	680
418	744
418	745
418	947
469	300
469	473
469	624
469	681
469	710
536	120
536	436
536	497
536	794
536	901
536	981
767	35
767	48
767	452
767	726
767	739
767	754
767	851
767	889
767	981
1009	1211
1009	1491
1009	1815
1009	1889
1211	1080
1211	1125
1211	1826
1491	1346
1491	1730
1491	1860
1491	1863
1491	1997
1815	1010
1815	1064
1815	1149
1815	1182
1815	1328
1815	1518
1815	1584
1815	1785
1815	1810
1815	1820
1815	1898
1815	1951
1889	1273
1889	1279
1889	1401
1889	1458
1889	1500
1889	1630
1889	1672
1889	1769
1889	1784
1889	1805
1889	1839
1889	1877
1889	1900
1889	1907
1889	1912
1889	1920
1889	1958
1010	1444
1010	1795
1010	1951
1444	1022
1444	1611
1444	1874
1444	1898
1444	1986
1795	1152
1795	1192
1795	1457
1795	1725
1795	1765
1795	1830
1795	1838
1795	1910
1795	1913
1795	1969
1795	1985
1951	1017
1951	1169
1951	1296
1951	1451
1951	1508
1951	1581
1951	1708
1951	1725
1951	1730
1951	722
1951	1756
1951	1811
1951	1824
1951	1862
1951	1892
1951	1896
1951	1923
1951	1948
1951	1972
1951	1987
1011	1668
1011	1857
1011	1942
1011	1987
1668	1077
1668	1140
1668	1273
1668	1656
1668	1732
1668	1900
1668	1912
1857	1030
1857	1049
1857	1186
1857	1350
1857	1428
1857	1433
1857	632
1857	1704
1857	1774
1857	1832
1857	1842
1857	1918
1857	1939
1857	1995
1942	1014
1942	1067
1942	1216
1942	1231
1942	1476
1942	1485
1942	1501
1942	1528
1942	1550
1942	1578
1942	1594
1942	1874
1942	1905
1942	1909
1942	913
1942	1917
1942	1937
1942	1941
1942	1976
1942	1987
1942	1988
1987	1105
1987	1221
1987	1332
1987	1335
1987	334
1987	1372
1987	1495
1987	1509
1987	1550
1987	1579
1987	1592
1987	1713
1987	1717
1987	1734
1987	1763
1987	1809
1987	1825
1987	1853
1987	1854
1987	1902
1987	1920
1987	1934
1987	1939
1987	1963
1987	1976
1987	1977
1987	1986
1987	1988
1987	1994
7	455
7	479
7	758
7	992
455	727
455	729
455	772
455	882
455	987
479	403
479	429
479	586
479	738
479	872
758	174
758	269
758	604
758	620
758	776
758	824
758	946
758	972
758	974
758	981
992	18
992	130
992	134
992	186
992	282
992	287
992	329
992	354
992	395
992	408
992	419
992	440
992	509
992	526
992	529
992	564
992	575
992	593
992	619
992	643
992	715
992	859
992	862
992	884
992	887
992	895
992	900
992	906
992	931
992	957
992	961
992	962
992	987
992	988
8	124
8	283
8	956
8	994
124	608
124	624
124	809
283	73
283	768
283	815
283	862
956	62
956	97
956	145
956	234
956	382
956	483
956	486
956	498
956	662
956	706
956	756
956	794
956	822
956	856
956	873
956	898
956	916
956	926
956	927
956	936
956	944
956	953
956	959
956	985
956	995
956	998
994	78
994	81
994	177
994	190
994	236
994	239
994	252
994	399
994	443
994	466
994	484
994	500
994	532
994	578
994	586
994	602
994	627
994	666
994	682
994	694
994	718
994	773
994	1811
994	836
994	839
994	883
994	909
994	913
994	915
994	948
994	961
994	981
994	982
994	985
994	989
994	991
9	367
9	415
9	791
9	1843
367	112
367	270
367	988
367	996
415	364
415	855
415	877
415	898
415	910
791	90
791	194
791	287
791	435
791	543
791	603
791	652
791	784
791	809
791	829
791	936
791	947
1843	1092
1843	1603
1843	1788
1843	1832
1843	1873
1843	1876
1843	1879
1843	1882
1843	1885
1843	1901
1843	1915
1843	1973
10	511
10	748
10	959
10	983
511	345
511	1432
511	610
511	618
511	899
511	970
748	181
748	188
748	191
748	380
748	641
748	866
748	894
748	913
748	937
748	951
959	22
959	476
959	570
959	608
959	640
959	652
959	682
959	725
959	727
959	737
959	740
959	773
959	782
959	825
959	831
959	840
959	847
959	883
959	900
959	907
959	912
959	920
959	939
959	968
959	973
983	74
983	313
983	333
983	464
983	509
983	530
983	541
983	574
983	579
983	648
983	678
983	702
983	710
983	714
983	719
983	720
983	724
983	741
983	818
983	864
983	874
983	879
983	885
983	892
983	897
983	924
983	935
983	944
983	971
983	972
983	979
983	997
983	998
1012	1307
1012	1715
1012	1767
1012	1844
1307	1494
1307	1643
1307	1737
1307	1897
1715	1156
1715	1227
1715	1497
1715	1574
1715	1637
1715	1849
1715	1901
1715	1970
1767	1079
1767	1267
1767	1634
1767	1691
1767	1773
1767	1879
1767	1881
1767	916
1767	1970
1767	1981
1844	1019
1844	1053
1844	1127
1844	1273
1844	1385
1844	1541
1844	1590
1844	1623
1844	1724
1844	1988
1844	1995
1013	1425
1013	1720
1013	1842
1013	1897
1425	1488
1425	1678
1425	1733
1425	1864
1425	1984
1720	1017
1720	1140
1720	1392
1720	1459
1720	1830
1720	1859
1720	1892
1720	1937
1720	1997
1842	1132
1842	1339
1842	1525
1842	1561
1842	1694
1842	1742
1842	1832
1842	1945
1842	1961
1842	1976
1842	1986
1842	1989
1842	1997
1897	1030
1897	1144
1897	1352
1897	1411
1897	1431
1897	1441
1897	1463
1897	1533
1897	1642
1897	1846
1897	1850
1897	1866
1897	1926
1897	1927
1897	1964
1897	1992
1897	1997
1014	1098
1014	1661
1014	1818
1098	1631
1098	1787
1098	1808
1661	1202
1661	1391
1661	1399
1661	1529
1661	1693
1661	1985
1818	1095
1818	1205
1818	1223
1818	1432
1818	1529
1818	1573
1818	1700
1818	1701
1818	1825
1818	1831
1818	1839
1818	1902
1015	1353
1015	1687
1015	1888
1015	1995
1353	1300
1353	1879
1353	1954
1353	1955
1687	1195
1687	1331
1687	1535
1687	1551
1687	1560
1687	1756
1687	1906
1687	1908
1888	1059
1888	1287
1888	1290
1888	1499
1888	1552
1888	1619
1888	1683
1888	1783
1888	1794
1888	1841
1888	1894
1888	1908
1888	1932
1888	1940
1888	1986
1995	1046
1995	1141
1995	1287
1995	1361
1995	1430
1995	1439
1995	1452
1995	1539
1995	1570
1995	1589
1995	1658
1995	1679
1995	1706
1995	1740
1995	1775
1995	1786
1995	1793
1995	1794
1995	1797
1995	1838
1995	1850
1995	873
1995	1895
1995	1931
1995	1933
1995	1939
1995	1943
1995	1970
1995	1975
1995	1976
1995	1986
1995	1994
11	636
11	699
11	759
11	853
636	90
636	724
636	764
636	780
636	828
636	891
636	927
636	970
699	408
699	492
699	719
699	882
699	884
699	906
699	947
699	969
699	971
759	381
759	567
759	611
759	624
759	691
759	782
759	838
759	893
759	958
853	204
853	242
853	1386
853	541
853	678
853	700
853	737
853	768
853	865
853	899
853	924
853	931
853	944
853	958
853	988
12	307
12	564
12	682
12	840
307	485
307	520
307	834
307	962
564	180
564	673
564	715
564	919
564	948
682	50
682	640
682	733
682	794
682	933
682	953
840	111
840	416
840	438
840	441
840	550
840	628
840	671
840	681
840	728
840	892
840	901
840	957
840	966
13	317
13	837
13	867
13	980
317	251
317	315
317	745
317	864
837	208
837	338
837	430
837	550
837	623
837	674
837	677
837	789
837	797
837	802
837	890
837	935
837	974
837	976
867	223
867	292
867	482
867	487
867	494
867	632
867	634
867	659
867	684
867	725
867	789
867	803
867	808
867	817
867	821
980	107
980	190
980	243
980	248
980	355
980	601
980	616
980	1631
980	625
980	626
980	671
980	710
980	714
980	743
980	786
980	796
980	810
980	826
980	828
980	850
980	874
980	915
980	929
980	960
980	974
980	976
980	977
980	979
980	981
980	985
980	995
1016	1375
1016	1587
1016	1909
1375	1374
1375	1517
1375	1895
1375	1925
1587	1451
1587	1560
1587	1641
1587	1696
1587	1879
1587	1927
1587	1943
1909	1125
1909	1154
1909	1189
1909	1273
1909	1388
1909	1451
1909	1551
1909	1608
1909	1635
1909	1707
1909	1759
1909	1774
1909	1822
1909	1863
1909	1908
1909	1916
1909	1939
1909	1945
14	105
14	318
14	1725
14	957
105	34
105	827
105	921
318	279
318	910
318	962
318	973
1725	1345
1725	1361
1725	1447
1725	1540
1725	1685
1725	1759
1725	1986
957	95
957	112
957	158
957	218
957	280
957	290
957	453
957	541
957	623
957	664
957	707
957	711
957	717
957	739
957	779
957	797
957	808
957	820
957	846
957	917
957	927
957	941
957	945
957	970
15	280
15	827
15	902
280	607
280	793
280	813
827	195
827	328
827	332
827	1350
827	360
827	458
827	522
827	546
827	569
827	743
827	824
827	871
827	897
902	183
902	446
902	506
902	554
902	600
902	1654
902	647
902	726
902	735
902	770
902	807
902	893
902	899
902	903
902	908
902	920
902	932
902	966
902	985
16	914
16	929
16	948
16	950
914	204
914	416
914	448
914	489
914	550
914	584
914	641
914	668
914	813
914	824
914	1841
914	850
914	870
914	890
914	926
914	936
914	941
914	954
914	971
929	106
929	156
929	267
929	268
929	335
929	598
929	651
929	696
929	727
929	743
929	819
929	844
929	870
929	882
929	895
929	942
929	947
929	975
929	978
929	982
929	991
948	26
948	42
948	1078
948	75
948	319
948	333
948	432
948	451
948	456
948	471
948	489
948	532
948	615
948	620
948	733
948	821
948	883
948	931
948	965
948	979
948	982
950	47
950	65
950	159
950	183
950	434
950	493
950	529
950	530
950	587
950	605
950	616
950	681
950	695
950	704
950	725
950	831
950	849
950	931
950	940
950	942
950	964
950	966
950	970
950	989
950	996
1017	1907
1017	1945
1907	1035
1907	1065
1907	1253
1907	1351
1907	1518
1907	1559
1907	1597
1907	1639
1907	1739
1907	1827
1907	1848
1907	1931
1907	1958
1907	1963
1907	1985
1907	1986
1907	1993
1945	1173
1945	1352
1945	1524
1945	1579
1945	1584
1945	1597
1945	1659
1945	1690
1945	1717
1945	1742
1945	1762
1945	1821
1945	1832
1945	1848
1945	1852
1945	1867
1945	1953
1945	1969
1945	1972
1945	1989
1945	1994
1018	1171
1018	1560
1018	1770
1171	1118
1171	1804
1171	1997
1560	1220
1560	1636
1560	1709
1560	1809
1770	1248
1770	1283
1770	1317
1770	1401
1770	1673
1770	1731
1770	1738
1770	1776
1770	1871
1770	858
1770	1967
1019	1315
1019	1811
1019	1914
1315	1308
1315	1791
1315	1943
1315	1976
1811	1086
1811	1217
1811	1367
1811	1435
1811	1565
1811	1876
1811	1900
1811	1958
1811	1962
1811	1967
1811	1972
1914	1166
1914	1193
1914	1464
1914	1507
1914	1634
1914	1731
1914	1742
1914	1793
1914	1800
1914	1875
1914	1905
1914	1936
1914	1940
1914	1943
1914	1950
1914	1960
1914	1985
1914	991
1020	1044
1020	1736
1020	1837
1020	1838
1044	1756
1044	1790
1044	1862
1736	1040
1736	1160
1736	1486
1736	1543
1736	1607
1736	1653
1736	1778
1736	1807
1736	1896
1736	1968
1837	1125
1837	1319
1837	1391
1837	1412
1837	1582
1837	1652
1837	1692
1837	1710
1837	1821
1837	1915
1837	1938
1837	1944
1837	1966
1838	1079
1838	1313
1838	1376
1838	1485
1838	1576
1838	1665
1838	1694
1838	1918
1838	1926
1838	1963
1021	1042
1021	1114
1021	1547
1021	1562
1042	1652
1042	1892
1042	1970
1114	1651
1547	1085
1547	1159
1547	1333
1547	1691
1547	1840
1547	1967
1562	721
1562	1870
1562	1904
1562	1949
1562	1961
1562	1986
17	609
17	744
17	772
17	894
609	358
609	451
609	712
609	830
609	852
609	985
609	988
744	214
744	450
744	619
744	622
744	730
744	777
744	903
744	923
744	972
772	346
772	391
772	477
772	606
772	810
772	850
772	866
772	888
772	896
772	937
894	115
894	438
894	506
894	593
894	689
894	701
894	750
894	811
894	825
894	841
894	870
894	921
894	928
894	970
894	972
894	984
894	997
1022	1763
1022	1772
1022	1901
1763	1082
1763	1172
1763	1420
1763	1717
1763	1744
1763	1870
1763	1900
1763	1922
1772	1402
1772	1404
1772	1718
1772	1737
1772	1744
1772	751
1772	1892
1772	1913
1772	1939
1772	1941
1901	1298
1901	1306
1901	1320
1901	1383
1901	1721
1901	1734
1901	1739
1901	1796
1901	1849
1901	1902
1901	1905
1901	1913
1901	1917
1901	1953
18	207
18	973
207	227
207	340
207	621
973	36
973	117
973	213
973	237
973	263
973	341
973	442
973	467
973	476
973	505
973	530
973	615
973	652
973	657
973	675
973	777
973	812
973	860
973	897
973	901
973	918
973	923
973	927
973	931
973	969
973	976
973	987
1023	1598
1023	1641
1023	1777
1023	1978
1598	1266
1598	1406
1598	1530
1598	1615
1598	1632
1641	1448
1641	1541
1641	1638
1641	1695
1641	1706
1641	1959
1777	1262
1777	1330
1777	1418
1777	1499
1777	1702
1777	1827
1777	1887
1777	1926
1777	1934
1777	1964
1978	1061
1978	1147
1978	1181
1978	1196
1978	1198
1978	1259
1978	1290
1978	1473
1978	1508
1978	1532
1978	1544
1978	1582
1978	1609
1978	1630
1978	1673
1978	1738
1978	1760
1978	1774
1978	1804
1978	1860
1978	1863
1978	1883
1978	1890
1978	1913
1978	1962
1978	1971
1978	1992
1978	1994
1024	1610
1024	1803
1024	1833
1024	1863
1610	1071
1610	1193
1610	1403
1610	1695
1610	1960
1610	1961
1610	1997
1803	1103
1803	1306
1803	1404
1803	1534
1803	1567
1803	1652
1803	1722
1803	1880
1803	1912
1803	1958
1803	1985
1833	1113
1833	1184
1833	1381
1833	1470
1833	1575
1833	1589
1833	1640
1833	1756
1833	1827
1833	1866
1833	1952
1833	1960
1863	1071
1863	1168
1863	1296
1863	1341
1863	1351
1863	1454
1863	1505
1863	1535
1863	1718
1863	1926
1863	1981
1863	1992
1025	1282
1025	1581
1025	1975
1282	1113
1282	1789
1282	1834
1282	1895
1581	1703
1581	1797
1581	1893
1581	1944
1581	1966
1975	1202
1975	1213
1975	1236
1975	1280
1975	1371
1975	1380
1975	1407
1975	1534
1975	1554
1975	1558
1975	1594
1975	1716
1975	1723
1975	1785
1975	1797
1975	1816
1975	822
1975	1864
1975	1866
1975	1873
1975	1882
1975	1899
1975	1915
1975	1919
1975	1969
1026	1651
1026	1998
1651	1390
1651	1430
1651	1462
1651	1546
1651	1613
1651	1617
1651	1925
1998	1047
1998	1067
1998	1090
1998	1096
1998	1122
1998	1200
1998	1230
1998	1250
1998	273
1998	1348
1998	1387
1998	1393
1998	1429
1998	1527
1998	1607
1998	1609
1998	1638
1998	1640
1998	1660
1998	1671
1998	1682
1998	1713
1998	1739
1998	1814
1998	1834
1998	1884
1998	1917
1998	1922
1998	1931
1998	1952
1998	1966
1998	1967
1998	1989
1998	1993
19	467
19	787
19	793
19	834
467	724
467	776
467	922
467	995
787	1528
787	541
787	650
787	668
787	737
787	749
787	790
787	792
787	893
787	930
787	943
793	114
793	571
793	737
793	774
793	782
793	792
793	851
793	1893
793	916
834	101
834	235
834	264
834	304
834	387
834	566
834	794
834	818
834	833
834	1848
834	900
834	905
834	944
1027	1688
1027	1820
1027	1884
1027	1893
1688	1374
1688	1514
1688	1619
1688	1877
1688	1904
1688	1943
1688	1956
1688	1976
1820	1435
1820	1593
1820	1654
1820	1675
1820	1718
1820	1741
1820	1806
1820	1860
1820	1864
1820	1900
1820	1906
1820	1985
1884	1039
1884	1052
1884	1132
1884	1293
1884	1367
1884	1418
1884	1459
1884	1484
1884	1781
1884	1845
1884	1917
1884	1943
1884	1964
1884	1968
1884	1997
1893	1159
1893	1291
1893	1350
1893	1465
1893	1495
1893	1588
1893	1667
1893	1713
1893	1753
1893	1821
1893	1845
1893	1930
1893	1944
1893	1960
1893	1992
20	365
20	402
20	885
20	897
365	461
365	687
365	710
365	951
402	314
402	393
402	635
402	864
402	897
885	95
885	131
885	194
885	320
885	461
885	505
885	566
885	809
885	813
885	880
885	887
885	907
885	918
885	927
885	982
885	995
897	174
897	426
897	761
897	832
897	877
897	888
897	889
897	901
897	926
897	978
897	996
897	998
897	999
1028	1880
1028	1898
1028	1903
1028	1973
1880	1251
1880	1342
1880	1409
1880	1494
1880	1531
1880	1590
1880	1705
1880	1768
1880	1802
1880	1807
1880	1835
1880	1847
1880	1871
1880	1875
1880	1934
1898	1049
1898	1059
1898	1066
1898	1384
1898	1536
1898	1702
1898	1710
1898	1733
1898	1822
1898	1830
1898	1881
1898	1913
1898	1919
1898	1952
1898	1963
1903	1029
1903	1139
1903	1164
1903	1255
1903	1369
1903	1394
1903	1412
1903	1590
1903	1703
1903	1734
1903	1915
1903	1923
1903	1932
1903	1944
1903	1954
1903	1959
1903	1961
1903	1989
1903	993
1973	1038
1973	1072
1973	1155
1973	1270
1973	1513
1973	1518
1973	569
1973	1574
1973	1624
1973	1659
1973	1729
1973	1743
1973	1753
1973	1771
1973	1798
1973	1826
1973	1878
1973	1895
1973	1947
1973	1952
1973	1955
1973	1966
1973	1968
1973	1991
1973	1992
1973	1997
1029	446
1029	1846
1029	1935
446	227
446	875
446	949
446	984
1846	1182
1846	1196
1846	1359
1846	1482
1846	1490
1846	1535
1846	1691
1846	1703
1846	1785
1846	1882
1846	1941
1846	1947
1846	1997
1935	1326
1935	1434
1935	1505
1935	1517
1935	1571
1935	1588
1935	1611
1935	1644
1935	1685
1935	1743
1935	1801
1935	809
1935	1835
1935	1867
1935	1875
1935	1887
1935	1919
1935	1921
1935	1931
1935	1937
1935	1955
1935	1991
1030	1750
1030	1855
1750	1149
1750	1185
1750	1410
1750	1568
1750	1742
1750	1922
1750	1964
1855	1097
1855	1268
1855	1270
1855	1325
1855	1385
1855	1477
1855	1596
1855	1633
1855	1640
1855	1650
1855	1813
1855	1933
1855	1940
1855	1968
1031	1831
1031	1915
1031	1994
1831	1078
1831	1368
1831	1370
1831	1556
1831	1679
1831	1726
1831	1747
1831	1867
1831	1894
1831	1960
1831	1964
1831	1972
1915	1108
1915	1181
1915	1308
1915	1416
1915	1466
1915	1534
1915	1829
1915	1840
1915	1851
1915	1859
1915	1904
1915	1908
1915	1916
1915	1930
1915	1958
1994	1109
1994	1143
1994	1161
1994	1174
1994	1412
1994	1454
1994	1509
1994	1514
1994	1604
1994	1625
1994	1628
1994	1631
1994	1680
1994	1748
1994	1753
1994	1796
1994	1802
1994	1809
1994	1813
1994	1871
1994	1876
1994	1878
1994	1886
1994	1916
1994	1920
1994	1925
1994	1971
1994	1976
1994	1984
21	499
21	749
21	818
21	933
499	25
499	804
499	1812
499	839
499	982
499	993
749	425
749	492
749	623
749	728
749	798
749	848
749	920
749	978
749	998
818	281
818	522
818	542
818	666
818	718
818	868
818	896
818	912
818	953
818	969
933	295
933	391
933	449
933	493
933	505
933	574
933	640
933	711
933	718
933	778
933	807
933	828
933	841
933	868
933	899
933	905
933	912
933	925
933	930
933	949
933	964
933	990
1032	1157
1032	1258
1032	1597
1032	1813
1157	1735
1157	1881
1258	1487
1258	1563
1258	1858
1258	1963
1597	1337
1597	1707
1597	1724
1597	1819
1597	1929
1813	1242
1813	1418
1813	1568
1813	1624
1813	1697
1813	1726
1813	1735
1813	1796
1813	1881
1813	1929
1813	1937
22	533
22	952
22	962
533	240
533	751
533	762
533	765
533	789
533	866
952	148
952	216
952	235
952	332
952	392
952	539
952	543
952	562
952	591
952	624
952	664
952	738
952	757
952	795
952	833
952	1887
952	886
952	906
952	909
952	913
952	938
952	945
952	984
952	990
952	998
962	79
962	87
962	191
962	297
962	370
962	406
962	452
962	512
962	526
962	588
962	608
962	617
962	628
962	631
962	723
962	741
962	804
962	842
962	854
962	873
962	886
962	890
962	895
962	999
1033	1086
1033	1657
1033	1807
1033	1882
1086	1895
1657	1193
1657	1484
1657	1593
1657	1606
1657	1796
1657	1797
1657	1836
1657	1956
1807	1207
1807	1232
1807	1243
1807	1574
1807	1719
1807	1917
1807	1938
1807	1959
1807	1991
1882	1340
1882	1402
1882	1469
1882	1552
1882	1555
1882	1607
1882	1862
1882	1921
1882	1925
1882	1932
1882	1964
1034	1523
1034	1646
1034	1886
1034	1943
1523	1461
1523	1656
1523	1757
1523	1826
1523	1972
1523	1991
1646	1352
1646	399
1646	1504
1646	1694
1646	1755
1646	1823
1646	1918
1886	1165
1886	1322
1886	1330
1886	1411
1886	1427
1886	1434
1886	1438
1886	1442
1886	1451
1886	1702
1886	1743
1886	1771
1886	1826
1886	1926
1886	1984
1886	1993
1943	1201
1943	1275
1943	1565
1943	1647
1943	1650
1943	1782
1943	1784
1943	1877
1943	1878
1943	883
1943	1895
1943	1948
1943	1950
1943	1952
1943	1984
23	93
23	182
23	913
23	981
93	720
93	884
93	997
182	43
182	457
182	610
913	228
913	324
913	607
913	642
913	690
913	729
913	731
913	755
913	757
913	771
913	781
913	857
913	946
913	951
913	965
981	89
981	115
981	181
981	205
981	271
981	311
981	423
981	466
981	475
981	476
981	546
981	581
981	600
981	655
981	708
981	715
981	720
981	779
981	792
981	798
981	808
981	810
981	880
981	886
981	912
981	937
981	968
981	987
1035	1292
1035	1721
1035	1787
1292	1056
1292	1392
1292	1470
1292	1479
1721	1372
1721	1416
1721	1495
1721	1629
1721	1740
1721	1746
1721	912
1721	1953
1787	1141
1787	1356
1787	1396
1787	1520
1787	1591
1787	1723
1787	1760
1787	1791
1787	1871
24	217
24	615
24	673
24	943
217	135
217	393
217	722
615	247
615	380
615	580
615	808
673	521
673	678
673	685
673	777
673	825
673	864
673	896
943	64
943	216
943	1237
943	251
943	323
943	358
943	409
943	480
943	488
943	545
943	550
943	568
943	654
943	677
943	763
943	817
943	829
943	878
943	882
943	909
943	934
943	935
943	979
25	390
25	951
25	961
390	394
390	785
390	821
390	926
390	951
951	28
951	264
951	366
951	407
951	416
951	489
951	552
951	597
951	628
951	631
951	667
951	732
951	798
951	816
951	832
951	870
951	871
951	890
951	903
951	923
951	935
951	940
961	33
961	39
961	430
961	452
961	487
961	506
961	562
961	591
961	705
961	724
961	771
961	783
961	807
961	856
961	865
961	874
961	884
961	887
961	892
961	896
961	909
961	935
961	987
961	989
961	995
961	998
1036	1830
1036	1894
1036	1970
1830	1103
1830	709
1830	1779
1830	1783
1830	1858
1830	1873
1830	1896
1830	1959
1830	1985
1894	1267
1894	1350
1894	1358
1894	1541
1894	1552
1894	1612
1894	1667
1894	1723
1894	1755
1894	1817
1894	1890
1894	1958
1894	1971
1894	1986
1894	1988
1970	1100
1970	1161
1970	1257
1970	1324
1970	1364
1970	1474
1970	1503
1970	1539
1970	1551
1970	1602
1970	1617
1970	1667
1970	1673
1970	1700
1970	1751
1970	1788
1970	1816
1970	1878
1970	1891
1970	1905
1970	1919
26	855
26	918
855	257
855	370
855	395
855	461
855	710
855	717
855	814
855	888
855	922
855	940
855	946
855	996
918	45
918	125
918	175
918	348
918	373
918	430
918	447
918	1516
918	512
918	520
918	678
918	714
918	765
918	825
918	848
918	858
918	887
918	905
918	937
1037	1521
1037	1648
1037	1927
1521	1582
1521	1660
1521	1662
1521	1836
1648	1116
1648	1265
1648	1535
1648	1757
1648	1866
1648	1913
1648	1954
1927	1071
1927	1233
1927	1274
1927	1367
1927	1465
1927	1527
1927	1579
1927	1622
1927	1628
1927	1719
1927	1856
1927	1875
1927	1900
1927	1913
1927	1919
1927	1947
1927	1954
1927	1972
1927	1986
1038	1682
1038	1792
1038	1934
1682	1223
1682	1364
1682	1446
1682	1471
1682	1749
1682	1801
1682	1966
1792	1152
1792	1369
1792	1383
1792	1438
1792	1669
1792	1689
1792	1773
1792	1839
1792	1908
1792	1922
1792	1947
1934	1070
1934	1160
1934	1365
1934	1475
1934	1483
1934	1561
1934	1645
1934	1680
1934	1691
1934	1735
1934	1746
1934	1908
1934	1929
1934	1944
1934	1984
1934	1988
1934	1997
1039	1925
1039	1953
1039	1969
1925	1137
1925	1403
1925	1434
1925	1436
1925	464
1925	1607
1925	1636
1925	1692
1925	1703
1925	1747
1925	1758
1925	1832
1925	1876
1925	1985
1925	1989
1953	1060
1953	1134
1953	1176
1953	1197
1953	1214
1953	1330
1953	1416
1953	1437
1953	1442
1953	1615
1953	1709
1953	1814
1953	1870
1953	1871
1953	866
1953	1904
1953	1923
1953	1931
1953	1993
1969	1049
1969	1148
1969	1291
1969	1428
1969	1431
1969	1458
1969	1497
1969	1500
1969	1571
1969	1573
1969	1654
1969	1699
1969	1726
1969	1766
1969	1773
1969	1774
1969	1824
1969	1825
1969	1828
1969	1921
1969	1962
1969	1971
1969	1986
1040	1533
1040	1871
1040	1923
1533	1357
1533	1489
1533	1826
1533	1836
1533	1932
1871	1431
1871	1557
1871	1612
1871	1664
1871	1798
1871	815
1871	1836
1871	1908
1871	1960
1923	1372
1923	1457
1923	1469
1923	1482
1923	1527
1923	1537
1923	1572
1923	1669
1923	783
1923	1800
1923	1819
1923	1821
1923	1841
1923	1892
1923	1940
1923	1964
1923	1989
27	491
27	620
27	627
27	968
491	149
491	411
491	725
491	808
491	879
491	954
620	325
620	369
620	541
620	592
620	997
627	407
627	593
627	836
627	849
627	852
627	982
968	109
968	229
968	249
968	324
968	348
968	371
968	441
968	471
968	497
968	625
968	650
968	656
968	691
968	703
968	726
968	737
968	784
968	828
968	841
968	859
968	904
968	925
968	978
968	985
968	989
968	991
968	998
28	276
28	629
28	960
276	72
276	585
276	926
276	990
629	176
629	490
629	523
629	648
629	817
629	848
629	898
960	95
960	155
960	366
960	368
960	405
960	463
960	510
960	525
960	528
960	732
960	745
960	766
960	799
960	823
960	828
960	842
960	871
960	889
960	896
960	903
960	925
960	936
960	940
960	982
1041	1293
1041	1398
1041	1766
1041	1972
1293	1123
1293	1343
1293	1962
1398	1642
1398	1690
1398	1733
1398	1758
1398	1872
1766	1204
1766	1516
1766	1557
1766	1738
1766	1804
1766	1929
1766	1940
1766	1959
1972	1397
1972	1399
1972	1461
1972	1480
1972	1513
1972	1517
1972	1539
1972	1543
1972	1627
1972	1756
1972	1780
1972	1782
1972	1801
1972	1828
1972	1849
1972	1850
1972	1930
1972	1932
1972	1981
1972	1991
1972	1992
29	819
29	872
29	942
819	39
819	80
819	185
819	385
819	421
819	616
819	708
819	1735
819	808
819	883
819	942
872	198
872	342
872	356
872	428
872	432
872	651
872	653
872	775
872	882
872	909
872	927
872	938
872	942
872	945
872	971
942	97
942	134
942	214
942	227
942	468
942	487
942	488
942	563
942	653
942	785
942	795
942	845
942	896
942	932
942	940
942	975
942	988
942	989
942	999
1652	1338
1652	1450
1652	1656
1652	1733
1652	1850
1652	1937
1892	1195
1892	1239
1892	1379
1892	1409
1892	1424
1892	1515
1892	1741
1892	1783
1892	1817
1892	1819
1892	1926
1892	1931
1892	1955
1043	1262
1043	1300
1043	1567
1043	1885
1262	1386
1262	1835
1262	1850
1300	1624
1300	1733
1300	1963
1567	1137
1567	1214
1567	1399
1567	1933
1885	1104
1885	1111
1885	1172
1885	1240
1885	1601
1885	1705
1885	1789
1885	1804
1885	1862
1885	1864
1885	1926
1885	1940
1885	1984
30	310
30	522
30	647
30	935
310	395
310	703
310	892
310	925
522	362
522	604
522	826
522	972
647	73
647	426
647	603
647	835
647	927
647	958
647	993
935	81
935	159
935	375
935	422
935	441
935	463
935	468
935	589
935	691
935	722
935	734
935	842
935	909
935	922
935	928
935	945
935	966
935	989
1756	1478
1756	1858
1756	1938
1756	1962
1756	1963
1756	1971
1790	1113
1790	1224
1790	1348
1790	1364
1790	1378
1790	1498
1790	1638
1790	1865
1790	1906
1790	1916
1790	1918
1790	1938
1862	1198
1862	1246
1862	1386
1862	1424
1862	1662
1862	1670
1862	1835
1862	1940
1862	1967
1862	1977
1045	1203
1045	1320
1045	1507
1045	1868
1203	1085
1203	1864
1203	1961
1320	1357
1320	1684
1320	1992
1507	1126
1507	1642
1507	1794
1507	1931
1507	1958
1868	1224
1868	1230
1868	1237
1868	1511
1868	1586
1868	1676
1868	1748
1868	1826
1868	1852
1868	1874
1868	1917
1868	1948
1868	1954
1868	1977
1046	1224
1046	1414
1046	1755
1224	1941
1414	1340
1414	1455
1414	1622
1414	1810
1414	1873
1755	1231
1755	1261
1755	1301
1755	1531
1755	1629
1755	1828
1755	1834
1755	1984
1047	1823
1047	1961
1823	1092
1823	1143
1823	1281
1823	1308
1823	1310
1823	1719
1823	1722
1823	1800
1823	1816
1823	1821
1823	1997
1961	1079
1961	1088
1961	1142
1961	1431
1961	1478
1961	1532
1961	1591
1961	1601
1961	1624
1961	1635
1961	1653
1961	768
1961	1768
1961	1835
1961	1905
1961	1906
1961	1954
1961	1962
31	240
31	409
31	553
31	602
240	168
240	958
240	990
409	298
409	576
409	806
409	856
553	107
553	442
553	729
553	861
553	886
553	938
602	343
602	661
602	863
602	878
602	901
602	905
32	549
32	614
32	703
32	768
549	136
549	401
549	483
549	660
549	889
549	965
614	457
614	515
614	517
614	681
614	860
614	934
703	477
703	563
703	841
703	850
703	921
703	932
768	82
768	198
768	646
768	654
768	774
768	866
768	964
33	423
33	733
423	80
423	487
423	574
423	654
733	527
733	747
733	766
733	858
733	876
733	896
733	974
733	997
34	544
34	635
34	783
544	43
544	540
544	841
544	856
544	912
544	930
635	332
635	527
635	717
635	801
635	936
635	984
783	82
783	253
783	374
783	765
783	836
783	891
783	991
783	998
35	603
35	670
35	708
603	358
603	676
603	774
603	796
603	939
670	135
670	554
670	707
670	716
670	755
670	781
670	922
670	969
708	523
708	525
708	755
708	809
708	876
708	974
708	989
1048	1138
1048	1684
1048	1765
1048	1913
1138	1662
1138	1737
1138	1865
1684	1088
1684	1167
1684	1793
1684	1916
1684	1991
1684	1992
1765	1467
1765	1592
1765	1779
1765	786
1765	1867
1765	1954
1765	1962
1765	1979
1913	1225
1913	1340
1913	1505
1913	1656
1913	1676
1913	696
1913	1887
1913	1902
1913	1919
1913	1979
1049	1921
1921	1238
1921	1404
1921	1478
1921	1511
1921	1607
1921	1691
1921	1747
1921	1819
1921	1887
1921	1920
1921	1955
1921	1956
1921	1959
1921	1977
36	750
36	842
36	889
750	223
750	457
750	569
750	638
750	642
750	871
750	977
750	978
750	988
842	277
842	448
842	591
842	594
842	655
842	781
842	835
842	858
842	922
842	990
842	993
889	47
889	152
889	208
889	386
889	405
889	514
889	562
889	709
889	724
889	825
889	883
889	926
889	927
889	969
1050	1417
1050	1739
1050	1826
1050	1991
1417	1372
1417	1558
1417	1768
1417	1866
1417	1895
1739	1206
1739	1313
1739	1401
1739	1500
1739	1748
1739	1920
1739	1922
1826	1120
1826	1365
1826	1527
1826	1701
1826	1853
1826	1948
1991	1062
1991	1155
1991	1210
1991	1241
1991	1260
1991	1281
1991	1360
1991	1429
1991	1470
1991	1510
1991	1542
1991	1554
1991	1622
1991	1635
1991	1659
1991	1660
1991	1701
1991	1705
1991	1771
1991	1783
1991	1829
1991	1849
1991	1877
1991	1908
1991	1919
1991	1929
1991	1931
1991	1968
1991	1986
1051	1052
1051	1626
1051	1716
1051	1821
1052	1304
1052	1757
1626	1212
1626	1599
1626	1614
1626	1655
1626	1743
1626	1960
1626	1985
1716	1162
1716	1349
1716	1436
1716	1452
1716	1883
1716	1890
1716	1900
1716	1989
1821	1571
1821	1582
1821	1701
1821	1709
1821	1719
1821	1916
1821	1971
1304	1363
1304	1881
1304	1976
1757	1487
1757	1586
1757	1675
1757	1738
1757	1933
1757	1937
1757	1955
1757	1968
37	293
37	785
37	865
37	965
293	161
293	965
293	982
293	989
785	306
785	344
785	380
785	543
785	587
785	734
785	870
785	953
785	985
865	249
865	316
865	560
865	592
865	596
865	654
865	655
865	761
865	847
865	880
865	893
865	920
865	932
965	87
965	111
965	223
965	247
965	331
965	377
965	1416
965	476
965	578
965	607
965	645
965	687
965	835
965	846
965	852
965	905
965	931
965	949
965	985
965	988
965	993
965	996
965	999
1053	1194
1053	1700
1053	1876
1194	1373
1194	1480
1194	1636
1700	1119
1700	1429
1700	1509
1700	1582
1700	1856
1700	1865
1700	1911
1876	1109
1876	1210
1876	1316
1876	1363
1876	1455
1876	1457
1876	1525
1876	1685
1876	1699
1876	1891
1876	1989
38	954
38	964
38	1981
954	203
954	230
954	238
954	347
954	379
954	519
954	530
954	562
954	607
954	651
954	689
954	1771
954	778
954	825
954	831
954	833
954	928
954	931
954	936
954	978
954	985
954	990
964	145
964	353
964	362
964	384
964	507
964	508
964	516
964	526
964	534
964	572
964	616
964	631
964	672
964	711
964	728
964	743
964	781
964	807
964	843
964	854
964	869
964	873
964	891
964	922
964	966
1981	1078
1981	1260
1981	1327
1981	1337
1981	1356
1981	1361
1981	1403
1981	1447
1981	1458
1981	1478
1981	1548
1981	1554
1981	1573
1981	1577
1981	1701
1981	1706
1981	1710
1981	1774
1981	1775
1981	1778
1981	1816
1981	1828
1981	1883
1981	1910
1981	1920
1981	1949
1981	1959
1981	1966
1054	1337
1054	1741
1054	1865
1054	1955
1741	1215
1741	1440
1741	1590
1741	1633
1741	1874
1741	1989
1865	1139
1865	1152
1865	1218
1865	1355
1865	1461
1865	1572
1865	1670
1865	1674
1865	1954
1955	1062
1955	1252
1955	1296
1955	1323
1955	1328
1955	1368
1955	1518
1955	1574
1955	1589
1955	1699
1955	1707
1955	1709
1955	1748
1955	1751
1955	788
1955	1827
1955	1891
1955	1968
1955	1988
1055	1280
1055	1586
1055	1822
1055	1825
1280	1328
1280	1606
1586	1058
1586	1511
1586	1806
1586	922
1586	1940
1822	1129
1822	1181
1822	1299
1822	1479
1822	1727
1822	1793
1822	1858
1822	1910
1822	1956
1822	1997
1825	1347
1825	1349
1825	1496
1825	1498
1825	1555
1825	1606
1825	1631
1825	1730
1825	1905
39	228
39	898
228	385
228	829
228	998
898	309
898	342
898	345
898	476
898	502
898	616
898	746
898	789
898	814
898	859
898	871
898	915
898	931
898	958
898	984
40	516
40	816
40	877
40	993
516	421
516	618
516	798
516	939
516	998
816	83
816	354
816	510
816	795
816	814
816	871
816	906
816	953
816	958
816	976
816	993
877	68
877	134
877	413
877	480
877	580
877	685
877	784
877	832
877	874
877	890
877	916
877	953
877	977
877	988
877	996
993	129
993	161
993	209
993	232
993	258
993	285
993	326
993	350
993	389
993	485
993	521
993	525
993	532
993	669
993	752
993	763
993	775
993	801
993	807
993	829
993	845
993	857
993	893
993	899
993	936
993	953
993	976
993	997
993	998
41	478
41	729
41	875
41	953
478	277
478	532
478	685
478	892
478	927
729	227
729	448
729	466
729	780
729	821
729	901
729	920
875	337
875	368
875	517
875	590
875	634
875	641
875	718
875	736
875	849
875	861
875	873
875	926
875	940
875	977
875	978
953	154
953	203
953	254
953	330
953	508
953	527
953	586
953	610
953	712
953	716
953	778
953	874
953	916
953	937
953	939
953	975
953	978
953	996
953	999
1056	1233
1056	1841
1056	1950
1233	1225
1233	1916
1233	1940
1841	1061
1841	1139
1841	1358
1841	1408
1841	1525
1841	1537
1841	1744
1841	1875
1841	1941
1841	1971
1841	1989
1950	1082
1950	1226
1950	1313
1950	1318
1950	1393
1950	1473
1950	1480
1950	1503
1950	1535
1950	1594
1950	1637
1950	1667
1950	1709
1950	1737
1950	1758
1950	871
1950	1902
1950	1922
1950	1940
1950	1948
1057	1305
1057	1332
1057	1675
1057	1947
1305	1162
1305	1453
1305	1584
1305	1900
1332	1215
1332	1872
1332	1964
1675	1348
1675	1800
1675	1908
1675	1917
1675	1929
1947	1136
1947	1209
1947	1270
1947	1369
1947	1433
1947	1709
1947	1710
1947	1798
1947	1801
1947	1828
1947	1859
1947	1866
1947	1912
1947	1926
1947	1941
1947	1963
1947	1971
1947	1988
42	718
42	806
42	912
718	472
718	611
718	978
718	987
718	988
806	77
806	160
806	287
806	369
806	560
806	605
806	786
806	807
806	871
806	976
912	66
912	241
912	401
912	633
912	655
912	732
912	735
912	851
912	876
912	939
912	975
912	990
43	587
43	632
587	58
587	684
587	828
587	841
587	891
632	161
632	192
632	852
632	876
632	984
44	377
44	702
44	1782
377	680
377	924
377	939
377	987
702	348
702	450
702	860
702	879
702	934
702	936
702	984
1782	1206
1782	1238
1782	1276
1782	1393
1782	1485
1782	1502
1782	1714
1782	1738
1782	1808
1058	1595
1058	1738
1058	1805
1595	1593
1595	1731
1595	1849
1595	1870
1595	1891
1595	1911
1595	1967
1738	1083
1738	1429
1738	1762
1738	1899
1805	1234
1805	1592
1805	1760
1805	1785
1805	1850
1805	1910
1805	1930
1805	1933
1805	1956
1805	1966
1805	1967
1059	1459
1059	1985
1459	1202
1459	1899
1985	1063
1985	1092
1985	1096
1985	1105
1985	1180
1985	1309
1985	1317
1985	1359
1985	1381
1985	1435
1985	1514
1985	1555
1985	1563
1985	1606
1985	1615
1985	1704
1985	1752
1985	1819
1985	1854
1985	1917
1985	1931
1985	1959
1985	1960
1985	1966
45	645
45	766
45	921
645	356
645	719
645	836
645	844
645	937
645	970
645	975
766	215
766	263
766	371
766	709
766	712
766	789
766	805
766	944
921	202
921	1349
921	359
921	477
921	495
921	508
921	554
921	618
921	685
921	724
921	795
921	815
921	835
921	846
921	891
921	901
921	945
921	987
46	745
46	866
46	979
46	999
745	143
745	1249
745	596
745	786
745	847
745	940
745	997
866	122
866	150
866	385
866	397
866	513
866	730
866	830
866	878
866	974
866	977
979	94
979	102
979	187
979	243
979	244
979	387
979	577
979	598
979	657
979	722
979	731
979	741
979	790
979	794
979	809
979	810
979	821
979	846
979	882
979	900
979	936
979	941
979	949
979	977
979	978
979	989
979	995
999	130
999	164
999	254
999	260
999	291
999	309
999	397
999	404
999	443
999	535
999	543
999	565
999	594
999	605
999	633
999	643
999	652
999	704
999	798
999	809
999	810
999	825
999	832
999	861
999	879
999	905
999	908
999	919
999	920
999	930
999	941
999	974
999	991
1060	1733
1060	1850
1060	1912
1733	1608
1733	1714
1733	1881
1733	1890
1850	1137
1850	1276
1850	1590
1850	1614
1850	1816
1850	1836
1850	1875
1850	1979
1912	1064
1912	1081
1912	1101
1912	1112
1912	1222
1912	1596
1912	1683
1912	1693
1912	1839
1912	1845
1912	1847
1912	1890
1912	1926
1912	1940
1061	1118
1061	1918
1118	1703
1118	1793
1918	1123
1918	1158
1918	1232
1918	1240
1918	1269
1918	1275
1918	1400
1918	1525
1918	1621
1918	1625
1918	1628
1918	1858
1918	1932
1918	936
1918	1977
1918	1989
1062	1367
1062	1997
1367	1376
1997	1083
1997	1154
1997	1370
1997	1397
1997	1460
1997	1476
1997	1477
1997	1493
1997	1670
1997	1683
1997	1713
1997	1718
1997	1726
1997	1744
1997	1748
1997	781
1997	1839
1997	1848
1997	1853
1997	1896
1997	1900
1997	1979
1997	1992
47	746
47	756
746	164
746	199
746	351
746	545
746	633
746	723
746	765
746	1856
746	896
756	490
756	548
756	630
756	643
756	691
756	777
756	823
756	928
756	947
48	604
48	969
48	985
604	91
604	316
604	459
604	830
604	833
969	49
969	273
969	400
969	410
969	417
969	450
969	468
969	518
969	547
969	575
969	656
969	684
969	687
969	706
969	741
969	792
969	861
969	883
969	895
969	915
969	927
969	944
969	972
969	976
985	70
985	122
985	169
985	172
985	238
985	258
985	306
985	332
985	361
985	419
985	473
985	492
985	525
985	691
985	753
985	807
985	870
985	871
985	879
985	915
985	922
985	971
985	976
985	997
49	211
49	561
49	688
211	350
211	472
211	557
561	472
561	715
561	731
561	778
561	808
561	882
688	184
688	453
688	504
688	528
688	624
688	822
688	824
688	854
50	53
50	197
50	315
53	354
53	389
197	179
197	355
197	923
315	357
315	554
315	598
1063	1148
1063	1163
1063	1904
1148	1584
1148	1849
1163	1585
1163	1938
1904	1462
1904	1677
1904	1708
1904	1722
1904	1734
1904	1747
1904	1768
1904	1775
1904	1776
1904	1832
1904	1856
1904	1890
1904	1920
51	203
51	556
51	848
51	988
203	510
556	67
556	356
556	488
556	505
556	802
556	945
848	442
848	547
848	700
848	776
848	836
848	844
848	892
848	928
848	938
848	977
848	978
848	996
988	261
988	345
988	354
988	382
988	412
988	517
988	523
988	535
988	589
988	643
988	656
988	659
988	824
988	845
988	850
988	891
988	915
988	916
988	922
988	939
988	941
988	945
988	972
988	982
988	984
52	420
52	792
52	972
420	336
420	817
420	836
420	907
420	937
792	157
792	577
792	625
792	663
792	856
792	919
792	946
972	149
972	220
972	319
972	334
972	485
972	1552
972	606
972	610
972	667
972	751
972	770
972	773
972	812
972	821
972	823
972	857
972	861
972	904
972	907
972	974
972	982
972	987
972	997
1064	1616
1064	1655
1616	1476
1616	1516
1616	1590
1616	1676
1616	1989
1655	1149
1655	1248
1655	1405
1655	1437
1655	1472
1655	1528
1655	1743
1065	1124
1065	1204
1065	1445
1124	1170
1124	1448
1124	1931
1204	1362
1204	1410
1445	1551
1445	1580
1445	1673
1445	1939
1445	1944
1066	1405
1066	1441
1066	1443
1405	1176
1405	1784
1405	1932
1441	1260
1441	1326
1441	1387
1441	1774
1443	1328
1443	1565
1443	1866
1443	1910
354	122
389	121
389	612
389	781
389	995
54	91
54	689
54	946
91	58
91	856
689	63
689	334
689	422
689	700
689	734
689	977
689	989
946	116
946	181
946	193
946	336
946	456
946	463
946	582
946	595
946	598
946	612
946	640
946	648
946	753
946	755
946	886
946	908
946	910
946	934
946	944
946	945
946	998
1067	1302
1067	1872
1302	1475
1302	1550
1302	1603
1302	1662
1872	1161
1872	1178
1872	1229
1872	1484
1872	1579
1872	1589
1872	1724
1872	1860
1872	1911
1872	1930
1872	1977
55	770
55	895
770	149
770	255
770	605
770	724
770	796
770	860
770	876
770	882
770	917
895	159
895	321
895	324
895	336
895	376
895	460
895	498
895	691
895	751
895	803
895	824
895	863
895	869
895	990
56	723
56	823
56	1832
56	904
723	112
723	1135
723	762
723	774
723	775
723	905
723	990
823	424
823	571
823	621
823	633
823	640
823	675
823	831
823	846
823	976
1832	1218
1832	1326
1832	1620
1832	1745
1832	1773
1832	1845
1832	1941
904	143
904	188
904	294
904	471
904	537
904	584
904	592
904	616
904	687
904	789
904	790
904	802
904	880
904	890
904	975
904	984
904	991
1068	1518
1068	1797
1068	1910
1068	1936
1518	1759
1518	1773
1797	1261
1797	1312
1797	1512
1797	1690
1797	1881
1797	1933
1797	1986
1910	1362
1910	1466
1910	1552
1910	1578
1910	1696
1910	1791
1910	1920
1910	1929
1910	1938
1910	1944
1910	1993
1936	1200
1936	1231
1936	1236
1936	1336
1936	1493
1936	1515
1936	1544
1936	1573
1936	1619
1936	1624
1936	1644
1936	1660
1936	1728
1936	1751
1936	1758
1936	1896
1936	1906
1936	1937
1936	1948
57	637
57	789
57	1810
57	940
637	288
637	344
637	640
637	724
637	882
637	887
637	910
637	920
789	174
789	357
789	601
789	821
789	893
1810	1120
1810	1489
1810	1499
1810	1674
1810	1680
1810	1798
1810	1878
1810	1895
940	349
940	399
940	551
940	666
940	704
940	711
940	712
940	771
940	776
940	795
940	847
940	854
940	888
940	938
940	975
940	977
940	982
1069	1223
1069	1331
1069	836
1069	1989
1223	1801
1331	1106
1331	1226
1331	1561
836	298
836	503
836	648
836	664
836	680
836	683
836	820
1989	1134
1989	1232
1989	1259
1989	1429
1989	1437
1989	1447
1989	1455
1989	1504
1989	1505
1989	1601
1989	1618
1989	1642
1989	1731
1989	1761
1989	1768
1989	1776
1989	1828
1989	1847
1989	1864
1989	1916
1989	1941
1989	1986
58	880
58	899
880	208
880	219
880	411
880	537
880	625
880	667
880	697
880	799
880	810
880	858
880	861
880	923
880	975
899	262
899	289
899	411
899	468
899	506
899	625
899	814
899	883
899	915
899	1920
899	916
899	966
59	298
59	381
59	434
59	978
298	180
298	1611
381	364
381	659
381	802
381	844
434	822
434	923
434	970
978	102
978	183
978	335
978	373
978	426
978	430
978	475
978	483
978	503
978	543
978	594
978	664
978	700
978	721
978	731
978	732
978	773
978	870
978	873
978	879
978	947
60	697
60	755
60	971
697	220
697	411
697	413
697	660
697	856
697	859
697	869
697	998
755	89
755	254
755	255
755	839
755	884
755	905
971	76
971	136
971	231
971	378
971	396
971	1499
971	509
971	540
971	686
971	698
971	727
971	732
971	769
971	786
971	797
971	799
971	810
971	821
971	824
971	864
971	903
971	966
971	976
971	991
1070	1695
1070	1773
1070	1776
1695	1316
1695	1584
1695	1645
1695	1672
1695	1745
1695	890
1695	1906
1773	1477
1773	1536
1773	1622
1773	1709
1773	1745
1773	1785
1776	1106
1776	1177
1776	1410
1776	1537
1776	1627
1776	1690
1776	698
1776	1938
61	507
61	825
61	831
61	909
507	384
507	550
507	622
507	696
507	859
825	436
825	830
825	888
825	926
825	996
825	998
831	142
831	246
831	413
831	532
831	784
831	878
831	905
831	934
831	997
909	245
909	260
909	289
909	321
909	350
909	388
909	432
909	451
909	456
909	568
909	677
909	822
909	996
62	857
62	941
62	977
857	248
857	319
857	368
857	538
857	625
857	736
857	762
857	844
857	849
857	908
857	916
857	941
941	175
941	178
941	193
941	291
941	387
941	450
941	495
941	529
941	610
941	777
941	839
941	849
941	887
941	936
941	995
941	997
941	998
977	251
977	271
977	392
977	404
977	440
977	504
977	580
977	595
977	625
977	660
977	721
977	794
977	801
977	805
977	835
977	887
977	919
977	922
977	944
977	995
977	997
977	998
63	650
63	989
650	152
650	1227
650	701
650	893
650	923
650	975
989	144
989	246
989	314
989	1365
989	352
989	435
989	484
989	514
989	574
989	600
989	707
989	740
989	799
989	812
989	814
989	826
989	843
989	854
989	860
989	863
989	924
989	991
989	996
989	998
1071	1806
1806	1263
1806	1544
1806	1631
1806	1728
1806	1769
1806	1774
1806	1840
1806	1932
1806	1960
1072	1390
1072	1421
1072	1678
1390	1327
1390	1605
1390	1984
1421	1360
1421	1376
1421	1447
1421	1665
1678	1153
1678	1156
1678	1318
1678	1824
1678	1879
1678	1992
64	677
64	896
64	996
677	146
677	162
677	493
677	589
677	937
896	79
896	538
896	608
896	634
896	663
896	864
896	890
896	926
896	990
896	991
996	68
996	84
996	88
996	131
996	137
996	213
996	226
996	311
996	376
996	431
996	541
996	585
996	623
996	664
996	665
996	736
996	739
996	888
996	910
996	924
996	947
996	975
996	987
996	990
65	231
65	473
65	858
231	68
231	807
231	917
473	133
473	214
473	862
858	245
858	396
858	445
858	502
858	589
858	644
858	849
858	924
858	995
66	375
66	440
66	740
375	426
375	869
375	874
440	286
440	303
440	570
740	224
740	537
740	568
740	597
740	820
740	887
740	995
1073	1251
1073	1434
1073	1592
1073	1979
1251	1385
1251	1952
1251	975
1434	1259
1434	1751
1592	581
1592	1635
1592	1671
1592	1902
1979	1085
1979	1091
1979	1150
1979	1205
1979	1265
1979	1288
1979	1333
1979	1354
1979	1452
1979	1471
1979	1490
1979	1520
1979	1549
1979	1643
1979	1696
1979	1717
1979	1734
1979	1779
1979	1853
1979	1867
1979	1875
1979	1966
1979	1993
1074	1760
1074	1839
1074	1860
1760	1325
1760	1622
1760	1629
1760	1639
1760	1731
1839	1141
1839	1281
1839	1427
1839	1561
1839	1728
1839	1780
1839	1796
1839	1835
1839	1958
1860	1271
1860	1338
1860	1359
1860	1603
1860	1734
1860	1875
1860	1878
1860	1902
1860	1911
1860	1986
1075	1144
1075	1322
1075	1527
1075	1680
1144	1216
1144	1958
1322	1366
1322	1487
1322	1984
1527	1385
1527	1816
1680	1168
1680	1557
1680	1685
1680	1748
1701	1125
1701	1348
1701	1618
1834	1283
1834	1288
1834	1386
1834	1397
1834	1503
1834	1534
1834	1575
1834	1703
1834	1895
1834	1937
1834	1944
1077	1295
1077	1464
1077	1492
1295	1856
1295	1899
1295	1929
1464	1493
1464	1614
1464	1631
1464	1812
1492	1373
1492	1462
1492	1617
1492	1954
67	534
67	870
67	984
534	143
534	220
534	274
534	690
534	752
870	151
870	435
870	445
870	638
870	691
870	757
870	1917
870	936
870	997
984	71
984	100
984	139
984	215
984	246
984	439
984	504
984	539
984	588
984	667
984	683
984	788
984	820
984	830
984	849
984	850
984	851
984	878
984	886
984	892
984	919
984	927
984	990
984	995
1078	1149
1079	1501
1501	1102
1501	1602
1501	1920
1501	1922
1080	1664
1080	1808
1664	1255
1664	1313
1664	1446
1664	1524
1664	1585
1664	1786
1664	1870
1808	1100
1808	1121
1808	1177
1808	1488
1808	1541
1808	1548
1808	1798
1808	1854
1808	1988
68	300
300	412
300	925
300	974
69	528
69	664
69	817
69	982
528	654
528	1881
528	991
528	997
664	238
664	715
664	939
817	144
817	515
817	563
817	588
817	812
817	876
817	878
817	886
817	890
982	133
982	265
982	274
982	301
982	1411
982	441
982	456
982	465
982	538
982	567
982	654
982	661
982	662
982	676
982	678
982	780
982	795
982	814
982	849
982	927
982	970
70	153
70	278
70	363
153	222
153	801
153	910
278	447
278	503
278	601
278	991
363	150
363	393
363	566
363	928
1081	1227
1081	1714
1081	1948
1227	1311
1227	1793
1714	1324
1714	1631
1714	1735
1714	1768
1714	1847
1714	1883
1948	1107
1948	1218
1948	1230
1948	1286
1948	1289
1948	1317
1948	1328
1948	1371
1948	1508
1948	1535
1948	1577
1948	1583
1948	1784
1948	1851
1948	1937
1948	1954
1948	1986
1082	1908
1082	1939
1908	1127
1908	1239
1908	1379
1908	1515
1908	1531
1908	1724
1908	1814
1908	1958
1939	1153
1939	1291
1939	1339
1939	1388
1939	1663
1939	1691
1939	1694
1939	1759
1939	1840
1939	1958
1939	1962
1939	1976
1939	1993
71	215
71	460
71	990
215	628
460	154
460	226
460	403
460	651
990	80
990	146
990	181
990	185
990	222
990	297
990	1477
990	451
990	497
990	510
990	531
990	741
990	776
990	801
990	803
990	804
990	828
990	835
990	847
990	917
990	991
72	238
72	828
238	847
828	341
828	560
828	596
828	803
828	811
828	920
1083	1941
1083	1960
1941	1175
1941	1313
1941	1324
1941	1449
1941	1596
1941	1698
1941	1699
1941	1707
1941	1785
1941	1906
1941	1920
1941	1958
1941	1971
1960	1131
1960	1133
1960	1309
1960	1374
1960	1522
1960	1659
1960	1674
1960	1711
1960	743
1960	1778
1960	1848
1960	1849
1960	1976
1960	1988
73	253
73	1753
253	504
253	684
253	815
1753	1609
1753	1669
1753	1674
1753	1711
1753	1724
1753	1853
1753	1902
74	223
74	709
223	720
709	82
709	171
709	286
709	820
709	937
1084	1257
1084	1382
1084	1944
1084	1952
1257	1798
1257	1835
1257	1916
1382	1439
1382	1665
1382	1887
1382	1988
1944	1368
1944	1504
1944	1631
1944	1654
1944	1723
1944	1740
1944	1771
1944	1789
1944	1794
1944	1881
1944	1993
1952	1087
1952	1177
1952	1346
1952	1467
1952	1509
1952	1570
1952	1614
1952	1617
1952	1618
1952	1658
1952	1696
1952	1743
1952	1778
1952	1801
1952	1809
1952	1883
1952	1911
1952	1992
1895	1386
1895	1536
1895	1674
1895	1713
1895	1809
1895	1929
1895	1932
1895	1956
1895	1986
1087	1123
1087	1506
1087	1938
1123	1383
1506	1190
1506	1338
1506	1479
1506	1977
1506	1993
1938	1256
1938	1339
1938	1449
1938	1479
1938	1488
1938	1550
1938	1632
1938	1633
1938	1819
1938	1864
1938	1874
1938	1875
1938	1962
75	189
75	624
75	916
189	790
189	934
189	938
624	464
624	908
916	403
916	606
916	694
916	722
916	738
916	839
916	849
916	850
916	871
916	903
916	925
76	711
76	922
76	995
711	80
711	183
711	326
711	862
711	908
922	383
922	532
922	601
922	700
922	741
922	786
922	794
922	915
922	924
922	991
995	1110
995	135
995	140
995	164
995	357
995	366
995	384
995	618
995	695
995	710
995	811
995	844
995	861
995	869
995	876
995	882
995	923
995	926
995	947
995	966
995	970
995	987
1088	1270
1088	1785
1270	1129
1785	1189
1785	1269
1785	1489
1785	1628
1785	1703
77	273
77	580
77	923
273	424
273	903
580	462
580	639
580	795
580	932
923	239
923	530
923	551
923	591
923	611
923	658
923	829
923	832
923	873
923	900
923	934
923	991
78	312
78	712
312	345
312	482
312	525
312	672
712	177
712	704
712	811
712	878
712	970
1089	1440
1089	1859
1089	1959
1440	1625
1440	1759
1440	1929
1440	1937
1859	590
1859	1640
1859	1694
1859	1789
1859	1791
1859	1814
1859	1920
1859	1929
1859	1967
1859	1971
1859	1977
1959	1108
1959	1161
1959	1327
1959	1513
1959	1524
1959	1599
1959	1602
1959	1611
1959	1613
1959	1620
1959	1737
1959	1814
1959	1829
1959	1917
1959	1932
1090	1360
1090	1694
1090	1778
1360	1253
1360	1986
1694	1748
1694	1828
1694	1926
1694	1933
1778	1219
1778	1601
1778	1604
1778	1713
1778	1870
1778	1988
1778	1992
79	233
79	938
233	642
233	924
233	938
938	250
938	373
938	374
938	387
938	633
938	651
938	680
938	698
938	743
938	773
938	790
938	812
938	822
938	936
938	974
938	976
1091	1890
1091	1971
1091	1976
1890	1170
1890	1312
1890	1524
1890	1728
1890	1746
1890	1801
1890	1916
1890	1964
1890	1977
1971	1151
1971	1216
1971	1231
1971	1347
1971	1455
1971	1483
1971	1539
1971	1578
1971	1622
1971	1707
1971	1786
1971	1816
1971	1877
1971	1929
1971	1963
1971	1964
1971	1988
1976	1130
1976	1145
1976	1160
1976	1191
1976	1306
1976	1430
1976	1473
1976	1482
1976	1549
1976	1596
1976	1602
1976	1685
1976	1819
1976	1829
1976	1858
1976	1878
1976	1902
1092	1747
1747	1577
1747	1603
1747	1606
1747	1692
1747	1734
1747	1926
1093	1208
1093	1729
1093	1788
1093	1900
1208	1214
1208	1650
1208	1672
1729	1311
1729	1436
1729	1456
1729	1585
1729	1625
1729	1786
1729	1883
1729	1992
1788	1384
1788	1471
1788	1520
1788	1705
1788	1734
1788	1864
1788	1940
1788	1986
1900	1249
1900	1355
1900	1620
1900	1717
1900	1845
1900	1858
1900	1875
1900	1879
1094	1522
1094	1536
1094	1819
1094	1853
1522	1263
1522	1619
1522	1867
1522	1949
1536	1205
1536	1565
1536	1746
1819	1371
1819	1406
1819	1525
1819	1541
1819	1580
1853	1183
1853	1192
1853	1252
1853	1457
1853	1608
1853	1902
1853	931
81	814
81	1932
814	137
814	179
814	690
814	743
814	852
814	856
814	939
1932	1160
1932	1244
1932	1418
1932	1510
1932	1659
1932	1719
1932	1851
1932	1878
1932	1911
1932	1992
82	845
845	107
845	127
845	406
845	462
845	555
845	633
845	714
845	734
845	799
1095	1458
1095	1734
1095	1761
1458	1220
1458	1958
1734	1413
1734	1703
1761	1146
1761	1213
1761	1356
1761	1447
1761	1531
1761	1671
1761	1816
1761	1824
83	492
83	863
83	876
492	163
492	285
492	763
863	178
863	187
863	1301
863	305
863	464
863	727
863	754
863	924
863	931
863	966
863	970
876	190
876	547
876	560
876	588
876	719
876	797
876	947
876	987
84	456
84	683
84	915
456	887
683	138
683	1228
683	362
683	608
683	754
683	779
683	830
915	167
915	500
915	521
915	539
915	589
915	634
915	655
915	775
915	900
915	932
915	998
1096	1238
1096	1874
1238	1189
1238	1520
1874	1271
1874	1284
1874	1324
1874	1565
1874	1643
1874	1817
1874	1891
1874	1954
1874	1966
1097	1809
1097	1963
1809	1150
1809	1241
1809	1359
1809	1384
1809	1534
1809	1845
1963	1543
1963	1585
1963	1588
1963	1612
1963	1617
1963	1669
1963	1696
1963	1702
1963	1705
1963	1749
1963	1774
1963	1847
1963	1851
1963	1867
1963	1911
1963	927
1963	1966
85	86
85	928
85	930
85	997
86	619
86	752
86	869
928	118
928	170
928	265
928	351
928	427
928	490
928	560
928	728
928	804
928	847
928	862
928	903
928	958
928	975
928	987
930	92
930	212
930	220
930	225
930	447
930	465
930	514
930	518
930	594
930	595
930	606
930	701
930	882
930	883
930	888
930	936
930	945
930	958
930	966
997	109
997	120
997	128
997	242
997	260
997	320
997	391
997	623
997	644
997	658
997	686
997	705
997	775
997	807
997	812
997	820
997	821
997	891
997	892
997	893
997	900
997	905
1099	1497
1099	1977
1099	1984
1497	1530
1497	1730
1497	1802
1977	1209
1977	1255
1977	1278
1977	1436
1977	1454
1977	1462
1977	1563
1977	1672
1977	1689
1977	1867
1977	1870
1977	1877
1977	1916
1977	1926
1977	1931
1977	1956
1977	1968
1977	1984
1984	1234
1984	1275
1984	1321
1984	1336
1984	1420
1984	1427
1984	1467
1984	1503
1984	1629
1984	1653
1984	1692
1984	1737
1984	1740
1984	1887
1984	1896
1984	1902
1984	1919
1984	1922
1984	1930
1984	1940
619	661
619	736
619	829
619	905
619	906
752	349
752	601
752	707
752	769
752	784
752	809
752	905
752	966
869	221
869	226
869	385
869	622
869	728
869	747
869	851
869	852
869	931
869	939
1100	1212
1212	1479
1212	1639
87	598
87	705
598	382
598	579
598	859
705	287
705	483
705	592
705	628
705	638
705	663
705	804
88	577
88	656
88	891
577	643
577	821
577	879
577	975
656	132
656	452
656	794
656	798
656	799
891	142
891	212
891	251
891	352
891	653
891	658
891	839
891	925
891	926
891	998
1101	1306
1101	1321
1101	1667
1306	1852
1321	1644
1321	1986
1321	1993
1667	1231
1667	1570
1667	1580
1667	1827
89	99
89	218
99	169
99	666
99	966
218	794
218	1879
1102	1905
1102	1926
1905	1132
1905	1278
1905	1333
1905	1412
1905	1486
1905	1551
1905	1584
1905	1632
1905	1743
1905	1771
1905	1854
1905	1877
1926	1290
1926	1381
1926	1396
1926	1493
1926	1628
1926	1663
1926	1794
1926	1796
90	844
90	925
844	130
844	417
844	481
844	739
844	754
844	926
844	991
925	141
925	400
925	443
925	560
925	567
925	653
925	762
925	810
925	813
925	856
925	874
925	888
925	907
925	974
856	302
856	376
856	457
856	494
856	663
856	970
1103	1669
1669	1229
1669	1274
1669	1632
1669	1801
1104	1165
1104	1366
1104	1711
1165	1145
1366	1243
1366	1279
1711	1107
1711	1268
1711	1323
1711	1415
1711	1580
1711	1775
1711	1954
1105	1656
1105	1931
1656	1151
1656	1769
1656	1784
1931	1229
1931	1380
1931	1408
1931	1571
1931	1599
1931	1604
1931	1693
1931	1699
1931	1728
1931	1919
1106	1633
1633	1342
1633	1394
1633	1604
1633	1762
92	234
92	237
92	838
234	681
234	798
234	906
237	196
237	305
237	945
838	1412
838	417
838	438
838	582
838	659
838	810
838	832
838	873
838	932
838	970
838	998
1107	1182
1107	1196
1182	1663
1196	1689
1108	1498
1108	1783
1498	1109
1498	1308
1498	1920
1783	1540
1783	1647
1783	1676
1783	1849
1783	1851
1783	1887
720	448
720	486
720	658
720	671
720	726
720	886
884	110
884	351
884	388
884	735
884	763
884	883
884	903
884	908
884	924
884	926
884	966
884	976
884	991
94	313
94	695
94	851
313	442
313	883
695	116
695	380
695	654
695	846
695	900
695	920
695	947
851	304
851	412
851	433
851	497
851	512
851	523
851	530
851	790
851	944
851	974
1109	1162
1162	1245
1110	1599
1110	1735
1110	1836
1599	1264
1599	1454
1599	1472
1599	1829
1735	1580
1735	1689
1735	1836
1735	1917
1836	1246
1836	1346
1836	1365
1836	1640
1836	1746
1836	1796
1836	1993
95	567
567	504
567	778
567	974
96	545
96	639
96	808
96	949
545	129
545	180
545	826
639	225
639	249
639	297
639	383
639	449
639	721
639	864
808	169
808	229
808	829
808	892
808	910
949	125
949	269
949	289
949	364
949	394
949	424
949	428
949	512
949	552
949	592
949	714
949	751
949	824
949	829
949	835
949	892
949	939
97	668
97	937
668	266
668	352
668	754
668	796
668	991
937	117
937	301
937	404
937	502
937	569
937	596
937	640
937	686
937	694
937	731
937	747
937	769
937	811
1111	1433
1111	1487
1111	1964
1433	1442
1433	1705
1433	1800
1487	1174
1487	1265
1964	1284
1964	1389
1964	1454
1964	1469
1964	1628
1964	1683
1964	1686
1964	1779
1964	1845
1964	1847
1964	1856
1964	1891
1964	1911
1964	1937
1964	1968
1964	1988
98	205
98	349
98	727
98	776
205	126
205	798
349	246
349	947
727	352
727	384
727	408
727	625
727	707
776	422
776	437
776	660
776	841
776	883
776	966
1112	1347
1112	1887
1112	1967
1347	1490
1887	1143
1887	1368
1887	1411
1887	1435
1887	1450
1887	1503
1887	1829
1887	1993
1967	1246
1967	1403
1967	1474
1967	1505
1967	1568
1967	559
1967	1615
1967	1644
1967	1658
1967	1718
1967	1728
1967	1754
1967	1779
1967	1796
1967	1812
1967	1848
1967	1902
1967	1958
1113	1883
1883	1424
1883	1509
1883	1512
1883	1531
1883	1556
1883	1569
1883	1576
1883	1627
1883	1780
1883	1829
169	663
666	277
666	801
666	893
666	920
666	944
966	150
966	243
966	263
966	294
966	356
966	370
966	448
966	508
966	537
966	669
966	835
966	936
966	939
1115	1153
1115	1617
1115	1854
1115	1949
1153	1585
1617	1637
1617	1937
1854	1185
1854	1241
1854	1325
1854	1341
1854	1702
1854	1732
1854	1800
1854	1966
1854	1992
1949	1127
1949	1146
1949	1164
1949	1166
1949	1225
1949	1267
1949	1316
1949	1343
1949	1362
1949	1490
1949	1512
1949	1540
1949	1621
1949	1679
1949	1690
1949	1693
1949	1802
1949	1851
1949	1906
1949	1962
1949	1993
100	696
100	975
696	388
696	463
696	716
696	813
696	888
696	970
975	113
975	147
975	265
975	299
975	340
975	343
975	382
975	403
975	498
975	502
975	520
975	592
975	672
975	743
975	839
975	871
975	878
975	910
975	970
101	245
101	512
101	781
245	459
245	893
512	490
512	976
781	344
781	540
781	811
781	934
781	939
102	337
102	572
337	835
337	859
337	998
572	665
572	730
572	991
103	224
103	281
103	288
103	405
224	152
224	426
224	622
281	605
281	861
281	907
288	376
288	411
288	864
405	574
405	676
104	562
104	631
104	839
104	901
562	160
562	249
631	486
631	706
631	777
631	832
839	216
839	419
839	433
839	747
839	788
839	862
839	917
901	148
901	322
901	421
901	517
901	518
901	652
901	694
901	704
901	782
901	788
901	890
901	944
1116	1759
1116	1781
1116	1800
1759	1218
1759	1530
1759	1745
1759	1781
1781	1237
1781	1272
1781	1348
1781	1582
1781	1686
1781	1692
1781	1784
1781	1852
1781	1866
1800	1236
1800	1476
1800	500
1800	1665
1800	1817
106	732
106	906
106	910
732	279
732	462
732	641
732	686
732	763
906	263
906	346
906	361
906	548
906	593
906	646
906	774
906	790
906	1817
906	849
906	874
906	882
906	920
910	179
910	220
910	308
910	395
910	509
910	724
910	868
910	931
910	958
910	974
1117	1671
1117	1911
1117	1933
1671	1330
1671	1549
1671	1727
1671	1954
1671	1966
1911	1169
1911	1235
1911	1364
1911	1419
1911	1453
1911	1744
1911	1804
1911	1840
1911	833
1911	1966
1933	1183
1933	1221
1933	1362
1933	1424
1933	1465
1933	1540
1933	1556
1933	1623
1933	1743
1933	1752
1933	1775
1933	1796
1933	1929
1703	1789
1703	1891
1793	1309
1793	1345
1793	1654
1793	1784
1793	1835
1793	1875
1793	1902
107	628
628	208
628	958
108	232
108	623
108	763
108	788
232	292
232	552
232	873
623	706
623	907
763	535
763	662
763	714
763	771
763	888
788	160
788	243
788	275
788	461
788	658
788	665
788	939
1119	1150
1119	1228
1119	1771
1150	1954
1228	1133
1228	1814
1228	1968
1771	1283
1771	1580
1771	1917
1771	1929
109	474
109	774
474	351
474	436
474	450
474	868
474	888
774	113
774	114
774	425
774	517
774	757
1120	1346
1346	1968
1121	1234
1121	1730
1121	1851
1234	1627
1730	1422
1730	1737
1730	1870
1730	1930
1730	1937
1851	1647
1851	1802
1851	1816
1851	1824
1851	1899
1851	1902
1122	1455
1122	1510
1122	1864
1455	1789
1510	1558
1510	1768
1510	813
1864	1242
1864	1335
1864	1381
1864	1625
1864	1717
1864	1906
1864	1992
1383	1389
1170	1745
1448	282
1448	1423
1448	1546
1448	1548
110	391
110	1543
110	801
391	731
391	747
1543	1609
1543	1986
801	308
801	641
801	681
801	719
801	945
111	551
111	779
551	428
551	458
551	691
551	773
779	279
779	617
779	687
779	854
779	887
779	958
779	987
779	998
112	431
431	445
431	539
431	582
431	822
113	690
113	736
690	289
690	372
690	786
690	821
690	832
690	874
736	437
736	600
736	706
736	716
736	820
736	852
1126	1673
1126	1732
1673	1569
1673	1579
1673	1754
1673	1899
1732	1200
1732	1473
1732	1728
1732	1824
1732	1870
1732	1902
114	893
114	945
893	366
893	383
893	464
893	584
893	653
893	811
893	815
893	945
945	120
945	480
945	585
945	646
945	661
945	685
945	1752
945	757
945	773
945	795
945	987
945	991
1127	1940
1940	1222
1940	1407
1940	1568
1940	1727
1940	1845
1940	1919
1128	1354
1128	1558
1128	1612
1128	1704
1354	1488
1354	1603
1354	1643
1558	1708
1558	1723
1558	1956
1612	1358
1612	1603
1612	1827
1612	1840
1704	1201
1704	1273
1704	1478
1704	1489
1704	1524
1704	1685
1704	1986
1129	1237
1129	1775
1237	1620
1775	1461
1775	1605
1775	1672
1775	1685
1775	1848
1775	1902
1130	1624
1130	1740
1130	1962
1624	1526
1624	1992
1740	1277
1740	1329
1740	1439
1740	1463
1740	1573
1740	1840
1962	1156
1962	1197
1962	1291
1962	1343
1962	1430
1962	1432
1962	1559
1962	1591
1962	1645
1962	1650
1962	1779
1962	1804
1962	1858
1962	1993
115	327
115	987
327	295
327	378
327	903
327	958
987	302
987	303
987	334
987	565
987	568
987	601
987	621
987	651
987	665
987	678
987	1708
987	707
987	765
987	769
987	771
987	802
987	810
987	813
987	864
116	821
821	385
821	459
117	304
117	751
304	1267
304	513
751	126
751	605
751	706
751	780
751	826
118	362
118	547
118	586
362	815
547	521
547	546
547	932
586	239
586	493
586	671
586	859
1131	1141
1131	1401
1131	1529
1401	1261
1401	1512
1529	1168
1529	1852
1529	1906
1529	1993
1132	1719
1719	1301
1719	1689
1719	1824
436	704
436	757
508	204
508	939
1133	1471
1133	1769
1471	1309
1471	1698
1769	1207
1769	1327
1769	1407
1769	1524
1769	1537
1769	1607
1769	1645
1769	1754
120	472
472	777
472	932
121	882
121	890
882	559
882	594
882	660
882	754
882	773
890	239
890	248
890	521
890	524
890	726
890	764
890	812
1134	1185
1134	1852
1185	1407
1852	1250
1852	1269
1852	1476
1852	1495
1852	1645
1852	1662
1852	1698
1852	1774
1852	1958
1135	1746
1135	1780
1135	1786
1746	1136
1746	1835
1746	1937
1746	1958
1780	1419
1780	1485
1780	1643
1780	1676
1780	1727
1780	1748
1780	1812
1780	1829
1786	1623
1786	1697
1786	1718
1786	1742
1786	1754
1786	1794
1786	1988
1136	1286
1286	1467
1286	1794
1286	1881
122	371
371	338
371	595
371	726
123	578
123	700
123	830
123	919
578	257
578	519
578	527
578	811
700	330
700	429
700	653
700	1966
830	187
830	258
830	269
830	325
830	864
830	932
830	998
919	199
919	279
919	290
919	321
919	335
919	416
919	655
919	658
919	719
919	879
919	887
919	920
919	932
919	976
1137	1526
1526	1285
1526	1539
1526	1613
1526	1662
1526	1710
1662	1187
1662	1590
1662	1835
1737	1355
1737	1589
1737	1611
608	421
608	850
608	862
809	531
809	773
809	796
809	798
809	841
125	282
125	974
282	730
282	780
974	166
974	168
974	458
974	486
974	527
974	558
974	595
974	617
974	710
974	775
974	782
974	784
974	790
974	847
974	947
126	379
379	214
379	648
379	835
379	970
1139	1264
1264	1431
1264	1758
1264	1814
1140	1394
1140	1992
1394	1336
1394	1762
1992	1319
1992	1392
1992	1396
1992	1419
1992	1453
1992	1474
1992	1505
1992	1570
1992	1589
1992	1608
1992	1692
1992	1828
1992	1849
1992	1877
1992	1937
1142	1342
1142	1474
1142	1930
1342	1298
1342	1858
1474	1279
1474	1867
1930	1158
1930	1180
1930	1244
1930	1247
1930	1256
1930	1299
1930	1404
1930	1577
1930	1630
1930	1638
1930	1691
1930	1891
127	481
127	820
127	908
481	343
481	495
481	747
481	908
820	449
820	584
820	622
820	795
820	813
820	847
908	184
908	191
908	247
908	275
908	339
908	353
908	387
908	558
908	675
908	754
908	764
1143	1530
1530	1349
1530	1956
128	410
128	552
128	722
410	301
410	343
410	413
410	920
552	514
552	936
722	607
722	780
722	802
1216	1891
1958	1235
1958	1317
1958	1429
1958	1472
1958	1494
1958	1619
1958	1650
1958	1817
1958	1835
1958	1922
1145	1466
1145	1824
1466	1636
1466	1802
1824	1339
1824	1488
1824	1568
1824	1627
1824	1749
1824	1956
129	753
129	864
753	299
753	302
753	616
753	662
753	728
753	797
753	832
753	926
864	157
864	269
864	871
864	920
864	944
130	322
322	394
322	611
322	944
131	403
131	804
403	849
804	138
804	212
804	344
804	384
804	465
804	495
804	568
132	400
132	681
132	932
400	284
400	714
400	717
681	329
681	991
932	323
932	369
932	404
932	542
932	687
932	738
932	780
932	833
932	847
932	944
932	947
932	998
1146	1569
1569	1635
1569	1663
1569	1856
133	296
296	286
296	574
296	731
296	854
134	268
268	510
268	931
135	850
850	303
850	360
850	454
850	498
850	539
850	931
136	221
136	239
221	652
221	741
221	958
1147	1177
1147	1812
1812	1294
1812	1358
1812	1387
1812	1559
1812	1647
1812	1718
1812	1986
1812	1988
1584	1191
1584	1653
1849	1463
1849	1589
1849	1634
1849	1653
137	162
137	769
162	294
162	671
769	373
769	408
769	489
769	576
769	601
769	634
769	934
138	269
138	524
524	165
524	361
524	372
524	444
524	811
139	532
139	591
139	761
591	386
591	397
591	662
761	166
761	730
761	846
761	868
761	883
761	907
761	958
1954	1187
1954	1359
1954	1423
1954	1613
1954	1677
1954	1679
1954	1881
1954	1929
1954	1986
1954	1993
1151	1672
1672	1413
1672	1453
1672	1816
1152	1916
1916	1174
1916	1201
1916	1245
1916	1266
1916	1285
1916	1528
1916	1570
1916	1677
1916	1986
1585	1232
1585	1614
1585	1814
140	291
140	325
140	640
291	442
291	907
325	201
325	976
640	739
1154	1285
1154	1406
1285	1647
1406	1437
1406	1552
1406	1575
1155	1479
1155	1870
1870	1178
1870	1509
1870	1968
1870	1993
1156	1899
1899	1158
1899	1240
1899	1403
1899	1437
1899	1477
1899	1609
1899	1621
1899	1632
1899	1637
1899	1642
1899	1728
1899	1774
141	754
141	822
141	991
754	166
754	489
754	917
822	407
822	676
822	762
822	847
822	859
991	157
991	383
991	500
991	558
991	563
991	575
991	653
991	687
991	710
991	726
991	747
991	802
991	803
991	900
1881	1266
1881	1494
1881	1508
1881	1594
1881	1956
1881	1988
142	538
142	944
538	156
538	279
538	927
944	1199
944	262
944	286
944	301
944	311
944	494
944	907
944	917
944	931
143	606
606	158
606	328
606	886
144	550
144	1891
550	927
1891	1369
1891	1475
1891	1618
1891	1634
1891	1829
1891	1906
1891	1968
145	406
145	422
406	568
406	731
422	715
422	796
146	548
548	255
548	329
548	535
548	642
1158	1699
1699	1365
1699	1528
1699	1614
1699	1906
147	348
147	579
147	581
348	958
579	518
579	621
579	684
579	829
579	958
581	458
581	621
581	717
581	860
581	934
1159	1179
1159	1707
1179	1520
1179	1546
1179	1896
1707	1253
1707	1593
1707	1751
1707	1917
148	419
419	441
419	698
149	659
659	190
659	392
659	707
659	886
1245	1628
1245	1691
150	777
777	222
777	301
777	574
777	765
151	229
151	657
151	796
229	256
657	584
657	660
657	843
657	860
657	861
657	920
796	156
796	575
796	704
796	784
796	847
152	521
521	557
222	284
222	299
154	262
154	424
262	316
262	453
424	361
424	401
1164	1309
155	563
155	802
563	585
563	934
802	250
802	873
802	886
802	998
156	503
503	326
503	519
503	878
157	714
714	256
714	778
158	459
158	730
459	701
459	920
730	168
730	841
730	849
730	917
730	998
1166	1554
1554	1557
1554	1919
1167	1484
1167	1743
1167	1847
1484	1174
1484	1469
1743	1758
1743	1802
1847	1195
1847	1261
1847	1371
1847	1410
1847	1674
1847	1724
1847	1798
1847	1866
1168	1388
1388	1485
159	323
323	674
323	691
160	669
669	225
669	302
669	737
669	832
669	927
669	976
161	813
813	186
813	347
813	498
813	520
294	803
294	939
671	392
671	786
671	815
163	364
163	369
163	565
364	590
369	206
369	728
565	439
565	515
565	590
565	829
1169	1408
1169	1848
1408	1176
1408	1535
1408	1635
1848	1416
1848	1572
1848	1639
1848	1731
1848	1752
1848	1919
1848	1920
164	493
493	396
493	401
165	336
165	1494
165	649
336	437
1494	1355
649	351
649	470
649	698
649	784
649	1804
649	843
649	868
166	321
321	485
167	404
167	514
167	529
404	734
514	725
514	854
529	569
529	596
529	826
1745	1325
1745	1415
1745	1419
1745	1460
1745	1579
1745	1768
168	738
738	216
738	815
738	862
738	917
738	926
1804	1281
1804	1791
1804	1817
1804	1873
1804	1920
1804	1956
663	303
663	429
663	555
663	927
170	330
170	674
170	958
330	427
330	903
674	1340
674	443
674	523
674	644
674	878
958	457
958	595
958	601
958	680
958	737
958	771
958	887
958	917
958	998
1172	1183
1183	1828
171	394
171	494
171	576
394	412
394	667
494	485
494	554
494	903
576	242
576	798
576	920
576	924
172	450
172	871
871	344
871	454
871	571
173	292
173	465
173	518
173	998
292	833
465	719
465	860
518	926
518	934
998	241
998	285
998	290
998	334
998	461
998	626
998	648
998	807
998	846
998	900
998	939
1173	1508
1173	1623
1173	1796
1508	1254
1508	1509
1623	1316
1623	907
1623	1993
1796	1368
1796	1540
1796	1814
1175	1693
1175	1798
1175	1988
1693	1364
1693	1659
1693	1660
1693	1906
1798	1217
1798	1312
1798	1596
1798	1873
1988	1195
1988	1260
1988	266
1988	1356
1988	1400
1988	1418
1988	1496
1988	1532
1988	1577
1988	1604
1988	1608
1988	1723
1988	1726
1988	1817
1988	1875
1988	1937
1176	1751
1751	1351
1751	1752
1751	1774
1751	1840
1751	1922
1178	1219
1178	1896
1219	1877
1219	1906
1896	1294
1896	1418
1896	1423
1896	1490
1896	1550
1896	1749
1896	1814
1896	1877
1896	1993
174	519
519	531
519	546
175	185
175	859
859	502
859	634
859	726
859	775
859	905
859	920
1520	1663
1546	1236
1546	1858
1546	1866
1180	1511
1180	1638
1511	1226
1511	1352
1511	1532
1638	1249
1638	1277
1638	1906
176	202
176	355
202	219
202	762
355	438
355	1906
177	617
177	630
617	386
617	515
617	665
617	675
630	430
630	439
630	497
630	646
630	665
630	861
178	341
178	970
341	326
341	879
970	188
970	267
970	488
970	530
970	595
970	626
970	701
970	739
970	782
970	797
970	920
970	924
1181	1689
1689	1356
1689	1677
1689	1789
1663	1698
1663	1802
1663	1873
179	734
734	393
734	475
734	489
734	764
1828	1243
1828	1289
1828	1478
1828	1637
1828	1705
1184	1298
1184	1642
1184	1758
1298	1482
1298	1517
1642	1422
1642	1920
1758	1596
1758	1697
1758	1754
1758	1840
1407	1601
1407	1696
1186	1220
1186	1239
1186	1866
1220	1468
1239	1198
1239	1513
1866	1357
1866	1457
1866	1698
1866	1966
180	900
900	308
900	498
900	805
900	811
900	852
900	939
900	976
457	531
610	498
610	611
610	903
1187	775
1187	1956
775	380
775	675
775	686
775	726
1956	1193
1956	1278
1956	1392
1956	1551
1956	1677
1956	1698
1956	1727
1956	1856
1956	1877
1956	1919
1956	1966
1188	1361
1188	1742
1188	1878
1361	1647
1742	1468
1742	1549
1742	1636
1742	1827
1742	1877
1878	1197
1878	1319
1878	1475
1878	1557
1878	1706
1878	1845
1878	1922
1878	1993
1189	1937
1937	1281
1937	1399
1937	1525
1937	1556
1937	1723
1937	1749
1190	1480
1190	1593
1190	1779
1480	1922
1480	1968
1593	1248
1593	1578
1593	1726
1779	1428
1779	1469
1779	1561
1779	1571
1779	1713
184	235
184	333
235	225
235	380
333	644
333	843
186	489
186	607
607	432
607	653
187	257
257	195
257	441
188	652
652	558
790	227
790	590
790	878
934	255
934	264
934	270
934	358
934	570
934	662
934	773
934	843
934	886
934	936
1191	1249
1191	1676
1676	1299
1676	1686
1676	1879
1192	1968
1968	297
1968	1389
1968	1391
1968	1572
1968	1591
1968	1619
1968	1685
1968	1709
1968	1791
191	976
976	248
976	256
976	385
976	395
976	427
976	482
976	505
976	596
976	694
976	815
976	826
976	841
976	917
976	926
192	236
192	584
192	685
236	368
236	449
236	482
584	540
584	571
685	397
685	399
685	542
685	678
193	435
435	260
435	612
194	557
194	686
557	1287
557	716
557	874
686	259
686	368
686	676
686	888
195	612
195	917
612	256
612	566
612	815
917	295
917	338
917	1502
917	505
917	675
917	873
917	924
196	717
196	782
717	359
717	372
717	737
717	826
782	358
782	621
782	661
782	812
782	833
1373	1452
1373	1698
1373	1917
1636	1336
1636	1548
1636	1727
198	655
655	372
1197	1486
1486	1634
1486	1660
1486	1708
1198	1637
1637	1659
1637	1917
1199	1207
1199	1456
1199	1647
1456	1222
1456	1411
1456	1556
1456	1611
1647	1468
199	246
199	413
413	480
200	219
200	350
200	638
219	1283
638	421
638	443
638	555
638	646
1200	1986
1986	1221
1986	1294
1986	1422
1986	1446
1986	1514
1986	1594
1986	1677
1986	1802
1986	1858
201	252
201	396
201	849
252	308
252	721
252	846
396	482
396	687
849	346
849	571
849	810
762	309
762	331
762	622
762	642
762	735
510	843
510	852
1201	1400
1400	1588
1400	1801
1202	1420
1420	1267
1420	1318
1420	1791
204	305
305	277
305	874
798	500
798	554
798	757
1362	1210
1410	1476
206	448
206	807
206	905
807	309
807	847
905	319
905	395
905	477
905	582
905	868
905	924
1205	1329
1329	1452
1329	1627
340	347
340	843
621	289
621	924
1206	1250
1206	1381
1250	1351
1250	1578
209	244
209	335
209	741
244	470
244	597
244	716
335	596
741	570
1214	1835
1650	1229
1650	1272
1650	1628
1209	1439
1209	1658
1439	1430
1439	1686
1658	1276
1658	1690
1210	1449
1449	1397
1449	1602
1449	1654
1639	1413
1639	1517
1639	1724
1213	1572
1572	1415
1835	1335
1835	1591
1835	1706
1215	1338
1215	1605
1338	1801
1605	1235
1605	1463
1605	1640
1217	1789
1217	1873
1789	1311
1789	1561
1789	1608
1873	1378
1873	1404
1873	1544
1873	1602
1873	1692
1873	1697
1873	1718
212	743
743	546
213	470
213	701
470	306
470	862
470	879
701	641
701	780
701	799
701	873
393	651
393	854
1877	1318
1877	1403
1877	1601
1877	1643
1877	1993
1906	1310
1906	1583
1906	1791
1468	1614
1468	1686
1468	1840
1221	1396
1396	1670
1396	1784
794	265
794	618
794	725
794	879
1879	1246
1879	1278
1879	1279
1879	1340
1879	1341
1879	1436
1879	1722
1879	1754
1879	1919
1222	1627
1627	1513
1801	1254
1801	1462
1801	1922
1225	1929
1929	1253
1929	1548
1929	1556
1929	1659
1929	1902
1283	1629
1226	1243
1243	1288
1311	1548
1311	1660
1814	1423
1814	1482
1814	1727
284	338
284	566
284	927
299	297
299	378
1229	1310
1310	1565
1310	1683
1230	1416
1230	1496
1496	1503
1496	1691
1496	1748
426	861
622	526
622	907
225	353
353	735
353	835
1232	1827
1827	1312
1827	1629
1827	1686
1827	1697
1827	1816
226	266
226	667
266	259
266	704
667	428
667	592
667	903
1235	1363
1235	1670
1363	1660
1363	1708
1670	1461
1670	1483
1670	1748
1670	1768
829	274
829	397
829	520
829	540
829	947
1236	1470
1470	1260
1620	1446
1620	1596
1620	1677
1620	1709
256	597
230	331
230	590
230	843
331	477
331	805
590	611
590	860
843	316
843	452
843	515
843	684
843	735
843	799
1513	1674
1513	1754
873	388
873	605
873	642
873	728
873	924
642	274
642	728
642	868
924	260
924	372
924	497
924	555
924	725
924	868
1240	1542
1240	1621
1542	1447
1542	1475
1542	1483
1542	1573
1542	1645
1621	1438
1621	1483
1241	1556
1241	1993
1993	1275
1993	1299
1993	1335
1993	1355
1993	1568
1993	1571
1993	1665
1993	1794
1993	1856
1993	1867
1993	1922
1242	1845
1242	1867
1845	1253
1845	1370
1845	1495
1845	1706
1845	1718
1867	1489
1867	1640
1867	1686
1867	1698
1867	1917
1288	1665
1288	1722
1244	1549
1244	1774
1244	1919
1549	1563
1549	1919
1919	1515
1919	1591
1919	1683
1919	1802
1246	1413
1413	1713
1413	1724
1247	1784
1247	1794
1247	1966
1784	1271
1784	1559
1784	1840
1794	1489
1794	1722
1794	1752
1966	1276
1966	1369
1966	1379
1966	1453
1966	1618
1966	1692
1966	1840
1248	1374
1374	1344
449	585
449	860
482	680
1351	1343
1578	1705
1578	1858
1252	1341
1341	1269
847	592
241	784
241	805
241	931
784	328
784	542
784	706
805	290
805	306
805	347
805	513
805	660
805	832
805	833
805	888
931	265
931	537
931	558
931	559
931	570
931	907
931	947
1254	1465
1254	1858
1465	1643
1858	1630
242	258
242	600
258	879
600	270
600	453
600	566
243	383
383	392
597	250
597	343
597	721
597	879
716	382
716	795
1255	1601
1601	1333
1256	1710
1710	1432
1710	1500
1710	1531
1710	1606
1563	1557
1563	634
1563	1708
1259	1644
1259	1754
1644	1277
1644	1588
1644	1622
1754	1344
247	487
247	594
487	803
594	433
594	795
1263	1378
1263	1630
1263	1706
1378	1875
1630	1570
1630	1625
1706	1702
1706	1802
248	824
824	425
824	559
824	643
824	947
249	382
1431	1744
1265	1312
1265	1432
250	531
250	582
531	903
531	947
582	540
582	644
251	719
719	311
719	506
1266	1609
1266	1690
1609	1290
1690	1424
1690	1645
308	862
721	407
721	526
721	588
721	947
846	373
846	571
846	665
846	694
846	724
846	887
504	757
504	773
684	447
684	878
684	879
815	386
815	535
815	646
815	947
1268	1318
1268	1435
1435	1333
254	731
254	892
731	570
731	654
892	259
892	360
892	542
892	575
892	852
892	861
892	874
1269	1840
1840	1438
255	311
1271	1502
1502	1472
1272	1532
1272	1544
1272	1768
1544	1561
1544	1702
1768	1488
1768	1499
1274	1473
1274	1565
1473	1512
1275	1330
1276	1284
1284	1555
879	452
879	633
879	862
879	947
259	483
259	658
483	320
658	271
261	263
261	357
261	464
261	795
357	887
795	737
316	907
453	641
453	765
264	378
264	852
378	687
852	295
852	646
852	778
852	835
852	939
1278	1603
1603	1702
1279	1749
1749	1619
1749	1829
1606	1634
1606	1762
1629	1451
704	687
704	694
267	386
267	502
267	1576
386	764
502	374
1576	1290
1576	1588
1576	1614
1555	1428
1555	1469
1555	1817
270	694
270	771
694	290
771	319
771	433
771	662
771	833
771	907
1467	1717
271	1524
271	780
780	860
780	883
780	887
555	399
589	675
589	691
903	303
903	447
903	764
903	833
1287	1705
1705	1463
1665	672
1722	1437
1722	1525
1722	1731
1289	1370
1289	1387
1289	1582
1370	1744
1387	1724
1582	1583
274	826
826	384
826	500
826	517
826	633
826	728
275	468
275	860
468	651
860	442
860	715
860	886
585	458
585	495
585	570
926	329
926	559
926	643
926	764
926	878
926	907
277	345
1291	1922
1922	1575
1922	1679
1922	1697
1922	1731
1392	1575
1392	1708
605	662
861	425
861	427
861	648
861	812
907	306
907	484
907	485
907	786
1343	1402
862	339
862	454
862	466
862	764
338	726
566	715
927	543
927	626
927	799
927	888
1294	1713
1713	1762
285	626
285	888
626	698
888	438
888	765
1856	1319
1856	1457
1856	1698
1856	1917
1296	1460
1460	1323
1460	1485
287	454
454	920
454	936
376	360
376	634
1482	1752
1517	1679
1517	1817
1299	1428
1428	1422
1301	1423
1301	1679
1423	1607
1679	1654
1679	1817
1475	1677
1550	1393
1550	1577
833	463
833	868
1453	1653
803	339
803	451
803	466
803	644
803	868
803	874
939	320
939	444
939	525
939	558
939	778
939	936
1643	1397
1308	1615
1615	1402
1615	1451
1615	1583
1683	1358
1683	1450
1683	1645
1548	1344
1660	1604
854	475
854	569
854	675
854	747
854	874
854	920
1791	1504
1791	1516
1791	1604
1611	1419
412	526
412	661
302	646
646	370
513	387
513	661
513	786
1317	1568
874	886
1357	1391
1357	1415
520	799
309	359
359	497
359	797
1323	1380
1380	1709
1380	1744
525	593
672	332
672	392
672	660
672	778
1325	1504
1326	1579
883	427
883	706
883	841
314	416
314	500
416	778
1452	1557
554	527
320	878
878	466
878	484
878	558
878	680
1336	1345
1345	1379
611	366
611	947
1339	1762
1762	509
1762	1717
1762	1902
324	706
324	835
706	539
835	432
835	675
326	575
328	676
328	936
676	488
676	726
676	797
936	509
936	810
936	886
329	832
832	432
832	523
832	543
1379	1685
427	444
644	484
644	765
644	947
596	537
437	490
437	739
1350	1411
1352	1574
1574	1583
339	445
339	1829
445	476
445	698
1829	1541
1829	1573
1829	1726
342	356
342	569
342	739
739	490
739	728
1415	1409
1415	1727
346	725
346	886
725	480
725	653
886	417
947	397
947	764
947	765
947	812
1708	1659
1376	1917
735	506
735	698
735	868
1744	1596
1744	1677
1371	1424
1372	1472
1917	1442
887	425
887	484
887	797
1875	1384
1875	1594
1875	1618
1875	1654
797	428
797	429
1389	1404
360	841
841	374
841	433
841	618
361	462
462	439
462	593
461	773
710	458
710	724
370	401
370	559
401	399
559	811
595	417
1575	1539
1575	811
1920	1461
1920	1613
372	786
786	541
1397	1625
1625	1613
374	651
374	747
747	678
1399	1635
1635	1537
1588	1462
680	471
680	799
1512	1552
648	388
648	444
1696	1409
1696	1483
1696	1493
764	471
764	515
1409	1540
1540	1515
1412	1495
388	535
535	616
1622	1551
1727	1613
1419	1602
1602	1534
1422	1450
1422	1500
1450	1653
1450	1702
1500	1723
588	810
1427	1528
1442	1571
1436	1591
1591	1632
568	654
407	429
407	707
707	439
707	560
920	643
1446	1515
1654	1717
1653	1902
778	475
778	495
698	439
698	868
421	542
542	641
715	571
715	641
1454	1583
1583	1697
425	765
444	527
428	757
430	495
539	812
1463	1718
1802	1590
1802	1731
1717	1604
433	737
737	811
490	618
443	868
868	1570
868	665
1516	1728
1752	1632
593	618
593	665
463	471
1748	1816
1499	1594
1723	1697
486	523
1674	1728
1514	1817
1817	1618
1817	1697
1539	1640
1816	643
509	678
546	660
811	812
1559	1608
1559	1692
