0
47
299
563
759
1000
1832
1835
1896
1909
1
8
148
191
978
2
549
677
988
996
1001
1610
1735
1974
1980
3
326
430
820
843
4
546
804
935
991
1002
1372
1808
1953
1993
5
710
797
838
976
1003
1084
1699
1916
6
508
855
903
939
7
695
762
881
984
835
853
893
9
383
572
1607
10
529
599
786
861
1004
1067
1232
1770
1907
11
450
969
973
986
1005
1070
1730
1928
1956
12
744
851
872
943
13
778
813
854
14
618
630
1006
1891
1946
958
1965
1007
1043
1117
1184
1788
1008
1250
1293
1458
1814
1009
1769
1857
1940
1959
1010
1026
1417
1601
1969
15
217
378
439
760
1011
1313
1935
1012
1552
1716
1976
1979
1013
1264
1709
1877
16
703
717
726
787
17
271
745
769
910
18
573
887
950
960
19
606
719
987
20
24
356
670
949
1014
1409
1553
1697
1714
21
86
325
859
965
22
38
432
947
992
23
852
919
952
994
946
961
25
70
162
679
1015
1481
1734
1892
1898
26
453
877
882
27
143
598
796
1016
1594
1635
1805
1017
1059
1274
509
1849
1018
1882
1884
1943
1978
28
187
626
968
985
29
709
962
1019
1170
1705
1821
1020
1331
1513
1787
1963
30
344
676
937
983
31
93
688
885
1021
1442
1841
32
513
537
805
33
789
826
867
981
1022
1641
1829
1875
1972
34
252
360
875
1023
1201
1806
1932
1992
1024
1197
1456
1890
35
436
592
683
944
1025
1230
1779
1790
1918
1921
1984
1027
1081
1463
1028
1282
1448
1708
1942
1029
1578
1865
897
36
808
1030
1148
1913
1924
1999
37
714
1886
894
998
1031
1134
1700
1796
1967
571
845
39
569
702
825
864
40
130
662
818
41
576
585
699
42
253
632
971
975
1032
1515
1665
1778
1861
1033
1677
1766
1880
1034
1295
1680
1990
43
161
752
784
1035
1144
1519
1775
44
401
927
1036
1593
1767
1782
1037
1093
1289
1451
1488
1038
1086
1986
45
412
651
1039
1185
1228
1819
1040
1717
1762
1904
46
306
512
841
948
1041
1432
1518
1982
142
822
866
48
84
527
608
49
833
999
1042
1258
1710
1768
1914
50
832
869
1540
1655
1983
1044
1608
1833
1863
51
137
322
800
52
426
770
782
1045
1496
1617
1954
1046
1092
1141
1624
53
265
775
980
54
768
816
906
1047
1620
1676
1955
55
164
871
898
899
1048
1208
1272
1512
56
178
520
685
57
368
697
802
1049
1265
1356
58
96
424
468
1690
59
419
575
696
1050
1803
1834
1966
1051
1853
1883
1900
60
362
931
1052
1797
1859
1053
1613
1899
1910
1919
61
87
559
982
1054
1392
1396
1837
62
300
653
997
1055
1259
1422
1531
1845
1056
1637
1648
1839
1944
1057
1123
1656
1960
1058
1281
1820
1961
1987
63
578
734
967
1911
64
305
953
1060
459
1945
1962
1997
1061
1235
1703
1964
65
351
445
552
66
666
791
809
67
175
245
774
68
118
728
858
915
69
284
1062
1389
1851
1862
1063
1249
1363
742
1064
1388
1471
1502
1867
1065
1075
1866
1952
1985
1066
1667
1681
1742
1145
1410
1777
1068
1304
1428
1557
1069
1077
1807
1864
1881
71
661
928
977
979
1630
1693
1931
1071
1784
1895
72
321
415
590
1072
1550
1786
868
1996
73
460
860
1073
1166
1292
1464
568
1074
1424
1585
1815
1995
74
452
917
1537
1780
1998
1076
1609
1822
1750
1078
1555
1573
1885
1951
75
91
76
660
863
886
77
507
990
78
333
586
901
918
1079
1362
1737
79
112
207
497
913
1080
1302
1434
1794
1981
80
602
727
945
1712
1082
1387
1083
1430
1516
1902
81
352
524
82
433
493
848
83
713
974
1206
1929
1085
1662
1761
1958
1971
589
708
827
1627
1722
1936
1087
1487
1878
1922
85
526
780
940
930
993
1088
1633
1671
1926
1089
1375
1583
1795
560
772
1090
1729
88
335
533
545
89
933
90
131
814
1091
1600
1843
1948
1975
1188
1119
1653
956
92
442
771
1094
1307
1941
1095
1495
1994
1096
1731
1097
1905
1920
1098
1165
1172
1649
1685
1099
1202
1539
1879
1950
94
484
732
1100
1352
1385
1672
95
777
1934
761
97
183
185
672
932
1101
1317
1570
98
641
731
896
99
680
753
926
100
113
168
1102
101
521
655
698
941
102
764
883
103
239
534
1103
1691
1991
1104
1830
1105
1575
1106
1817
1107
1791
1917
104
628
1108
1475
1799
1109
1315
1566
1110
1869
105
136
487
625
839
1111
106
551
1112
151
1406
1536
1538
107
358
467
678
108
298
636
648
1113
1199
1823
1927
1114
1325
1755
1115
1244
1852
1116
1407
1118
1529
109
485
849
110
288
535
715
111
402
793
1200
1810
243
587
1120
1354
1748
1912
114
248
837
1121
1337
1544
1871
1893
1122
1130
1153
1586
115
489
116
470
803
117
388
605
1124
1157
1347
1125
1437
1657
250
119
120
391
601
908
121
407
674
122
123
615
783
815
1126
1127
1193
1625
124
1128
1669
1854
1129
1284
1574
125
263
1131
1490
1781
1132
1186
1831
1133
1726
1901
1135
1897
126
483
1136
1509
1651
1664
127
794
951
1137
1138
1939
128
274
129
347
498
566
1139
1323
1401
1545
1876
174
921
141
756
132
801
133
214
847
920
134
1140
1344
1163
1376
1783
1142
1695
135
687
414
1143
1221
1460
1753
170
208
1217
1334
1858
1146
1233
1472
1147
1196
1840
138
494
895
139
781
1149
1439
1447
1547
1752
140
924
565
722
1150
1728
1746
914
1977
577
596
567
1151
1745
1758
144
332
486
145
210
850
1152
1414
1743
1763
146
336
810
909
1154
1528
147
435
856
357
149
836
150
639
902
171
152
667
807
1155
1659
1683
1756
153
380
748
154
340
673
1156
1198
328
1489
1623
155
314
492
873
156
665
995
1329
1616
157
518
964
158
540
610
159
227
621
1158
1592
1887
160
970
315
350
652
1159
1523
1989
163
663
840
842
1160
1824
165
647
912
166
1161
1162
1209
1715
167
681
1811
260
638
169
177
472
196
735
1164
1181
1486
1804
172
622
934
173
723
757
1189
405
1167
739
966
1168
1176
1793
1169
1654
1626
176
463
829
955
1171
235
310
400
659
179
237
1533
180
862
876
1173
1174
1658
181
275
285
441
1175
1261
1480
1551
1581
182
251
317
558
959
184
475
1603
1177
1720
1801
1178
1868
1970
1179
1223
1416
1564
619
1180
1563
1826
186
878
942
1279
1450
1182
1187
1285
1382
1933
188
502
635
189
355
929
954
190
398
668
754
192
421
1183
1842
193
254
614
711
1461
194
418
664
1809
1938
1596
1988
195
223
725
197
511
198
203
291
199
262
1433
806
200
276
888
201
320
241
1358
1723
1190
1191
1351
1599
1640
1192
1310
1321
202
373
480
1360
1427
1194
1195
1949
204
420
989
1732
205
457
206
372
654
1615
1237
1687
1825
938
1203
1204
1484
1205
1474
209
455
1741
1207
234
365
798
211
765
212
891
905
213
477
1584
812
874
215
267
382
1301
1541
1721
1210
1319
1211
1283
1212
1216
216
570
880
597
1213
1345
1740
1214
1498
218
544
219
1215
1661
220
434
631
221
751
1937
1560
1675
222
404
408
712
1218
1957
1219
1588
1889
1930
1220
1733
224
294
1222
1903
225
302
226
1645
1224
1525
1696
1225
1828
637
1226
1227
1747
1749
1576
228
309
743
746
1229
1418
1400
1231
1521
229
740
1724
230
231
232
233
277
865
1234
1508
1847
236
911
611
707
1236
1565
1238
1532
1827
238
431
1239
1813
684
879
240
579
1240
1241
1300
1543
1650
1802
367
242
907
1242
1350
1604
244
342
359
1243
1245
1373
1850
1246
1405
1469
1894
1247
1248
1403
1580
246
1556
247
922
694
773
249
889
1639
1754
700
1602
331
716
1251
1718
692
255
369
1252
1296
1253
1332
1587
1846
1254
1526
1255
1419
1562
256
268
390
1256
1415
1874
1257
1393
1402
1507
1923
257
319
580
258
259
1260
1558
1725
824
261
830
846
658
741
1968
1262
1312
1511
1751
1263
469
1546
1727
1266
1267
1614
1798
264
522
474
1870
1268
1269
1270
1477
1271
1404
1888
266
624
334
645
1273
1330
286
613
269
730
1973
270
892
295
272
273
278
562
704
1275
1642
1711
1838
1276
629
821
923
1277
279
440
795
280
957
1278
1707
1792
281
510
844
1280
1631
1765
282
657
283
646
1374
437
387
834
643
1361
1646
287
1341
530
623
289
482
1286
1384
1287
1632
1288
1622
1698
1702
290
1457
555
603
857
1290
1694
1291
1760
1800
1411
1294
1744
496
292
293
296
634
478
1297
1298
1668
1925
1299
1479
297
312
547
557
1431
481
1836
1844
1873
870
900
301
525
1303
1505
564
724
303
501
514
755
1305
1306
1483
304
541
582
627
1595
1308
1446
1514
307
399
1309
1449
308
936
1322
1764
1311
1436
1445
1692
311
747
779
749
763
1314
1366
1435
313
607
776
410
819
1316
1713
1462
316
828
349
515
318
381
354
612
1318
1465
1320
1682
1785
1915
323
609
691
324
733
536
1598
1757
327
701
473
329
330
831
884
1324
1420
1947
686
593
1326
1327
1470
1328
1349
1503
1383
337
393
338
583
1333
1577
1336
1335
1459
1357
339
456
341
343
1338
1612
1621
505
640
1339
345
574
346
1340
348
449
766
384
466
1736
353
600
1342
396
495
1343
1441
1500
767
1812
1818
1346
1370
1628
1348
1485
1856
1908
750
361
758
1440
363
364
386
642
366
706
370
377
1353
371
491
556
1355
1567
1438
1619
374
375
1359
1454
1906
1378
1492
1559
1848
376
454
817
1364
379
446
671
1365
1582
620
1367
617
1368
1542
1678
1369
385
392
690
785
389
720
1371
1704
516
394
542
799
1377
1674
395
811
1379
1647
693
963
397
1380
1381
1774
1425
1453
1860
1386
1390
1391
1629
1394
1395
916
403
669
1397
1398
1399
1467
406
517
499
925
409
519
1679
1738
1660
1494
1408
1816
444
411
584
788
1412
1571
1413
1579
1478
1482
413
1670
1772
1421
1423
721
416
1522
1426
1444
1429
417
972
1759
422
423
425
532
427
428
904
429
1572
595
1443
1476
823
523
438
543
443
656
447
448
581
1452
451
1455
1719
1527
1466
1739
1643
1468
1618
458
736
461
503
792
462
588
1473
1506
1688
1530
464
465
738
737
1534
1510
1689
471
1606
1611
1491
476
479
594
644
1493
1773
1855
675
1872
488
490
1497
1499
528
1501
1701
1504
1589
500
616
1520
1644
1517
1524
504
1652
1590
506
682
718
1549
1535
1636
604
1638
1548
531
1554
538
539
1706
1789
1569
633
1561
729
548
550
1591
1568
553
554
790
1673
561
689
1597
1634
890
1605
1776
591
650
1686
1663
1666
1684
649
705
1771
