0
105
128
506
614
616
706
739
759
833
1837
1
28
167
181
381
416
420
590
702
817
828
1000
21
1222
1241
1310
1479
1586
1642
1794
1947
1984
1001
1084
155
1299
1462
1614
1660
1737
1869
1935
1943
2
131
288
297
308
1685
683
769
804
990
992
1002
1096
1107
1438
1541
1647
1821
1839
1855
1871
1896
3
94
306
432
594
607
758
794
898
953
987
4
447
583
728
761
822
879
943
945
961
993
1003
1103
1528
1644
1678
1887
1890
1970
1994
5
425
435
480
505
510
1631
660
668
811
882
1004
1120
1121
1589
693
1712
1725
1767
1881
1961
1992
6
1097
152
214
243
457
669
895
924
932
944
1005
1039
1144
1433
1487
1627
1722
1985
1006
1020
1383
1449
1601
1690
1788
1853
1911
981
1007
1198
1229
1791
1858
1884
1885
1893
1942
1998
7
85
494
818
906
912
972
1008
1036
1199
250
1243
1750
1846
1905
1987
1999
1009
1242
1480
1608
1617
1699
1880
1898
923
1966
1981
1010
1379
1412
1591
1730
1784
813
1926
1977
1011
1273
1425
1427
1473
1822
1897
896
1910
1989
1997
8
160
170
293
738
748
798
922
956
9
17
244
1225
401
429
456
908
1012
1158
1415
1430
1594
1860
871
1925
1944
10
69
397
440
576
677
816
859
878
977
1013
1086
1127
1151
1506
1557
1760
1772
1840
1849
1851
1014
1150
1314
1363
1630
1639
1779
1938
1957
998
11
20
56
362
396
521
799
897
1946
12
240
373
654
701
717
823
869
958
1015
1053
1119
1286
1388
1526
1567
1616
1856
1861
13
79
81
237
327
621
755
850
870
988
14
32
192
316
323
704
718
729
855
921
973
15
120
255
301
383
501
727
736
1770
927
16
97
363
524
781
825
915
996
471
481
496
726
827
910
914
963
18
467
468
684
905
997
19
236
458
535
697
1761
919
118
520
536
773
881
884
913
348
355
737
771
965
975
1016
1042
1182
1436
1771
1802
1892
1916
980
1990
1995
1017
1018
1085
1368
1408
490
1566
1783
1838
22
166
296
544
579
911
23
50
459
465
613
622
824
936
950
1318
1454
1496
1619
1625
1670
1830
1914
24
106
374
448
678
715
756
873
25
145
147
1841
840
852
929
26
182
233
376
1469
578
791
819
849
883
994
27
78
371
427
548
639
673
904
978
90
135
364
405
741
788
29
248
557
568
676
851
890
938
30
168
487
532
642
826
872
891
31
58
114
460
518
638
762
784
856
925
512
571
806
889
974
1019
163
1278
1351
1634
1738
1962
1061
1328
1342
1439
1503
1652
1958
1021
1254
1455
1525
1651
1695
753
1847
1971
1022
1397
1424
1426
1676
1726
775
1833
1948
33
228
721
744
841
989
1023
1055
1072
1316
1637
1694
1732
1777
1799
1818
1832
34
347
349
541
839
1868
968
983
1024
1068
1268
1298
1306
1470
1483
1638
1669
1719
1025
1274
1696
1703
1766
1835
1920
1922
1974
1988
35
80
338
461
522
586
617
685
805
1026
1315
1711
1769
1773
1913
1932
1967
36
261
372
561
610
858
900
916
1027
71
1221
1280
1360
1978
37
212
328
380
409
462
730
790
887
38
122
389
437
659
757
767
967
39
174
369
398
426
454
511
671
40
115
286
422
533
780
786
941
41
418
443
585
703
942
959
986
1028
1171
183
1208
1357
1437
1507
1592
1864
1949
1029
1295
1322
1443
1645
1792
1842
1924
1937
1991
1030
1048
1102
1104
1476
1539
1636
1720
1031
1140
1146
1244
1702
1915
1969
42
279
311
573
682
1763
830
1032
1082
1228
1333
1756
1805
1844
1903
43
406
450
797
44
57
216
551
1689
694
782
886
960
1033
1077
1405
1790
1804
1859
1034
1189
1391
1753
1960
1965
45
187
284
441
574
835
970
984
1035
1098
1172
1635
1863
1950
1955
1070
1269
1549
1996
1037
1038
1338
1467
1558
1907
1352
1452
1453
1517
1775
1824
1895
1983
1764
1782
1812
1968
1040
116
1277
1565
46
207
555
766
947
966
969
976
47
335
444
597
920
952
48
194
265
393
449
451
807
935
991
49
107
550
846
853
930
1979
295
868
937
985
51
605
1675
714
831
52
434
707
834
874
1041
1290
1347
1561
1692
860
1929
1976
1518
1605
1710
1721
1927
1931
1043
1344
1395
1529
875
1973
53
99
193
745
803
971
1044
1113
186
1326
1579
1688
1891
1921
54
60
82
412
509
637
885
1045
1078
1219
1603
1656
1795
1813
1046
1087
1677
1742
1934
1945
1047
1200
1345
1428
1494
1653
705
1873
55
336
500
525
575
602
698
843
411
543
600
838
1986
1154
1602
1661
1751
1803
1820
848
1857
89
263
507
566
572
665
1049
1128
1297
1459
1604
933
948
949
1050
1088
1261
1481
1537
1556
1609
1655
1755
1843
59
197
847
863
999
1051
1062
1307
1498
1741
1754
1785
1963
1052
309
1402
1733
1768
1834
1877
1161
1260
1414
1724
1827
1054
1059
1380
1587
1618
1954
1138
1275
1519
332
1387
581
699
814
61
100
343
403
695
954
1056
1376
1535
1584
1620
1807
1875
1982
62
143
171
681
957
63
498
837
892
918
1057
307
1319
1358
1407
1547
1876
1888
64
281
529
657
692
1058
1446
1451
1461
1623
764
65
421
624
747
802
854
909
66
289
379
743
1147
1210
1294
1774
1919
67
269
528
584
720
1060
1125
1175
1514
1404
1441
1457
1485
1667
1188
1201
1527
1672
1814
1870
1063
1262
1740
1064
1434
1626
1731
1866
68
377
395
473
713
774
867
917
680
772
857
940
70
139
489
603
787
1065
1381
1717
1759
1781
1933
778
893
1066
159
1493
1513
1581
1816
72
164
273
491
649
666
690
765
792
73
321
483
486
1067
1348
1492
1867
1980
1194
1313
1559
1590
1598
1959
1972
74
1276
394
595
608
630
1069
1075
1555
1787
1854
1906
1930
1515
615
1715
1811
1894
1071
1574
1762
75
162
268
310
1390
1435
1553
653
1993
1073
1250
1776
76
408
527
537
894
951
995
77
201
587
620
866
1569
1074
1183
1346
1872
1889
1110
1264
1530
1640
1679
1743
1829
1076
1240
1497
1641
1883
1956
1502
1744
1826
1923
1124
1145
1482
1899
198
463
474
632
962
202
320
939
148
485
588
752
1079
1153
1266
1287
1681
1902
110
137
326
599
722
83
96
136
554
84
180
542
1560
1080
1256
1296
531
1629
1663
1850
1901
86
1081
1304
1798
1543
1564
1585
1083
1456
1536
1674
1382
87
146
1285
88
251
547
864
931
384
796
829
253
469
679
907
91
150
330
92
215
378
888
1091
1174
1247
1374
1423
1440
1588
1705
93
325
475
627
751
789
821
553
644
946
95
1429
580
158
1293
1419
1522
1568
329
431
470
1190
1704
1817
1865
98
345
361
604
800
1089
1156
1370
591
783
928
1090
1152
1757
1848
1939
1951
1092
1466
1836
227
589
101
390
934
1093
1698
1815
832
1908
102
618
1094
1170
213
1238
1468
1900
1904
1917
1095
185
1801
1823
1953
1143
103
225
300
317
339
438
104
177
331
1340
1389
1411
1862
1941
342
631
670
754
1845
156
700
842
1099
1163
1164
1450
1599
687
1918
241
712
861
1100
1126
1532
1649
1928
1101
1192
226
1284
1341
1500
1223
1445
1664
1697
1141
1224
1552
1796
1157
1321
1728
1105
1111
1136
1246
1365
1600
1778
108
645
742
109
149
492
569
667
686
709
880
157
252
1291
982
1106
1301
1671
111
570
808
1282
1371
1373
423
1747
1108
1501
1611
1819
1852
1940
1109
1227
1385
1646
1142
1231
112
270
514
901
1218
366
1495
1112
1793
113
453
141
629
776
877
1362
625
979
955
117
294
334
556
785
1114
1180
1308
1354
1115
1714
1797
119
641
247
656
1116
1205
1270
1336
1524
1828
1117
1258
1418
121
218
292
719
1118
1349
1490
1668
1716
217
123
151
267
689
746
124
154
206
249
1595
636
125
696
126
138
691
1734
127
661
508
844
876
1666
1810
129
1122
1160
1398
1123
1447
1786
1952
1808
1217
1511
130
239
346
732
175
634
810
1878
132
1444
562
1281
1353
1758
133
407
530
1612
708
725
134
356
650
734
1713
322
1129
1538
1548
1130
1317
1544
1701
1825
1131
1196
731
926
749
1132
1399
1133
1257
1359
1472
478
516
1134
1709
140
256
344
351
439
1135
1343
1431
1886
1465
1545
1550
1137
1213
1401
1413
1475
1693
1735
1139
1332
1683
1765
1165
365
899
142
392
820
1531
1593
1654
1249
428
436
651
144
277
399
845
173
280
354
387
400
795
312
352
445
560
1615
1643
1682
1739
1707
495
1248
1396
318
672
1181
1505
1729
262
315
414
1736
446
567
611
770
1148
1474
1489
1583
245
760
809
1149
1580
1624
1746
1780
153
391
1745
1964
1179
1259
1577
1252
1448
1542
188
865
515
1673
735
812
433
862
1329
1622
1662
564
357
619
593
161
208
563
793
1806
285
276
552
711
1155
1570
165
836
582
1632
1300
1334
388
503
565
558
1912
1432
1691
1159
1572
1708
1421
1533
768
1162
169
367
517
545
640
662
172
466
902
1235
1309
1367
1610
313
1680
1686
287
559
319
324
628
1166
1167
1648
1168
1303
1330
1350
299
1169
1809
1233
1325
176
724
1521
1596
220
1420
1874
1173
1406
1464
1975
178
1230
382
452
606
1575
179
337
424
643
195
482
1289
1606
1176
1582
291
184
340
763
419
229
592
205
1177
1339
1484
1178
1320
189
314
190
402
430
191
266
1355
1508
1327
1366
1400
1416
1186
1279
1337
1499
1684
298
493
1378
1831
1184
1232
264
504
577
1185
1540
1562
1879
196
1187
1386
777
1486
1191
199
1193
1212
1253
1417
1509
200
675
710
623
723
203
290
204
210
534
539
1195
272
1523
1650
1706
230
1749
1197
1613
224
1520
211
209
370
523
1364
479
1216
1202
257
223
740
499
648
231
219
609
903
964
1203
1361
1204
385
1460
1534
1607
221
801
1206
1220
1936
1207
1882
222
353
733
358
538
1237
1633
1209
1384
305
663
1215
1211
1628
404
417
232
513
1463
1263
234
497
1214
1239
1409
235
488
633
779
1516
1727
238
359
410
1578
1748
283
1597
477
1551
1909
1311
1571
242
519
1226
1621
246
472
635
271
601
1491
275
1375
1477
750
1234
1718
1236
254
1659
484
1292
258
259
260
333
1245
1283
1392
1410
664
526
549
1554
1657
1752
1251
1658
1302
375
413
612
688
1255
1458
415
442
274
302
1512
596
278
546
716
282
341
1265
1267
1324
1442
1271
1272
502
1377
1687
1422
1403
1372
598
303
815
304
1288
1700
350
540
1305
1546
1665
1323
626
1471
655
476
1331
1478
1576
1312
647
1504
1356
658
1573
1488
1335
674
646
652
360
368
1723
1369
1510
1563
386
1789
1394
464
1393
1800
455
