1000
1147
1188
1252
1520
1733
1737
1809
1877
1904
1973
1001
1247
1597
1605
1608
1755
1832
1874
1876
1890
979
0
115
180
1239
295
344
462
474
734
784
826
1002
1054
1408
1594
1642
1814
1880
1891
1962
1985
1992
1
135
657
751
755
835
846
885
918
944
951
2
251
321
535
615
649
792
819
884
932
997
1003
1206
1549
1634
1638
1662
1873
1892
1902
1957
1004
1024
1208
1426
1517
1735
1932
1960
1990
1005
1162
1627
1654
1724
1748
1872
1950
1981
3
529
700
706
708
765
817
839
857
975
4
41
228
790
814
836
858
889
937
1954
958
1006
1089
1577
1669
1672
1717
1791
1794
1848
1879
1927
1007
1058
1067
1285
1370
1535
1682
1752
1868
1008
1093
1128
1220
1617
1659
1840
1863
1882
1926
5
16
477
554
679
808
1852
902
913
969
1009
1010
1304
1313
1443
1626
1673
1776
1834
1155
1303
1730
1857
1858
1963
1011
1189
514
1615
1624
1686
1758
1866
1875
1923
1953
6
258
284
310
326
349
355
382
659
668
797
7
53
383
388
1664
785
791
898
971
990
1012
1030
1302
1613
712
1799
1945
1991
8
338
419
585
597
644
746
841
899
1013
184
1248
1281
1375
1523
1807
1829
1861
1886
1014
1232
669
1774
1796
1801
1835
1899
1946
1977
9
23
314
589
613
674
693
894
1951
1015
1580
1680
1690
1706
1824
1928
1955
1969
10
40
48
1485
502
544
726
793
929
939
11
51
470
559
653
703
773
811
863
906
963
1016
1082
1554
1621
1826
1975
1987
1017
1087
1320
1402
1429
1591
1678
749
1018
1265
1403
1596
1734
1765
1795
1811
1967
12
34
265
267
619
640
806
883
922
930
1968
13
223
461
565
624
688
796
810
845
859
945
14
79
692
757
777
815
823
875
878
960
1019
1057
1385
1476
1519
1738
1841
1889
1930
1994
1020
1027
1154
1185
1282
1542
1637
1784
812
1929
1980
15
54
65
282
641
665
868
989
1021
1299
1524
1529
1563
1575
1788
1822
849
1853
1022
1250
1436
1538
1570
1721
1763
1775
1989
430
501
517
596
617
832
891
961
978
1023
1339
1636
1804
1865
1897
1908
1400
1425
1543
1547
1692
1850
1901
17
30
32
153
1399
508
827
881
954
992
18
47
211
298
609
666
741
903
19
486
504
541
690
713
786
879
949
1025
1258
1269
1677
1739
1802
1818
1854
1997
1026
1049
1330
1357
1623
1869
1888
1052
1169
1347
1351
1508
1687
1711
1028
1307
1348
1487
1726
1747
1761
1810
1029
1156
1297
1632
1805
1815
1965
1983
985
1062
1186
1668
1699
1916
1988
1031
1107
1126
1153
1658
1701
1871
20
139
478
661
789
935
948
959
1032
1151
1618
1647
1895
1966
1998
21
178
181
224
292
405
628
681
743
968
22
112
472
1507
518
564
612
787
892
914
1033
1102
1406
1506
1606
763
1910
1940
1034
1410
1458
538
1612
1720
1823
1919
1979
395
438
439
642
761
837
925
972
24
99
217
435
447
520
528
627
735
1035
1120
1641
1693
1816
1893
1918
25
313
513
581
601
630
738
771
893
931
995
26
28
56
168
209
540
684
904
977
981
27
539
561
562
605
616
799
809
956
1956
988
1036
1170
233
1338
1368
1870
1037
1158
1287
1360
1552
1961
120
634
915
921
1984
994
29
239
250
328
558
694
1038
1358
1688
1696
1800
1817
926
1970
222
327
707
31
144
1211
225
680
701
745
860
950
974
1039
1100
1212
1470
1511
1707
1756
1040
1176
1566
1578
1698
1921
1942
1041
94
1121
1144
1477
1683
1771
52
121
372
942
947
33
188
453
1665
850
980
999
1042
1261
1442
1473
1509
1595
1838
1884
1938
1043
1510
1607
1782
1883
940
1941
1044
1168
1295
1323
1746
1792
897
1939
1978
1045
1072
1432
1525
1555
578
1716
1842
1867
1046
1329
1461
1676
1846
877
142
532
550
621
1849
916
35
132
242
422
1467
493
545
772
941
965
36
37
179
489
507
1583
618
807
1047
1184
1271
1319
1777
1843
191
522
705
788
923
970
998
38
394
567
569
740
39
118
576
591
654
702
783
986
359
418
590
602
822
964
1048
1069
1083
1267
1633
1924
1999
1278
1493
542
1705
1943
1050
1195
243
1392
1652
1925
1934
1051
1679
1713
1793
1820
848
1860
1246
1318
1366
1588
1759
1053
1132
1331
1371
1377
1456
1536
1898
1073
1242
1244
1263
1751
45
457
499
571
697
936
42
347
417
448
716
813
43
187
436
533
607
1887
938
1055
1200
1559
575
1609
1760
1778
1931
44
67
80
218
379
1958
122
397
496
1056
1115
1337
1635
1847
1851
1291
1438
1455
1469
1603
1933
946
46
603
678
759
865
1373
1491
1593
1059
1233
1380
1417
1689
1803
1060
1279
1454
1602
1628
1855
1859
311
568
699
752
1061
1333
1401
774
1808
1878
1964
1383
1495
1740
1063
1131
1418
1465
1574
1949
1972
1064
293
1376
1557
1825
1862
1944
1065
1204
1342
1394
1845
1906
1917
1066
1648
1909
1068
1526
1645
1766
1145
1471
1310
1527
1694
1912
358
409
485
552
729
49
345
515
662
770
801
870
50
113
600
620
890
901
982
1993
1070
1164
1205
1280
1528
1900
212
325
610
782
825
869
111
324
530
686
780
160
843
983
1071
317
1573
1729
1769
58
864
919
934
1947
55
262
431
895
957
116
381
595
984
1556
1630
1661
1959
1179
1286
1539
57
59
244
1074
1150
1325
1490
1599
1770
1903
275
277
776
803
305
375
506
658
912
60
69
172
629
800
953
1075
1421
1479
1484
61
424
593
631
663
924
1076
1122
1130
1350
1576
993
62
268
288
685
63
134
271
730
830
847
976
64
119
406
582
1996
1077
1435
1441
1913
101
263
519
66
563
570
577
656
943
1078
1369
1789
1079
1098
1428
1452
1533
1601
1080
1091
1681
1914
146
524
555
838
1976
1081
1108
1163
1387
1548
1974
1948
68
230
723
731
739
1384
1496
1787
1986
306
432
805
871
70
458
781
795
1084
1284
1312
1389
1797
1844
1085
1146
1148
1198
1296
1486
1783
71
491
650
996
1086
1382
1444
1697
1255
1309
1502
1936
72
145
272
671
673
721
73
193
357
635
648
698
1700
873
888
927
1088
1480
1881
1922
1674
1920
74
234
249
299
598
638
645
75
1207
280
396
446
862
76
329
401
677
909
1090
1275
1616
1675
1779
1361
1757
1819
77
84
479
548
866
78
368
727
794
1092
1160
1522
1702
1704
1268
1288
1411
1514
1094
1391
1569
1685
1732
1905
1095
1104
1571
1619
1911
1915
109
215
747
285
365
1483
637
1096
1260
1300
1433
81
456
720
987
82
1431
574
652
709
1097
364
1561
1643
1139
1742
1856
1099
1253
1272
1564
1937
83
93
204
286
301
733
1125
1773
1101
1171
1708
1714
1812
1896
130
744
820
973
85
231
385
490
606
626
1499
1722
1907
86
156
220
309
655
753
758
87
725
816
900
1103
1138
170
1372
1744
88
556
614
1209
1586
1703
1710
1105
1274
1343
1565
1656
1723
1741
89
236
842
90
208
664
798
886
920
91
1424
719
867
1106
1112
1117
1289
1359
1457
92
259
261
360
505
527
201
337
361
557
717
442
672
767
1290
1316
1709
1839
95
133
183
350
1181
294
96
137
330
586
718
724
874
97
872
882
962
98
312
844
245
452
525
804
1109
1237
1292
1355
1695
100
840
451
611
1110
1276
1420
1655
102
213
854
887
1111
1396
1412
1558
1335
1413
1666
1715
1113
1191
1650
1114
1315
1409
1592
1644
1379
1671
103
300
768
1116
1833
104
516
1830
105
241
346
494
696
754
106
289
660
764
141
1196
1567
1590
1971
107
420
732
824
991
108
503
1118
1388
1505
1828
1119
1182
1395
384
1515
1753
1321
1660
1221
1762
1798
834
1386
1786
1894
1123
1218
1251
1124
440
1620
131
196
1398
110
161
297
332
348
469
1127
1167
1790
1837
1129
1353
594
1611
129
695
710
821
114
198
463
480
831
856
880
1229
1364
1610
1651
1149
1187
1344
1691
333
647
769
828
509
579
933
1192
1582
1684
1133
1450
1463
1653
1134
1166
1308
1935
117
148
254
373
441
534
760
390
416
852
549
742
154
278
667
911
1135
1365
1437
682
967
127
174
482
829
1136
1238
1518
123
124
643
715
737
1137
1475
1600
1140
1397
1453
125
428
126
270
273
1995
214
274
1503
651
1141
1498
128
221
319
449
625
495
588
623
163
377
459
1142
398
511
632
1745
1143
257
1332
1346
1646
1749
1381
1504
414
1259
1277
1341
150
1356
1585
315
136
260
464
500
1362
1541
1174
408
138
1294
1540
387
427
855
1472
1764
1225
1781
1152
140
229
633
736
802
1836
399
444
876
1266
1546
466
481
861
143
455
1165
1982
560
583
1177
1785
1157
1772
147
149
429
1159
1183
1459
1545
1550
1813
1352
1488
580
1161
334
1718
421
952
1598
1328
1952
1768
1393
1667
151
175
454
152
195
471
748
762
467
498
1262
1223
155
683
896
1180
1390
1172
460
465
1173
1273
157
253
336
487
687
1513
158
1199
1175
1234
1625
159
445
476
488
779
166
182
1228
1311
162
352
1178
1474
468
1340
1589
1727
1327
1581
1821
164
523
908
165
1631
207
1264
1806
167
423
910
376
1579
169
537
587
1448
1466
171
323
512
521
1283
1614
1190
1349
1306
955
1193
197
1440
1864
1194
1521
1530
1780
1201
1494
173
356
1197
1210
176
252
413
636
1501
1345
1416
1447
322
1439
1445
1374
177
670
378
380
483
374
1202
1489
335
750
833
1203
1500
1640
303
185
316
1885
1725
1736
186
853
371
907
917
400
1468
1728
1427
1481
189
551
1213
1743
1214
1512
1663
190
433
1215
1336
1462
192
194
219
290
425
608
1216
1249
1217
1604
307
599
1219
1451
199
370
1568
200
526
704
1544
1222
1405
1712
1754
202
905
1224
1257
203
928
248
766
205
339
341
206
386
302
1226
1227
1415
391
714
210
689
1831
604
639
1230
1231
1750
1301
1235
1243
1317
351
232
235
473
1236
216
227
247
492
283
1240
1622
676
226
584
1241
1334
1460
1516
291
331
775
1464
1245
1560
646
1657
437
393
510
722
1767
1492
1497
1827
1254
1537
497
237
287
304
238
411
240
363
1256
728
246
553
1478
1719
1572
1551
1584
1430
1534
1270
1293
1305
434
426
255
1434
1531
1414
1731
256
1629
296
369
778
851
1407
1326
276
1449
264
392
266
966
1562
1670
1354
1298
1419
269
622
572
531
279
1322
281
547
410
566
340
404
536
711
818
1314
573
318
1422
1446
675
1324
1404
308
1553
320
407
1639
353
475
1649
366
342
343
1482
1363
450
1367
354
592
546
389
362
1532
1378
367
443
756
415
691
1423
403
402
412
543
484
1587
