2000	0
0	105
0	248
0	250
0	395
0	497
0	657
0	998
1	47
1	89
1	247
1	618
1	683
1	721
1	759
1	808
2	22
2	35
2	291
2	440
2	545
2	569
2	584
2	674
2	802
2	929
3	38
3	102
3	179
3	257
3	586
3	959
4	86
4	131
4	137
4	153
4	426
4	710
4	741
4	766
4	796
4	798
5	37
5	38
5	101
5	123
5	126
5	185
5	218
5	268
5	423
5	663
5	850
5	862
6	23
6	29
6	254
6	268
6	307
6	321
6	409
6	520
6	599
6	701
6	741
6	991
7	36
7	133
7	152
7	286
7	704
7	711
7	757
7	871
8	66
8	76
8	137
8	212
8	544
8	629
8	846
8	973
9	160
9	190
9	195
9	440
9	456
9	514
9	867
9	869
9	897
9	915
9	952
10	53
10	280
10	310
10	395
10	454
10	628
10	652
10	719
10	758
10	784
10	899
10	918
10	937
11	31
11	553
11	573
11	610
11	750
11	832
11	883
11	910
12	52
12	60
12	233
12	454
12	500
12	526
12	550
12	582
12	687
12	717
12	735
12	777
12	820
12	849
12	909
12	954
13	18
13	108
13	168
13	176
13	340
13	605
13	670
13	772
13	779
13	830
13	979
13	984
14	144
14	175
14	389
14	403
14	424
14	458
14	474
14	605
14	729
14	774
14	860
14	966
15	163
15	212
15	455
15	656
15	915
16	134
16	221
16	311
16	330
16	391
16	407
16	452
16	794
16	812
16	899
16	967
16	990
17	105
17	283
17	338
17	383
17	397
17	468
17	578
17	673
17	692
17	735
17	799
17	902
17	927
17	973
18	20
18	33
18	184
18	378
18	475
18	662
18	721
18	876
18	882
19	217
19	247
19	249
19	472
19	477
19	822
19	880
19	909
19	923
20	33
20	43
20	48
20	315
20	593
20	608
20	617
20	630
20	720
20	761
20	819
20	868
20	870
20	872
21	56
21	177
21	221
21	262
21	501
21	519
21	530
21	932
21	961
22	157
22	569
22	605
22	674
22	764
22	829
22	855
22	862
22	927
23	93
23	96
23	444
23	667
23	690
23	722
23	831
23	929
23	1441
24	134
24	171
24	203
24	269
24	349
24	524
24	739
24	821
24	873
24	934
25	56
25	121
25	126
25	167
25	265
25	329
25	368
25	505
25	622
25	757
25	818
25	924
26	45
26	337
26	381
26	397
26	482
26	569
26	571
26	636
26	735
26	960
27	256
27	346
27	506
27	604
27	717
27	914
27	983
27	993
28	205
28	238
28	281
28	340
28	342
28	372
28	540
28	704
28	739
28	888
28	931
29	238
29	393
29	628
29	674
29	759
29	781
29	848
29	908
29	970
30	202
30	249
30	365
30	430
30	619
30	666
30	791
30	815
30	912
30	969
31	35
31	82
31	171
31	423
31	530
31	542
31	567
31	640
31	698
31	758
31	1326
32	67
32	417
32	450
32	504
32	509
32	653
32	661
32	691
32	869
32	891
33	150
33	197
33	334
33	576
33	660
33	735
33	903
34	41
34	219
34	256
34	264
34	382
34	457
34	481
34	704
34	818
34	912
34	983
34	998
35	137
35	162
35	372
35	491
35	528
35	620
35	683
35	700
35	846
35	865
35	893
35	943
36	88
36	124
36	163
36	176
36	214
36	316
36	413
36	424
36	504
36	617
36	714
36	935
36	959
36	981
36	998
36	1562
37	85
37	228
37	609
37	646
38	194
38	310
38	337
38	338
38	340
38	829
38	951
38	1470
38	1787
39	100
39	275
39	297
39	506
39	551
39	699
39	732
39	764
39	933
40	411
40	565
40	611
40	691
40	836
40	895
40	905
41	391
41	525
41	541
41	594
41	658
41	733
41	905
42	75
42	270
42	348
42	354
42	472
42	530
42	574
42	603
42	610
42	865
42	953
42	983
42	1464
43	52
43	95
43	237
43	465
43	496
43	499
43	544
43	597
43	733
43	775
43	793
43	845
43	967
43	991
43	997
44	104
44	240
44	292
44	316
44	337
44	343
44	425
44	783
44	857
45	46
45	77
45	158
45	326
45	329
45	347
45	413
45	492
45	529
45	593
45	614
45	633
45	858
45	879
45	953
46	198
46	253
46	293
46	299
46	311
46	354
46	597
46	648
46	707
46	773
46	795
46	971
47	58
47	191
47	268
47	418
47	496
48	64
48	114
48	134
48	188
48	399
48	585
48	647
48	801
48	977
49	102
49	282
49	680
49	739
49	778
49	931
49	940
49	964
50	168
50	336
50	600
50	631
50	694
50	724
50	772
51	81
51	83
51	107
51	189
51	221
51	230
51	286
51	328
51	522
51	548
51	575
51	777
51	812
51	856
51	919
52	406
52	416
52	592
52	812
52	829
52	892
52	960
52	991
53	284
53	354
53	364
53	553
53	683
53	757
53	860
53	906
53	954
53	980
53	983
54	128
54	230
54	504
54	521
54	590
54	646
54	668
54	811
55	66
55	76
55	138
55	143
55	373
55	418
55	666
55	703
55	876
55	927
55	1876
56	82
56	89
56	148
56	273
56	396
56	542
56	551
56	583
56	658
56	676
56	747
56	749
56	833
57	140
57	202
57	327
57	427
57	447
57	628
57	684
57	692
57	747
58	70
58	328
58	369
58	453
58	777
58	900
59	135
59	158
59	214
59	249
59	364
59	420
59	513
59	531
59	580
59	654
59	686
59	795
59	803
59	871
60	135
60	137
60	304
60	351
60	415
60	694
60	789
60	850
60	931
60	946
60	947
60	1745
61	62
61	138
61	513
61	641
61	663
61	712
61	796
61	949
61	974
61	999
62	490
62	742
62	782
62	801
62	846
62	970
62	972
63	150
63	210
63	223
63	452
63	724
63	739
64	227
64	333
64	426
64	462
64	621
64	777
64	824
64	828
64	942
64	960
65	70
65	243
65	309
65	513
65	535
65	538
65	570
65	639
65	661
65	670
65	679
65	998
66	357
66	417
66	429
66	475
66	662
66	765
66	821
66	836
66	980
67	123
67	135
67	333
67	422
67	487
67	589
68	262
68	370
68	445
68	591
68	643
68	827
68	988
69	263
69	286
69	337
69	439
69	908
69	937
69	988
70	82
70	124
70	317
70	364
70	687
70	806
70	879
70	998
71	79
71	128
71	137
71	152
71	158
71	252
71	281
71	324
71	326
71	673
71	849
71	952
72	160
72	201
72	208
72	375
72	446
72	580
72	860
72	939
73	124
73	238
73	296
73	337
73	558
73	660
73	685
73	719
73	775
73	783
73	987
74	162
74	270
74	380
74	694
74	765
74	799
74	875
74	979
75	193
75	201
75	219
75	328
75	570
75	758
75	821
75	945
75	953
75	1923
76	106
76	302
76	371
76	451
76	571
76	630
76	651
76	787
76	849
77	147
77	243
77	384
77	476
77	559
77	576
77	674
77	702
77	949
78	166
78	210
78	256
78	313
78	336
78	375
78	482
78	673
78	829
78	906
78	908
78	950
78	981
78	984
79	105
79	264
79	289
79	350
79	370
79	558
79	889
80	104
80	188
80	323
80	466
80	470
80	706
80	829
80	892
80	898
80	935
80	949
80	969
80	1776
81	101
81	115
81	123
81	196
81	198
81	200
81	262
81	346
81	358
81	399
81	465
81	466
81	552
81	606
81	821
81	861
82	96
82	130
82	257
82	270
82	299
82	358
82	463
82	684
82	698
82	822
82	875
83	127
83	299
83	437
83	466
83	734
83	752
83	778
83	793
83	850
83	959
84	93
84	253
84	260
84	261
84	397
84	435
84	451
84	481
84	917
84	930
85	112
85	144
85	199
85	374
85	387
85	505
85	510
85	629
85	900
85	958
86	245
86	318
86	349
86	360
86	448
86	504
86	511
86	683
86	871
86	882
87	129
87	653
87	664
87	724
87	893
87	939
87	950
87	1087
88	122
88	130
88	294
88	353
88	360
88	483
88	629
88	662
88	793
88	906
88	936
88	938
89	305
89	441
89	478
89	765
89	776
90	419
90	789
90	829
91	108
91	126
91	352
91	437
91	505
91	534
91	550
91	695
91	720
91	773
91	837
91	850
92	147
92	228
92	239
92	258
92	409
92	413
92	437
92	508
92	561
92	678
92	783
92	856
92	893
92	926
92	992
93	210
93	293
93	310
93	317
93	504
93	546
93	699
93	845
93	853
93	986
94	174
94	276
94	332
94	397
94	407
94	490
94	608
94	778
94	865
94	866
94	873
94	900
95	156
95	197
95	346
95	539
95	589
95	632
95	664
95	758
95	928
96	222
96	261
96	607
96	614
96	826
96	879
96	926
97	119
97	191
97	247
97	272
97	301
97	303
97	354
97	451
97	654
97	761
97	766
97	864
97	1086
98	151
98	245
98	250
98	255
98	375
98	432
98	474
98	487
98	520
98	732
98	826
98	834
99	114
99	141
99	311
99	315
99	501
99	529
99	697
99	794
99	940
100	118
100	286
100	395
100	664
100	852
100	922
100	980
101	296
101	329
101	483
101	589
101	671
101	759
101	791
101	956
102	106
102	446
102	476
102	559
102	786
102	823
102	870
102	900
102	977
103	128
103	199
103	401
103	461
103	789
103	791
103	818
103	853
103	969
103	1166
104	978
105	120
105	124
105	316
105	403
105	536
105	602
105	659
105	660
105	970
105	971
106	495
106	573
106	694
106	803
106	829
106	995
107	128
107	140
107	344
107	384
107	414
107	550
107	651
107	788
107	800
107	805
107	914
108	189
108	346
108	466
108	474
108	543
108	602
108	868
108	880
108	904
109	112
109	204
109	238
109	292
109	369
109	420
109	713
109	851
110	126
110	205
110	262
110	288
110	532
110	759
110	953
110	979
111	174
111	256
111	385
111	538
111	639
111	661
111	718
111	975
111	982
112	128
112	178
112	633
112	669
112	687
112	755
112	770
112	842
112	927
112	958
113	270
113	337
113	350
113	639
113	828
113	924
113	926
113	996
114	296
114	459
114	623
114	714
114	738
114	766
115	147
115	270
115	411
115	586
115	747
115	800
115	822
115	1721
116	132
116	368
116	424
116	478
116	555
116	605
116	621
116	730
116	920
116	976
117	269
117	382
117	713
118	232
118	367
118	459
118	469
119	285
119	304
119	371
119	421
119	478
119	531
120	127
120	252
120	290
120	355
120	568
120	576
120	723
121	219
121	236
121	258
121	264
121	351
121	369
121	495
121	751
121	826
121	968
121	976
122	216
122	470
122	508
122	604
122	844
123	254
123	300
123	452
123	489
123	526
123	731
123	738
123	783
123	969
124	259
124	308
124	322
124	333
124	439
124	532
124	548
124	552
124	562
124	636
124	935
125	138
125	215
125	269
125	342
125	441
125	555
125	624
125	753
125	779
125	846
125	995
126	156
126	225
126	366
126	429
126	554
126	701
126	792
126	877
126	937
127	131
127	133
127	237
127	298
127	349
127	377
127	409
127	529
127	543
127	603
127	632
127	682
127	718
127	821
128	168
128	244
128	371
128	561
128	654
128	747
128	784
128	922
128	926
129	134
129	385
129	446
129	479
129	512
129	597
129	610
129	634
129	660
129	699
129	782
129	922
129	945
130	349
130	455
130	558
130	577
130	644
130	681
130	801
130	851
130	872
130	947
131	231
131	241
131	325
131	483
131	657
131	749
131	756
132	133
132	424
132	527
132	528
132	630
132	698
132	956
132	992
133	464
133	465
133	505
133	555
133	676
133	784
133	787
133	920
134	138
134	330
134	490
134	556
134	711
134	858
134	916
135	140
135	162
135	384
135	576
135	761
135	888
135	939
136	244
136	291
136	324
136	382
136	385
136	405
136	453
136	514
136	645
136	716
136	779
136	897
136	910
137	303
137	343
137	540
137	608
137	680
137	707
137	773
137	814
137	867
137	877
138	320
138	379
138	881
138	995
139	312
139	340
139	345
139	415
139	494
139	517
139	535
139	721
139	938
139	972
140	157
140	200
140	202
140	275
140	294
140	399
140	645
140	692
140	912
140	958
141	378
141	502
141	547
141	557
141	583
141	693
141	960
141	972
142	148
142	236
142	301
142	483
142	592
142	616
142	641
142	879
143	446
143	576
143	581
143	818
144	186
144	240
144	652
144	814
144	948
145	200
145	292
145	354
145	358
145	434
145	601
145	602
145	630
145	741
145	788
145	992
146	327
146	448
146	468
146	488
146	492
146	849
146	958
147	310
147	332
147	385
147	443
147	510
147	515
147	530
147	570
147	713
147	859
147	890
147	896
147	993
148	305
148	331
148	352
148	464
148	560
148	865
148	908
149	298
149	418
149	635
149	742
149	771
149	794
149	915
149	943
150	192
150	273
150	379
150	467
150	492
150	587
150	601
150	678
150	705
151	174
151	487
151	490
151	535
151	889
151	982
152	259
152	380
152	551
152	578
152	603
152	638
152	904
152	996
153	194
153	196
153	258
153	628
153	633
153	753
153	968
153	980
153	994
153	996
154	715
154	843
154	867
154	873
155	241
155	247
155	273
155	311
155	340
155	385
155	416
155	426
155	576
155	652
155	889
155	935
156	184
156	229
156	294
156	320
156	435
156	482
156	508
156	519
156	681
156	703
156	904
156	968
157	158
157	169
157	481
157	502
157	696
158	299
158	330
158	504
158	610
158	671
158	781
158	891
158	957
158	964
159	216
159	439
159	743
159	791
159	793
159	801
159	842
159	882
160	205
160	208
160	225
160	247
160	377
160	408
160	423
160	622
160	646
160	831
160	914
160	926
161	163
161	416
161	441
161	514
161	539
161	625
161	810
161	869
161	914
161	944
161	1729
162	178
162	196
162	401
162	612
162	709
162	738
162	884
162	935
163	219
163	460
163	515
163	661
163	806
163	848
163	902
163	936
164	303
164	338
164	439
164	606
164	783
164	837
164	861
165	175
165	252
165	524
165	539
165	624
165	685
165	805
165	1987
166	224
166	306
166	522
166	533
166	548
166	585
166	642
166	680
166	730
166	768
166	956
166	966
166	990
167	245
167	272
167	324
167	425
167	432
167	493
167	517
167	663
167	673
167	783
167	824
167	898
167	926
168	209
168	382
168	571
168	594
168	654
168	893
168	954
169	263
169	280
169	333
169	422
169	639
169	769
169	772
169	792
169	798
169	801
169	819
169	992
170	216
170	223
170	255
170	367
170	467
170	734
170	810
171	227
171	389
171	446
171	503
171	624
171	738
171	906
171	995
172	324
172	484
172	521
172	661
172	682
172	692
172	806
172	861
172	939
173	176
173	282
173	298
173	411
173	488
173	606
173	691
173	819
173	839
173	884
173	906
173	955
174	237
174	560
174	599
174	780
174	952
175	224
175	435
175	512
175	958
176	190
176	192
176	514
176	567
176	727
176	825
176	885
176	889
176	938
176	980
176	1100
177	186
177	250
177	423
177	480
177	781
177	817
177	961
178	192
178	351
178	566
178	653
178	678
178	753
178	785
178	885
178	911
178	942
178	970
179	305
179	473
179	542
179	562
179	582
179	867
179	967
180	228
180	362
180	489
180	599
180	687
180	701
180	705
180	707
180	716
180	833
180	921
181	231
181	232
181	253
181	392
181	504
181	616
181	645
181	731
181	732
181	958
181	967
182	230
182	296
182	403
182	494
182	602
182	702
182	903
183	322
183	324
183	387
183	612
183	646
183	706
183	774
183	795
183	799
183	866
184	381
184	488
184	680
184	795
184	856
184	978
184	986
184	989
185	329
185	359
185	552
185	757
185	792
185	794
185	932
186	255
186	552
186	699
186	718
186	883
186	916
186	983
186	1146
187	246
187	280
187	357
187	366
187	500
187	566
187	616
187	691
187	766
187	824
187	845
187	854
187	949
187	1472
188	343
188	376
188	385
188	396
188	537
188	539
188	583
188	735
188	787
188	797
188	885
188	988
189	238
189	293
189	390
189	527
189	586
189	785
189	821
189	891
189	1796
190	281
190	432
190	473
190	542
190	610
190	686
191	229
191	506
191	717
191	758
191	881
191	904
191	998
192	212
192	339
192	433
192	453
192	511
192	701
192	763
192	791
192	984
193	224
193	251
193	257
193	279
193	319
193	347
193	554
193	559
193	663
193	759
193	862
193	906
193	935
194	874
195	222
195	229
195	366
195	403
195	628
195	775
195	847
195	860
195	964
196	232
196	349
196	358
196	370
196	380
196	444
196	503
196	610
196	711
196	768
196	1361
197	484
197	598
197	606
197	692
197	814
197	829
197	853
197	942
197	961
198	216
198	302
198	372
198	423
198	556
198	688
198	784
198	847
199	264
199	489
199	525
199	565
199	591
199	657
199	712
199	793
199	880
199	899
199	914
200	229
200	363
200	393
200	414
200	624
201	216
201	245
201	270
201	424
201	435
201	437
201	470
201	540
201	719
201	914
201	944
202	429
202	612
202	632
202	681
202	683
202	719
202	877
202	880
202	886
203	222
203	302
203	386
203	439
203	456
203	483
203	516
203	553
203	701
203	947
203	983
204	401
204	524
204	618
204	648
204	700
204	701
204	725
204	747
204	798
204	852
204	853
204	977
204	980
205	436
205	442
205	501
205	812
205	970
206	441
206	445
206	531
206	649
206	717
206	741
206	800
206	895
207	256
207	309
207	391
207	483
207	513
207	550
207	734
207	855
207	913
207	978
208	226
208	332
208	375
208	385
208	404
208	994
209	259
209	334
209	397
209	488
209	637
209	822
209	939
210	260
210	421
210	445
210	486
210	499
210	535
210	599
210	776
210	980
211	237
211	260
211	265
211	408
211	831
211	976
212	434
212	582
212	627
212	756
212	948
212	999
213	271
213	293
213	661
213	810
213	847
213	875
213	927
214	224
214	298
214	310
214	416
214	541
214	582
214	672
214	736
214	857
214	917
214	924
215	234
215	439
215	566
215	670
215	748
215	923
216	246
216	252
216	357
216	475
216	655
216	709
217	302
217	549
217	660
217	795
217	822
217	834
217	835
218	365
218	370
218	532
218	953
219	258
219	306
219	387
219	453
219	509
219	575
219	657
219	734
219	928
219	999
220	246
220	313
220	429
220	618
220	771
220	784
221	264
221	641
221	654
221	720
222	276
222	376
222	441
222	521
222	548
223	590
223	693
223	748
223	821
223	823
223	930
223	932
224	331
224	423
224	503
224	588
224	635
224	748
224	987
225	270
225	300
225	375
225	395
225	409
225	663
225	702
225	918
226	273
226	298
226	549
226	815
226	968
227	452
227	476
227	546
227	558
227	636
227	828
227	950
228	302
228	342
228	401
228	709
228	735
228	994
229	351
229	376
229	537
229	708
230	285
230	348
230	389
230	801
230	887
230	950
231	258
231	267
231	289
231	316
231	396
231	482
231	496
231	542
231	757
231	780
231	877
232	259
232	297
232	490
232	594
232	750
233	365
233	410
233	490
233	516
233	545
233	615
233	669
233	780
233	957
234	279
234	349
234	432
234	457
234	468
234	524
234	562
234	615
234	717
234	751
234	879
234	950
235	238
235	387
235	397
235	805
235	816
235	825
235	877
235	884
235	966
235	1302
236	250
236	296
236	445
236	605
236	676
236	692
236	829
236	851
236	870
236	878
236	931
236	948
236	981
237	257
237	352
237	596
237	670
237	675
237	735
237	868
237	934
238	253
238	275
238	539
238	760
238	944
239	379
239	478
239	506
239	594
239	645
239	941
240	285
240	544
240	602
240	648
240	673
240	702
240	772
240	777
240	780
240	827
240	939
240	969
241	291
241	332
241	430
241	434
241	504
241	523
241	536
241	562
241	610
241	711
241	833
242	405
242	617
242	625
242	640
242	833
242	904
242	921
243	339
243	417
243	431
243	539
243	545
243	674
243	741
243	780
243	782
243	849
243	905
243	965
243	968
243	973
244	342
244	438
244	451
244	901
245	404
245	426
245	493
245	671
245	736
245	958
246	299
246	421
246	435
246	483
246	636
246	768
246	824
246	837
246	951
247	335
247	348
247	534
247	615
247	739
247	770
247	835
247	878
248	277
248	370
248	430
248	502
248	574
248	690
248	763
248	767
248	953
249	407
249	431
249	645
249	734
249	898
249	901
249	969
249	997
250	355
250	415
250	478
250	676
250	730
250	768
250	928
251	261
251	304
251	550
251	586
251	632
251	646
251	651
251	839
251	854
251	967
252	284
252	348
252	618
252	658
252	672
252	695
253	403
253	423
253	609
253	723
253	784
253	846
253	876
253	921
254	477
254	658
254	708
254	751
254	777
255	417
255	491
255	691
255	782
256	332
256	529
256	531
256	535
256	649
256	853
256	911
256	927
256	956
257	272
257	364
257	460
257	571
257	631
257	686
257	721
257	746
257	758
257	896
258	278
258	283
258	405
258	839
258	844
258	861
258	880
258	979
258	1023
259	283
259	366
259	421
259	642
259	709
259	899
259	928
260	367
260	406
260	515
260	617
260	668
260	753
260	780
260	808
260	900
260	916
260	968
260	997
261	476
261	571
261	709
261	836
261	904
261	953
262	268
262	341
262	454
262	483
262	527
262	540
262	542
262	567
262	603
262	971
263	395
263	409
263	459
263	539
263	582
263	635
263	639
263	754
263	762
263	828
263	849
263	935
264	297
264	335
264	450
264	466
264	760
264	804
264	897
264	960
264	965
264	969
265	355
265	519
265	714
265	785
265	787
265	832
266	319
266	354
266	501
266	574
266	865
266	902
267	286
267	406
267	413
267	511
267	630
267	667
267	702
268	336
268	356
268	396
268	505
268	544
268	731
268	1316
269	629
269	641
269	647
269	709
269	805
269	834
269	925
269	962
269	968
269	990
270	373
270	459
270	575
270	782
271	378
271	509
271	641
271	661
271	809
271	848
271	849
271	891
272	338
272	412
272	543
272	577
272	582
272	891
272	901
272	985
273	418
273	480
273	516
273	545
273	561
273	709
273	776
273	810
273	960
274	375
274	387
274	674
274	767
274	919
274	986
275	312
275	331
275	747
275	973
276	329
276	622
276	624
276	642
276	710
276	856
276	917
276	950
277	543
277	695
277	745
278	599
278	638
278	705
278	727
278	755
278	776
278	870
278	965
279	480
279	551
279	704
279	733
279	779
279	805
279	864
279	939
279	960
280	307
280	318
280	449
280	481
280	522
280	534
280	599
280	673
280	690
280	700
280	719
280	824
280	911
280	981
281	289
281	635
281	637
281	705
281	709
281	812
282	358
282	589
282	592
282	733
282	809
282	873
282	955
283	392
283	491
283	504
283	649
283	668
283	675
283	700
283	703
283	813
283	818
283	860
283	904
284	326
284	340
284	349
284	515
284	788
284	810
284	832
285	304
285	314
285	345
285	367
285	530
285	605
285	853
285	875
285	914
285	940
285	959
285	992
286	357
286	365
286	590
286	632
286	808
286	879
286	897
286	941
286	961
287	401
287	527
287	750
287	766
287	936
288	293
288	315
288	478
288	504
288	535
288	615
288	669
288	749
288	878
289	427
289	500
289	552
289	598
289	917
290	390
290	478
290	657
290	743
290	823
290	845
290	881
290	932
290	965
291	318
291	477
291	621
291	709
291	930
291	993
291	1159
292	333
292	486
292	821
292	881
292	884
292	999
293	365
293	410
293	552
293	578
293	581
293	603
293	615
293	669
293	814
293	948
294	316
294	434
294	462
294	492
294	503
294	587
294	613
294	715
294	726
294	780
294	805
294	816
294	819
294	925
294	930
295	373
295	388
295	442
295	559
295	611
295	718
295	769
295	860
295	864
296	325
296	395
296	430
296	492
296	597
296	665
296	692
296	780
296	813
296	897
296	949
297	298
297	306
297	329
297	370
297	393
297	447
297	594
297	623
297	682
297	781
297	823
297	873
297	914
297	991
298	346
298	357
298	418
298	449
298	452
298	626
298	648
298	663
299	406
299	414
299	526
299	559
299	572
299	636
299	637
299	756
299	803
299	898
299	924
299	956
300	626
300	646
300	663
300	860
300	994
301	309
301	313
301	343
301	404
301	491
301	502
301	525
301	555
301	657
301	775
302	487
302	532
302	696
302	726
303	335
303	394
303	408
303	419
303	504
303	508
303	515
303	569
303	688
303	711
303	839
303	883
303	998
304	391
304	425
304	463
304	665
304	825
304	876
304	878
304	923
304	957
304	974
305	537
305	620
305	622
305	719
305	787
305	860
305	941
305	1239
306	466
306	723
306	745
306	990
307	393
307	497
307	518
307	580
307	586
308	321
308	481
308	647
308	655
308	747
308	883
308	945
308	954
308	990
309	460
309	519
309	526
309	621
309	691
309	969
310	341
310	427
310	693
310	929
310	950
311	376
311	408
311	409
311	458
311	470
311	531
311	586
311	776
311	912
311	926
311	989
312	372
312	374
312	381
312	382
312	440
312	457
312	503
312	512
312	694
312	733
312	822
312	846
312	895
312	989
313	352
313	527
313	640
313	754
313	755
313	861
313	863
313	906
313	918
314	348
314	503
314	537
315	332
315	440
315	482
315	526
315	590
315	760
315	858
315	991
316	464
316	736
316	816
316	818
317	406
317	407
317	545
317	587
317	759
317	800
317	823
317	853
318	575
318	589
318	888
318	896
318	917
318	1865
319	320
319	424
319	435
319	493
319	563
319	767
319	772
319	840
319	963
320	445
320	460
320	595
320	597
320	621
320	718
320	787
320	849
320	997
321	394
321	484
321	490
321	710
321	892
321	959
322	477
322	506
322	561
322	663
322	687
322	844
323	364
323	376
323	494
324	340
324	485
324	641
324	823
324	989
324	1423
325	346
325	430
325	469
325	627
325	788
325	877
325	1486
326	411
326	477
326	684
326	698
326	706
326	789
326	849
327	582
327	632
327	666
327	747
327	757
327	819
327	830
327	957
328	437
328	657
328	687
328	774
329	564
329	578
329	669
329	729
329	759
329	825
329	925
330	435
330	474
330	516
330	646
330	652
330	705
330	751
330	865
330	925
330	965
331	420
331	521
331	669
331	701
331	820
332	596
332	766
332	768
332	954
332	1541
333	489
333	495
333	531
333	561
333	578
333	602
333	695
333	723
333	755
333	780
333	795
333	920
333	1909
334	402
334	557
334	589
334	614
334	695
334	698
334	751
334	928
334	993
336	505
336	523
336	637
336	685
336	776
336	856
337	440
337	602
337	699
337	739
337	771
337	963
338	671
338	750
338	776
338	912
338	959
339	472
339	475
339	511
339	569
339	944
339	975
340	593
340	749
340	839
340	961
341	355
341	392
341	516
341	523
341	753
341	899
341	955
342	471
342	904
343	377
343	403
343	442
343	834
343	917
343	936
343	993
344	535
344	598
344	603
344	680
344	689
344	734
344	747
344	801
344	900
345	427
345	469
345	474
345	504
345	517
345	574
345	579
345	597
345	692
345	739
345	752
345	812
345	920
346	597
346	598
346	626
346	689
346	975
347	485
347	487
347	730
347	833
347	914
347	991
348	395
348	405
348	412
348	417
348	420
348	525
348	871
348	916
348	1172
349	465
349	466
349	565
349	596
349	725
349	726
349	850
349	941
350	417
350	421
350	438
350	546
350	777
350	894
350	961
351	365
351	500
351	606
351	615
351	634
351	646
351	708
351	830
351	841
351	943
351	990
352	374
352	536
352	676
352	984
353	395
353	488
353	759
353	864
353	868
353	921
353	947
354	359
354	362
354	577
354	585
354	653
354	692
354	740
355	511
355	547
355	636
355	861
355	973
355	986
356	363
356	457
356	467
356	529
356	532
356	557
356	628
356	672
356	716
356	722
356	732
356	737
356	823
356	943
356	977
357	531
357	796
357	914
357	935
357	985
358	460
358	612
358	620
358	832
359	502
359	541
359	942
360	462
360	496
360	619
360	692
360	697
360	749
360	792
361	382
361	504
361	744
361	758
361	916
362	370
362	529
362	715
362	782
362	876
362	901
363	415
363	615
363	701
363	828
363	873
363	919
364	411
364	570
364	701
364	713
364	731
364	821
364	852
365	573
365	964
365	974
365	996
366	368
366	371
366	405
366	483
366	486
366	547
366	582
366	765
366	917
366	944
366	997
367	632
367	640
367	705
367	721
367	749
367	808
367	928
368	375
368	413
368	618
368	630
368	715
368	770
369	391
369	521
369	653
369	779
370	500
370	510
370	605
370	672
370	732
370	788
371	403
371	602
371	741
371	815
371	930
372	429
372	444
372	461
372	489
372	652
372	726
372	762
372	793
372	813
373	459
373	477
373	771
373	831
373	902
373	909
374	451
374	528
374	563
374	574
374	595
374	725
374	739
374	963
375	432
375	514
375	564
375	692
375	779
375	802
375	868
375	955
375	1246
376	556
376	579
376	786
376	801
376	826
376	911
376	960
377	460
377	532
377	546
377	551
377	606
377	919
378	398
378	414
378	494
378	542
378	616
378	750
378	833
378	843
378	903
378	915
378	944
379	402
379	422
379	423
379	427
379	490
379	568
379	581
379	613
379	916
379	1502
380	452
380	463
380	644
380	713
380	978
380	982
381	553
381	596
381	634
381	640
381	660
381	855
381	929
381	998
382	469
382	547
382	771
383	499
383	697
383	772
383	804
383	910
383	984
384	522
384	554
384	664
384	769
384	973
385	526
385	621
385	651
385	874
385	1674
386	426
386	430
386	475
386	769
386	959
387	398
387	670
387	839
387	859
387	915
388	432
388	502
388	649
388	685
389	478
389	482
389	537
389	560
389	607
389	878
390	573
390	630
390	689
390	691
390	917
391	533
391	538
391	549
391	613
391	672
391	807
391	863
392	428
392	471
392	613
393	625
393	644
393	723
393	734
393	774
393	855
394	462
394	606
394	698
394	761
395	428
395	451
395	472
395	729
395	813
395	860
396	524
396	588
396	642
396	665
396	680
396	737
396	913
396	919
397	448
397	461
397	473
397	546
397	594
397	619
397	638
397	652
397	776
398	417
398	460
398	624
398	682
398	701
398	724
398	960
399	410
399	514
399	581
399	641
399	667
399	895
400	443
400	634
400	694
400	712
400	738
400	811
400	878
400	929
400	995
401	425
401	716
401	779
401	788
401	918
402	578
402	629
402	710
402	809
402	990
403	570
403	642
403	716
403	774
404	453
404	465
404	541
404	687
404	703
404	713
404	735
404	974
404	985
405	474
405	689
405	899
406	496
406	530
406	612
406	763
406	768
407	465
407	495
407	579
407	661
407	887
407	927
407	975
408	569
408	924
408	960
409	516
409	525
409	630
409	665
409	810
409	879
409	881
409	966
410	452
410	533
410	547
410	681
410	701
410	771
410	789
410	797
410	867
410	955
411	535
411	547
411	661
411	691
411	851
411	903
412	499
412	522
412	581
412	805
412	826
413	487
413	893
413	895
413	956
414	611
414	685
414	851
415	511
415	866
416	702
416	760
416	915
416	922
416	937
417	481
417	660
417	708
417	729
417	865
417	885
417	909
417	980
417	988
418	675
418	826
418	833
419	424
419	440
419	503
419	624
419	666
419	709
419	713
419	889
419	954
420	421
420	547
420	630
420	883
420	891
420	894
420	950
420	979
421	464
421	506
421	559
421	641
421	693
421	698
421	839
421	915
421	946
421	952
421	986
422	504
422	548
422	673
422	822
422	923
422	975
423	541
423	564
423	566
423	579
423	616
423	699
423	806
423	861
423	874
423	888
424	431
424	560
424	597
424	903
424	949
424	1149
425	439
425	558
425	609
425	625
426	443
426	446
426	450
426	704
426	724
426	790
426	980
427	497
427	659
427	702
427	719
427	737
427	834
428	480
428	518
428	564
428	780
428	972
429	456
429	550
429	576
429	701
429	831
429	878
430	466
430	491
430	507
430	593
430	641
430	645
430	647
430	838
431	481
431	519
431	592
431	659
431	768
431	962
432	496
432	537
432	575
432	753
432	840
432	862
433	616
433	629
433	815
433	883
433	923
433	970
433	992
434	734
434	756
434	774
434	907
435	905
436	594
436	624
436	665
436	675
436	732
436	809
436	937
436	962
436	995
437	470
437	488
437	490
437	522
437	620
437	634
437	821
437	888
437	899
438	486
438	498
438	624
438	696
438	719
438	801
439	481
439	679
440	580
440	620
440	736
440	859
441	532
441	534
441	547
441	578
441	663
441	806
441	968
442	503
442	538
442	707
442	773
443	452
443	498
443	607
443	620
443	701
443	746
443	771
443	879
443	906
444	535
444	653
444	868
444	981
444	987
444	1066
445	449
445	512
445	663
445	694
445	778
445	900
446	534
446	788
446	891
447	498
447	553
447	636
447	644
447	719
447	723
447	819
447	841
447	868
447	902
447	1283
448	486
448	507
448	595
448	726
448	801
448	976
449	535
449	546
449	617
449	882
449	937
450	468
450	684
450	739
450	1878
451	661
451	834
451	897
452	525
452	578
452	599
452	788
452	892
453	573
453	592
453	652
453	670
453	693
453	732
453	733
453	771
453	782
453	851
453	891
453	906
454	537
454	542
454	672
454	737
454	786
454	901
454	912
454	938
454	975
455	576
455	603
455	607
455	637
455	707
455	776
455	810
455	931
456	481
456	513
456	608
456	650
456	662
456	884
456	917
457	510
457	700
457	779
457	1053
458	612
458	639
458	663
458	777
458	927
459	531
459	629
459	724
459	755
459	968
460	551
460	661
460	666
460	708
460	905
460	988
461	532
461	537
461	595
461	747
461	804
461	830
461	840
461	923
462	507
462	517
462	650
462	731
462	752
462	757
462	799
462	825
462	831
462	881
462	921
462	932
463	470
463	530
463	647
463	730
463	768
463	794
464	500
464	673
464	986
465	477
465	505
465	600
465	692
465	725
465	776
465	894
465	913
465	992
465	999
465	1570
466	583
466	678
466	688
466	832
466	860
466	894
466	898
467	484
467	617
467	630
467	747
467	789
467	998
468	584
468	601
468	612
468	651
468	700
469	606
469	649
469	759
470	508
470	513
470	572
470	636
470	649
470	767
470	799
470	878
471	528
471	774
471	877
472	743
472	841
472	999
473	551
473	677
473	731
474	590
474	651
474	694
474	741
474	757
474	949
475	558
475	603
475	728
475	740
475	831
476	564
476	587
476	647
476	721
476	722
476	782
477	706
477	799
477	809
477	822
477	824
477	872
477	875
477	935
478	524
478	574
478	592
478	817
479	606
479	615
479	684
479	985
480	629
480	694
480	761
480	784
480	813
480	846
480	936
481	519
481	599
481	643
481	657
481	660
481	675
481	695
481	719
481	791
482	491
482	507
482	609
482	675
482	703
482	789
482	848
482	855
482	875
483	559
483	568
483	570
483	611
483	766
483	860
483	869
483	875
483	918
484	491
484	547
484	653
484	763
484	770
484	781
484	842
484	955
484	1561
485	557
485	629
485	646
485	687
485	688
485	939
486	666
487	593
487	918
488	528
488	591
488	599
488	769
488	821
488	992
489	524
489	593
489	868
489	870
489	879
489	929
490	667
490	927
490	970
491	505
491	520
491	677
491	686
491	689
491	763
491	835
491	993
492	554
492	653
492	669
492	709
492	804
493	580
493	740
493	847
494	515
494	555
494	581
494	646
494	784
495	534
495	573
495	586
495	678
495	744
495	947
496	551
496	620
496	942
496	1734
497	588
497	700
497	841
498	808
498	831
498	992
499	616
499	621
499	785
499	978
500	671
500	697
500	758
500	799
500	872
500	915
500	949
501	677
501	692
501	994
502	515
502	571
502	626
503	526
503	531
503	538
503	633
503	744
503	760
503	816
503	823
503	879
504	742
504	820
504	847
504	925
504	984
505	506
505	508
505	660
505	854
505	861
505	942
505	989
506	599
506	724
506	822
506	873
507	528
507	529
507	531
507	540
507	559
507	564
507	735
507	783
507	850
507	852
507	940
508	533
508	560
508	905
508	938
508	989
509	510
509	912
510	554
510	797
510	862
511	627
511	724
511	733
511	876
511	996
511	998
512	513
512	624
512	711
512	738
512	837
512	905
512	981
513	816
513	871
513	997
514	719
514	753
514	812
515	650
515	693
515	702
515	861
515	994
516	612
516	639
516	681
516	773
516	998
517	599
517	641
517	845
517	871
518	737
518	877
519	619
519	706
519	745
519	753
519	770
519	916
520	540
520	628
520	714
520	794
520	822
520	899
520	957
521	534
521	673
521	810
521	829
521	849
522	842
522	861
522	898
522	901
522	919
523	673
523	750
523	780
524	672
524	855
524	889
524	955
525	533
525	620
525	628
525	830
525	975
525	1211
526	624
526	702
526	776
526	779
526	803
526	804
526	896
526	904
526	960
527	620
527	657
527	677
527	783
527	890
527	896
528	565
528	567
528	656
528	916
529	551
529	609
529	639
529	689
529	742
529	881
530	829
530	832
530	843
531	793
531	830
532	571
532	791
532	889
533	569
533	836
533	959
534	687
534	763
534	791
535	656
535	686
535	774
535	793
535	885
535	980
536	582
536	596
536	629
536	870
536	880
537	617
537	766
537	770
537	821
537	825
537	925
538	672
538	687
538	792
538	804
538	867
538	915
538	917
539	994
539	1122
540	656
540	799
540	872
540	886
540	983
540	984
541	567
541	594
541	653
541	725
541	747
541	757
542	559
542	669
542	742
542	913
543	605
543	696
544	551
544	612
544	618
544	778
544	906
544	923
544	953
544	963
545	560
545	573
545	621
545	738
545	742
545	786
545	808
545	948
545	984
546	598
546	601
546	711
546	731
546	768
546	918
547	557
547	558
547	640
547	704
547	732
547	757
547	777
547	790
547	838
547	844
547	977
548	755
548	939
549	625
549	743
549	949
550	556
550	572
550	642
550	781
550	962
550	980
551	665
551	700
551	916
552	589
552	639
552	878
553	598
553	602
553	761
553	797
553	848
553	920
554	689
554	797
554	875
555	587
555	800
555	804
556	698
556	718
556	787
556	803
556	804
557	582
557	591
557	749
557	805
557	815
557	957
558	621
558	666
558	729
558	897
558	969
558	991
559	723
559	976
559	988
560	568
560	579
560	595
560	774
560	889
560	963
561	604
561	760
561	991
562	640
562	699
562	741
562	876
563	577
563	846
564	658
564	788
565	604
565	616
565	650
565	684
565	689
565	755
565	788
565	854
566	641
566	698
566	825
566	827
567	633
567	808
568	726
568	851
568	887
568	919
568	938
569	740
569	950
570	890
570	937
571	601
571	608
571	677
571	694
571	749
571	825
571	833
571	855
571	884
572	582
572	802
573	605
573	646
573	665
573	693
573	761
573	830
574	736
574	878
574	1953
575	614
575	638
575	778
575	959
575	984
576	612
576	708
576	793
576	863
577	608
577	642
577	690
577	798
577	807
577	832
577	980
578	896
578	1002
578	1843
579	632
579	763
579	841
579	859
579	896
580	821
580	936
581	904
581	918
581	933
581	1740
582	850
583	737
583	886
583	911
584	625
584	854
584	913
585	613
585	621
585	702
585	712
585	976
586	610
586	764
586	908
586	967
587	682
587	696
587	938
587	980
588	840
588	957
588	989
588	1715
589	705
589	982
590	636
590	733
590	877
590	941
591	766
591	823
592	636
592	673
592	770
592	792
592	796
592	853
593	687
593	747
593	853
593	926
593	933
593	946
594	869
594	942
595	710
595	715
595	842
595	871
595	992
596	750
596	844
596	859
596	905
596	960
597	772
597	925
598	614
598	922
598	930
598	968
598	972
599	637
599	748
599	767
599	776
599	968
599	981
599	1943
600	915
601	924
601	970
602	710
602	787
602	914
603	741
604	835
604	916
604	958
605	660
605	774
605	820
605	915
605	925
605	927
605	1978
606	624
606	711
606	953
607	720
608	988
609	684
609	971
610	881
610	954
610	1804
611	670
611	751
611	752
611	785
611	800
611	812
611	882
611	986
612	991
613	698
613	750
613	843
614	850
614	873
614	897
614	980
615	625
615	915
615	994
616	690
616	746
616	799
616	901
617	683
617	776
617	816
617	824
617	970
618	892
618	893
618	951
618	1800
619	636
619	730
619	817
619	954
619	990
620	853
620	898
620	940
620	966
621	697
621	776
621	780
621	838
621	868
622	649
622	789
622	883
623	920
623	954
623	974
624	638
624	641
624	684
624	700
624	703
624	925
624	935
625	720
625	887
625	902
626	814
626	941
627	836
627	973
628	884
628	975
629	736
629	779
629	964
630	646
630	675
630	789
630	890
630	906
630	923
630	981
631	779
631	836
632	725
632	846
632	959
633	810
633	845
633	849
633	978
634	718
634	788
634	845
634	872
634	983
635	786
635	790
635	806
636	637
636	680
636	693
636	721
636	819
636	876
636	923
636	992
637	658
637	796
637	967
638	701
638	746
638	753
638	809
638	856
638	899
639	653
639	697
639	706
639	817
639	842
639	850
639	1325
640	661
640	682
640	686
640	695
640	764
640	933
640	967
640	979
640	989
640	993
641	695
641	721
642	737
642	868
642	897
642	912
643	651
643	867
643	924
643	951
644	655
644	716
644	814
644	849
644	864
645	664
645	678
645	731
645	875
645	908
645	927
645	963
645	979
646	846
646	909
647	767
647	877
648	815
649	655
649	734
649	798
649	837
650	752
650	768
650	958
651	765
651	925
651	997
652	854
653	746
653	751
653	954
653	962
653	985
654	718
654	828
655	690
655	836
655	873
656	693
656	788
656	795
657	829
657	833
657	868
657	913
657	982
658	713
658	741
659	664
659	688
659	789
659	813
659	883
659	886
659	897
660	663
660	890
663	898
663	941
663	944
664	680
664	692
664	699
664	912
664	958
665	694
665	795
665	896
665	897
666	706
666	817
666	830
666	850
666	900
666	907
667	750
667	762
667	843
667	899
667	923
667	953
667	977
667	986
668	916
668	939
668	966
669	698
669	703
669	737
669	768
669	937
670	811
670	844
670	864
670	873
671	726
671	753
671	777
671	803
671	859
671	973
672	727
672	750
672	836
672	1475
673	758
673	869
673	909
673	923
674	830
674	943
675	894
675	964
676	688
677	713
677	890
678	689
678	784
678	807
678	869
679	909
680	730
680	796
680	837
680	839
680	844
680	872
680	884
681	792
681	869
682	769
682	807
682	894
683	844
683	870
683	875
684	717
684	868
685	766
685	907
685	935
685	946
686	746
686	816
686	927
686	969
686	999
687	758
687	778
687	888
687	944
687	1193
688	734
688	786
688	788
688	867
688	885
688	992
688	993
689	752
689	766
689	898
690	702
690	773
691	803
691	805
691	859
691	988
691	1684
692	716
693	724
693	806
693	886
693	907
693	996
694	836
695	782
695	794
695	910
695	1336
696	891
696	912
696	991
697	728
697	887
697	964
697	990
697	992
697	993
698	751
698	755
698	793
698	842
698	921
699	745
699	869
699	875
699	957
699	977
699	1331
700	729
700	750
700	957
701	713
701	743
701	744
701	803
701	819
701	828
701	895
701	950
702	772
702	816
702	954
703	834
703	980
704	839
704	947
705	810
705	841
705	844
705	1914
706	801
706	827
706	885
706	963
706	996
707	746
707	866
707	885
707	908
707	917
707	939
708	714
708	743
708	756
708	802
709	901
709	904
709	945
709	971
710	933
711	836
711	863
711	922
711	984
712	762
712	840
712	926
714	743
714	797
714	825
714	840
714	862
714	879
714	990
715	717
715	896
715	964
715	979
716	761
716	926
717	733
717	842
717	897
718	719
718	905
719	746
719	834
720	762
720	814
720	925
721	740
721	754
721	790
723	850
723	962
723	972
724	733
724	849
724	901
724	915
725	761
725	839
725	867
725	900
725	904
725	987
726	865
726	920
726	960
726	995
727	740
727	916
728	743
728	772
729	971
730	748
730	766
730	767
730	909
730	997
731	735
731	786
731	839
731	891
731	937
732	1060
733	936
734	748
734	910
735	846
735	937
736	923
737	820
737	883
737	933
737	989
738	869
738	962
738	995
739	820
739	907
739	909
739	963
739	1282
740	761
741	800
741	864
741	878
741	915
742	808
742	975
742	992
743	971
743	975
744	759
744	776
745	747
745	790
745	815
745	833
745	847
745	880
745	930
746	785
746	798
747	973
748	804
748	908
748	948
748	980
748	987
750	865
750	909
750	941
750	984
751	765
751	932
752	963
753	760
753	778
754	996
755	876
755	974
756	943
756	1692
759	810
759	858
759	927
760	817
760	835
761	870
762	791
762	961
762	1541
763	791
763	929
765	887
766	988
767	777
767	936
768	827
768	871
768	983
768	995
768	1166
769	790
769	799
769	973
769	980
770	780
770	882
770	901
770	912
770	965
771	775
771	876
771	957
772	921
774	779
774	881
774	889
774	959
774	963
775	782
775	806
775	834
776	790
777	781
777	935
778	784
778	876
778	940
779	809
779	896
779	961
782	857
782	931
782	939
782	964
783	864
783	873
783	916
784	934
785	797
785	839
785	980
786	790
786	825
786	846
786	925
787	800
788	950
789	881
789	918
789	995
790	878
790	899
790	1986
792	861
792	935
792	999
793	835
793	967
793	972
794	852
794	922
795	851
796	871
796	924
797	841
797	931
798	957
799	868
799	913
800	839
801	945
801	994
802	914
803	845
803	955
804	959
805	995
806	915
807	933
808	836
808	912
808	967
809	823
810	826
810	865
810	945
811	833
812	850
812	884
813	824
813	990
814	838
815	820
815	897
816	842
816	893
816	911
816	941
817	966
818	903
818	928
820	855
820	878
820	941
822	945
823	947
824	939
824	953
825	828
825	833
825	898
825	927
827	863
827	951
827	969
828	829
829	898
829	950
830	988
830	1922
831	871
831	901
831	905
832	997
833	963
833	1580
834	890
835	876
836	873
836	946
836	970
837	847
837	975
838	851
838	876
839	902
839	926
840	873
840	931
840	998
841	850
841	985
841	1445
842	922
843	877
843	913
843	929
844	863
844	979
844	982
844	991
845	860
845	882
845	888
845	914
845	965
846	870
847	883
847	997
848	957
849	872
850	866
850	941
850	1939
851	895
851	962
851	972
852	944
853	894
854	873
854	874
854	943
854	972
855	908
855	909
856	863
857	972
858	926
858	944
858	1502
859	860
859	993
860	1070
861	883
861	908
861	986
861	998
862	906
863	904
863	914
863	944
863	999
864	925
865	942
866	878
866	915
866	923
866	948
866	972
867	917
867	967
867	986
870	885
872	902
872	968
872	995
872	1151
874	877
874	885
874	939
874	940
874	962
875	943
876	991
877	890
878	885
878	981
878	994
880	988
880	1992
881	903
881	915
881	962
882	886
882	887
883	890
885	959
885	1373
886	948
887	955
887	1172
887	1919
888	920
888	980
891	902
893	970
894	941
894	999
895	896
895	911
895	938
896	950
896	952
897	981
899	975
900	943
900	948
901	940
902	928
902	940
902	1619
904	958
905	921
906	976
910	945
910	964
910	980
910	1137
911	933
912	914
913	941
915	1468
917	942
917	952
918	930
918	937
918	954
918	966
919	964
919	1403
922	925
923	969
923	1084
925	1025
926	936
927	930
927	934
929	1554
930	971
931	967
931	980
932	958
932	975
932	978
933	960
933	994
934	965
934	975
938	947
938	963
939	961
943	1782
944	948
944	984
944	994
947	955
948	994
953	982
953	990
954	986
958	962
960	988
961	965
962	1757
965	980
965	992
967	988
972	980
973	975
978	995
978	1365
979	1458
987	1596
999	1803
1000	1034
1000	1251
1000	1276
1000	1555
1000	1643
1001	1002
1001	1026
1001	1160
1001	1198
1001	1268
1001	1329
1001	1454
1001	1565
1001	1627
1001	1717
1001	1781
1001	1825
1002	1173
1002	1191
1002	1203
1002	1294
1002	1672
1002	1928
1003	1022
1003	1027
1003	1275
1003	1326
1003	1482
1003	1487
1003	1619
1003	1662
1003	1701
1003	1731
1003	1804
1003	1887
1003	1960
1004	1035
1004	1151
1004	1217
1004	1265
1004	1305
1004	1327
1004	1373
1004	1442
1004	1480
1004	1686
1004	1734
1004	1986
1005	1046
1005	1077
1005	1119
1005	1197
1005	1253
1005	1413
1005	1426
1005	1544
1005	1609
1005	1688
1005	1898
1005	1945
1005	1952
1006	1082
1006	1194
1006	1411
1006	1570
1006	1621
1006	1687
1006	1767
1006	1789
1006	1810
1006	1951
1007	1086
1007	1174
1007	1246
1007	1630
1007	1767
1007	1911
1008	1013
1008	1351
1008	1455
1008	1655
1008	1809
1008	1812
1008	1913
1008	1922
1009	1154
1009	1168
1009	1197
1009	1206
1009	1213
1009	1270
1009	1279
1009	1453
1009	1521
1009	1611
1009	1693
1009	1710
1009	1767
1009	1824
1009	1944
1010	1124
1010	1131
1010	1185
1010	1210
1010	1398
1010	1425
1010	1441
1010	1577
1010	1620
1010	1641
1010	1670
1010	1925
1011	1073
1011	1081
1011	1128
1011	1270
1011	1285
1011	1420
1011	1455
1011	1684
1011	1872
1011	1909
1012	1334
1012	1413
1012	1429
1012	1502
1012	1522
1012	1751
1012	1797
1012	1819
1012	1897
1012	1980
1013	1076
1013	1108
1013	1294
1013	1433
1013	1488
1013	1653
1013	1765
1013	1805
1013	1868
1013	1981
1014	1077
1014	1229
1014	1326
1014	1367
1014	1380
1014	1478
1014	1511
1014	1539
1014	1757
1014	1792
1014	1813
1014	1908
1014	1921
1015	1104
1015	1194
1015	1273
1015	1304
1015	1328
1015	1392
1015	1436
1015	1466
1015	1485
1015	1683
1015	1685
1015	1686
1015	1972
1016	1049
1016	1213
1016	1239
1016	1276
1016	1427
1016	1593
1016	1604
1016	1608
1016	1891
1017	1150
1017	1152
1017	1215
1017	1217
1017	1294
1017	1548
1017	1620
1017	1651
1017	1710
1017	1797
1017	1890
1018	1049
1018	1124
1018	1155
1018	1245
1018	1272
1018	1303
1018	1412
1018	1425
1018	1713
1018	1722
1018	1923
1018	1924
1019	1211
1019	1264
1019	1302
1019	1407
1019	1620
1019	1648
1019	1839
1019	1898
1020	1122
1020	1372
1020	1486
1020	1518
1020	1590
1020	1763
1020	1776
1020	1945
1021	1092
1021	1198
1021	1344
1021	1348
1021	1389
1021	1499
1021	1598
1021	1633
1021	1638
1021	1656
1021	1898
1021	1970
1022	1139
1022	1274
1022	1276
1022	1317
1022	1530
1022	1690
1022	1779
1022	1795
1023	1039
1023	1252
1023	1333
1023	1350
1023	1593
1023	1658
1023	1718
1023	1733
1023	1766
1023	1910
1024	1323
1024	1328
1024	1361
1024	1567
1024	1745
1024	1758
1024	1768
1024	1915
1024	1993
1025	1199
1025	1213
1025	1253
1025	1399
1025	1434
1025	1523
1025	1646
1025	1650
1025	1670
1025	1682
1025	1721
1025	1946
1025	1996
1026	1203
1026	1212
1026	1479
1026	1669
1026	1707
1026	1754
1026	1772
1026	1897
1027	1084
1027	1163
1027	1251
1027	1292
1027	1322
1027	1359
1027	1420
1027	1596
1027	1628
1027	1739
1027	1868
1027	1940
1028	1037
1028	1130
1028	1327
1028	1611
1028	1755
1028	1923
1028	1930
1029	1063
1029	1075
1029	1109
1029	1188
1029	1231
1029	1409
1029	1448
1029	1503
1029	1519
1029	1647
1029	1750
1029	1807
1029	1956
1030	1038
1030	1055
1030	1068
1030	1204
1030	1271
1030	1445
1030	1540
1030	1547
1030	1754
1030	1759
1030	1886
1030	1987
1031	1170
1031	1255
1031	1257
1031	1262
1031	1283
1031	1331
1031	1360
1031	1669
1031	1702
1031	1872
1031	1902
1032	1068
1032	1097
1032	1149
1032	1354
1032	1424
1032	1488
1032	1604
1033	1038
1033	1193
1033	1336
1033	1358
1033	1394
1033	1405
1033	1493
1033	1513
1033	1558
1033	1615
1033	1624
1033	1665
1033	1797
1033	1837
1033	1887
1033	1955
1033	1994
1034	1148
1034	1232
1034	1288
1034	1371
1034	1427
1034	1642
1034	1645
1034	1700
1034	1813
1034	1839
1034	1866
1035	1219
1035	1372
1035	1383
1035	1618
1035	1656
1035	1670
1035	1687
1035	1780
1035	1794
1035	1884
1035	1906
1035	1938
1035	1980
1035	1998
1036	1054
1036	1120
1036	1370
1036	1393
1036	1418
1036	1421
1036	1496
1036	1521
1036	1791
1036	1865
1037	1327
1037	1395
1037	1447
1037	1629
1037	1681
1037	1687
1037	1786
1037	1806
1037	1869
1037	1895
1038	1052
1038	1058
1038	1059
1038	1115
1038	1153
1038	1195
1038	1208
1038	1275
1038	1290
1038	1297
1038	1308
1038	1584
1038	1701
1038	1702
1038	1724
1038	1771
1038	1892
1038	1925
1038	1983
1038	1997
1039	1166
1039	1332
1039	1421
1039	1498
1039	1575
1039	1750
1039	1756
1039	1837
1039	1861
1039	1910
1039	1926
1039	1946
1040	1212
1040	1474
1040	1488
1040	1688
1040	1693
1040	1745
1040	1957
1041	1106
1041	1368
1041	1478
1041	1497
1041	1522
1041	1588
1041	1652
1041	1959
1042	1160
1042	1172
1042	1179
1042	1183
1042	1704
1042	1715
1042	1754
1042	1772
1042	1782
1042	1810
1042	1816
1042	1835
1042	1879
1043	1068
1043	1242
1043	1588
1043	1636
1043	1729
1043	1736
1043	1819
1043	1826
1043	1883
1043	1920
1043	1960
1043	1964
1044	1094
1044	1423
1044	1438
1044	1530
1044	1597
1044	1637
1044	1776
1044	1870
1044	1957
1044	1979
1044	1991
1045	1389
1045	1463
1045	1510
1045	1540
1045	1555
1045	1676
1045	1698
1045	1771
1045	1815
1046	1060
1046	1120
1046	1432
1046	1506
1046	1671
1046	1801
1046	1932
1047	1162
1047	1237
1047	1248
1047	1256
1047	1263
1047	1460
1047	1587
1047	1686
1047	1763
1047	1775
1047	1852
1047	1872
1047	1919
1047	1926
1047	1933
1047	1967
1048	1284
1048	1521
1048	1577
1048	1643
1048	1726
1048	1754
1048	1978
1048	1991
1049	1073
1049	1113
1049	1333
1049	1677
1049	1727
1049	1813
1049	1857
1049	1885
1049	1899
1050	1276
1050	1324
1050	1330
1050	1346
1050	1360
1050	1456
1050	1473
1050	1654
1050	1733
1050	1757
1050	1793
1050	1819
1050	1945
1051	1118
1051	1166
1051	1243
1051	1459
1051	1501
1051	1516
1051	1552
1051	1557
1051	1603
1051	1919
1051	1974
1052	1386
1052	1490
1052	1620
1052	1646
1052	1686
1052	1755
1052	1852
1052	1921
1053	1288
1053	1291
1053	1314
1053	1370
1053	1534
1053	1623
1053	1677
1053	1777
1054	1094
1054	1178
1054	1205
1054	1532
1055	1078
1055	1132
1055	1144
1055	1187
1055	1509
1055	1645
1056	1313
1056	1317
1056	1347
1056	1352
1056	1380
1056	1715
1056	1947
1057	1082
1057	1187
1057	1284
1057	1354
1057	1428
1057	1571
1057	1718
1057	1735
1057	1766
1057	1794
1057	1814
1057	1817
1057	1843
1057	1881
1057	1903
1058	1065
1058	1116
1058	1439
1058	1659
1058	1673
1058	1679
1058	1793
1058	1849
1059	1073
1059	1120
1059	1173
1059	1197
1059	1244
1059	1336
1059	1405
1059	1481
1059	1518
1059	1587
1059	1732
1059	1738
1059	1750
1059	1856
1060	1088
1060	1098
1060	1103
1060	1169
1060	1359
1060	1569
1060	1725
1060	1788
1060	1840
1060	1880
1060	1887
1060	1927
1060	1956
1061	1139
1061	1155
1061	1250
1061	1263
1061	1290
1061	1338
1061	1383
1061	1469
1061	1804
1061	1835
1061	1887
1061	1968
1061	1973
1062	1125
1062	1146
1062	1151
1062	1191
1062	1197
1062	1233
1062	1258
1062	1335
1062	1389
1062	1528
1062	1571
1062	1655
1062	1692
1062	1772
1062	1897
1062	1990
1063	1444
1063	1749
1063	1820
1063	1954
1064	1179
1064	1337
1064	1358
1064	1661
1064	1801
1064	1879
1064	1995
1065	1085
1065	1153
1065	1187
1065	1226
1065	1324
1065	1387
1065	1763
1066	1090
1066	1091
1066	1110
1066	1352
1066	1391
1066	1551
1066	1586
1066	1618
1066	1667
1066	1877
1066	1948
1067	1126
1067	1131
1067	1134
1067	1148
1067	1285
1067	1400
1067	1793
1067	1944
1067	1947
1067	1968
1067	1978
1068	1144
1068	1168
1068	1266
1068	1513
1068	1600
1068	1667
1068	1721
1068	1903
1069	1074
1069	1077
1069	1223
1069	1240
1069	1376
1069	1441
1069	1631
1069	1947
1070	1210
1070	1292
1070	1306
1070	1322
1070	1440
1070	1468
1070	1551
1070	1695
1070	1791
1070	1943
1070	1975
1071	1436
1071	1477
1071	1551
1071	1685
1071	1766
1072	1074
1072	1158
1072	1180
1072	1316
1072	1327
1072	1396
1072	1408
1072	1442
1072	1476
1072	1553
1072	1608
1072	1749
1072	1917
1073	1160
1073	1240
1073	1268
1073	1313
1073	1436
1073	1497
1073	1514
1073	1534
1073	1535
1073	1658
1073	1693
1073	1740
1073	1807
1073	1948
1074	1101
1074	1105
1074	1109
1074	1703
1074	1916
1074	1976
1075	1112
1075	1243
1075	1357
1075	1432
1075	1494
1075	1521
1075	1576
1075	1671
1075	1712
1075	1729
1075	1794
1075	1802
1075	1833
1075	1914
1076	1116
1076	1285
1076	1289
1076	1376
1076	1429
1076	1490
1076	1588
1076	1733
1076	1748
1076	1776
1076	1811
1076	1886
1076	1929
1076	1983
1077	1096
1077	1108
1077	1244
1077	1376
1077	1592
1077	1627
1077	1748
1077	1886
1078	1180
1078	1197
1078	1259
1078	1734
1078	1868
1078	1929
1079	1132
1079	1301
1079	1306
1079	1339
1079	1487
1079	1502
1079	1518
1079	1659
1079	1663
1079	1965
1079	1984
1080	1117
1080	1130
1080	1275
1080	1595
1080	1803
1080	1843
1080	1849
1080	1891
1081	1230
1081	1231
1081	1340
1081	1346
1081	1402
1081	1473
1081	1491
1081	1664
1081	1909
1082	1099
1082	1157
1082	1184
1082	1234
1082	1430
1082	1544
1082	1576
1082	1607
1082	1899
1082	1965
1082	1980
1083	1239
1083	1310
1083	1438
1083	1532
1083	1680
1083	1714
1083	1729
1084	1167
1084	1269
1084	1357
1084	1427
1084	1586
1084	1654
1084	1657
1084	1663
1084	1777
1085	1137
1085	1245
1085	1348
1085	1354
1085	1365
1085	1425
1085	1486
1085	1558
1085	1561
1085	1629
1085	1645
1085	1769
1085	1841
1085	1852
1085	1922
1085	1983
1086	1107
1086	1141
1086	1183
1086	1206
1086	1964
1087	1220
1087	1469
1087	1567
1087	1574
1087	1843
1088	1208
1088	1461
1088	1617
1088	1661
1088	1798
1088	1953
1089	1330
1089	1390
1089	1401
1089	1422
1089	1448
1089	1524
1089	1588
1089	1596
1089	1634
1089	1726
1089	1788
1089	1799
1089	1904
1089	1915
1090	1201
1090	1237
1090	1300
1090	1320
1090	1568
1090	1587
1090	1664
1090	1821
1090	1880
1090	1997
1091	1328
1091	1354
1091	1383
1091	1424
1091	1452
1091	1680
1091	1753
1091	1823
1091	1937
1091	1959
1092	1132
1092	1184
1092	1303
1092	1598
1092	1686
1092	1826
1092	1927
1093	1331
1093	1353
1093	1458
1093	1547
1093	1586
1093	1825
1093	1901
1094	1487
1094	1792
1094	1886
1094	1947
1094	1958
1095	1138
1095	1168
1095	1253
1095	1396
1095	1403
1095	1439
1095	1569
1095	1572
1095	1583
1095	1592
1095	1640
1095	1763
1095	1798
1095	1853
1095	1959
1096	1123
1096	1325
1096	1333
1096	1334
1096	1341
1096	1389
1096	1435
1096	1460
1096	1561
1096	1660
1096	1666
1096	1825
1096	1920
1097	1123
1097	1129
1097	1187
1097	1216
1097	1499
1097	1531
1097	1566
1097	1673
1097	1850
1097	1976
1097	1982
1098	1125
1098	1230
1098	1318
1098	1351
1098	1476
1098	1503
1098	1588
1098	1611
1098	1694
1098	1946
1098	1988
1098	1990
1099	1196
1099	1219
1099	1226
1099	1319
1099	1384
1099	1395
1099	1539
1099	1547
1099	1738
1100	1149
1100	1357
1100	1406
1100	1421
1100	1485
1100	1517
1100	1543
1100	1561
1100	1666
1100	1727
1100	1881
1100	1921
1100	1945
1101	1115
1101	1130
1101	1256
1101	1292
1101	1517
1101	1541
1101	1643
1101	1722
1101	1827
1102	1125
1102	1131
1102	1327
1102	1526
1102	1660
1102	1682
1102	1694
1102	1745
1103	1151
1103	1172
1103	1173
1103	1267
1103	1533
1103	1552
1103	1586
1103	1865
1103	1906
1104	1421
1104	1433
1104	1479
1104	1585
1104	1692
1104	1815
1104	1831
1104	1846
1104	1934
1105	1131
1105	1137
1105	1143
1105	1548
1105	1679
1105	1707
1105	1727
1105	1753
1105	1820
1106	1286
1106	1307
1106	1336
1106	1724
1106	1882
1106	1932
1107	1191
1107	1274
1107	1390
1107	1404
1107	1445
1107	1498
1107	1749
1107	1876
1107	1884
1107	1907
1107	1924
1107	1963
1107	1986
1108	1227
1108	1351
1108	1640
1108	1699
1108	1725
1108	1735
1108	1739
1108	1777
1108	1916
1108	1995
1109	1131
1109	1176
1109	1220
1109	1278
1109	1382
1109	1517
1109	1568
1109	1574
1109	1824
1109	1951
1109	1962
1110	1178
1110	1369
1110	1405
1110	1545
1110	1590
1110	1743
1110	1803
1110	1902
1110	1994
1111	1141
1111	1195
1111	1222
1111	1385
1111	1390
1111	1669
1111	1737
1111	1761
1111	1959
1111	1971
1112	1525
1112	1594
1112	1626
1112	1711
1112	1773
1112	1863
1113	1138
1113	1197
1113	1245
1113	1464
1113	1557
1113	1726
1114	1369
1114	1389
1114	1459
1114	1532
1114	1535
1114	1690
1114	1860
1114	1901
1114	1922
1114	1947
1115	1161
1115	1294
1115	1308
1115	1727
1115	1728
1115	1804
1115	1805
1115	1891
1115	1948
1115	1964
1115	1985
1116	1189
1116	1334
1116	1357
1116	1373
1116	1488
1116	1667
1116	1745
1116	1865
1116	1888
1117	1207
1117	1361
1117	1402
1117	1475
1117	1526
1117	1529
1117	1581
1117	1644
1117	1676
1117	1876
1117	1929
1117	1994
1118	1195
1118	1209
1118	1302
1118	1318
1118	1332
1118	1432
1118	1493
1118	1595
1118	1598
1118	1663
1118	1681
1118	1761
1118	1832
1118	1993
1119	1131
1119	1164
1119	1269
1119	1295
1119	1352
1119	1501
1119	1506
1119	1621
1119	1647
1119	1717
1119	1940
1120	1236
1120	1356
1120	1478
1120	1665
1120	1694
1120	1787
1120	1927
1121	1189
1121	1423
1121	1497
1121	1867
1121	1914
1122	1127
1122	1195
1122	1228
1122	1240
1122	1253
1122	1330
1122	1346
1122	1440
1122	1833
1123	1147
1123	1176
1123	1209
1123	1314
1123	1417
1123	1512
1123	1578
1123	1659
1123	1682
1123	1762
1123	1834
1123	1935
1123	1988
1123	1996
1124	1195
1124	1252
1124	1302
1124	1426
1124	1533
1124	1628
1124	1715
1124	1980
1124	1994
1125	1173
1125	1211
1125	1436
1125	1445
1125	1708
1125	1747
1125	1850
1125	1941
1125	1989
1126	1370
1126	1788
1126	1830
1127	1134
1127	1228
1127	1387
1127	1650
1127	1707
1127	1955
1128	1162
1128	1296
1128	1308
1128	1330
1128	1379
1128	1428
1128	1588
1128	1630
1128	1934
1129	1130
1129	1222
1129	1311
1129	1335
1129	1364
1129	1373
1129	1464
1129	1513
1129	1542
1129	1677
1129	1811
1129	1876
1129	1912
1130	1202
1130	1206
1130	1228
1130	1266
1130	1318
1130	1334
1131	1266
1131	1654
1131	1679
1132	1154
1132	1349
1132	1380
1132	1462
1132	1585
1132	1589
1132	1590
1132	1631
1132	1838
1132	1921
1132	1972
1133	1158
1133	1164
1133	1409
1133	1546
1133	1696
1133	1789
1134	1277
1134	1295
1134	1431
1134	1506
1134	1691
1134	1922
1135	1170
1135	1180
1135	1190
1135	1211
1135	1268
1135	1336
1135	1422
1135	1459
1135	1957
1135	1985
1136	1257
1136	1289
1136	1290
1136	1627
1136	1636
1136	1647
1136	1826
1136	1987
1137	1276
1137	1451
1137	1489
1137	1495
1137	1570
1137	1618
1137	1628
1137	1657
1137	1859
1137	1871
1138	1330
1138	1392
1138	1478
1138	1479
1138	1494
1138	1576
1138	1688
1138	1710
1138	1849
1138	1982
1139	1179
1139	1888
1139	1895
1140	1278
1140	1302
1140	1424
1140	1474
1140	1571
1140	1635
1140	1658
1140	1660
1140	1670
1140	1687
1140	1709
1140	1713
1140	1807
1140	1834
1140	1990
1141	1159
1141	1163
1141	1522
1141	1700
1141	1914
1142	1283
1142	1341
1142	1358
1142	1372
1142	1678
1142	1684
1142	1716
1142	1773
1142	1776
1142	1789
1142	1891
1142	1910
1143	1158
1143	1226
1143	1245
1143	1346
1143	1356
1143	1927
1144	1238
1144	1411
1145	1167
1145	1169
1145	1232
1145	1258
1145	1484
1145	1820
1145	1838
1146	1206
1146	1332
1146	1575
1146	1736
1146	1899
1146	1993
1147	1173
1147	1267
1147	1291
1147	1384
1147	1470
1147	1505
1147	1957
1147	1978
1148	1370
1148	1405
1148	1406
1148	1419
1148	1439
1148	1464
1148	1727
1148	1829
1148	1860
1148	1898
1149	1242
1149	1573
1149	1658
1149	1685
1149	1815
1150	1557
1150	1730
1150	1741
1150	1752
1150	1828
1151	1177
1151	1259
1151	1280
1151	1339
1151	1445
1151	1668
1151	1691
1151	1710
1151	1828
1151	1878
1152	1438
1152	1549
1152	1931
1152	1943
1152	1946
1153	1367
1153	1508
1153	1515
1153	1727
1153	1901
1154	1165
1154	1446
1154	1502
1154	1609
1154	1648
1154	1725
1154	1743
1154	1839
1154	1891
1154	1903
1154	1907
1154	1996
1155	1172
1155	1178
1155	1220
1155	1372
1155	1517
1155	1740
1155	1743
1155	1894
1156	1225
1156	1313
1156	1386
1156	1510
1156	1631
1156	1655
1156	1663
1156	1848
1157	1217
1157	1286
1157	1498
1157	1623
1157	1983
1157	1998
1158	1219
1158	1233
1158	1297
1158	1471
1158	1490
1158	1623
1158	1654
1158	1674
1158	1685
1158	1688
1158	1798
1158	1850
1158	1907
1159	1169
1159	1223
1159	1261
1159	1279
1159	1346
1159	1543
1159	1670
1159	1866
1160	1323
1160	1338
1160	1544
1160	1670
1161	1233
1161	1399
1161	1459
1161	1474
1161	1561
1161	1673
1161	1854
1161	1919
1161	1928
1162	1189
1162	1253
1162	1446
1162	1553
1162	1558
1162	1638
1162	1738
1162	1750
1162	1794
1162	1835
1163	1357
1163	1734
1163	1785
1163	1874
1163	1893
1163	1915
1163	1939
1163	1945
1163	1972
1163	1987
1164	1277
1164	1616
1164	1636
1164	1657
1164	1711
1165	1260
1165	1351
1165	1448
1165	1482
1165	1585
1166	1230
1166	1241
1166	1254
1166	1286
1166	1288
1166	1407
1166	1412
1166	1487
1166	1517
1166	1617
1166	1641
1166	1758
1166	1878
1166	1964
1166	1982
1167	1371
1167	1446
1167	1447
1167	1522
1167	1525
1167	1615
1167	1638
1167	1695
1168	1209
1168	1243
1168	1277
1168	1355
1168	1576
1168	1700
1168	1833
1168	1962
1169	1227
1169	1231
1169	1282
1169	1411
1169	1447
1169	1502
1169	1538
1169	1558
1169	1586
1169	1606
1169	1658
1169	1878
1169	1896
1169	1983
1170	1230
1170	1264
1170	1372
1170	1373
1170	1402
1170	1771
1170	1847
1170	1853
1170	1876
1171	1201
1171	1299
1171	1394
1171	1435
1171	1654
1171	1655
1172	1303
1172	1319
1172	1636
1172	1677
1173	1333
1173	1457
1173	1522
1173	1917
1173	1924
1174	1250
1174	1284
1174	1866
1175	1251
1175	1573
1175	1605
1175	1666
1175	1673
1176	1245
1176	1321
1176	1475
1176	1586
1176	1617
1176	1830
1176	1837
1177	1211
1177	1244
1177	1306
1177	1314
1177	1332
1177	1452
1177	1507
1177	1609
1177	1678
1177	1699
1177	1771
1177	1915
1178	1219
1178	1259
1178	1559
1178	1596
1178	1603
1178	1606
1178	1639
1178	1781
1178	1916
1178	1980
1179	1215
1179	1219
1179	1414
1179	1423
1179	1465
1179	1519
1179	1811
1180	1341
1180	1423
1180	1437
1180	1843
1180	1844
1180	1903
1181	1228
1181	1317
1181	1419
1181	1515
1181	1516
1181	1547
1181	1551
1181	1708
1181	1833
1182	1263
1182	1370
1182	1516
1182	1887
1182	1918
1182	1921
1183	1223
1183	1355
1183	1572
1183	1600
1183	1695
1183	1710
1183	1835
1184	1437
1184	1540
1184	1662
1184	1686
1184	1709
1184	1788
1185	1237
1185	1386
1185	1520
1185	1639
1185	1656
1185	1717
1185	1737
1185	1786
1185	1856
1186	1199
1186	1206
1186	1376
1186	1475
1186	1506
1186	1541
1186	1794
1186	1869
1187	1236
1187	1319
1187	1435
1187	1625
1187	1699
1187	1774
1187	1826
1187	1988
1188	1228
1188	1321
1188	1504
1188	1606
1188	1730
1188	1802
1188	1811
1188	1815
1189	1359
1189	1515
1189	1582
1189	1637
1189	1705
1189	1778
1190	1343
1190	1524
1190	1607
1190	1862
1190	1929
1191	1259
1191	1553
1191	1571
1191	1667
1191	1783
1191	1850
1191	1854
1191	1870
1191	1891
1192	1625
1192	1659
1192	1771
1192	1820
1192	1822
1192	1915
1192	1964
1193	1237
1193	1299
1193	1386
1193	1578
1193	1671
1193	1733
1193	1748
1193	1831
1193	1915
1193	1942
1194	1242
1194	1254
1194	1320
1194	1424
1194	1433
1194	1553
1194	1561
1194	1586
1194	1647
1194	1741
1194	1761
1194	1766
1194	1842
1195	1214
1195	1298
1195	1331
1195	1347
1195	1383
1195	1464
1195	1582
1195	1679
1195	1968
1196	1319
1196	1322
1196	1336
1196	1346
1196	1354
1196	1367
1196	1388
1196	1399
1196	1418
1196	1724
1196	1741
1196	1747
1196	1754
1196	1775
1196	1914
1196	1930
1197	1379
1197	1382
1197	1488
1197	1557
1197	1722
1197	1803
1197	1944
1198	1256
1198	1276
1198	1281
1198	1351
1198	1365
1198	1631
1198	1638
1198	1651
1198	1673
1198	1878
1198	1911
1198	1938
1199	1280
1199	1365
1199	1576
1199	1606
1199	1619
1199	1673
1199	1823
1200	1285
1200	1601
1200	1618
1200	1651
1200	1731
1200	1853
1200	1881
1200	1908
1200	1951
1201	1204
1201	1212
1201	1301
1201	1320
1201	1326
1201	1350
1201	1353
1201	1369
1201	1387
1201	1461
1201	1521
1201	1647
1201	1751
1201	1874
1201	1923
1201	1927
1201	1941
1201	1949
1202	1316
1202	1442
1202	1450
1202	1545
1202	1554
1202	1627
1202	1700
1202	1813
1202	1869
1202	1962
1203	1286
1203	1359
1203	1414
1203	1425
1203	1439
1203	1502
1203	1515
1203	1819
1204	1243
1204	1261
1204	1327
1204	1351
1204	1385
1204	1436
1204	1499
1204	1574
1204	1595
1204	1597
1204	1675
1204	1753
1204	1856
1204	1908
1205	1434
1205	1437
1205	1543
1205	1748
1205	1783
1205	1795
1205	1934
1205	1935
1205	1944
1205	1945
1205	1949
1206	1307
1206	1431
1206	1601
1206	1630
1206	1660
1206	1776
1206	1864
1207	1211
1207	1288
1207	1340
1207	1356
1207	1594
1207	1622
1207	1706
1207	1731
1207	1859
1208	1211
1208	1253
1208	1411
1208	1816
1209	1210
1209	1287
1209	1312
1209	1330
1209	1503
1209	1575
1209	1610
1209	1993
1210	1510
1210	1569
1210	1825
1210	1856
1210	1960
1211	1310
1211	1314
1211	1595
1211	1700
1211	1762
1212	1641
1212	1669
1212	1734
1212	1781
1212	1787
1213	1307
1213	1312
1213	1323
1213	1458
1213	1528
1213	1779
1213	1962
1214	1232
1214	1334
1214	1434
1214	1784
1215	1282
1215	1383
1215	1384
1215	1456
1215	1481
1215	1522
1215	1533
1215	1595
1215	1715
1215	1843
1216	1263
1216	1328
1216	1360
1216	1367
1216	1587
1216	1671
1216	1803
1216	1862
1216	1975
1217	1290
1217	1298
1217	1354
1217	1540
1217	1633
1217	1658
1217	1663
1217	1779
1217	1819
1217	1849
1217	1890
1217	1965
1218	1242
1218	1468
1218	1681
1218	1722
1218	1754
1219	1228
1219	1754
1219	1875
1220	1527
1220	1592
1220	1662
1220	1752
1220	1804
1220	1809
1221	1263
1221	1434
1221	1567
1221	1636
1221	1637
1221	1650
1221	1661
1221	1752
1221	1943
1222	1303
1222	1340
1222	1472
1222	1523
1222	1556
1222	1557
1222	1662
1222	1748
1222	1774
1222	1788
1222	1820
1222	1902
1222	1944
1223	1234
1223	1257
1223	1386
1223	1657
1223	1762
1223	1830
1223	1859
1223	1866
1223	1906
1224	1242
1224	1402
1224	1517
1224	1744
1224	1871
1224	1873
1225	1435
1225	1587
1226	1528
1226	1585
1226	1726
1226	1758
1226	1894
1226	1994
1227	1265
1227	1275
1227	1358
1227	1418
1227	1500
1227	1505
1227	1530
1227	1631
1227	1655
1227	1836
1227	1992
1228	1354
1228	1594
1228	1596
1228	1973
1229	1249
1229	1314
1229	1322
1229	1375
1229	1444
1229	1610
1229	1637
1229	1657
1229	1828
1229	1871
1230	1793
1230	1834
1230	1940
1231	1338
1231	1493
1231	1515
1232	1305
1232	1331
1232	1362
1232	1446
1232	1624
1232	1655
1232	1706
1232	1931
1232	1955
1233	1421
1233	1431
1233	1670
1233	1708
1233	1798
1233	1887
1234	1251
1234	1292
1234	1499
1234	1514
1234	1678
1234	1707
1234	1752
1234	1817
1234	1846
1234	1869
1234	1904
1235	1250
1235	1268
1235	1493
1235	1644
1235	1700
1235	1826
1235	1878
1235	1893
1235	1904
1235	1954
1236	1437
1236	1505
1236	1691
1236	1699
1236	1898
1237	1261
1237	1399
1237	1440
1237	1541
1237	1930
1237	1937
1238	1319
1238	1330
1238	1536
1238	1574
1238	1618
1238	1711
1238	1770
1238	1835
1238	1964
1239	1328
1239	1345
1239	1421
1239	1461
1239	1559
1239	1678
1239	1693
1239	1731
1239	1768
1239	1879
1239	1939
1239	1947
1240	1349
1240	1390
1240	1532
1240	1629
1240	1764
1240	1871
1240	1886
1240	1914
1241	1427
1241	1445
1241	1475
1241	1595
1241	1617
1241	1810
1241	1844
1241	1862
1241	1950
1242	1275
1242	1293
1242	1419
1242	1429
1242	1448
1242	1470
1242	1485
1242	1510
1242	1663
1242	1684
1242	1942
1242	1946
1243	1340
1243	1346
1243	1548
1243	1674
1243	1722
1243	1898
1243	1911
1243	1994
1244	1384
1244	1401
1244	1448
1244	1493
1244	1579
1244	1988
1245	1272
1245	1547
1245	1610
1245	1630
1245	1631
1246	1388
1246	1448
1246	1498
1246	1541
1246	1598
1246	1749
1246	1785
1246	1793
1246	1883
1246	1915
1247	1443
1247	1584
1247	1767
1248	1342
1248	1461
1248	1483
1248	1513
1248	1531
1248	1575
1248	1596
1248	1871
1248	1882
1248	1937
1249	1404
1249	1579
1249	1677
1249	1710
1249	1817
1249	1856
1249	1979
1250	1444
1250	1652
1250	1654
1250	1661
1250	1718
1250	1937
1250	1978
1251	1354
1251	1424
1251	1432
1251	1501
1251	1589
1251	1715
1251	1735
1251	1775
1251	1930
1252	1253
1252	1258
1252	1280
1252	1295
1252	1320
1252	1341
1252	1404
1252	1636
1252	1700
1252	1758
1252	1790
1253	1487
1253	1580
1253	1626
1253	1630
1253	1658
1253	1738
1253	1763
1253	1879
1253	1981
1254	1285
1254	1370
1254	1396
1254	1739
1254	1762
1254	1769
1254	1803
1254	1890
1254	1985
1255	1388
1255	1475
1255	1596
1255	1641
1255	1771
1255	1805
1255	1888
1255	1902
1256	1345
1256	1445
1256	1634
1257	1260
1257	1329
1257	1519
1257	1794
1257	1846
1257	1856
1257	1920
1258	1373
1258	1525
1258	1689
1258	1737
1258	1790
1258	1930
1259	1625
1259	1831
1259	1902
1259	1903
1260	1828
1260	1942
1261	1311
1261	1428
1261	1452
1261	1553
1261	1738
1261	1798
1261	1890
1261	1924
1262	1332
1262	1455
1262	1520
1262	1596
1262	1717
1262	1851
1263	1287
1263	1328
1263	1357
1263	1393
1263	1442
1263	1479
1263	1678
1263	1771
1263	1951
1264	1349
1264	1409
1264	1411
1264	1559
1264	1647
1264	1670
1264	1682
1264	1722
1264	1826
1265	1338
1265	1390
1265	1488
1265	1526
1265	1570
1265	1615
1265	1739
1265	1843
1265	1858
1265	1869
1265	1940
1266	1394
1266	1551
1266	1568
1266	1767
1266	1839
1266	1890
1266	1932
1267	1353
1267	1448
1267	1580
1267	1590
1267	1618
1267	1664
1267	1746
1267	1815
1267	1852
1267	1925
1268	1289
1268	1318
1268	1798
1268	1826
1269	1271
1269	1666
1269	1733
1269	1745
1269	1828
1269	1886
1269	1943
1270	1499
1270	1534
1270	1588
1270	1665
1270	1692
1270	1745
1270	1898
1270	1928
1271	1328
1271	1429
1271	1489
1271	1499
1271	1526
1271	1787
1271	1798
1271	1869
1271	1997
1272	1335
1272	1391
1272	1410
1272	1437
1272	1503
1272	1643
1272	1697
1273	1431
1273	1526
1273	1599
1273	1648
1273	1725
1273	1784
1274	1298
1274	1496
1274	1740
1274	1754
1274	1800
1274	1812
1275	1298
1275	1445
1275	1486
1275	1501
1275	1592
1275	1638
1275	1739
1275	1840
1275	1932
1275	1996
1276	1301
1276	1378
1276	1535
1276	1661
1276	1675
1276	1766
1276	1940
1277	1437
1277	1462
1277	1633
1277	1648
1277	1747
1277	1809
1277	1820
1277	1877
1277	1911
1277	1927
1278	1377
1278	1400
1278	1758
1278	1801
1278	1921
1278	1969
1279	1391
1279	1749
1279	1792
1279	1825
1279	1848
1279	1929
1279	1950
1280	1312
1280	1359
1280	1395
1280	1420
1280	1476
1280	1526
1280	1690
1280	1770
1280	1800
1280	1826
1280	1854
1280	1867
1280	1892
1280	1897
1280	1962
1281	1368
1281	1444
1281	1489
1281	1530
1281	1557
1281	1599
1281	1602
1281	1693
1281	1793
1281	1853
1281	1889
1281	1957
1282	1300
1282	1512
1282	1583
1282	1708
1282	1880
1282	1887
1283	1440
1283	1671
1283	1686
1283	1795
1283	1967
1284	1410
1284	1472
1284	1584
1284	1833
1284	1884
1284	1979
1285	1394
1285	1424
1285	1527
1285	1699
1285	1702
1285	1705
1285	1808
1285	1899
1285	1920
1286	1314
1286	1329
1286	1387
1286	1442
1286	1482
1286	1501
1286	1561
1286	1659
1286	1791
1286	1914
1286	1984
1287	1380
1287	1389
1287	1512
1287	1671
1287	1759
1287	1809
1288	1305
1288	1523
1288	1571
1288	1799
1288	1830
1288	1938
1288	1946
1289	1413
1289	1447
1289	1648
1289	1826
1289	1864
1289	1889
1289	1906
1289	1921
1289	1994
1290	1634
1290	1702
1290	1862
1290	1991
1291	1352
1291	1466
1291	1852
1292	1365
1292	1393
1292	1471
1292	1765
1292	1780
1292	1869
1292	1959
1293	1410
1293	1454
1293	1559
1293	1676
1293	1739
1294	1313
1294	1393
1294	1602
1294	1638
1294	1665
1294	1702
1294	1864
1295	1385
1295	1392
1295	1472
1295	1627
1295	1635
1295	1790
1295	1947
1295	1982
1295	1986
1296	1394
1296	1469
1296	1504
1296	1565
1296	1743
1296	1757
1296	1833
1296	1939
1297	1334
1297	1377
1297	1381
1297	1479
1297	1558
1297	1699
1297	1749
1297	1778
1297	1816
1297	1890
1297	1965
1298	1311
1298	1563
1298	1600
1298	1706
1298	1882
1298	1896
1298	1948
1299	1344
1299	1405
1299	1487
1299	1507
1299	1519
1299	1541
1299	1674
1299	1910
1299	1956
1300	1338
1300	1404
1300	1645
1300	1715
1300	1763
1300	1779
1300	1813
1300	1853
1300	1898
1301	1409
1301	1420
1301	1440
1301	1487
1301	1532
1301	1632
1301	1647
1301	1699
1301	1919
1301	1945
1301	1947
1302	1304
1302	1463
1302	1473
1302	1658
1302	1687
1302	1874
1303	1343
1303	1405
1303	1550
1303	1620
1303	1652
1303	1866
1303	1971
1303	1981
1304	1622
1304	1628
1304	1804
1304	1806
1304	1854
1304	1913
1305	1418
1305	1462
1305	1651
1305	1674
1305	1680
1305	1693
1305	1882
1305	1894
1306	1363
1306	1365
1306	1386
1306	1662
1306	1708
1306	1736
1306	1772
1306	1840
1306	1906
1306	1970
1307	1536
1307	1538
1307	1710
1307	1973
1308	1449
1308	1581
1308	1698
1308	1794
1308	1834
1308	1871
1308	1876
1308	1987
1309	1381
1309	1493
1309	1552
1309	1588
1309	1618
1309	1662
1309	1771
1309	1805
1309	1931
1309	1942
1309	1958
1309	1974
1310	1429
1310	1599
1310	1691
1310	1734
1310	1886
1311	1400
1311	1419
1311	1527
1311	1544
1311	1570
1311	1646
1311	1708
1311	1724
1311	1773
1311	1851
1311	1937
1311	1955
1312	1328
1312	1480
1312	1533
1312	1618
1312	1686
1312	1816
1312	1850
1312	1974
1313	1336
1313	1412
1313	1456
1313	1616
1313	1720
1313	1754
1314	1353
1314	1406
1314	1447
1314	1568
1314	1780
1315	1389
1315	1453
1315	1702
1315	1708
1315	1881
1316	1496
1316	1938
1316	1974
1317	1371
1317	1633
1317	1800
1318	1352
1318	1409
1318	1571
1318	1775
1318	1803
1318	1873
1319	1448
1319	1481
1319	1526
1319	1705
1319	1752
1319	1891
1320	1409
1320	1479
1320	1548
1320	1769
1320	1822
1320	1846
1320	1857
1320	1893
1320	1984
1321	1469
1321	1488
1321	1686
1321	1759
1321	1766
1321	1769
1321	1819
1322	1406
1322	1412
1322	1567
1322	1659
1322	1762
1322	1901
1322	1926
1323	1365
1323	1457
1323	1657
1323	1838
1323	1917
1323	1955
1324	1402
1324	1592
1324	1896
1325	1351
1325	1525
1325	1562
1325	1760
1326	1349
1326	1354
1326	1392
1326	1776
1326	1811
1326	1936
1326	1999
1327	1345
1327	1355
1327	1642
1327	1677
1327	1684
1327	1824
1327	1885
1327	1896
1327	1936
1327	1983
1328	1444
1328	1565
1328	1821
1328	1838
1328	1844
1328	1970
1329	1418
1329	1434
1329	1482
1329	1483
1329	1491
1329	1576
1329	1586
1329	1746
1329	1785
1329	1834
1329	1848
1329	1872
1329	1909
1330	1654
1330	1694
1330	1724
1330	1733
1330	1735
1330	1795
1330	1868
1330	1908
1331	1376
1331	1569
1331	1652
1331	1985
1332	1346
1332	1481
1332	1696
1332	1746
1332	1824
1332	1854
1332	1870
1333	1731
1333	1741
1333	1769
1333	1801
1334	1357
1334	1365
1334	1372
1334	1411
1334	1492
1334	1511
1334	1610
1334	1722
1334	1754
1334	1839
1334	1999
1335	1397
1335	1412
1335	1492
1335	1581
1335	1583
1335	1591
1335	1747
1335	1847
1335	1953
1336	1365
1336	1698
1336	1782
1337	1937
1337	1960
1338	1354
1338	1379
1338	1435
1338	1436
1338	1458
1338	1811
1339	1345
1339	1387
1339	1456
1339	1474
1339	1492
1339	1664
1339	1686
1339	1912
1340	1392
1340	1425
1340	1538
1340	1570
1340	1588
1340	1647
1340	1775
1340	1800
1340	1880
1340	1946
1341	1473
1341	1530
1341	1646
1341	1934
1341	1983
1342	1363
1342	1409
1342	1630
1342	1835
1342	1915
1342	1973
1343	1535
1343	1553
1343	1590
1343	1652
1343	1851
1343	1913
1343	1946
1343	1987
1344	1349
1344	1469
1344	1699
1344	1710
1344	1731
1345	1438
1345	1548
1345	1686
1346	1501
1346	1517
1346	1708
1347	1431
1347	1539
1347	1578
1347	1630
1347	1665
1347	1793
1347	1808
1347	1810
1347	1814
1347	1819
1347	1825
1348	1473
1348	1661
1348	1771
1349	1419
1349	1460
1349	1529
1349	1634
1349	1822
1349	1829
1349	1937
1350	1457
1350	1715
1350	1963
1350	1972
1351	1355
1351	1373
1351	1375
1351	1595
1351	1805
1351	1868
1351	1905
1351	1943
1351	1944
1352	1353
1352	1407
1352	1456
1352	1498
1352	1573
1352	1659
1352	1681
1352	1882
1352	1901
1352	1974
1352	1978
1353	1363
1353	1469
1353	1543
1353	1608
1353	1709
1353	1899
1354	1358
1354	1403
1354	1425
1354	1686
1354	1749
1354	1759
1354	1804
1354	1827
1355	1359
1355	1361
1355	1509
1355	1635
1355	1744
1355	1960
1356	1399
1356	1548
1356	1626
1356	1706
1356	1713
1356	1856
1356	1923
1357	1414
1357	1438
1357	1453
1357	1475
1357	1481
1357	1549
1357	1553
1357	1596
1357	1607
1357	1616
1357	1647
1357	1765
1357	1768
1357	1859
1357	1929
1358	1469
1358	1804
1358	1808
1358	1945
1359	1370
1359	1610
1359	1682
1359	1791
1359	1919
1359	1967
1359	1971
1359	1984
1360	1626
1360	1700
1360	1822
1360	1834
1361	1373
1361	1388
1361	1419
1361	1587
1361	1606
1361	1647
1361	1726
1361	1741
1361	1865
1361	1886
1361	1889
1361	1943
1361	1971
1362	1388
1362	1422
1362	1537
1362	1776
1362	1789
1362	1790
1362	1997
1363	1638
1363	1665
1363	1673
1363	1696
1363	1701
1363	1750
1363	1772
1363	1852
1363	1948
1364	1491
1364	1830
1364	1884
1364	1888
1364	1890
1364	1915
1364	1940
1365	1366
1365	1608
1365	1623
1365	1706
1365	1762
1365	1946
1365	1951
1365	1960
1365	1962
1366	1371
1366	1640
1366	1793
1367	1693
1367	1713
1367	1874
1367	1881
1367	1955
1368	1388
1368	1416
1368	1502
1368	1540
1368	1660
1368	1756
1369	1373
1369	1521
1369	1525
1369	1543
1369	1549
1369	1565
1369	1569
1369	1883
1370	1637
1370	1641
1370	1729
1370	1741
1371	1375
1371	1381
1371	1404
1371	1576
1371	1603
1371	1702
1371	1728
1371	1743
1371	1785
1371	1835
1371	1856
1372	1431
1372	1467
1372	1552
1372	1636
1372	1665
1372	1680
1372	1831
1373	1421
1373	1426
1373	1502
1373	1609
1373	1613
1373	1615
1373	1662
1373	1684
1373	1729
1373	1863
1374	1435
1374	1620
1374	1947
1375	1538
1375	1681
1375	1702
1375	1784
1376	1435
1376	1572
1376	1880
1376	1970
1377	1429
1377	1455
1377	1603
1377	1691
1377	1768
1377	1829
1377	1971
1378	1407
1378	1433
1378	1572
1378	1609
1378	1649
1378	1780
1378	1842
1378	1925
1379	1655
1379	1835
1379	1856
1380	1463
1380	1528
1380	1677
1380	1680
1380	1958
1381	1516
1381	1527
1381	1642
1381	1644
1381	1702
1381	1876
1381	1894
1381	1909
1381	1933
1382	1616
1383	1477
1383	1508
1383	1583
1383	1672
1383	1871
1384	1427
1384	1430
1384	1506
1384	1547
1384	1557
1384	1615
1384	1744
1384	1891
1384	1925
1384	1928
1384	1933
1384	1979
1385	1442
1385	1664
1385	1705
1385	1902
1385	1933
1386	1512
1386	1687
1386	1997
1387	1605
1387	1670
1388	1429
1388	1451
1388	1693
1388	1899
1388	1965
1389	1637
1389	1844
1390	1510
1390	1563
1390	1569
1390	1682
1391	1455
1391	1501
1391	1746
1391	1781
1392	1434
1392	1579
1392	1636
1392	1716
1392	1734
1392	1974
1393	1418
1393	1581
1393	1605
1393	1621
1393	1746
1393	1756
1393	1881
1394	1544
1394	1684
1394	1769
1394	1963
1395	1697
1395	1751
1395	1782
1395	1833
1395	1892
1396	1440
1396	1678
1396	1697
1396	1973
1397	1581
1397	1582
1397	1662
1397	1801
1397	1805
1397	1807
1398	1619
1398	1642
1398	1800
1399	1422
1399	1461
1399	1506
1399	1748
1399	1861
1399	1995
1400	1420
1400	1528
1400	1536
1400	1581
1400	1602
1400	1612
1400	1680
1400	1695
1400	1749
1400	1769
1400	1874
1400	1903
1400	1986
1401	1444
1401	1523
1401	1609
1401	1719
1401	1752
1401	1807
1401	1972
1402	1410
1402	1454
1402	1523
1402	1554
1402	1566
1402	1775
1402	1856
1403	1738
1403	1749
1403	1919
1403	1966
1403	1976
1404	1485
1404	1597
1404	1711
1404	1864
1404	1953
1404	1955
1405	1514
1405	1697
1405	1818
1406	1509
1406	1852
1406	1971
1407	1460
1407	1573
1407	1850
1407	1885
1407	1953
1407	1959
1408	1434
1408	1442
1408	1462
1408	1502
1408	1574
1408	1722
1408	1771
1408	1784
1408	1898
1408	1935
1409	1520
1409	1704
1409	1706
1409	1738
1409	1878
1410	1436
1410	1495
1410	1508
1410	1895
1410	1945
1411	1421
1411	1443
1411	1473
1411	1572
1411	1676
1411	1748
1411	1946
1412	1423
1412	1661
1412	1731
1412	1833
1412	1866
1412	1883
1412	1916
1412	1981
1412	1992
1413	1532
1413	1562
1413	1621
1413	1869
1413	1989
1414	1525
1414	1609
1414	1825
1414	1928
1414	1948
1415	1531
1415	1582
1415	1630
1415	1795
1415	1869
1415	1951
1416	1494
1416	1629
1416	1664
1416	1691
1416	1746
1416	1779
1416	1862
1417	1508
1417	1531
1417	1607
1417	1667
1417	1799
1417	1827
1417	1952
1417	1991
1418	1461
1418	1543
1418	1609
1418	1734
1418	1961
1419	1521
1419	1545
1419	1579
1419	1595
1419	1653
1419	1691
1419	1794
1420	1555
1420	1610
1420	1636
1420	1871
1420	1891
1420	1899
1420	1998
1421	1613
1421	1618
1421	1634
1421	1777
1421	1784
1421	1879
1421	1946
1422	1769
1422	1956
1423	1434
1423	1617
1423	1978
1424	1431
1424	1471
1424	1623
1424	1648
1424	1650
1424	1754
1424	1778
1425	1432
1425	1467
1425	1505
1425	1531
1425	1755
1425	1759
1425	1780
1425	1938
1426	1574
1426	1718
1426	1729
1426	1770
1426	1914
1427	1710
1427	1750
1427	1851
1427	1891
1428	1442
1428	1482
1428	1585
1428	1619
1428	1642
1428	1664
1428	1900
1429	1450
1429	1472
1429	1490
1429	1695
1429	1708
1429	1752
1429	1819
1429	1854
1429	1889
1430	1537
1431	1457
1431	1524
1431	1603
1431	1772
1431	1962
1432	1502
1432	1525
1432	1864
1432	1922
1433	1479
1433	1480
1433	1484
1433	1548
1433	1602
1433	1639
1433	1769
1433	1785
1433	1934
1433	1953
1434	1460
1434	1582
1434	1628
1434	1725
1435	1757
1435	1790
1435	1830
1435	1854
1435	1877
1435	1973
1435	1976
1436	1462
1436	1466
1436	1703
1436	1845
1436	1932
1436	1957
1436	1959
1437	1730
1437	1850
1437	1898
1438	1616
1438	1716
1438	1727
1438	1811
1438	1863
1438	1890
1438	1891
1439	1464
1439	1537
1439	1539
1439	1572
1439	1587
1439	1772
1440	1833
1441	1510
1441	1576
1441	1654
1441	1780
1441	1803
1442	1619
1442	1801
1442	1834
1442	1837
1443	1479
1443	1503
1443	1715
1443	1891
1443	1983
1443	1993
1444	1454
1444	1716
1444	1753
1444	1779
1444	1878
1444	1967
1444	1976
1444	1989
1445	1599
1445	1606
1445	1677
1445	1689
1445	1714
1445	1755
1445	1792
1445	1869
1445	1938
1445	1983
1446	1464
1446	1535
1446	1571
1446	1710
1446	1724
1446	1788
1447	1477
1447	1489
1447	1505
1447	1547
1447	1687
1447	1754
1447	1842
1448	1552
1448	1748
1448	1749
1448	1783
1448	1908
1448	1947
1449	1564
1449	1680
1449	1771
1449	1792
1450	1515
1450	1598
1450	1614
1450	1615
1450	1633
1450	1665
1450	1934
1450	1944
1450	1951
1451	1532
1451	1548
1451	1765
1451	1775
1451	1948
1452	1486
1452	1535
1452	1640
1452	1745
1452	1827
1452	1865
1452	1908
1452	1914
1452	1983
1453	1586
1453	1610
1453	1764
1453	1871
1453	1971
1454	1567
1454	1647
1454	1812
1454	1929
1455	1817
1455	1940
1456	1466
1456	1504
1456	1670
1456	1778
1456	1782
1456	1913
1456	1942
1457	1611
1457	1662
1457	1720
1457	1903
1458	1468
1458	1555
1458	1899
1459	1469
1459	1507
1459	1674
1459	1866
1459	1948
1459	1951
1460	1504
1460	1595
1460	1898
1460	1984
1460	1997
1461	1822
1462	1555
1462	1611
1462	1736
1462	1748
1462	1790
1462	1799
1462	1890
1462	1964
1462	1989
1463	1498
1463	1774
1463	1880
1463	1886
1463	1943
1463	1947
1464	1660
1464	1788
1464	1866
1464	1872
1464	1888
1465	1505
1465	1584
1465	1628
1465	1994
1466	1528
1466	1718
1466	1887
1466	1898
1466	1972
1467	1611
1467	1642
1467	1665
1467	1763
1467	1967
1468	1674
1468	1877
1469	1478
1469	1505
1469	1571
1469	1736
1469	1825
1469	1857
1469	1890
1470	1589
1470	1698
1470	1717
1471	1549
1471	1567
1471	1581
1471	1713
1471	1772
1471	1908
1471	1990
1472	1554
1472	1610
1472	1714
1472	1774
1472	1934
1473	1537
1473	1683
1473	1724
1474	1525
1474	1587
1474	1675
1474	1759
1474	1950
1475	1541
1475	1657
1475	1749
1475	1768
1475	1926
1476	1627
1476	1776
1476	1799
1477	1538
1477	1586
1477	1767
1477	1783
1477	1856
1477	1906
1477	1925
1478	1516
1478	1979
1479	1553
1479	1644
1479	1717
1479	1850
1479	1986
1480	1590
1480	1723
1480	1754
1480	1793
1480	1891
1480	1938
1481	1494
1481	1537
1481	1598
1481	1657
1481	1687
1481	1776
1481	1936
1481	1946
1482	1656
1482	1676
1482	1806
1482	1828
1482	1919
1483	1511
1483	1644
1483	1794
1483	1805
1483	1876
1483	1932
1484	1501
1484	1507
1484	1539
1484	1548
1484	1572
1484	1744
1485	1578
1485	1633
1485	1715
1485	1731
1485	1870
1485	1895
1485	1930
1486	1623
1486	1695
1486	1740
1486	1841
1486	1940
1486	1991
1487	1683
1487	1770
1488	1657
1488	1672
1488	1677
1488	1727
1488	1758
1488	1843
1489	1570
1489	1608
1489	1736
1489	1859
1490	1612
1490	1640
1490	1688
1490	1720
1490	1971
1491	1495
1491	1562
1491	1609
1491	1646
1491	1658
1491	1739
1491	1828
1491	1929
1491	1968
1492	1688
1492	1717
1492	1778
1492	1818
1492	1832
1493	1602
1493	1640
1493	1662
1493	1852
1493	1970
1494	1590
1494	1650
1494	1660
1494	1712
1494	1736
1494	1853
1494	1854
1494	1876
1495	1501
1495	1502
1495	1760
1495	1887
1495	1907
1495	1927
1496	1501
1496	1555
1496	1757
1496	1930
1497	1536
1497	1849
1497	1920
1497	1977
1498	1539
1498	1708
1498	1716
1498	1719
1498	1821
1498	1838
1499	1547
1499	1578
1499	1614
1499	1650
1499	1734
1499	1746
1499	1788
1499	1819
1499	1873
1499	1909
1499	1976
1500	1641
1500	1780
1500	1800
1500	1806
1501	1520
1501	1570
1501	1575
1501	1705
1501	1713
1502	1538
1502	1693
1502	1795
1502	1881
1502	1963
1503	1510
1503	1650
1504	1507
1504	1655
1504	1952
1504	1960
1505	1548
1505	1562
1505	1628
1505	1669
1505	1892
1506	1743
1506	1788
1506	1855
1506	1902
1507	1614
1507	1622
1507	1849
1508	1543
1508	1703
1508	1741
1508	1771
1508	1814
1508	1859
1508	1911
1508	1964
1509	1580
1509	1644
1509	1709
1509	1814
1510	1747
1510	1799
1510	1900
1510	1982
1511	1544
1511	1560
1511	1698
1511	1732
1511	1772
1511	1999
1512	1939
1512	1971
1512	1973
1513	1546
1513	1611
1513	1637
1513	1905
1513	1925
1513	1943
1513	1949
1513	1979
1514	1570
1514	1604
1514	1605
1514	1614
1514	1831
1514	1895
1514	1915
1515	1661
1515	1771
1515	1850
1515	1857
1516	1698
1516	1982
1517	1534
1517	1565
1517	1716
1517	1783
1517	1888
1517	1914
1518	1569
1518	1764
1518	1990
1519	1562
1519	1606
1519	1710
1519	1797
1519	1802
1520	1780
1520	1789
1521	1531
1521	1614
1521	1708
1521	1766
1521	1784
1521	1848
1522	1549
1522	1699
1522	1784
1522	1787
1523	1569
1523	1716
1523	1815
1523	1877
1524	1630
1524	1727
1524	1764
1524	1876
1525	1736
1525	1864
1526	1667
1526	1840
1527	1557
1527	1679
1527	1732
1527	1818
1527	1827
1527	1953
1528	1563
1528	1650
1528	1686
1528	1853
1528	1894
1528	1947
1529	1806
1529	1836
1529	1893
1529	1951
1530	1551
1530	1633
1530	1643
1530	1663
1530	1933
1531	1708
1531	1718
1531	1785
1532	1545
1532	1597
1532	1601
1532	1804
1532	1829
1532	1860
1533	1545
1533	1597
1533	1638
1533	1655
1533	1720
1533	1804
1533	1901
1533	1936
1533	1944
1534	1702
1534	1983
1535	1552
1535	1617
1535	1743
1535	1787
1535	1887
1535	1947
1537	1605
1537	1682
1537	1922
1537	1926
1538	1595
1538	1658
1538	1790
1538	1798
1538	1825
1538	1978
1539	1605
1539	1714
1539	1760
1539	1774
1539	1837
1539	1881
1539	1932
1540	1579
1540	1605
1540	1640
1540	1777
1541	1594
1541	1949
1541	1983
1542	1603
1542	1624
1542	1939
1542	1993
1543	1707
1543	1738
1543	1741
1543	1780
1543	1979
1543	1986
1544	1589
1544	1596
1544	1646
1544	1813
1544	1912
1545	1599
1545	1684
1545	1784
1545	1803
1546	1619
1546	1680
1546	1735
1546	1781
1546	1964
1546	1971
1548	1673
1548	1941
1549	1593
1549	1633
1549	1677
1549	1762
1549	1865
1549	1973
1550	1611
1550	1704
1550	1776
1551	1595
1551	1615
1551	1670
1551	1789
1552	1562
1552	1636
1552	1708
1552	1765
1552	1799
1552	1905
1553	1593
1553	1803
1553	1852
1553	1866
1553	1908
1553	1958
1553	1995
1554	1911
1555	1634
1555	1824
1555	1841
1555	1850
1555	1858
1555	1979
1556	1748
1556	1947
1557	1558
1557	1727
1558	1642
1558	1717
1558	1732
1558	1881
1558	1895
1558	1965
1559	1804
1559	1820
1559	1825
1559	1836
1559	1892
1560	1661
1560	1673
1560	1695
1560	1768
1560	1901
1560	1914
1561	1650
1561	1761
1561	1771
1561	1786
1561	1805
1561	1827
1561	1887
1561	1930
1561	1974
1561	1984
1562	1603
1562	1630
1562	1755
1562	1771
1562	1819
1562	1845
1563	1790
1563	1859
1563	1883
1563	1917
1563	1959
1564	1795
1564	1896
1565	1591
1565	1995
1566	1637
1566	1784
1566	1852
1566	1938
1566	1977
1567	1593
1567	1669
1567	1708
1567	1764
1567	1845
1568	1707
1568	1774
1568	1822
1568	1906
1568	1961
1569	1632
1569	1670
1569	1906
1569	1961
1570	1678
1570	1712
1570	1723
1570	1729
1571	1638
1571	1646
1571	1660
1571	1687
1571	1831
1571	1889
1572	1707
1572	1870
1573	1749
1573	1771
1573	1931
1573	1943
1573	1966
1574	1626
1574	1778
1574	1923
1575	1579
1575	1787
1575	1819
1575	1921
1575	1935
1575	1952
1576	1612
1576	1651
1576	1955
1577	1593
1577	1801
1577	1804
1577	1825
1578	1631
1578	1634
1578	1657
1578	1678
1578	1687
1578	1758
1578	1982
1578	1987
1579	1675
1579	1716
1579	1900
1580	1588
1580	1633
1580	1654
1580	1690
1580	1707
1580	1715
1581	1675
1581	1691
1581	1742
1581	1743
1581	1798
1581	1824
1581	1851
1581	1999
1582	1752
1582	1762
1582	1765
1582	1892
1582	1994
1583	1590
1583	1930
1584	1735
1584	1745
1584	1810
1584	1860
1585	1617
1585	1722
1585	1742
1585	1920
1586	1604
1586	1623
1586	1670
1586	1770
1586	1772
1586	1788
1586	1825
1586	1886
1586	1931
1587	1720
1587	1839
1587	1893
1588	1589
1588	1692
1588	1717
1588	1806
1588	1856
1588	1969
1589	1661
1589	1692
1589	1722
1589	1766
1589	1804
1589	1904
1590	1666
1590	1781
1590	1787
1590	1858
1590	1988
1590	1992
1591	1622
1591	1647
1591	1884
1591	1888
1591	1992
1592	1672
1592	1847
1592	1860
1592	1933
1593	1610
1593	1673
1593	1832
1593	1924
1593	1950
1594	1597
1594	1632
1594	1653
1594	1720
1594	1884
1594	1890
1594	1945
1594	1991
1595	1690
1595	1791
1595	1896
1595	1913
1595	1930
1596	1748
1596	1950
1596	1985
1596	1989
1597	1622
1597	1726
1597	1782
1597	1835
1597	1866
1597	1919
1597	1955
1597	1975
1598	1712
1598	1769
1598	1851
1598	1988
1599	1696
1599	1763
1599	1813
1599	1956
1599	1992
1600	1644
1600	1717
1600	1899
1600	1999
1601	1611
1601	1699
1601	1705
1601	1772
1601	1779
1601	1790
1601	1915
1602	1682
1602	1897
1602	1998
1603	1781
1603	1805
1604	1884
1605	1643
1605	1804
1605	1820
1605	1926
1605	1928
1606	1764
1606	1819
1607	1938
1607	1972
1608	1653
1608	1667
1608	1802
1608	1859
1609	1649
1609	1690
1609	1853
1609	1899
1610	1649
1610	1676
1610	1783
1610	1834
1610	1847
1611	1645
1611	1755
1611	1851
1611	1989
1612	1842
1612	1877
1612	1899
1612	1943
1613	1695
1613	1768
1613	1804
1613	1817
1613	1830
1614	1673
1614	1772
1614	1793
1614	1796
1614	1884
1614	1908
1615	1675
1616	1820
1616	1895
1616	1969
1617	1650
1617	1651
1618	1751
1618	1864
1618	1904
1618	1997
1619	1763
1620	1778
1620	1827
1621	1629
1621	1635
1621	1868
1621	1918
1621	1977
1622	1655
1622	1669
1622	1861
1622	1919
1622	1982
1623	1639
1623	1653
1623	1682
1623	1770
1623	1776
1623	1842
1623	1859
1623	1903
1623	1967
1624	1635
1624	1655
1624	1719
1624	1727
1624	1764
1624	1879
1625	1899
1626	1684
1626	1689
1626	1766
1626	1782
1626	1785
1626	1812
1626	1883
1627	1672
1627	1691
1627	1727
1627	1792
1627	1915
1628	1670
1628	1731
1628	1748
1628	1799
1628	1912
1628	1936
1628	1956
1629	1681
1629	1718
1629	1927
1630	1721
1630	1741
1630	1785
1630	1813
1631	1709
1631	1826
1632	1653
1632	1904
1632	1999
1633	1669
1633	1685
1633	1708
1633	1730
1633	1742
1633	1871
1633	1934
1634	1658
1634	1695
1634	1755
1634	1916
1634	1978
1635	1661
1635	1840
1635	1846
1635	1867
1635	1872
1635	1909
1635	1951
1636	1760
1636	1952
1636	1999
1637	1697
1637	1708
1637	1713
1637	1826
1637	1942
1638	1710
1638	1854
1638	1931
1639	1728
1639	1733
1639	1780
1639	1791
1639	1886
1639	1929
1639	1975
1639	1988
1640	1816
1640	1901
1641	1648
1641	1662
1641	1747
1642	1673
1642	1774
1642	1783
1642	1817
1642	1915
1642	1968
1643	1707
1643	1734
1643	1740
1643	1819
1643	1977
1644	1661
1644	1714
1644	1878
1645	1977
1646	1681
1646	1895
1646	1966
1647	1709
1647	1934
1647	1941
1647	1957
1648	1849
1648	1872
1648	1968
1649	1694
1650	1673
1650	1676
1650	1828
1650	1996
1651	1781
1651	1950
1652	1870
1652	1922
1653	1928
1654	1730
1654	1732
1654	1763
1654	1767
1654	1934
1655	1940
1656	1725
1656	1821
1656	1852
1656	1976
1657	1701
1658	1824
1659	1677
1659	1750
1659	1975
1660	1779
1660	1883
1661	1733
1661	1825
1662	1709
1662	1714
1662	1798
1663	1717
1663	1817
1663	1912
1663	1949
1663	1980
1664	1736
1664	1920
1665	1745
1665	1757
1665	1848
1665	1885
1666	1668
1666	1787
1667	1844
1668	1685
1668	1930
1668	1993
1669	1672
1669	1676
1669	1741
1669	1891
1669	1900
1670	1777
1670	1881
1671	1704
1671	1767
1671	1839
1671	1864
1672	1785
1672	1804
1672	1895
1672	1931
1673	1828
1673	1831
1673	1966
1674	1741
1674	1768
1674	1801
1674	1863
1674	1959
1676	1813
1677	1683
1677	1754
1677	1915
1677	1986
1678	1828
1678	1847
1678	1871
1679	1695
1679	1728
1679	1747
1679	1799
1680	1707
1680	1738
1680	1751
1680	1759
1680	1842
1680	1946
1681	1855
1681	1919
1682	1748
1682	1987
1683	1817
1683	1826
1683	1888
1683	1911
1683	1918
1683	1925
1683	1956
1683	1997
1684	1955
1685	1723
1685	1990
1686	1688
1686	1897
1687	1693
1687	1862
1687	1979
1688	1703
1688	1775
1688	1865
1688	1871
1688	1929
1689	1700
1689	1710
1689	1726
1689	1801
1689	1932
1689	1964
1690	1819
1690	1833
1690	1887
1690	1911
1691	1762
1691	1917
1691	1919
1691	1995
1692	1715
1692	1816
1692	1844
1692	1880
1693	1698
1693	1784
1694	1793
1694	1808
1694	1916
1694	1951
1695	1765
1696	1844
1696	1848
1696	1967
1697	1902
1697	1986
1698	1771
1698	1933
1701	1712
1701	1815
1702	1788
1702	1883
1702	1990
1703	1768
1704	1787
1704	1915
1704	1941
1705	1901
1706	1712
1706	1748
1706	1765
1707	1855
1707	1944
1707	1973
1708	1825
1708	1884
1708	1961
1709	1897
1709	1978
1712	1810
1712	1865
1712	1973
1713	1808
1713	1871
1713	1971
1713	1975
1714	1735
1715	1716
1715	1719
1715	1867
1715	1930
1715	1968
1716	1808
1716	1855
1716	1868
1716	1893
1716	1909
1716	1923
1716	1982
1717	1811
1717	1823
1717	1870
1717	1919
1717	1996
1718	1771
1718	1786
1718	1836
1719	1789
1720	1744
1720	1900
1720	1977
1721	1786
1721	1818
1721	1852
1721	1854
1721	1883
1721	1952
1721	1958
1721	1972
1722	1847
1722	1862
1722	1871
1722	1979
1723	1806
1723	1816
1723	1826
1723	1976
1724	1942
1724	1964
1725	1875
1725	1887
1725	1937
1725	1972
1725	1975
1726	1771
1727	1791
1727	1802
1727	1877
1727	1958
1727	1996
1728	1934
1729	1763
1729	1867
1729	1914
1730	1758
1730	1924
1731	1924
1732	1755
1732	1761
1732	1789
1732	1849
1732	1887
1732	1905
1732	1930
1733	1755
1733	1976
1734	1737
1734	1780
1734	1786
1734	1823
1734	1824
1734	1896
1735	1976
1736	1738
1736	1770
1736	1793
1736	1822
1737	1849
1738	1754
1738	1939
1738	1963
1739	1742
1739	1862
1739	1903
1739	1943
1740	1973
1741	1805
1741	1806
1741	1903
1741	1946
1741	1997
1742	1847
1742	1918
1742	1923
1742	1924
1743	1775
1743	1896
1743	1940
1744	1747
1744	1795
1744	1809
1744	1934
1745	1803
1745	1809
1745	1957
1746	1809
1746	1911
1746	1952
1747	1853
1747	1986
1748	1823
1748	1855
1749	1782
1749	1816
1749	1826
1749	1847
1749	1953
1750	1884
1750	1965
1751	1764
1751	1787
1751	1813
1751	1979
1752	1828
1753	1776
1753	1864
1753	1908
1754	1799
1754	1810
1754	1910
1754	1913
1755	1798
1755	1819
1755	1885
1756	1901
1757	1768
1757	1771
1757	1848
1758	1807
1759	1871
1759	1922
1759	1957
1760	1799
1760	1853
1760	1870
1760	1890
1760	1955
1761	1855
1762	1866
1763	1817
1763	1863
1763	1884
1763	1989
1764	1933
1765	1956
1765	1967
1766	1774
1766	1865
1766	1963
1767	1851
1767	1978
1768	1810
1768	1864
1768	1908
1768	1921
1768	1923
1768	1926
1768	1969
1769	1809
1769	1885
1769	1893
1770	1788
1770	1834
1770	1989
1771	1949
1771	1964
1772	1804
1772	1977
1772	1979
1775	1818
1775	1841
1775	1852
1775	1930
1775	1937
1777	1786
1777	1788
1777	1887
1778	1869
1778	1985
1779	1790
1779	1798
1779	1812
1779	1981
1780	1847
1781	1890
1781	1893
1782	1814
1782	1916
1782	1923
1782	1931
1783	1797
1783	1938
1783	1957
1785	1900
1785	1944
1786	1950
1786	1989
1787	1818
1787	1840
1788	1818
1788	1837
1788	1916
1789	1808
1789	1879
1789	1927
1789	1972
1790	1971
1791	1799
1791	1814
1791	1824
1791	1862
1791	1997
1792	1876
1792	1881
1792	1993
1793	1910
1793	1973
1794	1824
1794	1991
1795	1843
1795	1920
1795	1923
1795	1938
1796	1809
1796	1810
1798	1905
1799	1836
1799	1856
1799	1922
1800	1874
1800	1913
1800	1953
1802	1812
1802	1835
1802	1876
1802	1905
1802	1944
1803	1927
1804	1812
1804	1990
1806	1836
1806	1934
1807	1973
1807	1998
1808	1907
1809	1880
1809	1894
1809	1958
1810	1944
1810	1977
1811	1813
1812	1819
1812	1940
1813	1853
1814	1972
1814	1988
1816	1833
1816	1844
1816	1904
1816	1990
1817	1819
1818	1982
1819	1994
1820	1998
1823	1824
1823	1848
1824	1841
1825	1866
1825	1869
1825	1898
1825	1941
1825	1989
1826	1897
1826	1926
1827	1986
1828	1878
1828	1922
1829	1891
1829	1898
1829	1995
1830	1868
1830	1872
1830	1929
1831	1904
1832	1983
1833	1886
1833	1995
1834	1838
1834	1851
1834	1956
1835	1880
1835	1968
1836	1867
1836	1874
1837	1880
1837	1949
1838	1934
1838	1993
1839	1930
1839	1950
1839	1957
1840	1996
1841	1863
1841	1923
1841	1973
1843	1852
1843	1990
1844	1880
1844	1881
1844	1924
1845	1877
1845	1897
1845	1932
1846	1869
1846	1965
1847	1849
1847	1866
1847	1947
1848	1862
1848	1875
1848	1876
1849	1975
1849	1983
1852	1990
1853	1874
1854	1883
1855	1889
1856	1871
1856	1951
1858	1903
1859	1897
1859	1949
1860	1963
1862	1961
1862	1970
1862	1984
1863	1989
1864	1888
1865	1930
1865	1969
1867	1918
1868	1920
1869	1892
1869	1934
1871	1977
1872	1990
1874	1894
1874	1970
1876	1917
1877	1937
1878	1912
1878	1996
1880	1905
1880	1934
1882	1902
1883	1911
1884	1894
1885	1953
1886	1901
1887	1987
1888	1920
1888	1930
1888	1941
1890	1917
1891	1989
1892	1987
1893	1949
1894	1997
1895	1962
1896	1997
1897	1926
1900	1958
1903	1910
1903	1923
1905	1920
1906	1980
1907	1910
1910	1983
1911	1956
1925	1945
1925	1948
1925	1986
1926	1933
1927	1995
1930	1946
1931	1964
1932	1965
1933	1953
1933	1972
1933	1994
1934	1945
1936	1970
1937	1972
1937	1979
1938	1997
1939	1971
1942	1985
1948	1958
1948	1991
1950	1954
1950	1989
1955	1964
1960	1965
1961	1975
1961	1984
1963	1985
1965	1984
1966	1993
1968	1972
1971	1980
1973	1991
1987	1998
