2000	0
0	114
0	132
0	171
0	239
0	297
0	637
0	702
0	758
0	803
0	909
0	993
1	26
1	262
1	273
1	336
1	407
1	427
1	598
1	877
1	924
1	1520
2	50
2	107
2	589
2	651
2	660
2	665
2	671
2	711
2	784
2	790
2	835
3	11
3	68
3	156
3	285
3	398
3	589
3	738
3	772
3	826
4	95
4	136
4	247
4	348
4	394
4	407
4	898
4	994
5	108
5	400
5	498
5	577
5	617
5	704
5	935
5	1437
6	10
6	135
6	171
6	209
6	534
6	679
6	942
6	961
6	1428
7	8
7	225
7	353
7	445
7	506
7	553
7	558
7	706
7	848
8	34
8	39
8	88
8	126
8	177
8	327
8	467
8	498
8	500
8	661
8	826
9	162
9	192
9	195
9	247
9	302
9	305
9	341
9	423
9	446
9	552
9	556
9	569
9	637
9	696
9	841
9	996
9	1294
10	174
10	338
10	842
11	40
11	42
11	180
11	215
11	379
11	480
11	487
11	726
11	825
11	836
11	845
12	283
12	302
12	305
12	309
12	319
12	404
12	574
12	654
12	779
13	143
13	290
13	512
13	567
13	578
13	732
13	784
14	51
14	92
14	173
14	183
14	216
14	368
14	518
14	545
14	571
14	798
14	866
14	900
15	16
15	70
15	246
15	360
15	537
15	556
15	643
15	785
15	827
15	848
15	853
15	903
15	921
15	940
15	996
15	1360
16	91
16	98
16	261
16	318
16	406
16	496
16	516
16	528
16	654
16	788
17	224
17	282
17	289
17	303
17	409
17	526
17	549
17	610
18	494
18	565
18	774
18	864
18	897
18	898
18	939
19	231
19	232
19	297
19	306
19	385
19	509
19	769
19	775
19	802
19	912
19	930
20	93
20	237
20	315
20	395
20	407
20	414
20	489
20	544
20	579
20	757
20	781
21	192
21	256
21	456
21	566
21	575
21	614
21	753
22	172
22	283
22	331
22	387
22	439
22	565
22	567
22	671
22	681
22	829
22	847
22	874
23	65
23	67
23	192
23	367
23	440
23	479
23	602
23	713
23	827
23	909
23	945
24	124
24	293
24	333
24	349
24	364
24	365
24	399
24	439
24	665
24	707
24	736
24	797
24	1070
25	181
25	274
25	390
25	423
25	527
25	588
25	630
25	865
25	920
25	941
26	175
26	243
26	247
26	356
26	403
26	426
26	438
26	523
26	906
26	970
27	60
27	97
27	205
27	356
27	362
27	392
27	631
27	704
27	798
27	835
27	910
27	926
28	49
28	160
28	616
28	658
28	701
28	744
28	851
28	969
29	100
29	219
29	245
29	333
29	501
29	523
29	643
29	646
29	689
29	699
30	33
30	155
30	227
30	296
30	589
30	598
30	605
30	707
30	824
30	831
30	891
30	939
30	945
31	104
31	158
31	196
31	337
31	389
31	497
31	556
31	585
31	677
31	722
31	826
31	945
32	111
32	215
32	270
32	413
32	527
32	656
32	870
32	885
32	889
32	901
32	999
33	262
33	439
33	445
33	513
33	602
33	695
33	721
33	868
33	892
33	940
33	962
34	107
34	373
34	385
34	437
34	515
34	660
34	701
34	760
34	866
34	914
35	50
35	52
35	65
35	72
35	160
35	263
35	293
35	306
35	373
35	396
35	399
35	474
35	482
35	543
35	594
35	678
35	816
35	837
35	977
35	985
36	206
36	288
36	382
36	433
36	462
36	482
36	678
36	709
36	750
36	968
37	80
37	92
37	140
37	144
37	233
37	240
37	246
37	263
37	267
37	335
37	440
37	468
37	545
37	779
37	806
37	887
38	179
38	216
38	386
38	524
38	727
38	932
38	937
38	948
39	47
39	133
39	208
39	245
39	348
39	548
39	600
39	605
39	686
39	830
39	928
40	57
40	70
40	135
40	182
40	257
40	314
40	428
40	537
40	540
40	549
40	775
40	857
40	991
41	51
41	259
41	420
41	423
41	534
41	536
41	686
41	691
41	741
41	777
41	897
41	971
42	170
42	228
42	512
42	513
42	567
42	688
42	705
42	777
42	962
42	987
43	83
43	186
43	306
43	331
43	333
43	428
43	744
43	859
44	293
44	375
44	387
44	496
44	578
44	594
44	686
44	712
44	732
44	795
44	868
44	903
45	167
45	273
45	417
45	479
45	529
45	590
45	936
46	291
46	462
46	608
46	812
46	914
46	933
47	78
47	116
47	129
47	183
47	186
47	269
47	550
47	876
48	166
48	188
48	207
48	301
48	415
48	449
48	605
48	631
48	752
48	950
48	991
49	147
49	504
49	586
49	693
49	756
49	851
49	907
50	400
50	440
50	504
50	610
50	785
50	800
50	961
50	963
51	275
51	295
51	322
51	388
51	451
51	708
51	751
51	978
52	174
52	179
52	319
52	379
52	554
52	657
52	754
52	809
53	63
53	83
53	177
53	308
53	316
53	355
53	525
53	553
53	659
53	867
53	896
53	933
54	65
54	81
54	94
54	168
54	288
54	339
54	340
54	406
54	433
54	562
54	687
54	722
54	744
54	763
54	771
54	817
54	819
54	929
54	999
55	250
55	300
55	382
55	659
55	714
55	727
55	734
55	746
55	837
55	903
55	934
55	973
55	1672
56	411
56	415
56	598
56	608
56	845
56	950
57	66
57	162
57	169
57	182
57	234
57	270
57	364
57	367
57	375
57	764
57	938
57	975
58	87
58	130
58	170
58	258
58	330
58	601
58	604
58	605
58	653
58	698
58	727
58	760
58	803
58	902
59	67
59	209
59	285
59	306
59	325
59	415
59	447
59	499
59	724
59	792
59	844
59	913
59	941
59	987
59	1891
60	82
60	515
60	543
60	563
60	614
60	616
60	1240
61	85
61	110
61	287
61	557
61	719
61	895
62	67
62	122
62	181
62	258
62	311
62	590
62	793
62	844
62	869
63	111
63	204
63	364
63	482
63	489
63	635
63	655
63	774
63	927
63	933
63	953
64	134
64	177
64	198
64	200
64	428
64	561
64	568
64	923
65	818
65	869
65	874
65	876
65	897
66	108
66	150
66	164
66	170
66	265
66	648
66	889
66	917
67	432
67	460
67	495
67	541
67	623
67	663
67	744
67	762
67	918
67	933
68	70
68	301
68	486
68	534
68	763
69	358
69	382
69	428
69	497
69	576
69	588
69	711
69	719
69	759
69	853
69	873
69	939
69	1231
70	144
70	162
70	183
70	267
70	322
70	410
70	588
70	657
70	799
70	949
70	951
71	185
71	355
71	394
71	595
71	664
71	762
71	879
71	888
71	925
72	98
72	193
72	285
72	299
72	319
72	345
72	386
72	451
72	499
72	552
72	685
72	810
73	283
73	551
73	580
73	733
73	883
73	889
74	138
74	267
74	287
74	311
74	349
74	407
74	428
74	486
74	628
74	889
74	906
75	122
75	212
75	289
75	318
75	430
75	621
75	652
75	694
75	752
75	903
75	960
76	88
76	89
76	209
76	219
76	253
76	425
76	507
76	649
76	805
76	934
77	172
77	299
77	451
77	525
78	120
78	125
78	138
78	165
78	467
78	501
78	526
78	653
78	660
78	673
78	678
78	810
78	829
79	201
79	216
79	308
79	353
79	442
79	449
79	477
79	582
79	832
79	908
79	988
80	184
80	389
80	406
80	407
80	408
80	492
80	555
80	577
80	595
80	783
81	158
81	214
81	344
81	428
81	457
81	880
82	116
82	254
82	411
82	461
82	544
82	573
82	578
82	871
82	874
83	171
83	316
83	324
83	356
83	361
83	430
83	555
83	559
83	769
83	784
83	851
83	1525
84	123
84	283
84	325
84	435
84	490
84	520
84	551
84	886
84	889
84	968
85	108
85	255
85	441
85	471
85	577
85	592
85	755
85	905
86	189
86	196
86	293
86	298
86	337
86	366
86	402
86	788
86	879
86	919
86	968
86	998
87	135
87	435
87	449
87	506
87	525
87	562
87	894
87	907
88	114
88	124
88	241
88	504
88	557
88	663
88	690
88	774
88	926
89	91
89	112
89	344
89	361
89	403
89	452
89	466
89	502
89	527
89	656
89	843
90	228
90	230
90	263
90	279
90	325
90	405
90	763
90	802
90	888
91	125
91	694
91	745
91	757
91	924
91	936
91	953
92	159
92	229
92	238
92	391
92	763
92	796
92	935
93	187
93	275
93	407
93	408
93	771
93	811
93	814
93	822
93	830
94	175
94	233
94	259
94	442
94	566
94	691
94	710
94	795
94	806
94	861
94	964
95	409
95	523
95	543
95	594
95	890
95	899
95	931
96	181
96	354
96	361
96	363
96	478
96	657
96	662
96	782
96	790
97	99
97	129
97	340
97	344
97	390
97	417
97	524
97	527
97	880
97	885
97	911
97	1879
98	722
99	234
99	332
99	352
99	573
99	581
99	812
99	940
100	244
100	363
100	479
100	551
100	793
100	868
101	102
101	111
101	311
101	366
101	800
101	856
101	908
101	1394
102	107
102	133
102	340
102	553
102	573
102	776
102	867
102	882
102	912
102	925
103	110
103	163
103	260
103	357
103	383
103	487
103	780
103	962
104	145
104	196
104	216
104	242
104	307
104	361
104	479
104	506
104	531
104	576
104	726
104	877
104	962
105	150
105	350
105	550
105	573
105	604
105	725
105	784
105	988
106	109
106	251
106	365
106	482
106	521
106	529
106	577
106	598
106	614
106	848
106	857
106	920
106	921
107	310
107	417
107	465
107	711
108	537
108	641
108	711
108	747
108	887
108	904
109	332
109	450
109	674
109	678
109	683
109	731
109	787
109	977
109	1659
110	153
110	177
110	441
110	472
110	492
110	502
110	522
110	526
110	660
110	691
110	757
110	865
110	1508
111	124
111	156
111	315
111	363
111	433
111	648
111	862
111	869
112	287
112	346
112	514
112	843
112	937
113	153
113	258
113	263
113	457
113	497
113	650
113	703
114	265
114	266
114	326
114	401
114	877
115	334
115	344
115	351
115	374
115	392
115	552
115	651
115	688
115	844
115	849
116	215
116	247
116	279
116	280
116	372
116	549
116	704
116	772
116	783
116	956
116	997
117	199
117	259
117	335
117	486
117	616
117	707
117	727
117	916
117	919
118	373
118	440
118	593
118	755
118	948
119	276
119	287
119	357
119	518
119	628
119	672
119	833
119	905
119	950
120	160
120	347
120	364
120	470
120	620
120	685
120	987
120	992
121	360
121	662
121	824
122	206
122	208
122	260
122	262
122	310
122	325
122	403
122	534
122	876
122	877
122	941
123	231
123	259
123	419
123	423
123	448
123	514
123	699
123	782
123	813
123	873
124	338
124	385
124	539
124	563
124	602
124	698
124	769
124	776
125	320
125	437
125	576
125	603
125	707
125	771
125	848
125	887
125	970
126	129
126	264
126	530
126	581
126	758
126	789
127	305
127	413
127	483
127	580
127	636
127	688
127	725
127	774
127	798
127	806
128	189
128	278
128	284
128	448
128	587
128	680
129	305
129	388
129	454
129	482
129	717
129	749
129	845
129	936
129	991
130	301
130	600
130	620
130	792
130	849
130	878
130	880
130	1494
130	1956
131	173
131	195
131	647
131	735
131	757
131	946
131	983
131	1148
132	158
132	270
132	381
132	412
132	418
132	962
133	138
133	393
133	446
133	510
133	513
133	550
133	567
133	605
133	665
133	681
133	812
133	907
134	293
134	328
134	503
134	547
134	649
134	655
134	742
134	972
134	994
135	147
135	185
135	290
135	385
135	534
135	598
135	629
135	770
135	844
135	915
136	171
136	272
136	328
136	546
136	741
136	974
137	205
137	322
137	420
137	548
137	674
137	761
138	152
138	183
138	348
138	367
138	449
138	504
139	318
139	320
139	378
139	422
139	453
139	518
139	519
139	623
139	654
139	899
139	968
140	376
140	507
140	584
140	606
140	608
140	694
140	918
140	919
140	1303
141	235
141	399
141	594
141	718
141	725
141	917
141	921
141	973
142	148
142	196
142	725
142	925
142	975
143	299
143	420
143	494
143	569
143	573
143	756
143	767
143	862
144	172
144	607
144	855
144	916
145	670
145	824
145	937
146	269
146	395
146	573
146	629
146	693
146	740
146	808
146	890
146	981
147	327
147	413
147	465
147	486
147	511
147	657
147	672
147	684
147	845
147	908
148	190
148	385
148	387
148	529
148	741
148	944
149	241
149	705
149	771
149	790
149	842
149	901
149	941
149	945
150	178
150	240
150	304
150	321
150	433
150	637
150	809
150	847
150	984
151	215
151	273
151	297
151	427
151	491
151	780
151	923
151	995
152	234
152	254
152	259
152	362
152	392
152	417
152	625
152	659
152	697
152	938
152	988
153	475
153	654
153	704
153	826
154	168
154	171
154	209
154	433
154	520
154	576
154	609
155	158
155	274
155	337
155	350
155	374
155	503
155	579
155	623
155	628
155	678
155	848
155	978
156	401
156	411
156	445
156	553
156	565
156	600
156	722
156	781
156	840
156	928
157	268
157	290
157	560
157	567
157	636
157	681
157	702
157	889
157	927
158	254
158	322
158	532
158	615
158	873
158	962
159	201
159	238
159	271
159	289
159	332
159	334
159	392
159	619
159	743
159	763
159	834
159	895
159	988
160	195
160	198
160	214
160	254
160	324
160	355
160	436
160	455
160	598
160	690
160	734
161	164
161	179
161	182
161	248
161	258
161	273
161	289
161	306
161	907
161	936
162	325
162	395
162	418
162	476
162	520
162	583
162	814
162	841
163	184
163	190
163	220
163	328
163	591
163	892
163	927
163	968
164	304
164	393
164	552
164	667
164	674
164	677
164	698
164	847
164	865
164	919
165	237
165	292
165	439
165	458
165	472
165	533
165	579
165	626
165	692
165	881
165	931
165	960
166	183
166	333
166	450
166	483
166	505
166	598
166	627
166	824
166	870
166	875
166	895
166	946
167	258
167	262
167	374
167	442
167	515
167	560
167	918
168	169
168	172
168	268
168	380
168	554
168	734
168	762
168	792
168	918
168	1883
169	191
169	225
169	253
169	369
169	430
169	437
169	446
169	521
169	524
169	642
169	723
169	758
169	784
170	364
170	400
170	453
170	561
170	625
170	669
170	712
170	768
170	780
170	805
170	866
171	351
171	393
171	419
171	441
171	578
171	676
171	699
171	765
171	782
171	796
171	800
171	976
172	225
172	311
172	401
172	405
172	427
172	448
172	560
172	576
172	585
172	686
172	743
172	745
172	817
172	1558
173	205
173	247
173	289
173	358
173	483
173	526
173	580
173	586
173	594
173	953
173	957
174	617
174	619
174	799
174	879
174	935
174	941
175	339
175	488
175	490
175	537
175	609
175	716
175	728
175	741
175	832
175	870
175	899
175	942
175	950
175	986
175	1404
176	260
176	278
176	305
176	486
176	722
176	738
176	806
177	336
177	350
177	429
177	450
177	451
177	497
177	731
177	936
177	946
177	979
177	986
178	466
178	473
178	552
178	877
178	933
178	1258
179	190
179	327
179	329
179	686
179	694
179	796
179	872
180	218
180	362
180	508
180	556
180	602
180	660
180	863
181	239
181	247
181	306
181	637
181	809
182	209
182	220
182	310
182	377
182	389
182	427
182	450
182	640
182	750
182	758
182	981
182	999
183	312
183	514
183	734
183	789
183	803
183	853
183	904
184	458
184	486
184	767
184	771
184	786
185	234
185	358
185	685
185	773
185	887
185	982
186	211
186	254
186	381
186	476
186	489
186	519
186	529
186	796
186	832
186	926
186	939
187	269
187	465
187	519
187	520
187	572
187	922
187	932
188	208
188	390
188	409
188	538
188	549
188	594
188	626
188	681
188	698
188	703
188	713
188	741
188	895
189	194
189	343
189	547
189	637
189	721
190	242
190	398
190	472
190	529
190	603
190	626
190	709
190	748
190	970
191	328
191	371
191	515
191	601
191	765
191	829
191	966
191	976
192	306
192	397
192	460
192	470
192	487
192	584
192	828
192	917
193	356
193	742
193	777
193	894
193	918
193	978
194	214
194	248
194	278
194	389
194	484
194	536
194	547
194	983
195	299
195	378
195	416
195	478
195	829
195	854
196	205
196	340
196	488
196	634
196	723
196	761
196	786
196	834
196	1597
197	267
197	269
197	302
197	448
197	953
198	222
198	339
198	346
198	470
198	655
198	741
198	874
198	911
198	948
198	982
199	217
199	441
199	448
199	467
199	501
199	742
200	211
200	535
200	565
200	866
200	881
200	982
201	205
201	309
201	320
201	417
201	488
201	666
201	931
201	983
201	1799
202	310
202	351
202	499
202	557
202	604
202	714
202	801
202	853
202	949
203	223
203	228
203	425
203	426
203	611
203	755
203	772
203	837
203	858
204	217
204	223
204	294
204	304
204	396
204	480
204	535
204	589
204	668
204	826
205	339
205	460
205	494
205	502
205	690
205	863
206	513
206	602
206	657
206	748
206	828
206	889
206	922
207	302
207	393
207	526
207	604
207	880
207	906
208	294
208	345
208	347
208	356
208	426
208	507
208	629
208	891
209	317
209	503
209	517
209	527
209	615
209	625
209	759
210	380
210	404
210	542
210	686
210	819
210	1058
211	410
211	470
211	558
211	633
211	644
211	942
212	386
212	507
212	529
212	577
212	627
212	635
212	684
212	802
212	973
213	222
214	246
214	296
214	726
214	841
214	1362
215	291
215	523
215	788
215	953
216	284
216	478
216	520
216	667
216	724
216	780
216	982
217	253
217	295
217	389
217	536
217	642
217	647
217	746
217	793
217	850
217	973
218	238
218	382
218	397
218	407
218	430
218	613
218	623
218	686
218	840
218	970
219	318
219	340
219	384
219	543
219	565
219	672
219	709
219	771
219	817
219	890
220	225
220	292
220	322
220	323
220	348
220	447
220	518
220	619
220	626
220	706
220	733
220	739
220	778
220	869
220	953
221	291
221	304
221	350
221	413
221	432
221	436
221	521
221	610
221	633
221	695
221	725
221	775
221	809
221	815
221	833
221	880
221	918
222	332
222	384
222	443
222	468
222	701
222	910
222	973
223	255
223	416
223	488
223	691
223	697
223	727
224	271
224	286
224	346
224	382
224	437
224	500
224	564
224	682
224	860
224	972
225	317
225	644
225	670
225	865
225	916
226	441
226	490
226	615
227	228
227	424
227	428
227	544
227	624
227	791
227	803
227	924
228	254
228	300
228	332
228	342
228	461
228	707
228	808
228	819
229	689
229	774
229	854
229	986
229	991
230	258
230	311
230	450
230	459
230	525
230	533
230	639
230	964
231	541
231	580
231	629
232	409
232	603
232	760
232	877
233	403
233	426
233	441
233	445
233	567
233	586
233	617
233	619
233	708
233	826
233	892
233	917
233	982
234	322
234	625
234	626
234	681
234	797
234	840
234	862
234	975
235	569
235	570
235	583
235	712
235	817
236	257
236	318
236	326
236	333
236	689
236	787
236	956
236	960
236	1386
237	352
237	479
237	610
237	742
237	776
238	252
238	256
238	310
238	358
238	434
238	444
238	489
238	644
238	850
238	891
238	967
239	256
239	265
239	277
239	339
239	561
239	564
239	567
239	727
239	766
239	891
240	516
240	575
240	795
241	243
241	264
241	267
241	440
241	495
241	496
241	507
241	547
241	586
241	648
241	655
242	299
242	355
242	394
242	413
242	841
242	905
243	299
243	331
243	353
243	416
243	506
243	651
243	757
243	928
243	1756
244	310
244	754
244	756
244	900
245	623
245	673
245	721
245	779
245	851
245	896
245	935
246	405
246	478
246	532
246	655
246	804
246	873
246	893
246	949
247	344
247	452
247	648
247	884
247	893
247	948
248	394
248	766
248	889
248	939
249	306
249	393
249	535
249	591
249	609
249	640
249	846
249	953
249	979
250	263
250	426
250	530
250	699
250	710
250	800
250	974
251	366
251	411
251	437
251	509
251	579
251	719
251	807
251	820
251	822
251	920
252	449
252	552
252	614
252	625
252	679
252	742
252	878
252	929
252	997
253	459
253	464
253	521
253	619
253	804
253	874
253	925
253	967
254	292
254	375
254	586
254	741
254	871
254	929
254	967
255	344
255	500
255	531
255	610
255	740
255	742
255	748
255	775
255	909
255	991
256	279
256	611
256	912
256	996
257	302
257	535
257	548
257	661
257	854
257	859
257	947
257	992
258	340
258	517
258	541
258	782
259	411
259	495
259	609
259	655
259	970
260	292
260	366
260	708
260	841
260	893
260	982
261	397
261	458
261	898
261	968
262	266
262	275
262	342
262	464
262	583
262	587
262	654
263	378
263	446
263	538
263	590
263	662
263	887
263	962
264	535
264	570
264	740
264	966
264	974
264	1451
265	274
265	493
265	639
265	718
265	829
265	861
265	876
266	348
266	470
266	526
266	694
266	707
266	751
266	903
266	961
266	1958
267	362
267	441
267	497
267	589
267	853
268	362
268	652
268	762
268	859
268	941
268	952
269	330
269	494
269	586
269	633
269	644
269	742
269	788
269	789
270	308
270	429
270	631
270	751
270	771
270	866
270	876
270	963
271	429
271	534
271	677
271	958
272	287
272	308
272	504
272	677
272	707
272	814
272	894
273	338
273	356
273	645
273	724
273	742
273	816
273	917
273	953
273	986
274	453
274	495
274	561
274	569
274	612
274	638
274	679
274	855
274	875
274	995
275	339
275	360
275	631
275	634
275	747
275	1355
276	394
276	418
276	427
276	449
276	498
276	953
277	293
277	415
277	433
277	555
277	864
277	912
277	918
277	958
278	326
278	451
278	520
278	551
278	572
278	592
278	728
279	280
279	371
279	478
279	539
279	549
279	603
279	672
279	768
279	781
279	1733
280	299
280	351
280	392
280	850
280	879
281	286
281	335
281	379
281	419
281	630
281	766
281	968
281	1210
282	312
282	343
282	395
282	534
282	757
282	867
283	317
283	342
283	462
283	519
283	551
283	565
284	351
284	666
284	746
284	917
284	935
284	973
285	313
285	452
285	487
285	504
285	593
285	847
285	865
286	403
286	570
286	654
286	808
287	308
287	339
287	520
287	587
287	597
287	718
287	728
288	474
288	945
289	371
289	377
289	396
289	423
289	545
289	567
289	689
289	832
289	898
290	331
290	393
290	454
290	572
290	659
290	664
290	705
290	767
290	813
290	836
290	882
290	903
290	929
291	516
291	564
291	621
291	627
291	679
291	725
291	830
291	916
291	948
291	986
292	336
292	397
292	409
292	443
292	483
292	604
292	661
292	676
292	687
292	773
292	831
292	936
292	944
292	966
292	987
293	385
293	413
293	678
293	695
293	708
293	898
293	924
293	925
293	981
293	993
293	997
294	328
294	355
294	362
294	451
294	453
294	480
294	527
294	570
294	626
294	745
294	835
294	923
296	299
296	330
296	411
296	574
296	677
296	732
296	926
297	362
297	442
297	472
297	473
297	484
297	646
297	716
297	733
297	1928
298	393
298	401
298	407
298	561
298	566
298	603
298	614
298	641
298	764
298	811
299	352
299	556
299	729
299	758
299	981
299	1270
300	317
300	342
300	446
300	474
300	530
300	565
300	646
300	913
301	347
301	361
301	461
301	467
301	542
301	798
301	944
302	388
302	501
302	910
302	953
303	323
303	330
303	366
303	550
303	573
303	601
303	655
303	660
303	683
303	865
303	896
303	932
304	680
304	739
304	763
304	907
304	913
305	314
305	326
305	438
305	622
305	671
305	672
306	333
306	358
306	441
306	455
306	475
306	567
306	599
306	667
306	770
306	954
307	413
307	784
307	799
307	856
307	866
308	328
308	404
308	527
308	622
308	896
308	961
308	990
309	562
309	602
309	618
309	680
309	788
309	872
310	402
310	560
310	682
310	739
310	756
310	769
310	854
311	354
311	390
311	467
311	589
311	659
311	700
311	740
311	796
311	986
311	991
312	356
312	476
312	571
312	582
312	599
312	864
312	994
313	487
313	829
313	875
313	888
313	912
314	384
314	437
314	441
314	683
314	721
315	496
315	516
315	689
315	690
315	699
315	816
315	870
315	931
315	983
315	984
316	547
316	596
316	658
316	667
316	914
317	362
317	707
317	727
317	748
317	754
317	770
317	868
318	332
318	375
318	613
318	674
318	718
318	723
318	780
318	786
318	982
319	544
319	686
319	738
319	779
320	358
320	391
320	482
320	554
320	786
320	789
320	810
320	834
320	936
320	992
320	997
321	460
321	637
321	647
321	696
321	754
321	815
321	856
321	970
322	575
322	593
322	601
322	676
322	805
322	877
323	446
323	447
323	453
323	650
323	751
323	842
323	843
323	927
323	971
323	978
323	987
324	534
324	673
324	819
325	422
325	479
325	511
325	528
325	530
325	541
325	578
325	681
325	684
325	758
325	806
325	967
325	996
326	367
326	537
326	587
326	732
326	955
326	960
326	990
327	349
327	452
327	651
327	801
327	809
327	820
327	866
328	461
328	476
328	507
328	510
328	600
328	670
328	853
329	350
329	425
329	489
329	497
329	529
329	608
329	609
329	731
329	918
330	417
330	530
330	540
330	561
330	588
330	650
330	833
331	524
331	525
331	652
331	758
331	828
331	967
332	358
332	516
332	676
332	710
332	772
332	944
333	452
333	532
333	551
333	593
333	637
333	641
333	789
333	832
333	964
334	341
334	823
334	836
334	912
334	932
335	858
335	956
335	993
336	355
336	415
336	464
336	470
336	520
336	536
336	618
336	686
336	733
336	769
336	775
336	812
336	923
336	977
337	441
337	554
337	570
337	616
337	665
337	668
337	927
338	378
338	449
338	493
338	510
338	625
338	748
339	467
339	502
339	837
339	867
339	929
339	987
340	508
341	409
341	469
341	638
341	747
341	918
342	393
342	709
342	718
342	739
342	821
343	407
343	473
343	672
343	805
343	892
344	371
344	387
344	413
344	570
344	573
344	850
345	363
345	453
345	478
345	855
345	874
345	971
346	524
346	715
346	848
346	919
347	549
347	552
347	652
347	709
347	712
347	726
347	756
347	812
347	844
347	901
347	924
348	482
348	619
348	727
348	878
349	463
349	470
349	537
349	588
349	640
349	654
349	956
349	959
350	512
350	551
350	559
350	576
350	651
350	718
350	734
350	785
350	873
351	428
351	444
351	691
351	697
351	723
351	772
352	577
352	657
352	842
352	854
352	868
353	565
353	676
353	787
353	788
354	413
354	499
354	510
355	523
355	549
355	572
355	608
355	955
356	417
356	588
356	871
356	911
356	1524
357	397
357	443
357	818
357	986
358	677
358	712
358	812
358	819
359	474
359	923
360	409
360	418
360	435
360	619
360	812
360	964
360	970
361	630
361	703
361	805
361	899
361	928
361	963
361	986
362	400
362	701
362	719
362	925
362	935
363	412
363	426
363	520
363	703
363	724
363	753
363	955
364	493
364	636
364	697
364	866
365	524
365	561
365	620
365	728
365	781
365	800
365	817
365	820
365	895
365	904
365	926
365	950
366	622
366	660
366	687
366	730
366	883
367	432
367	481
367	528
367	742
367	857
367	887
367	966
368	403
368	406
368	432
368	433
368	460
368	478
368	603
368	665
368	723
368	814
368	862
368	938
368	977
369	455
369	723
369	738
369	818
369	967
370	377
370	388
370	514
370	612
370	625
370	730
370	826
370	936
370	995
371	373
371	520
371	639
371	796
371	807
371	827
371	850
371	920
371	938
371	985
372	395
372	526
372	589
372	634
372	641
372	839
373	398
373	456
373	476
373	501
373	533
373	680
373	684
373	721
373	860
373	861
373	878
373	950
373	983
374	397
374	588
374	739
375	535
375	571
375	646
375	651
375	678
375	681
375	703
375	777
375	805
375	806
375	823
375	991
376	381
376	520
376	715
376	720
376	746
376	922
377	513
377	549
377	643
377	660
377	734
377	745
377	758
377	778
377	824
377	931
377	961
378	636
378	817
378	826
378	946
379	555
379	596
380	507
380	768
380	856
380	957
381	608
381	711
381	821
381	838
381	927
381	966
381	978
382	445
382	673
382	895
382	944
383	428
383	477
383	693
383	733
383	830
383	857
383	881
383	915
384	387
384	429
384	614
384	630
384	734
384	985
385	397
385	413
385	541
385	650
385	816
386	403
386	467
386	497
386	520
386	530
386	547
386	734
386	775
386	895
386	947
387	421
387	482
387	744
387	755
388	456
388	502
388	614
388	634
388	982
389	454
389	749
389	871
389	938
389	951
389	996
390	420
390	427
390	494
390	523
390	663
390	726
390	743
390	791
390	796
390	813
390	843
390	869
390	913
390	944
390	953
391	616
391	777
391	898
391	947
391	971
391	1422
392	454
392	565
392	586
392	749
392	811
392	820
393	493
393	542
393	549
393	1932
394	524
394	686
394	706
394	784
394	809
394	855
394	864
395	527
395	529
395	761
395	784
395	874
396	719
396	918
397	656
397	788
397	868
397	960
397	969
397	996
398	537
398	546
398	735
398	802
398	880
399	585
399	787
399	891
399	967
400	411
400	490
400	493
400	508
400	605
400	887
400	931
400	940
401	450
401	554
401	666
401	784
402	459
402	583
402	595
402	665
402	754
402	860
402	883
402	898
403	456
403	624
403	713
403	721
403	781
403	786
403	911
403	914
403	946
403	951
404	471
404	629
404	741
404	833
404	932
405	497
405	508
405	516
405	574
405	586
405	745
405	1503
406	568
406	707
406	709
406	753
406	758
406	953
407	429
407	500
407	528
407	899
407	930
408	662
408	700
408	827
408	912
409	503
409	608
409	660
409	669
409	797
409	920
410	521
410	547
410	600
410	733
410	746
411	448
411	573
411	664
411	680
411	812
411	829
411	948
412	633
412	873
412	902
413	569
413	577
413	632
413	706
413	784
413	854
413	900
413	904
413	956
413	990
414	440
414	551
414	604
414	823
415	425
415	548
415	790
415	793
415	839
415	891
416	467
416	604
416	674
416	827
416	877
416	994
417	423
417	576
417	625
417	657
417	706
417	828
417	847
417	933
417	985
417	1051
418	453
418	538
418	784
418	824
418	873
419	585
419	596
419	597
419	634
419	841
419	1037
419	1165
420	430
420	491
420	616
420	709
420	825
420	837
420	839
420	871
421	588
421	614
421	744
421	785
421	815
421	839
421	956
422	938
422	973
422	987
423	506
423	707
423	734
423	805
423	818
423	838
424	675
424	814
424	842
424	899
424	997
425	635
425	699
425	742
425	809
425	910
425	938
426	430
426	525
426	602
426	617
426	666
426	783
427	435
427	538
427	554
427	555
427	612
427	666
428	462
428	585
428	697
428	946
428	963
429	583
429	683
429	799
429	866
429	989
429	1467
430	498
430	679
430	685
430	688
430	689
430	734
430	758
430	927
431	490
431	511
431	523
431	562
431	704
431	880
431	996
432	438
432	459
432	560
432	622
432	697
432	766
432	823
432	849
432	990
432	1045
433	760
433	841
433	948
433	1447
434	435
434	650
434	697
434	850
434	938
434	1615
435	475
435	498
435	679
435	698
435	699
435	760
435	869
435	970
436	541
436	700
436	851
436	959
437	451
437	466
437	490
437	657
437	826
438	782
438	790
438	898
438	904
438	940
439	454
439	496
439	644
439	821
439	896
440	515
440	933
441	460
441	489
441	564
441	579
441	587
441	666
441	845
441	922
442	445
442	457
442	500
442	607
442	630
442	650
442	995
443	494
443	506
443	619
443	902
443	910
443	920
443	931
443	942
444	557
444	598
444	619
444	930
445	456
445	483
445	519
445	781
445	974
445	979
445	982
446	630
446	655
446	747
447	550
447	629
447	659
447	675
447	783
447	811
447	827
447	907
447	939
448	458
448	517
448	666
448	831
448	862
448	948
449	571
449	766
449	795
449	852
449	979
450	469
450	557
450	611
450	666
450	687
450	802
450	933
451	558
451	638
451	644
451	656
451	745
451	907
452	472
452	572
452	767
452	964
452	967
453	721
453	782
453	786
453	852
453	950
453	955
454	476
454	595
454	601
454	831
454	944
455	456
455	511
455	525
455	536
455	741
455	912
455	931
455	996
455	1444
456	469
456	482
456	574
456	773
456	926
457	521
457	625
457	728
457	751
457	871
457	931
457	969
458	850
458	860
458	944
458	997
458	1530
459	562
459	577
459	586
459	937
460	474
460	718
460	739
460	752
460	956
460	972
461	465
461	514
461	600
461	606
461	689
461	755
461	808
461	858
461	866
461	873
461	910
462	464
462	738
462	761
462	861
462	921
463	539
463	578
463	622
463	626
463	690
463	795
463	845
463	920
463	1309
463	1654
464	487
464	594
464	668
464	924
465	468
465	544
465	545
465	625
465	777
465	889
465	940
465	971
466	477
466	998
466	1481
467	493
467	517
467	629
467	792
467	947
468	601
468	623
468	670
468	802
468	943
468	957
469	504
469	580
469	723
469	882
469	972
470	690
470	905
470	921
470	948
471	487
471	588
471	729
471	884
472	481
472	715
473	497
473	601
473	602
474	501
474	524
474	723
475	610
475	718
475	766
475	804
475	918
475	943
476	541
476	545
476	569
476	681
476	723
477	558
477	591
477	648
477	718
477	723
477	921
477	965
477	984
478	494
478	495
478	663
478	695
478	696
478	727
478	974
479	560
479	709
479	783
479	806
479	907
479	970
480	497
480	653
480	715
480	789
480	901
481	508
481	532
481	545
481	583
481	773
481	810
482	613
482	697
482	712
482	905
482	973
483	500
483	519
483	721
483	849
483	946
484	530
484	876
484	890
485	583
485	765
485	937
486	739
486	745
486	843
486	961
487	613
487	681
487	691
487	732
487	766
487	871
488	498
488	632
488	752
488	840
489	527
489	642
489	726
489	730
490	648
490	844
490	943
491	573
491	583
491	630
491	682
491	815
491	832
491	839
491	856
491	996
492	541
492	548
492	613
492	648
492	921
493	495
493	530
493	567
493	671
493	679
493	824
493	960
494	716
494	774
495	608
495	801
495	933
495	937
496	617
496	837
496	905
496	941
496	943
496	965
496	990
497	611
497	666
497	901
497	977
497	995
498	508
498	669
498	733
498	758
498	795
498	971
498	973
499	559
499	566
499	604
499	726
499	837
499	991
500	745
500	814
500	906
500	970
501	686
501	765
501	791
501	848
501	897
501	929
502	581
502	743
502	918
502	991
503	912
503	949
504	550
504	573
504	708
504	728
504	989
505	636
506	575
506	589
506	602
506	640
506	690
506	723
506	768
506	956
506	969
507	547
507	552
507	750
507	768
507	806
508	620
508	653
508	682
508	737
508	790
508	794
508	888
508	912
509	583
509	790
509	856
509	871
509	935
510	771
510	844
510	987
510	995
511	695
511	827
512	754
512	769
512	902
512	935
513	615
513	682
513	986
513	1884
514	563
514	676
514	774
514	851
514	855
514	867
514	872
515	560
515	752
515	792
515	794
515	895
516	719
516	776
516	940
516	969
517	607
517	737
517	746
517	783
517	811
517	903
517	953
518	546
518	562
518	679
519	564
519	634
519	724
519	781
519	787
519	908
519	968
520	522
520	548
520	891
520	912
520	931
520	1418
520	1646
521	581
521	808
521	946
521	973
522	753
522	760
523	550
523	712
523	777
523	809
523	910
524	596
524	621
524	706
524	853
524	890
524	975
525	680
525	769
525	789
525	891
525	903
526	580
526	603
527	828
528	772
528	807
528	959
529	535
529	576
529	685
529	841
529	849
529	982
530	729
530	778
530	791
530	799
530	876
530	906
530	928
530	1620
531	605
531	927
532	541
532	725
532	751
532	784
532	941
533	546
533	591
533	879
533	888
533	993
534	621
534	828
534	855
534	886
535	796
535	899
535	994
536	539
536	636
536	644
536	833
537	572
537	685
537	766
537	782
537	869
537	870
537	928
538	599
538	737
538	747
538	786
538	807
538	808
538	884
538	906
538	976
539	987
540	682
540	705
540	706
540	882
540	919
540	972
541	616
541	670
541	694
541	755
541	859
541	971
542	718
542	770
542	829
542	869
542	963
542	1449
543	701
543	743
543	895
543	999
543	1005
544	568
544	679
544	786
545	677
545	925
546	826
546	957
547	549
547	562
547	698
547	706
547	754
547	771
547	808
547	836
547	920
547	937
548	579
548	643
548	661
548	805
548	851
548	966
549	553
549	554
549	615
549	709
549	747
549	892
549	954
550	618
550	738
550	855
550	903
550	991
551	555
551	616
551	635
551	806
551	850
551	947
552	593
552	621
552	740
552	784
552	851
552	852
552	939
553	607
553	620
553	654
553	774
553	803
553	807
553	809
553	818
553	939
554	573
554	620
554	637
554	810
554	831
554	1243
555	741
555	796
555	850
555	876
555	928
556	663
556	711
556	872
556	874
557	655
557	677
557	760
557	823
558	769
558	964
559	796
559	827
559	871
559	911
559	937
559	965
560	584
560	981
561	598
561	614
561	714
561	716
561	900
561	997
564	646
564	759
564	799
564	937
565	669
565	829
565	885
565	930
565	941
565	992
566	576
566	622
566	650
566	761
566	791
566	844
566	937
567	593
567	616
567	658
567	806
568	651
568	694
569	812
569	875
569	928
570	613
570	652
571	647
571	650
571	781
571	836
571	849
571	854
571	855
572	580
572	615
573	715
573	796
573	970
574	610
574	719
574	796
574	854
574	886
574	928
575	785
575	827
576	605
576	799
576	806
576	818
576	819
576	975
577	583
577	673
577	779
577	823
577	911
577	931
577	936
578	646
578	757
578	823
579	607
579	617
579	618
579	684
579	858
579	992
580	652
580	921
580	941
581	682
581	944
581	966
581	993
581	997
582	601
582	714
582	744
582	828
582	967
583	728
583	973
584	631
584	659
584	797
584	798
584	890
585	586
585	612
585	626
585	714
585	953
585	961
587	612
587	682
587	738
587	804
587	1119
588	595
588	612
588	625
588	632
588	737
588	830
588	854
588	944
589	695
589	740
589	901
589	951
590	826
590	875
590	915
591	827
591	829
592	758
592	793
592	810
593	614
593	643
593	798
593	923
593	997
594	681
594	689
594	765
594	831
594	930
594	955
595	885
596	837
596	872
596	882
596	957
596	985
597	875
598	668
598	721
598	808
598	979
599	629
599	777
599	860
599	979
600	900
601	825
601	901
601	923
601	939
601	953
601	963
601	976
602	793
602	847
602	953
603	847
603	889
604	626
604	771
604	777
604	794
604	878
605	678
605	699
605	1762
606	616
606	675
606	720
606	817
606	848
606	899
606	944
607	700
607	773
607	903
607	1202
608	656
608	730
608	740
608	997
609	628
609	722
609	754
609	793
610	721
610	739
610	824
610	875
610	917
610	958
610	966
611	614
611	647
611	759
611	810
611	853
611	866
611	959
611	968
611	995
611	998
612	747
612	851
613	749
613	768
613	795
614	657
614	713
614	908
614	977
614	1283
615	758
615	813
615	830
615	879
615	913
615	963
616	661
616	713
617	663
617	697
617	955
617	962
617	984
617	986
617	995
618	934
618	1342
619	691
619	703
619	734
619	778
619	783
620	664
620	924
621	647
621	686
621	689
621	1701
622	741
622	874
622	885
622	936
623	661
623	846
623	930
623	969
624	631
624	724
624	780
624	781
624	872
624	923
624	944
624	985
625	805
625	972
625	1498
626	651
626	713
626	739
626	759
626	970
626	976
626	986
627	693
627	759
627	825
627	832
627	887
627	910
627	995
628	654
628	659
628	726
628	782
628	915
629	637
629	662
629	728
629	764
629	835
630	797
630	862
630	973
631	693
631	701
631	705
631	744
631	754
631	909
632	668
632	698
632	789
632	852
632	905
633	725
633	887
633	961
633	981
634	660
634	716
634	749
634	867
634	968
635	677
635	679
635	716
635	755
635	888
636	944
637	683
637	716
637	782
637	819
638	711
638	733
638	753
638	803
638	807
638	820
638	960
639	744
639	944
640	683
640	718
640	738
640	897
640	989
641	658
641	665
641	791
641	886
641	909
641	981
642	697
642	711
642	767
642	775
643	810
644	654
644	679
644	682
644	802
644	820
644	844
644	847
644	872
644	934
645	679
645	717
645	762
645	879
645	901
645	929
645	992
646	652
646	680
646	877
646	922
646	927
646	970
647	777
647	806
647	893
647	992
648	677
648	716
649	661
649	675
649	706
649	972
650	941
650	965
651	904
652	871
653	674
653	677
653	691
654	672
654	704
654	734
654	818
654	901
654	986
654	1155
655	682
655	697
655	773
655	832
655	856
656	684
656	699
656	726
656	761
656	977
657	729
657	756
657	868
658	718
658	953
658	998
659	683
659	778
659	822
659	828
660	765
660	855
660	993
661	708
661	736
662	671
662	741
662	963
663	674
663	713
663	780
663	822
663	899
663	948
664	676
664	787
664	922
664	932
664	956
665	764
665	961
665	962
665	971
665	975
666	736
666	757
666	906
666	971
667	675
667	730
667	742
668	734
668	831
668	867
668	871
669	714
669	743
669	859
670	673
670	740
670	743
670	790
670	871
670	955
671	701
671	896
671	975
671	1768
672	717
672	742
672	790
672	910
672	937
672	971
672	988
673	742
673	810
673	849
673	948
674	700
674	832
674	889
675	809
675	850
675	914
676	678
677	883
677	923
677	938
677	948
678	807
678	896
678	992
679	708
679	897
680	699
680	976
681	776
681	794
681	870
681	946
681	978
682	738
682	819
682	896
682	930
683	694
683	721
683	727
683	744
683	812
684	1853
684	1911
685	772
685	858
685	881
685	933
685	962
686	691
686	902
687	801
687	921
687	933
688	725
688	857
688	896
688	983
689	736
689	866
689	971
689	983
690	822
690	953
691	725
691	794
691	1731
692	694
692	739
692	823
692	926
692	979
694	727
694	816
694	909
694	1355
695	754
695	795
695	856
695	872
695	899
696	713
696	777
696	778
696	957
697	720
697	902
697	984
698	813
698	859
698	878
699	800
700	735
700	892
700	940
700	952
701	720
701	723
701	905
701	914
702	742
702	844
703	737
703	881
703	934
704	864
704	882
705	794
706	842
706	912
706	995
707	728
707	730
707	731
707	790
708	821
708	833
709	721
709	758
710	742
710	766
711	942
711	949
711	983
712	1721
713	718
713	999
714	901
714	912
714	947
715	869
715	904
715	925
716	720
716	812
716	871
716	877
716	963
716	969
716	981
717	737
717	999
717	1238
718	720
718	726
718	873
718	894
719	744
719	782
719	859
719	862
719	946
719	983
720	737
720	973
721	736
721	914
721	916
722	734
722	768
722	878
723	810
723	837
723	862
723	953
724	729
724	771
724	779
724	893
724	963
725	823
725	947
727	764
727	926
727	1389
728	774
729	785
729	787
729	992
730	744
731	872
731	995
732	827
732	951
733	738
733	942
733	965
733	970
734	752
734	844
734	897
734	931
735	738
735	857
735	872
735	981
736	848
736	859
736	893
736	908
737	801
737	973
738	842
738	869
738	880
739	760
739	912
739	941
739	973
740	784
740	798
740	803
740	874
740	933
741	907
742	850
742	928
742	937
742	963
743	991
744	773
744	793
744	826
744	978
745	767
745	984
746	989
747	788
747	811
747	884
747	923
747	936
747	948
748	765
748	798
748	821
748	1119
748	1464
749	949
750	840
750	1651
751	786
751	862
751	916
751	917
751	973
751	981
752	821
752	981
753	846
753	892
753	932
754	773
754	837
755	827
755	866
756	836
756	870
757	834
757	875
758	763
758	793
758	850
758	946
758	961
759	814
759	855
759	883
759	956
760	787
761	814
761	844
761	898
761	930
762	962
762	978
763	804
763	907
763	928
764	813
765	842
765	943
765	981
766	826
766	853
766	858
766	881
766	886
767	881
767	882
768	791
768	844
768	1508
769	913
769	998
769	999
770	855
770	966
771	788
771	948
772	852
773	892
773	900
774	809
774	972
775	790
775	877
775	934
776	838
776	859
776	861
776	896
777	857
777	940
779	795
780	822
780	905
780	934
780	951
780	966
781	857
781	877
781	1505
782	899
784	849
784	881
784	941
785	837
785	951
786	952
787	861
788	916
788	1221
789	842
789	927
789	931
789	949
790	880
791	799
791	929
792	831
792	859
792	935
792	956
792	974
792	992
793	892
793	992
794	875
794	979
795	809
795	837
795	871
795	876
795	999
796	915
796	928
796	1763
797	982
798	820
798	824
798	966
798	1721
798	1813
799	822
799	828
799	969
799	989
801	840
801	925
802	810
802	846
803	886
804	890
804	979
804	991
805	875
805	909
805	950
806	931
806	943
807	846
807	902
807	916
807	963
808	1785
809	878
809	939
809	977
811	955
812	819
812	869
812	936
813	844
814	838
815	840
815	858
816	849
816	989
817	863
817	886
817	952
817	1277
818	835
819	861
819	885
820	867
821	842
821	913
822	893
822	923
822	928
822	947
822	981
823	961
824	839
824	858
824	868
824	986
824	993
824	1062
825	1069
826	946
826	959
826	964
828	919
829	847
829	923
830	883
830	902
830	928
831	902
831	953
832	841
832	845
832	866
832	930
833	838
833	950
834	966
835	883
835	907
836	919
837	877
837	880
837	992
838	863
838	868
838	993
839	842
840	892
841	901
843	888
844	865
844	870
844	874
844	925
844	955
846	884
846	985
846	1296
847	934
848	980
849	973
850	884
850	1515
851	986
852	890
852	989
854	887
854	903
854	998
855	912
856	880
856	917
856	988
857	859
857	909
859	863
859	945
859	963
860	875
860	962
862	886
864	932
865	929
865	962
867	892
868	880
868	910
869	909
871	900
871	939
871	990
873	895
873	905
874	880
875	899
875	956
876	893
877	921
877	924
878	986
879	975
880	885
881	918
881	931
882	910
882	912
882	954
882	1713
884	917
885	899
885	908
885	962
886	999
888	931
889	996
890	932
890	1908
892	913
892	947
892	971
894	905
894	1778
895	955
895	1790
897	960
898	991
898	1723
900	962
901	937
901	1987
902	923
902	963
904	975
905	1204
906	944
906	963
907	925
909	983
910	962
911	931
912	956
912	988
913	929
913	966
914	994
915	916
916	984
917	948
918	971
918	974
919	933
920	976
921	945
921	998
922	957
922	982
924	956
924	962
925	933
925	955
927	945
927	983
928	985
928	995
930	941
930	993
931	967
931	999
932	972
932	1190
933	957
933	959
933	996
935	959
935	976
938	952
939	979
943	950
943	980
946	949
948	990
949	981
951	1900
957	1129
959	968
959	976
959	978
959	995
960	961
960	975
963	980
963	995
965	966
966	975
966	993
966	1362
968	1116
978	1233
986	1533
987	997
990	1493
997	1314
1000	1001
1000	1023
1000	1056
1000	1230
1000	1395
1000	1707
1000	1907
1000	1939
1001	1033
1001	1080
1001	1187
1001	1252
1001	1253
1001	1431
1001	1502
1001	1592
1001	1765
1001	1819
1001	1920
1002	1028
1002	1068
1002	1507
1002	1603
1002	1697
1002	1738
1002	1809
1003	1020
1003	1120
1003	1561
1003	1596
1003	1619
1003	1642
1003	1834
1003	1941
1003	1992
1004	1013
1004	1111
1004	1213
1004	1250
1004	1357
1004	1561
1004	1673
1004	1769
1004	1845
1004	1853
1004	1904
1004	1905
1004	1962
1005	1360
1005	1379
1005	1397
1005	1468
1005	1577
1005	1677
1005	1726
1005	1802
1005	1904
1005	1943
1006	1109
1006	1135
1006	1341
1006	1388
1006	1448
1006	1455
1006	1456
1006	1474
1006	1654
1006	1673
1006	1706
1006	1843
1006	1845
1006	1882
1007	1271
1007	1293
1007	1313
1007	1515
1007	1600
1007	1652
1007	1857
1007	1880
1007	1919
1008	1058
1008	1121
1008	1123
1008	1261
1008	1282
1008	1360
1008	1419
1008	1595
1008	1805
1009	1026
1009	1039
1009	1091
1009	1188
1009	1386
1009	1413
1009	1574
1009	1711
1009	1792
1009	1798
1010	1289
1010	1336
1010	1396
1010	1501
1010	1512
1010	1733
1010	1736
1010	1765
1010	1792
1010	1818
1011	1154
1011	1163
1011	1173
1011	1346
1011	1405
1011	1447
1011	1564
1011	1636
1011	1811
1011	1822
1011	1910
1012	1017
1012	1214
1012	1348
1012	1375
1012	1462
1012	1634
1012	1647
1012	1652
1012	1917
1012	1999
1013	1021
1013	1156
1013	1292
1013	1347
1013	1507
1013	1595
1013	1846
1013	1977
1014	1046
1014	1125
1014	1213
1014	1253
1014	1264
1014	1394
1014	1460
1014	1468
1014	1496
1014	1573
1014	1990
1015	1201
1015	1266
1015	1297
1015	1407
1015	1444
1015	1588
1015	1678
1015	1692
1015	1708
1015	1859
1016	1249
1016	1252
1016	1396
1016	1603
1016	1679
1017	1067
1017	1295
1017	1394
1017	1570
1017	1578
1017	1874
1017	1887
1018	1054
1018	1150
1018	1231
1018	1347
1018	1402
1018	1632
1018	1665
1018	1703
1018	1715
1018	1756
1018	1773
1018	1781
1018	1817
1019	1180
1019	1248
1019	1404
1019	1436
1019	1466
1019	1577
1019	1606
1019	1702
1020	1299
1020	1358
1020	1396
1020	1591
1020	1657
1020	1690
1020	1737
1020	1823
1020	1953
1020	1961
1020	1995
1021	1097
1021	1156
1021	1178
1021	1180
1021	1213
1021	1338
1021	1356
1021	1375
1021	1564
1021	1931
1021	1988
1022	1120
1022	1206
1022	1215
1022	1294
1022	1340
1022	1451
1022	1533
1022	1543
1022	1559
1022	1708
1023	1049
1023	1084
1023	1105
1023	1109
1023	1149
1023	1163
1023	1193
1023	1235
1023	1419
1023	1732
1023	1888
1023	1934
1024	1128
1024	1161
1024	1217
1024	1433
1024	1474
1024	1583
1025	1107
1025	1315
1025	1320
1025	1332
1025	1583
1025	1695
1025	1881
1025	1977
1026	1136
1026	1143
1026	1168
1026	1198
1026	1216
1026	1227
1026	1293
1026	1411
1026	1564
1026	1569
1027	1110
1027	1176
1027	1238
1027	1295
1027	1369
1027	1405
1027	1409
1027	1435
1027	1468
1027	1521
1027	1575
1027	1767
1027	1782
1027	1798
1027	1804
1027	1816
1027	1896
1027	1951
1028	1200
1028	1227
1028	1322
1028	1337
1028	1577
1028	1769
1028	1772
1028	1943
1029	1131
1029	1180
1029	1479
1029	1545
1029	1588
1029	1742
1029	1776
1029	1817
1029	1944
1029	1998
1030	1192
1030	1227
1030	1236
1030	1282
1030	1486
1030	1505
1030	1523
1031	1079
1031	1190
1031	1208
1031	1299
1031	1401
1031	1762
1032	1050
1032	1084
1032	1100
1032	1166
1032	1178
1032	1201
1032	1296
1032	1362
1032	1469
1032	1530
1032	1550
1032	1643
1032	1850
1032	1956
1033	1095
1033	1126
1033	1387
1033	1536
1033	1709
1033	1762
1033	1963
1034	1083
1034	1397
1034	1746
1035	1049
1035	1112
1035	1129
1035	1237
1035	1288
1035	1445
1035	1459
1035	1504
1035	1506
1035	1836
1035	1891
1036	1043
1036	1155
1036	1167
1036	1173
1036	1306
1036	1318
1036	1371
1036	1499
1036	1726
1036	1755
1037	1074
1037	1182
1037	1275
1037	1294
1037	1298
1037	1308
1037	1340
1037	1454
1037	1515
1037	1520
1037	1539
1037	1611
1037	1613
1037	1793
1037	1807
1037	1809
1037	1891
1037	1924
1038	1041
1038	1065
1038	1155
1038	1329
1038	1791
1038	1813
1038	1925
1039	1073
1039	1152
1039	1220
1039	1272
1039	1307
1039	1422
1039	1481
1039	1612
1039	1662
1039	1760
1039	1912
1040	1061
1040	1146
1040	1281
1040	1602
1040	1784
1040	1851
1040	1902
1040	1986
1041	1119
1041	1395
1041	1608
1041	1672
1041	1719
1042	1174
1042	1244
1042	1259
1042	1333
1042	1501
1042	1599
1042	1667
1042	1794
1042	1986
1043	1075
1043	1112
1043	1175
1043	1228
1043	1229
1043	1262
1043	1353
1043	1464
1043	1495
1043	1733
1043	1811
1043	1942
1043	1946
1044	1107
1044	1397
1044	1505
1044	1599
1044	1731
1044	1759
1044	1822
1045	1368
1045	1418
1045	1432
1045	1461
1045	1507
1045	1598
1045	1656
1045	1662
1045	1684
1045	1742
1045	1811
1045	1898
1045	1912
1045	1939
1046	1061
1046	1103
1046	1129
1046	1196
1046	1240
1046	1502
1046	1560
1046	1636
1046	1821
1046	1928
1047	1048
1047	1062
1047	1073
1047	1126
1047	1153
1047	1156
1047	1226
1047	1429
1047	1528
1047	1712
1048	1071
1048	1129
1048	1241
1048	1514
1048	1600
1048	1690
1048	1715
1048	1762
1048	1826
1048	1886
1049	1255
1049	1292
1049	1403
1049	1587
1049	1704
1049	1726
1050	1243
1050	1280
1050	1296
1050	1496
1050	1687
1050	1850
1050	1863
1051	1258
1051	1286
1051	1294
1051	1351
1051	1361
1051	1379
1051	1503
1051	1539
1051	1877
1052	1337
1052	1406
1052	1534
1052	1707
1052	1741
1052	1789
1053	1455
1053	1493
1053	1592
1053	1665
1053	1922
1054	1244
1054	1277
1054	1307
1054	1418
1054	1491
1054	1497
1054	1515
1054	1555
1054	1765
1054	1814
1054	1848
1054	1983
1054	1984
1054	1991
1055	1151
1055	1238
1055	1410
1055	1504
1055	1543
1055	1673
1055	1789
1055	1795
1056	1101
1056	1228
1056	1474
1056	1595
1056	1737
1056	1815
1056	1990
1057	1074
1057	1075
1057	1097
1057	1108
1057	1203
1057	1254
1057	1303
1057	1346
1057	1358
1057	1379
1057	1477
1057	1592
1057	1856
1058	1064
1058	1118
1058	1223
1058	1228
1058	1328
1058	1468
1058	1487
1058	1488
1058	1593
1058	1730
1059	1179
1059	1278
1059	1460
1059	1507
1059	1525
1059	1621
1059	1689
1059	1825
1059	1909
1060	1120
1060	1161
1060	1163
1060	1173
1060	1182
1060	1528
1060	1662
1060	1740
1060	1827
1060	1835
1061	1287
1061	1400
1061	1471
1061	1484
1061	1531
1061	1703
1061	1960
1062	1224
1062	1228
1062	1305
1062	1367
1062	1395
1062	1610
1062	1619
1062	1655
1062	1663
1062	1741
1062	1745
1062	1793
1062	1878
1062	1895
1062	1958
1063	1085
1063	1130
1063	1134
1063	1190
1063	1250
1063	1437
1063	1496
1063	1715
1063	1814
1063	1865
1063	1884
1063	1899
1063	1974
1064	1302
1064	1397
1064	1403
1064	1421
1064	1532
1064	1596
1064	1687
1064	1739
1064	1821
1064	1833
1064	1894
1064	1996
1065	1232
1065	1240
1065	1313
1065	1377
1065	1430
1065	1539
1065	1562
1065	1639
1065	1678
1065	1710
1065	1930
1066	1150
1066	1195
1066	1717
1067	1168
1067	1227
1067	1512
1067	1590
1067	1677
1067	1681
1067	1786
1067	1819
1067	1907
1068	1134
1068	1150
1068	1152
1068	1192
1068	1230
1068	1244
1068	1283
1068	1482
1068	1516
1068	1643
1068	1676
1068	1691
1068	1880
1069	1073
1069	1074
1069	1093
1069	1144
1069	1497
1069	1600
1069	1637
1069	1772
1069	1789
1069	1812
1069	1832
1070	1184
1070	1192
1070	1200
1070	1216
1070	1267
1070	1293
1070	1327
1070	1498
1070	1627
1070	1686
1070	1760
1071	1117
1071	1122
1071	1183
1071	1267
1071	1336
1071	1472
1071	1511
1071	1521
1071	1663
1071	1734
1071	1917
1071	1954
1072	1300
1072	1309
1072	1327
1072	1420
1072	1563
1072	1657
1072	1867
1073	1155
1073	1202
1073	1294
1073	1301
1073	1309
1073	1379
1073	1517
1073	1578
1073	1580
1073	1590
1073	1649
1073	1716
1073	1812
1073	1887
1073	1919
1073	1926
1074	1104
1074	1159
1074	1168
1074	1224
1074	1227
1074	1289
1074	1362
1074	1392
1074	1513
1074	1669
1074	1712
1074	1802
1074	1803
1074	1861
1074	1888
1074	1959
1075	1112
1075	1149
1075	1207
1075	1353
1075	1447
1075	1455
1075	1534
1075	1610
1075	1649
1075	1858
1076	1260
1076	1277
1076	1278
1076	1370
1076	1495
1076	1497
1076	1813
1076	1842
1076	1962
1077	1093
1077	1180
1077	1363
1077	1399
1077	1480
1077	1535
1077	1547
1077	1640
1077	1718
1077	1753
1077	1895
1077	1914
1078	1153
1078	1356
1078	1506
1078	1525
1078	1542
1078	1554
1078	1628
1078	1678
1078	1748
1078	1856
1078	1885
1078	1898
1078	1988
1079	1166
1079	1299
1079	1432
1079	1475
1079	1535
1079	1553
1079	1667
1079	1704
1079	1790
1079	1919
1080	1156
1080	1205
1080	1368
1080	1443
1080	1528
1080	1530
1080	1655
1080	1692
1080	1738
1081	1092
1081	1428
1081	1629
1081	1687
1081	1834
1081	1958
1082	1173
1082	1246
1082	1704
1082	1869
1082	1883
1082	1896
1083	1152
1083	1504
1083	1572
1083	1597
1083	1639
1083	1653
1083	1868
1083	1884
1083	1954
1084	1338
1084	1705
1084	1905
1085	1130
1085	1170
1085	1380
1085	1426
1085	1431
1085	1489
1085	1672
1085	1814
1085	1816
1085	1967
1086	1148
1086	1349
1086	1466
1086	1487
1086	1667
1086	1679
1086	1745
1086	1763
1086	1776
1086	1802
1086	1931
1086	1959
1087	1413
1087	1569
1087	1717
1088	1276
1088	1277
1088	1382
1088	1428
1088	1589
1088	1647
1088	1667
1088	1780
1088	1787
1088	1868
1088	1924
1088	1963
1088	1964
1088	1998
1089	1141
1089	1335
1089	1338
1089	1454
1089	1481
1089	1503
1089	1588
1089	1790
1089	1801
1089	1818
1089	1860
1090	1101
1090	1138
1090	1143
1090	1150
1090	1193
1090	1195
1090	1293
1090	1443
1090	1656
1090	1701
1090	1983
1090	1998
1091	1251
1091	1540
1091	1660
1091	1668
1091	1730
1091	1996
1092	1156
1092	1405
1092	1444
1092	1447
1092	1453
1092	1455
1092	1641
1092	1702
1092	1748
1092	1783
1093	1625
1093	1650
1093	1665
1093	1704
1093	1949
1093	1992
1094	1195
1094	1239
1094	1441
1094	1497
1094	1542
1094	1600
1094	1671
1094	1673
1094	1706
1095	1112
1095	1257
1095	1425
1095	1429
1095	1554
1095	1573
1095	1638
1095	1727
1095	1772
1095	1831
1095	1895
1096	1163
1096	1186
1096	1277
1096	1377
1096	1483
1096	1517
1096	1522
1096	1541
1096	1560
1096	1609
1096	1663
1096	1784
1096	1799
1096	1847
1096	1916
1097	1177
1097	1279
1097	1710
1097	1778
1098	1195
1098	1230
1098	1270
1098	1439
1098	1447
1098	1642
1098	1678
1098	1926
1098	1966
1098	1981
1099	1392
1099	1435
1099	1488
1099	1525
1099	1589
1099	1621
1099	1633
1099	1770
1099	1786
1100	1666
1100	1712
1100	1850
1101	1290
1101	1719
1101	1780
1101	1942
1102	1108
1102	1181
1102	1210
1102	1231
1102	1450
1102	1534
1102	1560
1102	1862
1102	1919
1102	1946
1102	1963
1103	1116
1103	1142
1103	1156
1103	1222
1103	1389
1103	1504
1103	1551
1103	1640
1103	1755
1103	1814
1103	1944
1104	1232
1104	1252
1104	1362
1104	1456
1104	1787
1104	1941
1104	1983
1105	1238
1105	1257
1105	1281
1105	1284
1105	1326
1105	1371
1105	1472
1105	1636
1105	1694
1105	1891
1105	1926
1106	1221
1106	1230
1106	1305
1106	1322
1106	1433
1106	1503
1106	1539
1106	1545
1106	1653
1106	1657
1106	1783
1106	1903
1107	1109
1107	1195
1107	1256
1107	1293
1107	1338
1107	1355
1107	1364
1107	1539
1107	1667
1108	1299
1108	1378
1108	1522
1108	1551
1108	1582
1108	1729
1108	1767
1109	1180
1109	1186
1109	1231
1109	1461
1109	1493
1109	1517
1109	1685
1109	1828
1109	1844
1109	1983
1110	1272
1110	1302
1110	1517
1110	1522
1110	1611
1110	1741
1110	1778
1110	1876
1111	1269
1111	1361
1111	1481
1111	1548
1111	1629
1111	1725
1112	1126
1112	1154
1112	1251
1112	1258
1112	1277
1112	1287
1112	1348
1112	1536
1112	1569
1112	1613
1112	1703
1112	1781
1112	1828
1112	1874
1112	1980
1113	1130
1113	1235
1113	1286
1113	1322
1113	1781
1113	1789
1114	1181
1114	1182
1114	1259
1114	1333
1114	1415
1114	1500
1114	1537
1114	1577
1114	1755
1114	1917
1114	1924
1114	1980
1115	1147
1115	1156
1115	1308
1115	1636
1115	1935
1116	1295
1116	1353
1116	1847
1116	1852
1116	1893
1116	1969
1117	1271
1117	1437
1117	1679
1117	1719
1117	1804
1117	1816
1117	1876
1117	1934
1117	1962
1117	1973
1118	1192
1118	1220
1118	1381
1118	1435
1118	1479
1118	1552
1118	1576
1118	1602
1118	1622
1118	1677
1118	1686
1118	1739
1118	1749
1118	1770
1118	1800
1118	1855
1118	1879
1118	1951
1118	1955
1118	1959
1118	1993
1119	1133
1119	1228
1119	1243
1119	1280
1119	1329
1119	1346
1119	1513
1119	1559
1119	1589
1119	1640
1119	1646
1119	1694
1120	1128
1120	1301
1120	1380
1120	1439
1120	1488
1120	1515
1120	1554
1120	1629
1120	1691
1120	1928
1120	1930
1121	1127
1121	1196
1121	1289
1121	1306
1121	1589
1121	1778
1121	1842
1121	1887
1121	1909
1121	1913
1121	1950
1121	1997
1122	1282
1122	1376
1122	1434
1122	1582
1122	1668
1122	1701
1122	1849
1123	1168
1123	1207
1123	1442
1123	1465
1123	1481
1123	1482
1123	1525
1123	1621
1123	1982
1124	1141
1124	1224
1124	1258
1124	1316
1124	1365
1124	1372
1124	1508
1124	1510
1124	1594
1124	1680
1124	1696
1124	1865
1124	1894
1124	1909
1125	1229
1125	1406
1125	1416
1125	1442
1125	1671
1125	1687
1125	1729
1125	1731
1125	1745
1125	1897
1126	1468
1126	1522
1126	1568
1126	1598
1126	1793
1126	1800
1126	1852
1126	1994
1127	1213
1127	1322
1127	1336
1127	1341
1127	1352
1127	1362
1127	1481
1127	1494
1127	1515
1127	1611
1127	1811
1127	1863
1127	1962
1128	1326
1128	1455
1128	1491
1128	1501
1128	1517
1128	1613
1128	1881
1128	1955
1128	1993
1129	1233
1129	1270
1129	1345
1129	1395
1129	1396
1129	1407
1129	1468
1129	1488
1129	1524
1129	1672
1129	1843
1129	1855
1130	1320
1130	1490
1130	1517
1130	1686
1130	1735
1130	1845
1131	1423
1131	1469
1131	1476
1131	1513
1131	1735
1132	1291
1132	1300
1132	1412
1132	1426
1132	1611
1132	1666
1132	1688
1132	1748
1132	1792
1132	1807
1132	1818
1132	1898
1132	1932
1133	1262
1133	1358
1133	1387
1133	1483
1133	1495
1133	1576
1133	1589
1133	1785
1133	1861
1133	1871
1134	1195
1134	1245
1134	1289
1134	1308
1134	1349
1134	1351
1134	1358
1134	1387
1134	1391
1134	1463
1134	1464
1134	1634
1134	1743
1134	1784
1134	1797
1134	1976
1134	1978
1135	1206
1135	1774
1135	1825
1135	1878
1135	1879
1136	1377
1136	1430
1136	1536
1136	1594
1136	1702
1136	1915
1136	1970
1137	1211
1137	1267
1137	1315
1137	1343
1137	1414
1137	1521
1137	1621
1137	1700
1137	1796
1138	1144
1138	1171
1138	1188
1138	1206
1138	1224
1138	1339
1138	1360
1138	1395
1138	1539
1138	1604
1138	1673
1138	1787
1138	1809
1138	1863
1138	1891
1139	1152
1139	1169
1139	1255
1139	1677
1139	1843
1140	1435
1140	1449
1140	1602
1140	1883
1140	1890
1140	1968
1141	1167
1141	1197
1141	1277
1141	1285
1141	1313
1141	1364
1141	1496
1141	1501
1142	1258
1142	1269
1142	1278
1142	1312
1142	1360
1142	1484
1142	1501
1142	1590
1142	1595
1142	1629
1142	1838
1142	1848
1142	1984
1142	1991
1143	1179
1143	1181
1143	1299
1143	1312
1143	1493
1143	1522
1143	1717
1143	1721
1143	1727
1143	1989
1144	1166
1144	1235
1144	1355
1144	1448
1144	1559
1144	1689
1144	1736
1144	1749
1144	1799
1144	1834
1145	1174
1145	1338
1145	1443
1145	1519
1145	1571
1145	1668
1145	1780
1145	1794
1145	1848
1145	1875
1145	1894
1146	1268
1146	1292
1146	1359
1146	1376
1146	1438
1146	1496
1146	1582
1146	1832
1146	1902
1146	1948
1146	1998
1147	1171
1147	1262
1147	1278
1147	1473
1147	1494
1147	1631
1147	1655
1147	1772
1147	1817
1147	1946
1148	1206
1148	1283
1148	1286
1148	1357
1148	1374
1148	1604
1148	1763
1148	1790
1148	1894
1149	1344
1149	1356
1149	1409
1149	1560
1149	1611
1149	1796
1149	1828
1149	1900
1149	1938
1150	1178
1150	1207
1150	1282
1150	1345
1150	1442
1150	1554
1150	1595
1150	1781
1150	1860
1150	1892
1150	1899
1150	1921
1151	1345
1151	1463
1151	1471
1151	1513
1151	1708
1151	1752
1151	1789
1151	1878
1151	1913
1152	1392
1152	1639
1152	1774
1152	1866
1152	1961
1153	1263
1153	1311
1153	1333
1153	1394
1153	1418
1153	1449
1153	1475
1153	1730
1153	1778
1153	1799
1154	1199
1154	1334
1154	1353
1154	1393
1154	1438
1154	1446
1154	1454
1154	1459
1154	1515
1154	1529
1154	1578
1154	1599
1154	1673
1154	1705
1154	1707
1154	1739
1154	1779
1154	1958
1155	1252
1155	1271
1155	1397
1155	1435
1155	1445
1155	1511
1155	1529
1155	1702
1155	1827
1156	1216
1156	1226
1156	1433
1156	1438
1156	1673
1156	1747
1156	1749
1156	1896
1157	1201
1157	1268
1157	1361
1157	1525
1157	1541
1157	1897
1158	1197
1158	1445
1158	1593
1158	1626
1158	1722
1158	1750
1158	1913
1158	1924
1158	1970
1158	1989
1159	1182
1159	1263
1159	1338
1159	1415
1159	1437
1159	1486
1159	1523
1159	1537
1159	1607
1159	1613
1159	1691
1160	1265
1160	1287
1160	1379
1160	1479
1160	1670
1160	1711
1160	1774
1160	1827
1160	1835
1160	1885
1160	1893
1160	1906
1161	1221
1161	1266
1161	1377
1161	1421
1161	1724
1161	1950
1162	1523
1162	1644
1162	1763
1162	1859
1163	1257
1163	1287
1163	1349
1163	1352
1163	1475
1163	1562
1163	1658
1163	1924
1164	1268
1164	1417
1165	1300
1165	1364
1165	1471
1165	1573
1165	1594
1165	1920
1165	1966
1166	1406
1166	1698
1166	1822
1166	1830
1166	1884
1167	1263
1167	1348
1167	1368
1167	1381
1167	1426
1167	1462
1167	1517
1167	1661
1167	1817
1167	1825
1167	1826
1167	1834
1168	1172
1168	1560
1169	1270
1169	1526
1169	1571
1169	1577
1170	1227
1170	1308
1170	1344
1170	1374
1170	1477
1170	1487
1170	1707
1170	1931
1171	1315
1171	1433
1171	1611
1171	1779
1171	1908
1172	1195
1172	1261
1172	1435
1172	1762
1172	1804
1172	1881
1172	1898
1172	1922
1172	1928
1173	1178
1173	1444
1173	1478
1173	1480
1173	1670
1173	1700
1173	1705
1173	1923
1174	1202
1174	1704
1174	1877
1174	1904
1174	1938
1174	1994
1175	1460
1175	1668
1175	1814
1176	1214
1176	1504
1176	1541
1176	1575
1176	1640
1176	1703
1176	1807
1176	1840
1176	1863
1176	1905
1177	1200
1177	1259
1177	1335
1177	1360
1177	1374
1177	1564
1177	1719
1177	1732
1177	1796
1177	1827
1177	1848
1177	1909
1177	1929
1177	1978
1178	1215
1178	1323
1178	1391
1178	1543
1178	1809
1178	1823
1178	1912
1178	1947
1178	1950
1178	1965
1178	1972
1179	1249
1179	1380
1179	1482
1179	1491
1179	1516
1179	1537
1179	1597
1179	1751
1179	1784
1179	1815
1179	1839
1179	1850
1180	1190
1180	1278
1180	1331
1180	1388
1180	1492
1180	1569
1180	1621
1180	1643
1180	1671
1180	1776
1180	1778
1180	1979
1180	1988
1181	1216
1181	1241
1181	1519
1181	1644
1181	1654
1181	1731
1181	1792
1181	1875
1181	1878
1182	1190
1182	1229
1182	1455
1182	1476
1182	1574
1182	1725
1182	1805
1182	1806
1182	1872
1182	1935
1183	1237
1183	1258
1183	1329
1183	1389
1183	1588
1183	1656
1183	1668
1183	1791
1183	1825
1183	1845
1183	1973
1183	1992
1184	1220
1184	1308
1184	1426
1184	1479
1184	1541
1184	1544
1184	1593
1184	1624
1184	1725
1184	1795
1184	1796
1184	1870
1184	1889
1184	1890
1184	1937
1185	1205
1185	1256
1185	1569
1185	1665
1185	1786
1185	1796
1185	1920
1186	1260
1186	1410
1186	1743
1186	1796
1186	1811
1186	1911
1186	1961
1187	1233
1187	1298
1187	1301
1187	1309
1187	1721
1187	1782
1187	1837
1187	1915
1188	1378
1188	1508
1188	1623
1188	1664
1188	1887
1188	1894
1188	1968
1189	1290
1189	1394
1189	1463
1189	1555
1190	1343
1190	1533
1190	1696
1190	1918
1190	1957
1191	1222
1191	1305
1191	1443
1191	1523
1191	1600
1191	1654
1191	1745
1191	1754
1191	1814
1191	1847
1191	1882
1191	1895
1191	1911
1191	1962
1192	1288
1192	1789
1192	1866
1192	1888
1193	1197
1193	1272
1193	1316
1193	1323
1193	1463
1193	1787
1193	1821
1193	1911
1193	1916
1194	1229
1194	1236
1194	1353
1194	1370
1194	1532
1194	1533
1194	1669
1194	1705
1194	1730
1194	1754
1194	1862
1194	1972
1195	1375
1195	1506
1195	1584
1195	1622
1195	1630
1195	1912
1196	1358
1196	1549
1196	1615
1196	1635
1196	1754
1196	1763
1196	1788
1196	1935
1196	1990
1197	1264
1197	1285
1197	1356
1197	1451
1197	1491
1197	1525
1197	1567
1197	1694
1197	1821
1197	1907
1198	1224
1198	1255
1198	1266
1198	1271
1198	1282
1198	1290
1198	1342
1198	1413
1198	1415
1198	1477
1198	1557
1198	1662
1198	1713
1198	1767
1199	1278
1199	1324
1199	1937
1200	1409
1200	1664
1200	1708
1200	1713
1200	1797
1200	1820
1201	1322
1201	1366
1201	1377
1201	1420
1201	1461
1201	1466
1201	1544
1201	1668
1201	1684
1201	1686
1201	1845
1201	1858
1201	1908
1202	1235
1202	1269
1202	1342
1202	1354
1202	1368
1202	1378
1202	1391
1202	1484
1202	1603
1202	1618
1202	1680
1202	1709
1202	1717
1202	1744
1202	1863
1202	1886
1202	1941
1202	1957
1202	1974
1203	1627
1203	1633
1203	1772
1203	1861
1203	1946
1203	1962
1203	1997
1204	1217
1204	1293
1204	1365
1204	1388
1204	1772
1205	1235
1205	1411
1205	1483
1205	1552
1205	1600
1205	1726
1205	1805
1205	1846
1205	1874
1206	1222
1206	1385
1206	1766
1206	1958
1206	1978
1207	1220
1207	1234
1207	1268
1207	1439
1207	1529
1207	1637
1207	1672
1207	1689
1207	1725
1207	1954
1208	1362
1208	1439
1208	1464
1208	1476
1208	1573
1208	1595
1208	1621
1208	1641
1208	1697
1208	1722
1208	1725
1208	1742
1208	1799
1208	1842
1209	1251
1209	1307
1209	1600
1210	1450
1210	1623
1210	1661
1210	1752
1210	1849
1210	1877
1210	1914
1211	1305
1211	1329
1211	1553
1211	1573
1211	1771
1212	1361
1212	1531
1212	1583
1212	1601
1212	1746
1212	1922
1212	1928
1212	1988
1213	1225
1213	1285
1213	1308
1213	1395
1213	1503
1213	1843
1213	1863
1213	1949
1214	1292
1214	1477
1214	1507
1214	1529
1214	1594
1214	1686
1214	1857
1214	1871
1214	1953
1215	1246
1215	1440
1215	1495
1215	1623
1215	1744
1215	1759
1215	1976
1216	1370
1216	1629
1217	1228
1217	1666
1217	1718
1217	1832
1217	1835
1217	1958
1218	1314
1218	1343
1218	1399
1218	1510
1218	1543
1218	1828
1218	1845
1218	1915
1219	1457
1219	1506
1219	1614
1219	1745
1219	1788
1219	1914
1219	1936
1219	1964
1219	1989
1220	1221
1220	1344
1220	1480
1220	1485
1220	1512
1220	1536
1220	1666
1220	1706
1220	1747
1220	1885
1221	1342
1221	1738
1221	1743
1222	1537
1222	1546
1222	1731
1222	1776
1222	1916
1223	1424
1223	1444
1223	1528
1223	1624
1223	1717
1223	1819
1223	1840
1224	1355
1224	1365
1224	1429
1224	1473
1224	1532
1224	1664
1224	1757
1224	1874
1224	1947
1225	1269
1225	1301
1225	1426
1225	1489
1225	1564
1225	1693
1225	1723
1226	1362
1226	1387
1226	1493
1226	1613
1226	1722
1226	1731
1226	1778
1226	1784
1227	1266
1227	1337
1227	1393
1227	1397
1227	1718
1227	1798
1227	1816
1227	1942
1227	1985
1227	1997
1228	1613
1228	1634
1228	1648
1228	1866
1228	1924
1228	1955
1228	1969
1229	1330
1229	1338
1229	1339
1229	1567
1229	1712
1229	1775
1229	1801
1229	1850
1230	1338
1230	1606
1230	1608
1230	1926
1230	1949
1231	1235
1231	1264
1231	1318
1231	1322
1231	1402
1231	1425
1231	1761
1231	1767
1231	1768
1231	1876
1231	1941
1231	1974
1232	1235
1232	1272
1232	1430
1232	1573
1232	1585
1232	1610
1232	1764
1233	1295
1233	1351
1233	1584
1233	1981
1234	1261
1234	1312
1234	1394
1234	1715
1234	1842
1235	1299
1235	1365
1235	1434
1235	1486
1235	1582
1235	1661
1235	1741
1235	1759
1235	1825
1235	1905
1235	1945
1236	1309
1236	1486
1236	1583
1236	1731
1236	1763
1236	1827
1236	1831
1236	1890
1237	1272
1237	1554
1237	1648
1237	1735
1237	1755
1237	1809
1238	1358
1238	1376
1238	1414
1238	1448
1238	1690
1238	1695
1238	1855
1238	1911
1239	1251
1239	1413
1239	1895
1239	1960
1240	1353
1240	1359
1240	1377
1240	1446
1240	1604
1240	1679
1240	1712
1240	1746
1240	1755
1240	1873
1240	1876
1240	1905
1241	1284
1241	1354
1241	1361
1241	1705
1241	1761
1241	1844
1242	1302
1242	1309
1242	1331
1242	1401
1242	1440
1242	1450
1242	1459
1242	1521
1242	1692
1242	1714
1242	1721
1242	1736
1243	1305
1243	1367
1243	1450
1243	1513
1243	1521
1243	1543
1243	1617
1243	1752
1243	1834
1243	1942
1243	1970
1243	1982
1244	1776
1244	1780
1244	1963
1244	1977
1245	1455
1245	1493
1245	1771
1245	1777
1245	1937
1245	1991
1246	1401
1246	1428
1246	1429
1246	1657
1246	1692
1246	1697
1246	1737
1246	1789
1246	1846
1246	1970
1247	1277
1247	1296
1247	1306
1247	1309
1247	1387
1247	1605
1247	1715
1247	1764
1247	1806
1247	1888
1247	1889
1247	1968
1247	1970
1248	1324
1248	1388
1248	1582
1248	1862
1248	1973
1248	1977
1249	1371
1249	1524
1249	1527
1249	1605
1249	1620
1249	1642
1249	1758
1250	1600
1250	1836
1250	1924
1251	1400
1251	1401
1251	1407
1251	1422
1251	1456
1251	1594
1251	1618
1251	1654
1251	1685
1251	1706
1251	1751
1251	1832
1251	1962
1252	1259
1252	1283
1252	1370
1252	1386
1252	1816
1252	1881
1252	1884
1252	1953
1252	1956
1253	1453
1253	1462
1253	1574
1254	1272
1254	1274
1254	1357
1254	1404
1254	1406
1254	1408
1254	1514
1254	1712
1254	1726
1254	1811
1254	1912
1255	1393
1255	1546
1255	1596
1255	1600
1255	1684
1255	1792
1255	1886
1255	1908
1255	1967
1256	1346
1256	1494
1256	1539
1256	1552
1256	1563
1256	1897
1257	1431
1257	1438
1257	1474
1257	1578
1257	1616
1257	1672
1257	1795
1258	1318
1258	1519
1258	1620
1258	1829
1258	1831
1258	1852
1259	1297
1259	1369
1259	1517
1259	1524
1259	1598
1259	1814
1260	1278
1260	1602
1260	1650
1260	1654
1260	1807
1260	1836
1260	1868
1260	1978
1261	1414
1261	1554
1261	1559
1261	1652
1261	1668
1261	1672
1261	1678
1261	1832
1262	1285
1262	1288
1262	1332
1262	1336
1262	1346
1262	1413
1262	1506
1262	1512
1262	1704
1262	1738
1262	1791
1262	1803
1262	1832
1262	1981
1263	1582
1263	1687
1263	1759
1263	1873
1263	1963
1264	1413
1264	1415
1264	1502
1264	1551
1264	1669
1264	1736
1264	1887
1265	1271
1265	1363
1265	1527
1265	1711
1265	1730
1265	1768
1266	1366
1266	1504
1266	1633
1266	1803
1267	1327
1267	1360
1267	1367
1267	1512
1267	1651
1267	1695
1267	1731
1267	1808
1267	1840
1267	1850
1268	1292
1268	1360
1268	1496
1268	1507
1268	1627
1268	1768
1269	1321
1269	1414
1269	1517
1269	1698
1269	1853
1269	1871
1269	1980
1270	1343
1270	1527
1270	1617
1270	1686
1271	1347
1271	1422
1271	1428
1271	1478
1271	1524
1271	1541
1271	1737
1271	1883
1271	1937
1272	1312
1272	1323
1272	1429
1272	1517
1272	1566
1272	1642
1272	1746
1272	1839
1272	1900
1272	1951
1273	1351
1273	1411
1273	1438
1273	1445
1273	1478
1273	1661
1273	1795
1274	1703
1274	1982
1275	1354
1275	1371
1275	1533
1275	1539
1275	1650
1275	1678
1275	1713
1275	1725
1275	1732
1275	1738
1275	1812
1275	1826
1275	1894
1275	1947
1275	1960
1275	1997
1276	1335
1276	1357
1276	1553
1276	1563
1276	1607
1276	1726
1276	1799
1276	1832
1276	1888
1276	1925
1276	1953
1277	1279
1277	1326
1277	1403
1277	1417
1277	1506
1277	1560
1277	1643
1277	1753
1277	1781
1277	1810
1277	1846
1277	1951
1277	1977
1278	1385
1278	1444
1278	1541
1278	1542
1278	1599
1278	1612
1278	1625
1278	1629
1278	1652
1278	1911
1278	1979
1279	1415
1279	1677
1279	1766
1279	1957
1279	1997
1280	1296
1280	1717
1280	1768
1280	1803
1280	1806
1280	1867
1280	1895
1281	1348
1281	1628
1281	1704
1281	1795
1281	1844
1281	1879
1281	1930
1282	1503
1282	1512
1282	1527
1282	1547
1282	1695
1282	1755
1282	1801
1283	1300
1283	1340
1283	1350
1283	1394
1283	1439
1283	1455
1283	1589
1283	1680
1283	1860
1283	1865
1283	1897
1284	1385
1284	1394
1284	1421
1284	1452
1284	1716
1284	1751
1284	1822
1284	1943
1285	1452
1285	1487
1285	1490
1285	1612
1285	1620
1285	1867
1285	1937
1286	1376
1286	1404
1286	1671
1286	1782
1286	1889
1286	1911
1286	1974
1286	1980
1287	1308
1287	1330
1287	1491
1287	1525
1287	1605
1287	1699
1287	1719
1287	1723
1287	1817
1287	1923
1288	1296
1288	1329
1288	1431
1288	1444
1288	1503
1288	1565
1288	1577
1288	1586
1288	1592
1288	1801
1288	1863
1288	1926
1288	1974
1289	1519
1289	1658
1289	1741
1289	1934
1290	1404
1290	1447
1290	1610
1290	1630
1290	1695
1290	1764
1290	1943
1290	1999
1291	1418
1291	1491
1291	1544
1291	1681
1291	1693
1291	1699
1291	1713
1291	1810
1291	1837
1292	1390
1292	1581
1292	1625
1292	1682
1292	1797
1292	1951
1292	1957
1293	1336
1293	1393
1293	1454
1293	1504
1293	1708
1293	1745
1293	1756
1293	1758
1293	1790
1293	1810
1293	1911
1293	1970
1293	1987
1294	1350
1294	1422
1294	1525
1294	1608
1294	1801
1294	1954
1295	1374
1295	1614
1295	1818
1295	1852
1295	1901
1295	1902
1295	1984
1296	1343
1296	1807
1296	1811
1296	1879
1296	1888
1296	1889
1296	1962
1297	1540
1297	1571
1297	1841
1297	1943
1297	1947
1298	1309
1298	1344
1298	1422
1298	1507
1298	1673
1298	1749
1298	1938
1298	1998
1299	1363
1299	1465
1299	1617
1299	1762
1299	1953
1299	1967
1300	1365
1300	1403
1300	1437
1300	1440
1300	1441
1300	1502
1300	1546
1300	1552
1300	1798
1300	1811
1301	1353
1301	1577
1301	1590
1301	1666
1301	1805
1302	1498
1302	1509
1302	1513
1302	1643
1302	1679
1302	1830
1302	1917
1303	1309
1303	1362
1303	1368
1303	1473
1303	1568
1303	1636
1303	1788
1303	1804
1303	1893
1303	1950
1303	1951
1303	1952
1303	1989
1304	1489
1304	1513
1304	1718
1304	1767
1304	1874
1304	1896
1304	1919
1304	1921
1305	1384
1305	1675
1305	1791
1305	1802
1305	1817
1305	1905
1305	1974
1305	1999
1306	1421
1306	1446
1306	1490
1306	1493
1306	1564
1306	1600
1306	1609
1306	1663
1306	1693
1306	1712
1306	1768
1306	1789
1306	1877
1306	1965
1307	1363
1307	1417
1307	1517
1307	1650
1307	1682
1307	1688
1307	1750
1307	1821
1307	1936
1308	1340
1308	1348
1308	1784
1308	1791
1308	1862
1309	1632
1309	1661
1309	1713
1309	1737
1309	1781
1309	1921
1309	1931
1309	1945
1310	1311
1310	1447
1310	1500
1310	1535
1310	1646
1310	1678
1310	1764
1310	1843
1310	1951
1310	1979
1311	1397
1311	1418
1311	1421
1311	1515
1311	1611
1311	1883
1311	1919
1311	1988
1312	1357
1312	1478
1312	1540
1312	1621
1312	1668
1312	1863
1312	1865
1312	1983
1313	1389
1313	1403
1313	1611
1313	1651
1313	1853
1313	1871
1314	1366
1314	1547
1314	1552
1314	1581
1314	1688
1314	1745
1314	1764
1314	1863
1314	1878
1314	1932
1314	1972
1315	1316
1315	1400
1315	1511
1315	1547
1316	1438
1316	1477
1316	1490
1316	1698
1316	1736
1317	1352
1317	1492
1317	1536
1317	1570
1317	1673
1317	1836
1317	1869
1317	1886
1318	1488
1318	1656
1318	1769
1319	1414
1319	1818
1320	1517
1320	1578
1320	1664
1320	1718
1320	1988
1321	1607
1321	1757
1321	1946
1321	1952
1321	1997
1322	1327
1322	1485
1322	1569
1322	1637
1322	1671
1322	1825
1322	1828
1323	1581
1323	1594
1323	1613
1323	1738
1324	1445
1324	1512
1325	1388
1325	1394
1325	1490
1325	1704
1325	1744
1325	1762
1325	1875
1326	1336
1326	1396
1326	1433
1326	1461
1326	1555
1326	1601
1326	1864
1326	1883
1326	1891
1326	1907
1327	1355
1327	1367
1327	1594
1327	1623
1327	1868
1328	1338
1328	1505
1328	1540
1328	1610
1328	1742
1328	1895
1328	1933
1329	1483
1329	1528
1329	1903
1329	1939
1329	1996
1330	1376
1330	1495
1330	1640
1330	1808
1331	1600
1331	1634
1331	1635
1331	1733
1331	1852
1331	1953
1331	1957
1332	1353
1332	1415
1332	1429
1332	1723
1332	1870
1333	1373
1333	1631
1333	1652
1333	1824
1333	1827
1333	1987
1333	1999
1334	1400
1334	1463
1334	1491
1334	1562
1334	1773
1334	1798
1334	1804
1334	1899
1335	1541
1335	1571
1335	1588
1335	1719
1335	1820
1336	1424
1336	1551
1336	1591
1336	1614
1336	1760
1336	1936
1336	1978
1337	1388
1337	1395
1337	1515
1337	1592
1337	1727
1338	1604
1338	1612
1338	1614
1338	1692
1338	1717
1338	1750
1338	1760
1338	1952
1338	1992
1339	1392
1339	1612
1339	1629
1339	1811
1339	1851
1339	1949
1339	1967
1340	1378
1340	1438
1340	1728
1340	1839
1341	1361
1341	1398
1341	1595
1341	1770
1341	1868
1341	1927
1341	1940
1342	1452
1342	1728
1342	1753
1342	1893
1342	1980
1343	1438
1343	1571
1343	1666
1343	1832
1344	1647
1344	1754
1344	1817
1344	1892
1344	1914
1345	1355
1345	1391
1345	1394
1345	1718
1345	1730
1346	1488
1346	1611
1346	1657
1346	1731
1346	1879
1346	1923
1346	1947
1347	1356
1347	1358
1347	1802
1347	1807
1348	1431
1348	1499
1348	1769
1349	1357
1349	1495
1349	1604
1349	1826
1349	1834
1349	1894
1350	1424
1350	1468
1350	1524
1350	1676
1350	1735
1350	1881
1350	1898
1351	1506
1351	1611
1351	1695
1351	1713
1352	1391
1352	1400
1352	1436
1352	1457
1352	1642
1352	1783
1352	1807
1352	1810
1352	1825
1352	1839
1352	1881
1353	1631
1353	1866
1354	1410
1354	1435
1354	1539
1354	1557
1354	1660
1354	1731
1354	1760
1354	1813
1354	1942
1355	1357
1355	1519
1355	1563
1355	1570
1355	1648
1355	1710
1355	1715
1355	1877
1355	1921
1355	1950
1356	1546
1356	1747
1356	1748
1356	1819
1356	1871
1356	1970
1357	1421
1357	1466
1357	1493
1357	1567
1357	1571
1357	1805
1357	1851
1357	1856
1357	1876
1358	1418
1358	1462
1358	1518
1358	1524
1358	1605
1358	1703
1358	1773
1358	1940
1358	1960
1359	1415
1359	1522
1359	1535
1359	1575
1359	1627
1359	1750
1359	1890
1359	1917
1359	1996
1360	1455
1360	1611
1360	1691
1360	1696
1360	1710
1360	1734
1360	1965
1360	1992
1362	1454
1362	1894
1363	1402
1363	1451
1363	1626
1363	1711
1363	1830
1363	1841
1363	1921
1364	1460
1364	1560
1364	1561
1364	1590
1364	1678
1364	1807
1364	1845
1365	1478
1365	1732
1365	1830
1366	1490
1366	1715
1366	1719
1366	1742
1366	1801
1366	1837
1366	1861
1366	1926
1366	1956
1367	1494
1367	1712
1367	1736
1367	1826
1367	1872
1367	1893
1367	1952
1367	1983
1368	1405
1368	1472
1368	1569
1368	1594
1368	1621
1368	1708
1368	1876
1369	1515
1369	1564
1369	1680
1369	1753
1369	1822
1370	1400
1370	1652
1370	1716
1370	1926
1370	1965
1371	1400
1371	1462
1371	1506
1371	1544
1371	1599
1371	1804
1372	1376
1372	1516
1372	1807
1372	1813
1372	1897
1372	1968
1373	1409
1373	1443
1373	1501
1373	1577
1373	1599
1373	1617
1373	1813
1374	1406
1374	1484
1374	1531
1374	1620
1374	1749
1374	1758
1374	1990
1375	1532
1375	1564
1375	1801
1376	1401
1376	1463
1376	1495
1376	1528
1376	1573
1376	1600
1376	1682
1377	1511
1377	1550
1377	1564
1377	1568
1377	1647
1377	1648
1377	1825
1377	1902
1377	1911
1377	1980
1378	1577
1378	1618
1378	1648
1378	1720
1378	1777
1378	1877
1378	1880
1378	1899
1378	1916
1379	1405
1379	1439
1379	1496
1379	1676
1379	1753
1379	1859
1379	1964
1379	1999
1380	1423
1380	1563
1380	1855
1381	1404
1381	1522
1381	1820
1382	1441
1382	1479
1382	1562
1382	1716
1382	1772
1382	1781
1382	1844
1382	1891
1382	1928
1383	1423
1383	1505
1383	1671
1383	1725
1383	1954
1384	1401
1384	1408
1384	1716
1384	1846
1385	1436
1385	1442
1385	1464
1385	1546
1385	1800
1385	1855
1385	1873
1385	1917
1386	1458
1386	1488
1386	1498
1386	1552
1386	1629
1386	1684
1386	1789
1386	1863
1386	1878
1387	1477
1387	1543
1387	1603
1387	1608
1387	1734
1387	1761
1387	1829
1388	1482
1388	1613
1388	1695
1388	1907
1389	1672
1389	1708
1389	1750
1389	1819
1390	1446
1390	1484
1390	1668
1390	1772
1390	1848
1390	1907
1390	1920
1390	1937
1391	1423
1391	1424
1391	1810
1391	1811
1391	1812
1391	1908
1392	1419
1392	1772
1392	1944
1393	1404
1393	1442
1393	1501
1393	1694
1393	1998
1394	1431
1394	1473
1394	1627
1394	1691
1394	1963
1394	1970
1395	1490
1395	1510
1395	1635
1395	1639
1395	1680
1395	1916
1395	1920
1395	1939
1396	1447
1396	1626
1396	1655
1396	1720
1396	1771
1397	1410
1397	1482
1397	1539
1397	1785
1397	1803
1397	1849
1397	1926
1398	1494
1398	1521
1398	1586
1398	1646
1398	1730
1398	1924
1398	1959
1398	1975
1399	1424
1399	1483
1399	1786
1400	1599
1400	1884
1400	1932
1400	1933
1401	1408
1401	1776
1401	1891
1401	1904
1401	1933
1401	1989
1402	1449
1402	1731
1402	1742
1402	1745
1402	1776
1402	1892
1402	1943
1403	1532
1403	1591
1403	1631
1403	1713
1403	1727
1403	1766
1403	1771
1404	1418
1404	1463
1404	1513
1404	1741
1404	1768
1404	1823
1404	1911
1405	1431
1405	1442
1405	1449
1405	1658
1405	1720
1405	1943
1406	1548
1406	1601
1406	1620
1406	1624
1406	1884
1407	1444
1407	1512
1407	1555
1407	1597
1407	1610
1407	1762
1407	1791
1407	1891
1407	1920
1407	1947
1408	1478
1408	1536
1408	1563
1408	1619
1408	1755
1408	1909
1408	1950
1408	1986
1409	1439
1409	1547
1409	1882
1409	1888
1410	1452
1410	1475
1410	1535
1410	1976
1411	1549
1411	1584
1411	1650
1411	1970
1412	1504
1412	1950
1413	1490
1414	1458
1414	1576
1414	1585
1414	1642
1414	1651
1414	1696
1414	1862
1414	1872
1414	1894
1415	1577
1415	1721
1415	1883
1416	1544
1417	1736
1417	1774
1417	1783
1417	1817
1417	1847
1418	1580
1418	1628
1418	1694
1418	1787
1418	1829
1418	1870
1418	1945
1419	1470
1419	1471
1419	1509
1419	1624
1419	1679
1419	1835
1419	1840
1419	1870
1419	1945
1420	1434
1420	1591
1420	1938
1420	1986
1421	1560
1421	1622
1421	1823
1421	1940
1422	1792
1422	1871
1422	1884
1422	1945
1422	1993
1423	1436
1423	1548
1423	1750
1423	1848
1424	1471
1424	1637
1424	1665
1424	1672
1424	1954
1425	1582
1425	1719
1425	1733
1425	1876
1425	1903
1425	1913
1426	1542
1426	1676
1426	1877
1427	1569
1427	1571
1427	1618
1427	1703
1427	1736
1427	1745
1427	1885
1427	1888
1428	1437
1428	1483
1428	1604
1428	1749
1429	1503
1429	1516
1429	1744
1429	1746
1429	1768
1429	1875
1430	1801
1430	1959
1431	1738
1431	1797
1431	1905
1431	1981
1432	1644
1432	1680
1432	1799
1432	1928
1433	1683
1433	1925
1433	1943
1434	1564
1434	1583
1434	1990
1435	1660
1435	1717
1435	1739
1436	1537
1436	1582
1436	1905
1436	1970
1436	1995
1437	1526
1437	1580
1438	1658
1438	1716
1438	1748
1438	1782
1438	1873
1439	1515
1439	1643
1439	1648
1439	1825
1440	1587
1440	1614
1440	1666
1440	1730
1440	1833
1441	1512
1441	1526
1441	1714
1442	1564
1442	1680
1442	1756
1442	1804
1442	1848
1442	1857
1442	1884
1442	1885
1442	1995
1443	1677
1443	1857
1443	1971
1444	1482
1444	1557
1444	1737
1444	1805
1444	1810
1445	1459
1445	1594
1445	1710
1445	1771
1445	1785
1445	1824
1445	1948
1446	1461
1446	1632
1446	1649
1446	1696
1446	1782
1446	1880
1447	1484
1447	1498
1447	1531
1447	1553
1447	1614
1448	1556
1448	1778
1448	1877
1449	1485
1449	1735
1449	1782
1449	1869
1450	1557
1450	1639
1450	1658
1450	1742
1450	1980
1451	1461
1451	1468
1451	1480
1451	1573
1451	1650
1451	1718
1451	1881
1451	1976
1452	1512
1452	1620
1452	1828
1452	1841
1453	1472
1453	1604
1453	1645
1453	1655
1453	1736
1453	1852
1453	1969
1454	1495
1454	1658
1454	1691
1454	1819
1454	1820
1454	1851
1454	1869
1455	1480
1455	1482
1455	1593
1455	1633
1455	1646
1455	1819
1455	1837
1455	1909
1455	1921
1455	1952
1456	1470
1456	1519
1456	1572
1456	1584
1456	1601
1456	1816
1456	1850
1456	1888
1457	1493
1457	1578
1457	1808
1457	1853
1457	1930
1458	1477
1458	1509
1458	1624
1458	1629
1458	1797
1458	1889
1459	1510
1459	1521
1459	1588
1459	1801
1459	1915
1459	1917
1459	1931
1460	1540
1460	1575
1460	1817
1460	1957
1460	1980
1461	1679
1461	1703
1461	1956
1462	1543
1462	1573
1462	1587
1462	1770
1462	1864
1462	1875
1462	1881
1462	1899
1462	1936
1463	1465
1463	1471
1463	1491
1463	1851
1463	1907
1463	1996
1464	1523
1464	1591
1464	1593
1464	1639
1464	1668
1464	1692
1464	1753
1465	1562
1465	1570
1465	1703
1465	1759
1465	1947
1465	1993
1465	1997
1466	1493
1466	1553
1466	1752
1466	1820
1466	1841
1466	1885
1466	1893
1466	1961
1466	1965
1467	1473
1467	1498
1467	1522
1467	1598
1467	1685
1467	1746
1467	1910
1468	1528
1468	1617
1468	1663
1468	1744
1468	1920
1469	1473
1469	1512
1469	1796
1470	1480
1470	1547
1470	1652
1470	1674
1470	1687
1471	1549
1471	1601
1471	1645
1471	1658
1471	1681
1471	1717
1471	1747
1471	1770
1471	1842
1471	1918
1471	1980
1472	1517
1472	1591
1472	1606
1472	1712
1472	1720
1472	1854
1472	1935
1473	1545
1473	1597
1473	1629
1473	1686
1473	1721
1473	1732
1473	1760
1473	1786
1473	1822
1473	1891
1473	1990
1474	1477
1474	1786
1474	1810
1474	1852
1474	1945
1474	1946
1474	1989
1476	1546
1476	1572
1476	1623
1476	1653
1476	1656
1476	1673
1476	1890
1476	1901
1476	1998
1477	1492
1477	1593
1477	1749
1477	1925
1478	1499
1478	1529
1478	1540
1478	1747
1478	1818
1478	1895
1478	1954
1479	1587
1479	1650
1479	1782
1479	1826
1479	1876
1479	1877
1479	1951
1480	1598
1480	1698
1480	1726
1480	1946
1480	1998
1481	1494
1481	1544
1481	1729
1481	1923
1481	1953
1482	1589
1482	1654
1482	1658
1482	1728
1482	1875
1482	1963
1483	1544
1483	1597
1483	1632
1483	1737
1483	1756
1483	1797
1483	1921
1484	1516
1484	1687
1484	1908
1484	1938
1484	1997
1485	1491
1485	1553
1485	1578
1485	1655
1485	1745
1485	1768
1485	1769
1485	1775
1485	1923
1485	1981
1485	1992
1486	1544
1486	1809
1486	1893
1486	1907
1486	1908
1487	1508
1487	1567
1487	1672
1487	1744
1487	1768
1488	1548
1488	1599
1488	1882
1489	1700
1489	1706
1489	1711
1489	1838
1489	1951
1489	1959
1490	1520
1490	1575
1490	1634
1490	1653
1490	1654
1490	1701
1490	1708
1490	1718
1490	1728
1490	1875
1491	1515
1491	1677
1491	1731
1491	1744
1491	1778
1491	1862
1491	1877
1491	1886
1492	1529
1492	1594
1492	1655
1492	1704
1492	1782
1492	1783
1492	1814
1493	1504
1493	1562
1493	1581
1493	1603
1493	1606
1493	1631
1493	1806
1493	1863
1493	1928
1494	1546
1494	1793
1494	1881
1494	1886
1494	1965
1495	1516
1495	1698
1495	1772
1495	1795
1495	1879
1496	1528
1496	1637
1496	1763
1496	1798
1496	1857
1496	1865
1496	1926
1497	1541
1497	1564
1497	1607
1497	1713
1497	1833
1497	1889
1498	1917
1499	1545
1499	1635
1499	1641
1499	1744
1499	1846
1499	1925
1499	1994
1500	1937
1501	1511
1501	1513
1501	1516
1501	1738
1501	1775
1501	1866
1501	1911
1501	1966
1501	1994
1502	1566
1502	1675
1502	1891
1503	1602
1503	1741
1503	1793
1503	1823
1503	1857
1503	1900
1504	1533
1504	1575
1504	1685
1504	1692
1504	1823
1504	1865
1504	1928
1505	1549
1505	1773
1505	1794
1505	1835
1506	1525
1506	1643
1506	1729
1507	1976
1508	1517
1508	1626
1508	1805
1508	1810
1508	1856
1508	1998
1509	1614
1509	1618
1509	1784
1509	1924
1509	1954
1509	1959
1510	1633
1510	1900
1510	1968
1511	1637
1511	1638
1511	1792
1511	1832
1511	1911
1511	1972
1511	1982
1512	1623
1512	1773
1512	1893
1512	1931
1513	1521
1513	1748
1513	1858
1513	1908
1513	1968
1514	1518
1514	1600
1514	1686
1514	1765
1514	1809
1514	1849
1514	1958
1515	1594
1515	1619
1515	1686
1515	1792
1515	1838
1515	1876
1516	1644
1516	1665
1516	1769
1516	1784
1516	1802
1516	1877
1516	1974
1517	1534
1517	1654
1517	1899
1517	1942
1518	1675
1518	1771
1518	1825
1518	1879
1519	1527
1519	1709
1519	1784
1519	1825
1519	1980
1520	1522
1520	1563
1520	1642
1520	1682
1520	1764
1520	1765
1520	1812
1520	1910
1521	1867
1522	1552
1522	1584
1522	1685
1522	1695
1522	1717
1522	1749
1522	1975
1523	1823
1523	1875
1523	1945
1523	1976
1524	1552
1524	1604
1524	1806
1524	1844
1524	1853
1525	1642
1525	1653
1525	1659
1525	1805
1525	1853
1525	1914
1526	1663
1526	1742
1526	1744
1526	1761
1526	1816
1526	1829
1526	1846
1527	1577
1527	1613
1527	1626
1527	1643
1527	1919
1528	1636
1528	1853
1528	1948
1529	1558
1529	1562
1529	1636
1529	1688
1529	1712
1529	1839
1529	1878
1529	1931
1529	1959
1530	1790
1530	1918
1531	1673
1531	1678
1531	1692
1531	1722
1531	1751
1531	1896
1531	1935
1531	1950
1532	1625
1532	1691
1532	1928
1533	1562
1533	1701
1533	1705
1533	1886
1533	1946
1534	1630
1534	1781
1535	1559
1535	1626
1535	1727
1535	1813
1535	1821
1536	1637
1536	1717
1536	1786
1536	1943
1537	1580
1537	1710
1537	1733
1537	1762
1537	1814
1537	1889
1537	1915
1537	1951
1538	1929
1539	1544
1539	1772
1539	1934
1539	1946
1540	1824
1540	1841
1540	1882
1541	1589
1541	1681
1541	1989
1542	1630
1542	1754
1542	1838
1542	1846
1542	1944
1542	1949
1542	1955
1543	1564
1543	1573
1543	1635
1543	1676
1543	1867
1543	1993
1544	1548
1544	1957
1545	1664
1545	1757
1545	1862
1545	1864
1545	1931
1546	1663
1546	1734
1546	1851
1546	1864
1547	1737
1547	1838
1547	1843
1548	1805
1548	1840
1548	1848
1548	1866
1548	1925
1548	1980
1548	1989
1549	1607
1549	1698
1549	1727
1549	1746
1550	1575
1550	1587
1550	1809
1550	1867
1551	1929
1551	1947
1552	1556
1552	1644
1552	1752
1552	1805
1552	1808
1552	1860
1552	1869
1552	1877
1552	1911
1553	1624
1553	1635
1553	1859
1553	1915
1554	1555
1554	1707
1554	1797
1554	1823
1554	1955
1555	1649
1555	1685
1555	1778
1555	1798
1555	1830
1555	1868
1555	1954
1556	1569
1556	1626
1556	1668
1556	1758
1556	1815
1556	1861
1556	1899
1557	1651
1557	1703
1558	1575
1558	1635
1558	1926
1559	1667
1559	1843
1560	1596
1560	1607
1560	1637
1560	1749
1561	1563
1561	1629
1561	1646
1561	1732
1561	1788
1561	1802
1561	1960
1561	1975
1562	1594
1563	1581
1563	1624
1564	1710
1564	1827
1564	1872
1565	1628
1565	1667
1565	1920
1565	1934
1566	1595
1566	1631
1566	1655
1566	1985
1567	1595
1567	1681
1567	1840
1567	1876
1567	1903
1567	1958
1568	1768
1568	1798
1568	1801
1568	1841
1568	1848
1568	1956
1568	1971
1568	1996
1569	1586
1569	1714
1569	1762
1569	1846
1569	1865
1569	1872
1570	1648
1570	1781
1570	1885
1570	1928
1571	1582
1571	1691
1571	1731
1571	1942
1572	1574
1573	1616
1573	1651
1573	1698
1573	1872
1573	1947
1574	1618
1574	1626
1574	1873
1575	1589
1575	1592
1575	1637
1575	1690
1575	1766
1576	1627
1576	1645
1576	1741
1576	1789
1576	1896
1576	1963
1577	1634
1577	1733
1577	1794
1577	1856
1577	1930
1578	1609
1578	1899
1579	1618
1579	1644
1579	1708
1579	1744
1580	1582
1581	1953
1582	1667
1582	1853
1582	1961
1583	1644
1583	1792
1583	1841
1583	1874
1584	1809
1584	1881
1584	1957
1585	1724
1585	1753
1585	1792
1585	1888
1585	1896
1585	1906
1585	1937
1586	1593
1586	1681
1586	1838
1586	1929
1587	1668
1587	1672
1587	1759
1587	1801
1587	1858
1588	1638
1588	1912
1588	1914
1589	1595
1589	1636
1589	1669
1589	1680
1589	1861
1589	1904
1589	1919
1589	1930
1589	1935
1589	1977
1591	1858
1591	1951
1591	1991
1592	1674
1592	1898
1593	1735
1593	1748
1593	1749
1593	1807
1593	1914
1593	1981
1594	1641
1594	1702
1594	1963
1595	1716
1595	1871
1596	1691
1596	1704
1596	1740
1596	1842
1596	1875
1597	1654
1597	1719
1597	1730
1597	1790
1597	1820
1597	1844
1597	1892
1598	1662
1598	1882
1599	1660
1599	1762
1599	1888
1599	1915
1600	1762
1600	1817
1600	1829
1600	1925
1600	1950
1600	1984
1601	1678
1601	1745
1601	1838
1601	1879
1602	1691
1602	1715
1602	1777
1602	1804
1602	1830
1602	1965
1603	1606
1603	1660
1603	1716
1603	1789
1603	1891
1603	1894
1604	1695
1604	1732
1604	1807
1604	1979
1605	1682
1605	1714
1605	1744
1605	1951
1605	1955
1605	1960
1605	1965
1605	1984
1606	1612
1606	1618
1606	1641
1606	1840
1606	1888
1606	1909
1607	1630
1607	1689
1607	1743
1608	1625
1608	1741
1608	1811
1608	1844
1608	1886
1608	1972
1609	1642
1609	1725
1609	1929
1609	1970
1609	1983
1610	1638
1610	1701
1610	1714
1610	1861
1610	1999
1611	1652
1611	1833
1611	1909
1612	1752
1612	1934
1612	1997
1613	1616
1613	1730
1613	1799
1613	1859
1613	1936
1614	1626
1614	1735
1614	1765
1614	1993
1615	1831
1615	1869
1615	1883
1616	1825
1616	1893
1616	1916
1616	1926
1617	1785
1617	1886
1618	1626
1618	1998
1619	1642
1619	1696
1619	1741
1620	1635
1620	1692
1620	1721
1620	1725
1620	1741
1620	1904
1621	1653
1621	1670
1621	1694
1621	1821
1621	1835
1621	1875
1621	1879
1621	1888
1621	1944
1622	1690
1622	1718
1623	1701
1623	1805
1623	1996
1624	1664
1624	1766
1624	1881
1624	1999
1625	1655
1626	1799
1626	1865
1627	1665
1627	1806
1627	1901
1627	1950
1627	1993
1628	1840
1628	1850
1628	1953
1629	1903
1630	1864
1630	1997
1631	1640
1631	1725
1631	1727
1631	1754
1631	1999
1632	1697
1632	1839
1632	1995
1633	1855
1633	1866
1633	1956
1633	1996
1634	1770
1634	1846
1634	1851
1634	1862
1634	1923
1635	1863
1636	1726
1636	1809
1636	1846
1637	1768
1637	1846
1638	1678
1638	1723
1638	1779
1638	1792
1638	1915
1638	1962
1638	1977
1639	1773
1639	1879
1640	1744
1640	1771
1640	1792
1640	1885
1641	1644
1641	1771
1641	1869
1642	1703
1642	1897
1642	1904
1643	1906
1644	1805
1645	1822
1645	1832
1645	1942
1645	1980
1646	1695
1646	1892
1646	1902
1646	1945
1647	1684
1647	1724
1647	1811
1647	1812
1647	1828
1647	1973
1648	1749
1648	1808
1649	1841
1649	1867
1649	1976
1650	1693
1650	1767
1650	1768
1650	1809
1650	1843
1650	1863
1650	1872
1652	1756
1652	1902
1652	1934
1652	1938
1653	1872
1653	1914
1653	1919
1654	1656
1654	1805
1654	1962
1654	1965
1655	1815
1655	1867
1656	1684
1657	1708
1657	1849
1659	1723
1659	1731
1659	1786
1659	1800
1660	1757
1660	1789
1660	1920
1661	1741
1661	1822
1661	1901
1662	1730
1662	1894
1663	1707
1663	1812
1663	1924
1663	1928
1663	1944
1663	1950
1663	1960
1664	1691
1664	1708
1664	1712
1664	1719
1664	1742
1664	1748
1664	1801
1664	1821
1664	1877
1664	1932
1665	1705
1665	1883
1665	1931
1666	1747
1666	1759
1666	1943
1667	1709
1667	1733
1667	1767
1667	1909
1668	1821
1668	1855
1669	1670
1669	1725
1669	1726
1669	1756
1669	1792
1669	1966
1670	1686
1670	1927
1671	1832
1671	1844
1671	1917
1671	1923
1671	1996
1672	1808
1672	1958
1673	1737
1673	1921
1673	1994
1674	1780
1674	1914
1675	1848
1676	1751
1676	1825
1676	1827
1676	1895
1676	1960
1677	1796
1677	1804
1677	1912
1678	1724
1678	1946
1678	1953
1679	1951
1680	1748
1680	1868
1680	1874
1680	1942
1681	1728
1681	1827
1681	1834
1681	1860
1682	1791
1682	1944
1682	1951
1682	1962
1683	1698
1683	1850
1683	1873
1683	1877
1683	1898
1683	1900
1683	1919
1684	1741
1684	1818
1684	1870
1685	1805
1685	1993
1686	1699
1686	1702
1686	1706
1686	1885
1686	1908
1687	1733
1687	1772
1687	1861
1687	1885
1688	1932
1688	1947
1688	1951
1689	1829
1692	1730
1692	1752
1692	1803
1692	1837
1693	1774
1693	1852
1694	1780
1694	1994
1695	1898
1695	1911
1695	1947
1695	1955
1695	1974
1696	1761
1697	1733
1697	1910
1698	1711
1698	1888
1699	1737
1699	1869
1699	1907
1699	1933
1699	1946
1700	1782
1701	1800
1702	1739
1702	1770
1702	1956
1703	1763
1703	1882
1704	1718
1704	1772
1704	1956
1705	1804
1705	1859
1705	1861
1706	1781
1706	1911
1706	1958
1706	1974
1707	1872
1708	1833
1709	1829
1709	1898
1709	1994
1710	1719
1710	1860
1710	1902
1710	1916
1712	1743
1712	1785
1712	1954
1712	1956
1712	1990
1713	1714
1713	1891
1713	1892
1713	1913
1713	1959
1713	1964
1714	1758
1714	1765
1714	1775
1714	1854
1714	1859
1715	1788
1715	1995
1716	1902
1717	1828
1717	1926
1718	1774
1718	1776
1718	1813
1718	1953
1719	1843
1719	1884
1719	1924
1720	1723
1720	1786
1721	1753
1721	1836
1722	1890
1722	1901
1722	1997
1723	1797
1723	1809
1723	1850
1724	1766
1724	1837
1724	1917
1724	1971
1725	1862
1725	1897
1726	1848
1726	1853
1726	1972
1726	1995
1726	1997
1727	1739
1727	1753
1727	1825
1728	1787
1728	1798
1728	1868
1729	1735
1729	1738
1729	1781
1730	1734
1730	1738
1730	1929
1730	1930
1731	1869
1731	1888
1731	1933
1732	1793
1732	1843
1732	1938
1732	1989
1733	1866
1733	1893
1733	1913
1733	1954
1733	1979
1734	1939
1735	1844
1735	1857
1735	1874
1735	1964
1736	1933
1737	1830
1738	1808
1738	1811
1739	1933
1741	1888
1741	1978
1742	1750
1742	1873
1744	1981
1745	1786
1745	1884
1745	1982
1746	1785
1746	1793
1746	1831
1746	1877
1748	1788
1748	1817
1749	1767
1749	1955
1750	1773
1750	1875
1750	1920
1750	1963
1751	1794
1751	1901
1751	1992
1752	1843
1752	1959
1752	1962
1753	1844
1753	1850
1754	1807
1754	1829
1754	1895
1754	1953
1754	1963
1754	1989
1755	1765
1755	1831
1755	1877
1755	1883
1755	1998
1756	1824
1756	1898
1756	1965
1757	1842
1757	1964
1757	1966
1758	1871
1758	1888
1758	1941
1759	1842
1759	1843
1759	1974
1760	1914
1760	1945
1761	1939
1762	1967
1763	1785
1763	1827
1764	1941
1764	1949
1765	1777
1765	1943
1765	1944
1766	1789
1766	1811
1766	1896
1768	1775
1768	1840
1769	1855
1770	1925
1770	1938
1772	1949
1773	1798
1773	1865
1773	1876
1774	1816
1774	1929
1774	1952
1775	1939
1775	1944
1776	1831
1776	1983
1777	1818
1777	1891
1778	1833
1778	1857
1778	1889
1778	1971
1779	1849
1779	1862
1779	1992
1780	1787
1780	1800
1780	1826
1781	1823
1781	1901
1781	1944
1783	1852
1783	1872
1784	1940
1785	1789
1786	1930
1787	1802
1787	1855
1787	1893
1787	1969
1787	1970
1788	1839
1789	1878
1790	1817
1790	1879
1790	1903
1791	1835
1791	1919
1792	1820
1792	1828
1792	1867
1792	1966
1792	1968
1792	1995
1793	1822
1793	1895
1793	1915
1794	1871
1794	1904
1794	1924
1795	1840
1795	1985
1796	1951
1797	1926
1797	1979
1798	1860
1799	1815
1799	1841
1799	1974
1800	1933
1801	1883
1801	1920
1801	1940
1802	1860
1802	1877
1802	1898
1803	1868
1803	1961
1803	1973
1804	1842
1804	1952
1805	1925
1805	1976
1806	1851
1806	1933
1806	1995
1807	1819
1807	1837
1807	1873
1810	1953
1811	1839
1812	1949
1813	1872
1814	1925
1814	1943
1815	1877
1815	1937
1815	1950
1815	1968
1818	1824
1818	1849
1818	1915
1819	1898
1820	1925
1820	1933
1821	1888
1821	1901
1822	1830
1823	1863
1824	1838
1824	1888
1824	1913
1824	1931
1825	1853
1825	1881
1825	1917
1825	1964
1828	1864
1829	1831
1829	1869
1829	1943
1830	1859
1830	1865
1830	1897
1830	1985
1832	1914
1832	1977
1833	1844
1833	1872
1834	1919
1834	1925
1834	1926
1835	1879
1836	1911
1836	1950
1836	1954
1838	1899
1839	1973
1841	1849
1842	1905
1842	1980
1843	1899
1843	1966
1843	1976
1844	1876
1845	1926
1846	1979
1847	1868
1847	1975
1849	1973
1850	1923
1850	1948
1851	1882
1851	1905
1852	1897
1853	1890
1853	1892
1854	1980
1855	1942
1856	1924
1857	1976
1859	1898
1860	1917
1860	1940
1861	1876
1861	1898
1861	1907
1862	1939
1862	1947
1862	1951
1863	1901
1864	1966
1865	1893
1866	1893
1867	1950
1867	1955
1867	1992
1868	1893
1868	1990
1869	1982
1871	1897
1871	1922
1871	1925
1874	1879
1874	1910
1874	1988
1876	1964
1877	1919
1877	1929
1877	1964
1879	1905
1879	1953
1880	1900
1881	1930
1882	1893
1882	1913
1883	1890
1883	1909
1884	1915
1884	1928
1884	1975
1885	1895
1885	1924
1885	1993
1885	1997
1886	1928
1886	1977
1889	1902
1889	1906
1889	1954
1889	1963
1889	1967
1890	1892
1890	1910
1891	1968
1892	1973
1894	1899
1894	1979
1895	1967
1895	1997
1896	1899
1896	1961
1898	1932
1898	1956
1899	1929
1899	1980
1901	1918
1902	1946
1902	1948
1903	1974
1904	1996
1905	1910
1905	1918
1907	1954
1907	1957
1907	1996
1908	1974
1910	1992
1911	1976
1912	1976
1913	1923
1914	1966
1915	1937
1917	1928
1917	1945
1917	1981
1918	1964
1919	1955
1919	1994
1920	1933
1922	1947
1924	1949
1925	1987
1927	1933
1927	1955
1928	1954
1930	1945
1932	1971
1933	1996
1940	1960
1941	1974
1944	1984
1953	1982
1956	1995
1967	1992
1971	1989
1976	1999
