2000	0
0	22
0	25
0	44
0	65
0	179
0	220
0	284
0	386
0	478
0	489
0	535
0	579
0	582
0	593
0	731
0	853
0	887
1	76
1	123
1	184
1	263
1	269
1	367
1	372
1	425
1	521
1	651
1	927
2	41
2	287
2	335
2	395
2	449
2	561
2	717
2	855
2	865
2	868
2	998
3	51
3	81
3	158
3	182
3	214
3	231
3	290
3	609
3	644
3	693
3	812
4	121
4	142
4	171
4	277
4	437
4	535
4	615
4	649
4	711
4	733
4	793
4	797
4	802
4	941
4	996
5	28
5	70
5	103
5	329
5	413
5	423
5	428
5	461
5	634
5	679
5	714
5	816
6	64
6	283
6	455
6	650
6	674
6	718
6	759
6	818
7	151
7	209
7	225
7	254
7	322
7	406
7	430
7	574
7	717
7	732
7	816
7	825
7	961
8	96
8	491
8	533
8	675
8	705
8	919
9	37
9	191
9	324
9	338
9	437
9	443
9	526
9	623
9	729
9	810
9	900
9	949
9	952
10	199
10	204
10	410
10	532
10	534
10	586
10	635
10	796
10	857
10	952
10	967
10	980
11	147
11	166
11	418
11	567
11	569
11	678
11	745
11	867
12	199
12	318
12	493
12	561
12	657
12	668
12	679
12	897
12	940
12	996
13	204
13	341
13	550
13	583
13	648
13	675
13	676
13	714
13	848
13	851
13	953
13	986
14	64
14	74
14	116
14	166
14	397
14	402
14	512
14	694
14	698
14	739
14	774
14	819
14	842
15	43
15	191
15	411
15	449
15	621
15	643
15	687
15	723
15	749
15	929
15	948
15	950
16	158
16	190
16	273
16	425
16	434
16	500
16	602
16	611
16	654
16	767
17	268
17	391
17	571
17	626
17	802
17	919
17	985
18	36
18	84
18	138
18	261
18	405
18	411
18	661
18	813
18	936
18	951
19	217
19	224
19	231
19	323
19	343
19	777
19	960
20	30
20	71
20	83
20	90
20	158
20	268
20	382
20	445
20	497
20	655
20	675
20	744
20	853
20	944
21	26
21	53
21	160
21	169
21	182
21	193
21	255
21	343
21	378
21	380
21	398
21	464
21	697
22	53
22	311
22	463
22	512
22	552
22	730
22	759
22	846
22	889
22	918
23	142
23	159
23	215
23	270
23	278
23	292
23	421
23	490
23	576
23	679
23	725
23	870
23	946
24	102
24	165
24	204
24	237
24	243
24	275
24	439
24	503
24	787
25	76
25	616
25	857
25	955
25	969
26	494
26	599
26	668
26	738
26	739
26	815
26	907
27	334
27	451
27	729
27	797
27	879
27	977
28	53
28	442
28	524
28	569
28	729
28	736
29	33
29	100
29	164
29	367
29	387
29	461
29	463
29	571
29	638
29	646
29	824
29	1994
30	61
30	78
30	127
30	178
30	196
30	534
30	679
30	691
31	435
31	519
31	573
31	640
31	783
31	814
31	988
32	101
32	154
32	224
32	392
32	445
32	492
32	493
32	502
32	655
32	678
32	865
32	893
32	937
32	955
32	958
33	76
33	124
33	224
33	276
33	285
33	665
33	692
33	777
33	801
34	136
34	199
34	203
34	237
34	314
34	401
34	669
34	845
34	928
34	938
35	302
35	312
35	433
35	463
35	697
35	708
35	723
35	802
35	875
35	885
35	976
36	42
36	132
36	427
36	540
36	606
37	103
37	247
37	254
37	345
37	475
37	562
37	765
37	830
37	863
38	235
38	278
38	302
38	604
38	659
38	736
38	901
39	119
39	163
39	169
39	206
39	303
39	385
39	442
39	600
39	648
39	883
39	936
39	973
40	45
40	129
40	169
40	269
40	346
40	426
40	552
40	577
40	605
40	619
40	645
40	653
40	684
40	741
40	777
40	997
41	59
41	73
41	176
41	430
41	545
41	698
41	883
41	939
41	958
42	48
42	359
42	386
42	451
42	585
42	629
42	630
42	635
42	762
42	764
42	800
42	896
43	133
43	154
43	217
43	230
43	332
43	438
43	466
43	605
43	798
44	62
44	108
44	154
44	217
44	333
44	406
44	412
44	520
44	580
44	696
44	869
45	198
45	281
45	525
45	661
45	705
45	716
45	862
46	210
46	331
46	340
46	464
46	493
46	584
46	619
46	696
46	721
46	838
46	968
47	483
47	484
47	579
47	664
47	679
47	809
47	888
48	436
48	543
48	576
48	629
48	639
48	728
48	903
48	971
48	994
49	138
49	143
49	226
49	341
49	489
49	574
49	774
49	797
50	264
50	269
50	407
50	455
50	538
50	847
50	1404
51	60
51	168
51	335
51	352
51	369
51	475
51	536
51	604
51	667
51	710
51	939
51	959
51	991
52	106
52	137
52	211
52	260
52	342
52	355
52	637
52	723
52	780
52	821
52	882
52	888
52	952
52	1726
53	101
53	358
53	433
53	540
53	689
53	749
53	755
53	764
53	867
53	898
54	109
54	178
54	203
54	417
54	433
54	521
54	570
54	770
54	967
55	309
55	373
55	467
55	561
55	577
55	645
55	711
55	726
55	781
55	782
55	798
55	870
55	902
55	990
56	126
56	153
56	164
56	188
56	222
56	266
56	271
56	328
56	438
56	457
56	551
56	568
56	618
56	963
57	287
57	338
57	356
57	399
57	457
57	667
57	875
57	945
57	990
58	118
58	129
58	142
58	288
58	418
58	430
58	491
58	527
58	660
58	675
58	722
58	779
58	845
58	905
59	253
59	270
59	369
59	434
59	507
59	655
59	774
59	861
59	938
60	62
60	92
60	112
60	155
60	248
60	339
60	753
60	780
60	851
60	911
61	121
61	511
61	606
61	705
61	727
61	780
61	790
61	801
62	185
62	225
62	360
62	377
62	419
62	431
62	618
62	640
62	813
62	970
63	167
63	352
63	538
63	580
63	639
63	648
63	693
63	709
63	781
63	798
63	925
64	191
64	346
64	533
64	601
64	720
64	735
64	767
64	771
64	931
64	948
65	140
65	179
65	349
65	389
65	672
65	896
66	81
66	185
66	353
66	457
66	551
66	615
66	862
66	909
67	227
67	396
67	462
67	571
67	717
67	793
67	908
67	987
67	992
68	87
68	116
68	156
68	289
68	310
68	456
68	509
68	609
68	946
69	235
69	332
69	534
69	617
69	814
70	83
70	894
70	972
71	249
71	348
71	605
71	607
71	615
71	620
71	646
71	720
71	725
71	788
71	807
71	838
71	847
71	995
72	88
72	176
72	194
72	199
72	219
72	326
72	330
72	526
72	531
72	559
72	597
72	645
72	682
72	805
72	853
72	903
72	914
73	102
73	352
73	394
73	408
73	529
73	708
74	96
74	302
74	468
74	512
74	587
74	677
75	238
75	404
75	531
75	564
75	573
75	613
75	626
75	748
75	843
75	892
75	945
75	967
75	973
76	142
76	219
76	553
76	660
76	689
76	874
77	111
77	117
77	221
77	260
77	347
77	362
77	373
77	486
77	574
77	594
77	716
77	720
77	754
78	187
78	330
78	378
78	448
78	698
78	768
78	900
79	110
79	522
79	575
79	670
79	692
79	833
79	873
80	179
80	325
80	369
80	695
80	862
81	375
81	467
81	524
81	525
81	532
81	552
81	667
81	683
81	802
81	860
81	927
81	953
82	117
82	193
82	245
82	367
82	415
82	422
82	431
82	624
82	645
82	834
82	884
82	928
82	938
82	994
82	1662
83	329
83	407
84	319
84	389
84	438
84	483
84	516
84	769
84	842
84	844
85	150
85	171
85	241
85	324
85	371
85	375
85	491
85	502
85	558
85	559
85	606
85	668
85	669
85	733
85	883
86	102
86	235
86	328
86	389
86	551
86	625
86	676
86	742
86	800
86	810
86	931
86	933
87	129
87	150
87	151
87	306
87	365
87	455
87	563
87	774
87	869
87	931
88	147
88	149
88	172
88	256
88	321
88	459
88	536
88	551
88	560
88	575
88	588
88	610
88	660
88	854
88	963
89	233
89	280
89	322
89	351
89	515
89	518
89	549
89	572
89	623
89	651
89	652
89	732
89	833
89	939
89	947
89	953
90	107
90	438
90	482
90	526
90	722
90	809
90	909
91	102
91	155
91	259
91	312
91	777
91	974
92	338
92	420
92	523
92	602
92	674
92	692
92	898
92	960
93	361
93	389
93	594
93	628
93	725
93	733
93	803
93	824
93	933
94	183
94	207
94	297
94	345
94	356
94	374
94	481
94	637
94	645
94	648
94	682
94	694
94	771
94	882
94	890
94	975
95	111
95	269
95	312
95	492
95	497
95	511
95	697
95	988
96	415
96	535
96	569
96	584
96	660
96	710
96	841
96	846
96	869
96	988
97	122
97	149
97	251
97	396
97	495
97	576
97	763
97	772
97	804
97	912
98	183
98	437
98	455
98	622
98	819
98	945
99	238
99	381
99	555
100	491
100	996
101	461
101	555
101	590
101	620
101	782
101	820
101	840
101	869
101	890
101	928
101	936
101	973
101	975
101	977
102	113
102	131
102	253
102	588
102	622
102	649
102	703
102	861
103	157
103	226
103	470
103	583
103	595
103	604
103	698
103	762
103	767
104	305
104	415
104	427
104	546
104	560
104	642
104	713
104	720
104	822
104	850
105	241
105	331
105	371
105	394
105	501
105	579
105	616
105	696
105	738
105	784
105	962
105	973
105	1072
106	275
106	287
106	445
106	446
106	569
107	118
107	130
107	216
107	393
107	790
107	814
107	818
107	838
107	951
108	164
108	228
108	309
108	543
108	643
108	658
109	128
109	223
109	264
109	303
109	580
109	581
110	228
110	247
110	256
110	405
110	596
110	606
110	874
110	896
110	932
111	151
111	492
111	527
111	649
112	217
112	328
112	340
112	488
112	690
112	739
112	749
112	796
113	161
113	205
113	246
113	385
113	462
113	504
113	647
113	862
114	116
114	127
114	180
114	197
114	235
114	382
114	418
114	534
114	554
114	572
114	617
114	641
114	707
114	721
114	915
114	943
114	978
114	983
115	210
115	216
115	807
115	902
115	1478
116	147
116	241
116	273
116	281
116	375
116	441
116	525
116	529
116	558
116	560
116	743
116	784
116	937
116	971
117	139
117	456
117	538
117	564
117	620
117	637
117	690
117	756
117	812
117	877
118	148
118	195
118	258
118	268
118	430
118	667
118	714
118	873
118	893
119	161
119	182
119	261
119	299
119	316
119	563
119	636
119	767
119	818
119	819
119	852
119	880
119	896
119	932
119	952
119	1199
120	295
120	355
120	637
120	681
120	684
120	766
120	827
121	317
121	319
121	326
121	328
121	389
121	393
121	408
121	659
121	675
121	793
121	930
122	314
122	456
122	494
122	501
122	635
122	772
122	782
122	822
122	865
122	971
123	271
123	276
123	330
123	450
123	477
123	604
123	885
124	296
124	406
124	416
124	670
125	490
125	572
125	883
125	966
126	232
126	480
126	609
126	777
126	785
126	875
126	957
127	182
127	362
127	451
127	502
127	533
127	653
127	721
127	832
127	840
127	986
128	164
128	412
128	417
128	470
128	506
128	707
129	153
129	341
129	397
129	435
129	785
129	843
129	888
129	910
129	944
129	974
130	134
130	138
130	169
130	203
130	301
130	397
130	468
130	561
130	825
130	944
130	988
131	224
131	257
131	295
131	345
131	377
131	422
131	743
131	805
131	881
131	936
131	963
132	183
132	284
132	324
132	393
132	455
132	520
132	560
132	927
132	992
133	157
133	264
133	295
133	750
133	798
133	836
133	843
134	325
134	360
134	401
134	421
134	608
134	622
134	655
134	1648
135	180
135	231
135	329
135	394
135	439
135	629
135	640
135	782
135	976
135	993
136	140
136	188
136	221
136	313
136	433
136	622
136	754
136	797
136	836
136	840
137	173
137	502
137	683
137	845
137	855
137	981
138	556
138	684
138	811
138	980
139	338
139	352
139	408
139	424
139	766
139	947
139	1034
140	154
140	157
140	222
140	400
140	438
140	446
140	521
140	566
140	779
140	930
140	941
141	196
141	286
141	446
141	491
141	503
141	581
141	651
141	881
141	921
142	201
142	264
142	339
142	344
142	444
142	694
142	957
143	190
143	261
143	275
143	340
143	512
143	603
143	692
143	743
143	867
143	1915
144	233
144	420
144	451
144	491
144	552
144	852
144	907
144	992
145	251
145	272
145	281
145	282
145	763
145	964
145	971
145	977
146	255
146	550
146	590
146	631
146	691
146	794
146	900
146	992
147	222
147	258
147	287
147	317
147	344
147	367
147	544
147	616
147	618
147	737
147	909
147	946
148	564
148	662
148	888
148	914
148	1371
149	197
149	241
149	447
149	658
149	666
149	775
149	787
149	802
150	211
150	216
150	231
150	249
150	364
150	520
150	550
150	648
150	665
150	716
150	759
150	763
150	867
150	959
151	177
151	181
151	223
151	232
151	389
151	518
151	529
151	668
151	727
151	903
151	911
151	1877
152	307
152	363
152	410
152	416
152	558
152	577
152	772
152	787
153	358
153	368
153	487
153	589
154	155
154	381
154	418
154	535
154	538
154	749
154	785
154	814
154	936
154	951
155	156
155	334
155	398
155	446
155	844
155	846
155	947
155	951
155	965
156	281
156	388
156	420
156	663
156	806
157	262
157	331
157	559
157	745
157	800
157	809
158	245
158	329
158	379
158	568
158	580
158	581
158	609
158	627
158	655
158	853
159	220
159	336
159	402
159	523
159	587
159	604
159	648
159	691
159	877
159	893
160	200
160	218
160	241
160	357
160	599
160	637
160	885
160	900
160	951
161	343
161	435
161	440
161	519
161	624
161	775
161	966
161	968
162	270
162	283
162	494
162	537
162	623
162	825
162	981
163	173
163	180
163	257
163	259
163	273
163	455
163	585
163	607
163	699
163	891
163	932
163	1024
164	213
164	513
164	550
164	670
164	677
164	729
164	885
164	889
164	902
164	963
165	355
165	437
165	470
165	498
165	717
165	894
165	992
166	228
166	449
166	511
166	564
166	695
166	878
166	974
167	522
167	677
167	693
167	836
167	883
167	966
168	207
168	241
168	242
168	312
168	319
168	322
168	342
168	407
168	430
168	436
168	482
168	629
168	643
168	728
168	744
168	781
168	802
168	804
168	925
168	941
169	242
169	257
169	895
169	963
169	990
170	390
170	423
170	510
170	597
170	648
170	666
170	697
170	802
170	993
171	408
171	595
171	792
171	852
171	939
171	943
172	202
172	294
172	296
172	311
172	331
172	384
172	512
172	592
172	920
173	349
173	371
173	419
173	442
173	523
173	540
173	587
173	622
173	723
173	784
173	864
173	917
173	998
174	266
174	269
174	284
174	328
174	387
174	451
174	495
174	545
174	703
174	791
175	312
175	445
175	450
175	543
175	547
175	565
175	641
175	666
175	789
175	963
176	237
176	379
176	410
176	430
176	523
176	661
176	676
176	981
176	1287
177	263
177	392
177	482
177	509
177	539
177	555
177	572
177	587
177	655
177	795
177	905
178	179
178	430
178	443
178	805
178	836
179	230
179	241
179	352
179	421
179	634
179	776
179	884
180	215
180	562
180	604
180	634
180	775
180	880
180	996
181	212
181	318
181	348
181	411
181	418
181	444
181	579
181	603
181	744
181	757
181	829
181	899
181	954
182	238
182	263
182	460
182	756
183	207
183	216
183	611
183	760
183	786
183	809
184	598
184	658
184	667
184	726
184	755
184	783
184	793
184	975
185	345
185	355
185	464
185	504
185	593
185	596
185	622
185	721
185	741
186	344
186	443
186	629
186	632
186	652
186	966
187	195
187	295
187	423
187	487
187	850
187	887
187	944
188	190
188	196
188	240
188	602
189	195
189	217
189	410
189	575
189	719
189	780
189	803
189	898
189	908
189	910
190	199
190	272
190	357
190	434
190	512
190	532
190	689
190	710
190	783
190	817
190	987
191	232
191	270
191	340
191	517
191	632
191	873
191	885
192	333
192	335
192	364
192	370
192	447
192	529
192	533
192	534
192	718
192	750
192	823
192	912
192	996
193	284
193	640
193	771
194	204
194	322
194	369
194	618
194	633
194	699
194	846
194	938
194	961
194	979
195	378
195	575
195	932
195	1357
196	266
196	402
196	404
196	441
196	541
196	592
196	855
196	866
196	869
196	937
196	992
197	341
197	347
197	392
197	395
197	397
197	398
197	421
197	510
197	562
197	612
197	766
197	786
197	854
197	871
197	990
198	298
198	542
198	736
198	794
198	1799
199	260
199	369
199	624
199	649
199	947
199	963
199	969
200	236
200	292
200	314
200	444
200	485
200	539
200	547
200	562
200	599
200	866
200	882
200	910
200	956
201	299
201	313
201	612
201	708
201	897
202	249
202	284
202	571
202	699
202	980
202	984
203	376
203	389
203	492
203	608
203	627
203	791
203	922
204	215
204	266
204	316
204	338
204	366
204	386
204	436
204	448
204	534
204	669
204	862
204	932
205	322
205	462
205	496
205	623
205	631
205	832
206	285
206	524
206	573
206	579
206	588
206	938
206	952
206	1547
207	237
207	258
207	383
207	484
207	691
207	732
207	994
208	284
208	802
208	814
208	892
208	920
209	255
209	302
209	315
209	338
209	434
209	464
209	502
209	576
209	652
209	705
209	738
209	780
209	907
210	224
210	343
210	385
210	414
210	603
210	797
210	833
210	938
210	947
211	320
211	390
211	502
211	651
211	729
211	789
212	348
212	387
212	539
212	582
212	728
212	785
212	822
212	828
213	254
213	356
213	360
213	553
213	605
213	610
213	747
213	758
213	917
213	959
214	216
214	588
214	625
214	813
215	255
215	559
215	732
215	856
215	931
216	384
216	456
216	493
216	517
216	539
216	902
216	962
217	236
217	250
217	263
217	305
217	683
217	727
217	772
217	829
217	975
218	222
218	264
218	282
218	607
218	750
218	876
219	255
219	282
219	400
219	480
219	503
219	541
219	690
219	786
219	791
219	857
219	862
219	905
219	930
219	981
219	982
219	1435
220	486
220	517
220	553
220	614
220	726
220	891
220	892
220	983
220	997
221	241
221	269
221	374
221	400
221	619
221	789
221	839
221	945
221	947
221	962
221	973
221	1954
222	633
223	272
223	415
223	416
223	456
223	518
223	706
223	929
223	1907
224	378
224	483
224	618
224	644
225	563
225	712
225	968
225	985
226	278
226	319
226	363
226	595
226	637
226	685
226	760
226	780
226	953
227	297
227	624
227	633
227	679
227	697
227	949
228	470
228	554
228	586
228	693
228	811
228	846
228	994
229	307
229	392
229	404
229	619
229	655
229	746
229	868
229	936
230	472
230	604
231	279
231	435
231	471
231	694
231	713
231	982
232	409
232	470
232	474
232	528
232	839
232	841
233	283
233	417
233	437
233	439
233	595
233	701
233	702
233	730
233	869
233	980
234	281
234	364
234	380
234	545
234	571
234	601
234	634
234	654
234	750
234	765
234	987
234	1261
235	247
235	325
235	354
235	426
235	608
235	732
235	808
235	886
235	957
236	274
236	498
236	562
236	651
236	715
236	785
236	793
236	845
236	856
236	946
236	956
236	989
237	288
237	321
237	582
237	755
237	786
237	865
237	905
237	910
238	268
238	346
238	398
238	465
238	759
238	787
238	867
238	873
239	478
239	543
239	813
239	912
239	923
239	953
239	964
239	995
240	266
240	331
240	601
240	687
241	243
241	382
241	402
241	546
241	710
241	769
241	956
242	301
242	349
242	354
242	576
242	973
242	1930
243	310
243	397
243	437
243	461
243	685
243	752
243	864
243	909
243	987
244	360
244	393
244	499
244	502
244	513
244	924
244	947
244	1159
245	411
245	464
245	756
245	857
245	893
245	939
245	952
245	962
246	307
246	344
246	454
246	598
246	836
246	845
246	951
247	337
247	533
247	698
247	752
247	786
248	282
248	324
248	365
248	775
248	803
248	831
248	997
249	322
249	348
249	358
249	477
249	528
249	537
249	542
249	917
249	977
249	987
250	314
250	334
250	469
250	669
250	674
250	725
250	770
250	774
250	910
250	974
250	982
251	358
251	453
251	495
251	518
251	843
252	297
252	520
252	779
252	815
252	988
253	275
253	444
253	506
253	575
253	592
254	324
254	342
254	454
254	526
254	561
254	809
254	942
254	966
254	993
255	381
255	482
255	517
255	528
255	630
255	703
255	860
256	338
256	418
256	533
256	568
256	718
256	744
256	753
256	865
256	952
256	959
257	357
257	377
257	381
257	429
257	605
257	644
257	684
257	749
257	865
257	901
257	926
257	950
258	547
258	718
258	906
258	929
258	1698
259	265
259	386
259	426
259	503
259	538
259	616
259	641
259	779
259	1706
260	276
260	348
260	582
260	868
260	923
260	940
261	284
261	285
261	304
261	334
261	444
261	591
261	717
261	846
261	900
261	929
262	409
262	492
262	581
262	602
262	625
262	698
262	721
262	783
262	815
262	822
262	1590
263	271
263	345
263	452
263	497
263	557
263	642
263	647
263	695
263	896
263	933
264	392
264	399
264	405
264	488
264	519
264	663
264	701
264	877
265	418
265	440
265	596
265	626
265	629
265	823
265	848
265	858
265	867
265	895
265	971
266	434
266	456
266	480
266	503
266	526
266	647
266	733
266	788
266	930
266	970
267	297
267	510
267	818
267	874
268	450
268	730
268	836
268	868
269	317
269	401
269	582
269	585
269	833
269	982
270	838
270	879
270	975
271	281
271	302
271	350
271	509
271	558
271	585
271	696
271	796
271	841
271	889
271	955
271	1483
272	297
272	315
272	396
272	421
272	425
272	449
272	539
272	686
272	818
272	831
272	840
272	945
273	347
273	362
273	457
273	501
273	647
274	336
274	340
274	380
274	433
274	525
274	637
274	732
274	874
274	913
275	392
275	480
275	571
275	574
275	798
275	893
275	990
276	333
276	801
276	854
276	921
277	429
277	581
277	622
277	736
277	742
277	821
277	915
277	973
277	990
278	482
278	514
278	626
278	703
278	751
278	794
278	910
279	283
279	290
279	330
279	420
279	467
279	509
279	567
279	597
279	876
280	343
280	371
280	580
280	719
280	722
280	856
280	879
281	284
281	321
281	463
281	546
281	686
281	770
281	997
282	419
282	459
282	673
282	749
283	428
283	527
283	589
283	632
283	667
283	869
283	894
283	899
283	960
283	980
284	304
284	372
284	380
284	381
284	816
284	847
284	937
285	295
285	385
285	683
285	692
285	910
285	973
286	455
286	466
286	605
286	690
286	694
286	712
286	756
286	784
286	810
286	928
286	945
286	968
287	295
287	387
287	563
287	620
287	713
287	717
287	848
287	878
287	992
288	404
288	567
288	595
288	611
288	677
288	706
288	744
288	963
289	462
289	470
289	509
289	587
289	830
289	871
290	308
290	320
290	471
290	555
290	761
290	773
290	803
290	816
290	860
290	994
290	1318
291	376
291	380
291	381
291	396
291	470
291	708
291	733
291	832
292	360
292	458
292	462
292	815
292	822
292	831
292	833
292	847
292	873
292	910
293	337
293	440
293	537
293	659
293	669
293	798
293	805
293	841
293	907
293	955
293	972
293	1910
294	367
294	730
294	771
294	986
295	426
295	455
295	533
295	620
295	623
295	754
295	825
295	911
296	381
296	502
296	612
296	781
296	826
296	838
296	947
296	951
296	979
297	311
297	592
297	657
297	681
297	698
297	716
297	771
297	823
297	891
297	913
298	325
298	365
298	409
298	541
298	583
298	628
298	827
298	872
298	887
298	917
299	355
299	402
299	410
299	483
299	607
299	745
299	759
299	796
299	853
300	428
300	471
300	506
300	610
300	663
300	716
301	377
301	591
301	675
301	755
301	881
301	900
301	976
302	310
302	380
302	419
302	481
302	675
302	888
302	908
302	969
303	343
303	582
303	711
303	768
303	831
303	965
303	980
304	480
304	645
304	816
304	934
305	448
305	470
305	519
305	630
305	750
305	796
305	828
306	337
306	483
306	997
307	363
307	465
307	485
307	642
307	772
307	815
307	823
308	481
308	492
308	524
308	601
308	609
308	715
308	727
308	855
309	472
309	607
309	754
309	865
309	869
310	336
310	343
310	371
310	397
310	751
310	771
310	933
311	504
311	641
311	729
311	738
311	911
311	926
311	947
312	332
312	399
312	401
312	441
312	444
312	495
312	729
312	802
312	814
312	875
312	904
312	975
313	322
313	350
313	360
313	427
313	491
313	545
313	615
313	757
313	888
313	958
314	398
314	450
314	503
314	556
314	590
314	692
314	803
314	966
314	988
315	463
315	677
315	741
315	805
315	879
315	933
315	1301
316	413
316	415
316	420
316	531
316	722
316	753
316	863
316	887
316	976
317	334
317	377
317	397
317	401
317	476
317	482
317	575
317	627
317	853
318	378
318	547
318	616
318	667
318	673
318	779
319	470
319	501
319	555
319	565
319	789
319	823
319	872
319	933
319	976
320	679
321	326
321	428
321	495
321	541
322	577
322	589
322	598
322	707
322	883
322	938
322	975
322	998
323	416
323	536
323	875
325	343
325	485
325	530
325	761
325	828
325	932
326	390
326	768
327	350
327	669
327	766
327	964
328	423
328	486
328	603
328	634
328	783
328	958
329	423
329	691
329	700
329	703
329	847
329	883
330	401
330	438
330	443
330	471
330	583
330	607
330	674
330	703
330	876
331	445
331	840
331	935
331	952
332	335
332	397
332	429
332	696
332	752
332	846
332	847
333	334
333	435
333	743
333	960
334	525
334	707
334	792
334	924
335	681
335	695
335	707
336	371
336	451
336	454
336	650
336	717
336	731
336	778
336	828
336	895
336	945
336	951
336	958
337	968
338	382
338	462
338	494
338	536
338	602
338	630
338	657
338	769
338	775
338	784
339	401
339	636
339	895
339	903
339	905
340	348
340	359
340	510
340	672
340	712
340	741
340	756
340	838
340	899
341	863
341	871
341	892
341	894
341	1455
342	633
342	668
343	777
343	941
344	453
344	563
344	620
344	779
344	898
344	1017
345	451
345	653
345	715
345	831
345	973
346	379
346	387
346	447
346	772
346	792
346	818
346	862
346	953
347	437
347	606
347	609
347	612
347	936
348	435
348	449
348	558
348	597
348	722
348	724
348	787
348	864
348	950
349	367
349	499
349	510
349	584
349	619
349	669
349	702
349	733
349	806
349	833
349	875
349	900
349	904
349	972
350	422
350	493
350	548
350	583
350	976
350	1683
351	934
352	624
352	626
352	841
353	355
353	489
353	612
353	635
353	679
353	894
353	937
354	483
354	532
354	595
354	661
354	677
354	718
354	844
354	847
354	940
354	957
354	981
355	429
355	485
355	560
355	678
355	818
355	857
355	993
355	999
356	358
356	368
356	390
356	556
356	729
356	770
356	771
356	801
356	837
356	1437
357	394
357	615
357	694
357	813
357	937
357	954
357	956
358	424
358	598
358	653
358	753
358	894
358	919
358	959
358	965
359	411
359	570
359	599
359	612
359	658
359	667
359	818
359	970
360	362
360	385
360	561
360	833
360	844
360	940
361	547
361	843
361	942
361	995
362	559
362	588
362	650
362	909
363	372
363	405
363	450
363	476
363	526
363	565
363	798
363	855
363	871
363	896
363	988
364	410
364	448
364	690
364	871
365	512
365	804
365	905
366	491
366	531
366	568
366	904
366	995
367	471
367	636
367	670
367	726
367	734
368	619
368	707
368	855
368	937
369	444
369	469
369	702
369	764
369	791
369	970
370	383
370	498
370	546
370	663
370	944
371	499
371	518
371	533
371	537
371	617
371	643
371	647
371	784
371	950
371	988
371	995
372	422
372	520
372	709
372	766
373	430
373	450
373	494
373	847
373	858
373	937
374	412
374	475
374	630
374	726
374	837
374	851
374	875
374	997
375	479
375	585
375	994
376	417
376	426
376	439
376	445
376	460
376	465
376	477
376	534
376	617
376	676
376	935
377	611
377	713
377	770
377	789
377	902
377	937
378	424
378	511
378	889
378	901
379	503
379	533
379	624
379	660
379	858
380	738
381	688
381	713
381	750
381	856
381	860
381	960
382	398
382	406
382	480
382	506
383	404
383	420
383	428
383	638
383	639
383	730
383	859
383	868
383	1376
384	555
384	742
384	837
384	855
384	864
384	987
384	1622
385	438
385	583
385	642
385	680
385	734
385	738
385	903
386	403
386	482
386	684
386	793
386	988
387	424
387	504
387	539
387	686
387	705
387	767
387	797
387	874
387	966
388	558
388	772
388	871
388	944
388	961
389	513
389	719
389	793
389	832
389	887
389	936
390	491
390	556
390	934
391	423
391	443
391	571
391	645
391	805
391	932
392	424
392	437
392	608
392	699
392	848
392	876
392	991
393	486
393	694
393	735
393	795
393	910
393	965
394	454
394	473
394	562
394	669
394	818
394	875
394	986
395	429
395	514
395	745
395	838
395	978
396	470
396	490
396	598
396	672
396	824
396	832
396	911
396	963
396	970
397	555
397	673
397	755
397	831
397	921
398	484
398	624
398	831
398	914
399	699
399	716
399	740
399	839
399	847
399	901
399	987
400	420
400	477
400	632
400	721
400	755
400	773
400	811
401	414
401	644
401	820
401	967
402	418
402	446
402	670
402	900
402	958
403	700
403	709
403	725
403	794
404	446
404	479
404	505
404	508
404	536
404	950
404	987
405	457
405	514
405	537
405	558
405	575
405	578
405	626
405	869
405	1600
406	579
406	602
406	783
406	817
406	990
407	443
407	498
407	630
407	683
407	722
407	731
407	935
407	952
407	1412
408	490
408	495
408	497
408	626
408	718
408	739
408	795
409	490
409	588
409	678
409	802
409	804
409	884
410	559
410	567
410	576
410	687
410	724
410	765
410	951
410	955
411	570
411	605
411	607
411	628
411	736
411	741
411	776
411	856
411	910
411	915
411	1552
412	610
412	680
412	689
412	816
413	555
413	571
413	611
413	662
413	879
413	938
413	991
413	992
414	668
414	731
415	480
415	638
415	678
415	704
415	767
415	871
415	986
416	434
416	466
416	576
416	629
416	678
416	819
416	916
417	478
417	582
418	435
418	468
418	735
418	756
418	941
419	521
419	1818
420	577
420	632
420	659
420	748
420	818
421	453
421	848
422	452
422	484
422	762
422	794
422	860
422	900
422	926
423	452
423	469
423	502
423	642
423	671
423	902
424	547
424	560
424	578
424	613
424	717
424	849
424	935
425	621
425	897
425	920
426	603
426	614
426	755
426	788
426	894
426	918
426	989
427	563
427	576
427	614
427	770
427	786
427	894
427	925
427	990
428	450
428	610
428	662
428	678
428	793
428	800
429	551
429	625
429	729
429	815
429	852
430	450
430	473
430	579
430	626
430	642
430	890
431	487
431	823
431	913
431	934
431	996
432	474
432	512
432	550
432	740
432	907
433	438
433	581
434	453
434	937
434	994
435	466
435	804
435	811
435	968
436	617
436	711
436	993
436	998
437	467
437	497
437	562
437	614
437	716
437	884
437	905
438	532
438	712
438	831
438	925
438	946
439	493
439	613
439	998
440	500
440	516
440	618
440	749
440	784
440	806
440	906
441	493
441	510
441	797
441	999
441	1462
442	470
442	474
442	618
442	725
442	850
442	866
442	970
443	447
443	458
443	558
443	561
443	1286
444	606
444	703
444	785
444	854
445	458
445	461
445	488
445	634
445	665
445	978
446	550
446	670
446	678
446	685
446	782
447	541
447	647
447	723
447	919
448	450
448	554
448	935
448	953
448	977
449	494
449	582
449	650
449	732
449	733
449	785
449	871
450	471
450	488
450	903
451	593
451	645
451	676
451	768
451	846
451	850
451	908
452	489
452	531
452	690
452	709
453	750
453	885
454	465
454	530
454	583
454	599
454	610
454	705
454	732
454	796
454	888
455	523
455	633
455	810
455	816
455	869
455	980
456	459
456	945
457	579
457	652
457	685
457	820
457	932
457	989
457	991
458	541
458	554
458	574
458	727
459	473
459	568
459	684
459	731
459	753
459	794
460	465
460	486
460	505
460	562
460	573
460	813
460	858
460	953
460	998
461	567
461	607
461	721
461	753
461	866
461	977
462	516
462	604
462	717
462	775
462	803
462	890
463	513
463	575
463	818
463	845
463	846
463	850
463	962
464	562
464	564
464	585
464	726
464	751
464	792
464	916
464	965
464	973
464	979
465	499
465	510
465	602
465	649
465	759
465	860
465	884
465	964
466	473
466	519
466	654
466	859
467	696
467	750
467	828
467	853
467	874
467	929
468	502
468	518
468	611
468	902
468	932
469	529
469	746
469	773
469	793
470	525
470	546
470	633
470	641
470	725
471	486
471	504
471	567
471	589
471	599
471	714
471	812
471	912
472	528
472	689
472	699
472	754
472	789
472	969
473	493
473	609
473	677
473	879
473	962
473	977
474	584
474	692
474	702
474	758
474	832
474	971
475	489
475	530
475	531
475	533
475	546
475	576
475	597
475	605
475	939
475	944
476	540
476	694
476	747
476	801
476	806
476	881
476	941
477	518
477	627
477	737
477	804
477	829
477	977
478	687
478	779
478	794
478	870
478	949
478	990
478	991
479	528
479	537
479	650
479	682
480	521
480	564
480	591
480	645
480	682
480	836
480	880
480	989
481	540
481	648
481	650
481	855
482	629
482	655
482	801
482	867
483	590
483	629
483	651
483	768
484	552
484	652
484	729
484	872
485	539
485	546
485	619
485	622
485	638
485	786
485	852
485	878
485	893
485	934
486	559
486	634
486	650
486	669
486	837
486	851
486	935
486	1667
487	592
487	660
487	738
487	887
488	682
488	731
488	816
488	850
488	990
489	626
489	837
489	898
489	939
490	659
490	846
490	955
490	1353
491	528
491	787
491	836
491	887
491	940
491	988
492	562
492	624
492	662
492	687
492	704
492	925
492	937
493	727
493	799
493	848
494	602
494	604
494	672
494	855
494	874
495	642
495	707
495	907
496	544
496	600
496	951
497	585
497	641
497	837
498	627
498	636
498	817
498	859
498	987
499	687
499	782
499	789
499	794
499	844
499	876
499	932
499	950
500	527
500	726
500	742
500	756
500	797
500	848
500	861
500	891
500	901
500	906
501	553
501	558
501	614
501	851
501	949
502	550
502	570
502	590
502	771
502	875
502	992
503	528
503	555
503	636
503	846
504	548
504	632
504	683
504	715
504	731
504	736
504	864
504	924
504	957
505	659
505	708
505	757
505	779
505	955
506	523
506	553
506	566
506	590
506	698
506	799
506	851
506	926
506	981
507	572
507	658
507	742
507	820
507	876
507	991
508	524
508	624
508	639
508	795
508	819
508	857
508	898
508	998
509	545
509	587
509	648
510	544
510	687
510	695
510	783
510	826
510	885
510	999
510	1005
511	853
511	947
511	965
512	608
512	705
512	812
512	814
512	898
513	827
513	843
513	934
513	935
514	645
514	659
514	696
514	964
514	967
515	882
515	918
516	634
516	738
516	809
516	842
516	942
516	967
516	979
517	541
517	569
517	797
517	836
517	846
517	950
517	981
517	993
518	617
518	787
518	846
518	902
518	903
519	666
519	668
519	686
519	736
519	843
520	526
520	578
520	585
520	671
520	808
520	830
520	842
520	936
521	626
521	734
521	893
521	895
522	540
522	687
522	783
522	789
523	703
523	807
523	816
524	750
525	562
525	856
525	892
525	970
526	530
526	604
526	736
526	820
526	923
527	553
527	716
527	831
528	873
529	540
529	749
529	822
529	831
529	869
529	931
529	943
529	973
530	536
530	583
530	933
531	543
531	563
531	590
531	614
531	700
531	797
531	1715
532	542
532	597
532	701
533	568
533	640
533	740
533	953
534	575
534	648
534	714
535	890
536	863
537	581
537	743
537	770
537	807
537	820
537	835
537	893
537	905
538	556
538	710
538	762
538	813
538	885
539	564
539	653
539	660
539	837
539	852
539	885
540	548
540	595
540	707
540	870
540	914
540	970
541	548
541	559
541	658
541	840
542	566
542	647
542	650
542	673
542	707
542	781
543	563
543	588
543	637
543	769
543	880
543	910
543	917
544	632
544	758
545	624
545	693
545	903
545	980
546	576
546	824
546	843
546	896
547	623
547	687
547	714
547	727
547	781
547	922
547	979
548	576
548	686
548	765
548	926
549	581
549	783
549	932
549	953
550	572
550	709
550	724
550	846
550	909
550	911
551	578
551	629
551	795
551	850
551	861
551	970
552	576
552	683
552	782
552	824
553	757
553	822
553	852
553	949
554	596
554	638
554	814
554	846
554	943
555	576
555	698
555	904
555	984
555	1016
556	618
556	766
556	838
556	910
556	943
557	633
557	721
557	748
557	919
558	632
558	731
558	970
559	617
559	618
559	850
559	877
559	894
559	921
560	905
561	578
561	849
561	858
561	864
561	963
561	980
561	984
561	1426
562	632
562	664
562	682
562	788
562	792
562	953
562	1139
563	597
563	610
563	657
563	660
563	666
563	682
563	734
563	764
564	580
564	594
564	828
564	985
564	1892
565	768
565	774
565	834
566	598
566	658
566	669
566	765
566	847
567	623
567	669
567	744
568	596
568	651
568	843
568	897
569	639
569	702
569	837
569	866
569	967
570	894
570	915
571	753
571	861
571	997
572	789
572	819
572	837
572	886
573	647
573	692
573	720
574	630
574	672
574	757
574	760
575	584
576	684
576	715
576	757
576	959
577	579
577	731
577	785
577	843
578	620
578	766
578	839
578	954
579	599
579	603
579	608
579	647
579	724
580	618
580	719
580	793
580	823
581	790
581	951
582	603
582	655
582	753
582	834
583	787
583	943
583	957
583	992
584	698
584	750
584	809
584	863
585	824
585	976
586	598
586	739
586	790
586	856
586	860
586	951
587	652
587	668
587	752
587	943
588	656
588	746
589	604
589	789
589	798
589	833
590	717
590	780
590	870
590	900
590	911
590	933
591	602
591	689
591	722
591	728
591	886
591	990
591	1885
592	599
593	657
593	680
593	889
593	948
594	797
594	858
594	860
594	896
594	949
595	629
595	751
595	767
595	854
595	870
595	953
596	615
596	687
596	744
596	878
597	678
597	885
597	916
597	922
597	964
598	698
598	790
598	841
598	957
599	605
599	703
599	756
599	778
599	826
599	853
599	960
600	644
600	659
600	688
600	732
600	807
601	855
602	644
602	668
602	705
602	785
602	819
602	840
602	854
602	952
602	967
603	729
603	788
603	859
604	629
604	719
604	758
604	792
604	796
604	1519
605	613
605	647
605	865
605	974
606	656
606	839
606	1862
607	631
607	746
607	787
607	899
607	945
607	982
607	995
607	1802
608	885
608	925
608	974
608	990
609	625
609	721
610	628
610	673
610	775
610	861
610	877
611	816
611	845
611	881
611	980
611	1935
612	620
612	734
613	790
613	1134
613	1215
614	621
614	684
614	769
615	807
616	628
616	771
616	855
616	860
616	863
616	930
616	969
617	851
617	872
617	906
618	757
618	774
618	954
619	773
619	902
620	787
621	651
621	699
621	727
621	737
621	808
621	881
621	973
621	991
621	1777
622	670
622	745
622	751
622	955
622	977
623	637
623	707
623	870
623	874
623	898
623	902
623	910
623	963
623	968
623	1825
624	677
624	701
624	756
624	856
625	706
625	789
625	974
625	977
626	713
626	852
626	913
626	961
626	999
627	895
627	911
628	639
628	684
629	630
629	631
629	694
629	726
629	735
629	883
630	712
630	793
630	815
630	821
631	849
631	910
631	911
632	641
632	680
632	886
632	911
632	932
632	941
633	648
633	792
633	843
634	736
634	785
634	800
634	888
634	920
634	1629
635	745
635	799
635	959
635	967
636	673
636	788
636	985
636	993
637	709
637	739
638	667
638	777
638	855
638	887
638	948
639	798
639	907
640	697
640	772
640	796
641	697
641	753
641	906
641	928
641	932
641	935
641	940
642	678
642	684
642	776
642	815
643	786
643	805
644	709
644	753
644	757
644	962
645	665
645	689
645	771
645	815
645	902
646	657
646	784
646	828
646	862
646	958
647	961
648	664
648	813
648	903
648	969
649	790
649	995
650	652
650	824
650	834
650	977
651	781
651	853
651	863
651	975
652	823
652	893
652	909
653	834
653	900
653	931
654	661
654	668
654	785
654	860
654	868
654	917
655	762
655	765
655	811
655	906
655	1011
656	674
656	696
656	817
656	839
656	876
656	904
657	686
657	717
657	904
658	762
658	795
658	848
658	929
658	944
658	998
659	664
659	735
659	801
659	834
660	707
660	779
660	815
660	861
660	863
662	703
662	709
662	760
662	901
662	947
663	672
663	689
663	775
663	883
664	853
664	856
664	937
664	952
664	994
665	684
665	812
665	844
665	869
666	667
666	676
667	762
667	799
667	896
667	940
667	982
667	983
668	760
668	872
669	706
669	826
670	979
670	986
671	723
671	731
671	736
671	741
671	828
672	678
672	700
672	787
672	798
672	857
672	860
672	871
672	877
673	686
673	832
673	975
673	977
674	745
674	782
674	906
674	953
675	797
675	949
676	725
676	879
676	980
677	682
677	778
677	812
677	957
678	732
678	745
678	781
678	808
678	852
678	901
678	991
680	733
680	798
680	962
680	993
681	734
682	997
683	748
683	781
683	916
684	736
684	817
684	826
684	856
684	912
685	706
685	883
686	778
686	790
686	806
686	848
687	791
687	806
687	943
687	944
687	946
687	986
688	891
689	941
690	765
690	787
690	813
691	827
691	992
692	827
692	958
693	851
693	858
693	918
693	953
694	711
694	840
694	863
695	767
695	831
695	891
695	1463
696	699
696	716
696	765
696	808
696	981
697	710
697	806
699	707
699	891
700	705
700	749
701	726
701	928
702	742
702	759
702	818
702	819
702	904
703	843
703	872
703	926
703	962
704	758
704	769
704	930
704	995
705	722
705	725
705	901
707	800
708	754
708	796
709	752
709	824
709	855
710	836
710	917
711	898
711	960
712	769
712	892
713	775
713	825
713	942
713	972
713	999
714	734
714	784
714	931
714	932
714	963
715	972
716	764
716	792
716	840
716	900
716	916
719	749
719	768
719	829
719	982
720	837
721	769
721	774
721	820
722	769
722	896
722	910
723	835
723	905
723	964
724	738
724	761
724	830
724	975
725	770
725	786
725	989
726	740
726	814
726	889
726	897
726	960
726	977
727	767
727	783
727	799
727	957
727	965
728	811
728	961
729	756
729	883
729	902
731	894
731	897
731	920
731	936
732	738
732	798
732	959
733	762
733	783
733	807
735	755
735	822
736	773
736	812
736	875
736	890
736	940
738	746
738	814
738	929
739	750
739	780
739	830
739	997
740	791
740	814
740	833
740	880
740	980
741	810
741	858
741	960
742	769
742	793
743	755
743	817
743	863
743	888
743	949
743	971
744	790
744	818
744	966
744	976
746	769
746	862
746	985
747	888
747	903
748	869
748	923
749	761
749	923
749	1474
750	868
750	943
751	777
751	895
752	763
753	806
753	835
753	862
753	946
753	960
753	970
754	837
755	889
756	788
756	901
756	906
757	769
757	952
758	790
758	842
758	889
758	936
759	822
761	853
762	944
762	994
763	774
763	941
763	946
763	951
763	956
764	896
764	924
764	1738
765	824
765	909
766	960
767	777
767	916
768	929
768	1455
768	1779
769	808
769	886
770	812
770	878
771	988
771	999
772	820
772	888
772	905
773	891
773	931
774	800
774	842
775	943
775	944
775	963
776	961
780	1370
781	851
781	970
781	980
782	790
782	799
782	867
782	966
782	997
784	904
784	924
785	791
785	796
786	824
787	798
787	800
787	938
787	991
788	847
789	807
789	830
790	864
790	889
790	949
791	929
791	950
791	953
792	813
792	836
792	869
793	856
793	897
793	905
793	962
794	867
794	923
795	812
795	877
796	988
796	1055
797	825
797	828
797	932
798	919
799	819
799	844
800	808
800	955
801	807
801	898
801	908
802	844
802	861
802	862
802	970
802	994
803	944
804	860
804	942
805	845
805	883
807	912
808	859
808	868
808	884
808	903
808	1053
809	1331
810	909
811	824
811	880
811	992
813	902
814	820
814	920
815	867
815	979
815	1946
816	898
816	956
818	841
818	980
818	992
819	921
819	952
822	956
823	914
823	944
824	1522
825	885
826	860
826	869
826	904
827	936
828	979
829	912
829	989
830	836
832	877
832	908
832	980
833	949
834	925
835	854
835	897
835	924
835	954
836	924
838	935
839	973
840	846
840	907
842	886
842	924
843	936
843	947
846	877
846	981
847	916
847	1435
848	925
848	992
849	876
849	992
850	992
851	915
851	980
852	862
852	893
852	945
852	983
852	994
853	1121
854	893
855	873
856	947
857	876
858	921
858	976
859	948
860	910
860	942
860	967
861	868
861	987
862	885
862	892
863	894
864	932
865	879
865	909
865	910
865	947
868	904
868	937
869	882
869	966
870	887
871	896
872	920
872	944
872	955
874	950
875	909
876	964
878	952
879	906
879	957
880	898
880	1207
882	952
883	937
884	896
884	961
885	941
886	909
886	1973
887	943
889	942
889	979
891	965
891	998
893	1761
896	926
896	934
896	964
898	915
898	933
898	936
899	998
900	953
901	1574
903	949
904	944
906	976
907	969
907	996
908	963
908	985
908	991
909	1142
913	943
916	919
916	929
916	930
916	937
916	974
919	965
920	937
922	928
922	1043
923	925
923	956
923	982
924	978
924	985
926	952
930	1234
932	953
935	950
936	980
937	952
941	1145
942	956
944	960
946	976
947	960
947	963
949	984
953	958
953	962
954	988
955	987
955	1706
957	1146
960	971
962	964
967	979
968	977
969	993
973	977
973	997
974	985
980	981
981	1436
984	1228
986	997
1000	1074
1000	1203
1000	1281
1000	1286
1000	1353
1000	1830
1000	1831
1000	1889
1000	1979
1000	1988
1001	1021
1001	1092
1001	1112
1001	1266
1001	1400
1001	1629
1001	1630
1001	1642
1001	1748
1001	1822
1001	1887
1001	1954
1001	1986
1002	1231
1002	1374
1002	1500
1002	1608
1002	1879
1002	1914
1003	1159
1003	1161
1003	1166
1003	1417
1003	1571
1003	1666
1003	1691
1003	1733
1003	1791
1004	1016
1004	1280
1004	1285
1004	1359
1004	1463
1004	1621
1004	1714
1004	1919
1004	1968
1005	1152
1005	1176
1005	1235
1005	1407
1005	1678
1006	1024
1006	1167
1006	1246
1006	1380
1006	1402
1006	1700
1006	1727
1006	1765
1006	1786
1006	1832
1006	1840
1006	1842
1007	1056
1007	1111
1007	1160
1007	1312
1007	1367
1007	1415
1007	1480
1007	1521
1007	1718
1007	1756
1007	1861
1007	1990
1008	1195
1008	1261
1008	1277
1008	1664
1008	1689
1008	1693
1008	1886
1008	1896
1008	1917
1008	1941
1008	1999
1009	1133
1009	1181
1009	1265
1009	1643
1009	1711
1009	1852
1009	1863
1010	1028
1010	1075
1010	1284
1010	1312
1010	1386
1010	1480
1010	1487
1010	1515
1010	1702
1010	1832
1010	1853
1010	1904
1011	1120
1011	1174
1011	1180
1011	1447
1011	1488
1011	1762
1011	1978
1012	1061
1012	1085
1012	1484
1012	1683
1013	1023
1013	1040
1013	1056
1013	1159
1013	1253
1013	1318
1013	1396
1013	1406
1013	1614
1013	1646
1013	1780
1013	1789
1013	1819
1014	1049
1014	1161
1014	1300
1014	1581
1014	1584
1014	1667
1014	1734
1014	1799
1014	1825
1015	1051
1015	1264
1015	1277
1015	1289
1015	1334
1015	1467
1015	1566
1015	1647
1015	1743
1016	1195
1016	1237
1016	1250
1016	1369
1016	1707
1016	1857
1017	1188
1017	1242
1017	1256
1017	1276
1017	1352
1017	1421
1017	1429
1017	1540
1017	1687
1017	1698
1017	1772
1017	1778
1017	1833
1018	1285
1018	1363
1018	1475
1018	1498
1018	1506
1018	1558
1018	1651
1018	1788
1018	1904
1018	1942
1019	1072
1019	1091
1019	1176
1019	1213
1019	1274
1019	1279
1019	1349
1019	1396
1019	1434
1019	1646
1019	1653
1019	1763
1019	1840
1019	1974
1020	1094
1020	1133
1020	1163
1020	1247
1020	1379
1020	1553
1020	1698
1020	1791
1020	1840
1020	1857
1021	1248
1021	1278
1021	1399
1021	1512
1021	1557
1021	1706
1021	1975
1022	1071
1022	1284
1022	1335
1022	1354
1022	1434
1022	1488
1022	1490
1022	1562
1022	1713
1022	1731
1022	1832
1022	1873
1022	1982
1023	1038
1023	1039
1023	1061
1023	1088
1023	1103
1023	1140
1023	1392
1023	1540
1023	1669
1023	1673
1023	1771
1023	1826
1023	1889
1024	1125
1024	1126
1024	1149
1024	1264
1024	1534
1024	1628
1024	1747
1024	1893
1024	1952
1025	1108
1025	1252
1025	1438
1025	1712
1025	1845
1025	1967
1026	1051
1026	1097
1026	1140
1026	1251
1026	1481
1026	1537
1026	1739
1026	1764
1026	1884
1026	1900
1026	1906
1027	1036
1027	1039
1027	1048
1027	1249
1027	1282
1027	1320
1027	1544
1027	1566
1027	1595
1027	1596
1027	1635
1027	1951
1027	1973
1028	1128
1028	1171
1028	1177
1028	1286
1028	1396
1028	1522
1028	1526
1028	1591
1028	1859
1028	1887
1028	1964
1029	1126
1029	1171
1029	1204
1029	1338
1029	1362
1029	1499
1029	1600
1029	1641
1029	1704
1029	1778
1029	1846
1029	1852
1030	1066
1030	1167
1030	1327
1030	1406
1030	1421
1030	1575
1030	1784
1030	1800
1030	1965
1030	1998
1031	1143
1031	1257
1031	1264
1031	1473
1031	1527
1031	1729
1031	1781
1031	1881
1032	1039
1032	1198
1032	1266
1032	1432
1032	1848
1033	1063
1033	1277
1033	1453
1033	1529
1033	1813
1033	1999
1034	1373
1034	1521
1034	1574
1034	1586
1034	1629
1034	1635
1034	1774
1034	1798
1034	1811
1034	1827
1034	1890
1035	1091
1035	1095
1035	1192
1035	1349
1035	1554
1035	1673
1035	1692
1035	1720
1035	1721
1035	1843
1035	1849
1036	1321
1036	1443
1036	1444
1036	1544
1036	1673
1036	1674
1036	1933
1036	1971
1037	1055
1037	1095
1037	1141
1037	1182
1037	1244
1037	1364
1037	1419
1037	1458
1037	1479
1037	1531
1037	1896
1038	1049
1038	1080
1038	1151
1038	1232
1038	1305
1038	1583
1038	1585
1038	1591
1038	1620
1038	1738
1038	1813
1038	1910
1039	1147
1039	1352
1039	1437
1039	1601
1039	1615
1039	1786
1039	1803
1039	1851
1039	1874
1039	1974
1040	1236
1040	1255
1040	1448
1040	1751
1040	1898
1040	1906
1041	1112
1041	1119
1041	1363
1041	1421
1041	1626
1041	1631
1041	1710
1041	1745
1041	1803
1041	1895
1041	1935
1041	1950
1042	1303
1042	1306
1042	1324
1042	1502
1042	1507
1042	1524
1042	1581
1042	1952
1042	1976
1043	1389
1043	1469
1043	1549
1043	1598
1043	1606
1043	1658
1043	1673
1043	1741
1043	1830
1043	1847
1043	1884
1043	1904
1043	1947
1044	1212
1044	1425
1044	1671
1044	1726
1044	1737
1044	1917
1044	1939
1045	1117
1045	1233
1045	1493
1045	1950
1046	1089
1046	1134
1046	1142
1046	1163
1046	1348
1046	1645
1046	1707
1047	1513
1047	1518
1047	1523
1047	1632
1047	1672
1047	1784
1047	1868
1047	1932
1048	1055
1048	1091
1048	1130
1048	1135
1048	1161
1048	1207
1048	1390
1048	1446
1048	1463
1048	1523
1048	1656
1048	1709
1048	1767
1048	1772
1048	1807
1049	1182
1049	1291
1049	1388
1049	1555
1049	1662
1049	1846
1050	1149
1050	1158
1050	1171
1050	1216
1050	1438
1050	1519
1050	1593
1050	1674
1050	1701
1050	1893
1051	1166
1051	1187
1051	1189
1051	1256
1051	1276
1051	1331
1051	1367
1051	1386
1051	1533
1051	1539
1051	1726
1051	1950
1052	1103
1052	1153
1052	1267
1052	1340
1052	1367
1052	1552
1052	1678
1052	1798
1052	1898
1053	1180
1053	1247
1053	1409
1053	1422
1053	1436
1053	1596
1053	1819
1053	1847
1053	1893
1053	1915
1054	1085
1054	1162
1054	1244
1054	1318
1054	1422
1054	1459
1054	1483
1054	1487
1054	1605
1054	1656
1054	1671
1054	1810
1054	1897
1054	1919
1055	1094
1055	1121
1055	1260
1055	1381
1055	1530
1055	1532
1055	1595
1055	1664
1055	1671
1055	1725
1055	1824
1055	1840
1056	1327
1056	1465
1056	1521
1056	1561
1056	1572
1056	1618
1056	1694
1056	1707
1056	1761
1056	1777
1056	1795
1056	1946
1056	1977
1057	1331
1057	1368
1057	1399
1057	1607
1057	1642
1057	1648
1057	1883
1057	1947
1058	1091
1058	1208
1058	1277
1058	1317
1058	1518
1058	1783
1058	1883
1058	1897
1058	1902
1058	1918
1058	1921
1058	1985
1059	1175
1059	1200
1059	1377
1059	1475
1059	1476
1059	1647
1059	1657
1059	1680
1060	1180
1060	1227
1060	1278
1060	1289
1060	1294
1060	1451
1060	1571
1060	1801
1060	1819
1060	1922
1060	1953
1061	1131
1061	1134
1061	1242
1061	1452
1061	1456
1061	1774
1062	1343
1062	1474
1062	1578
1062	1669
1062	1707
1062	1750
1063	1098
1063	1245
1063	1305
1063	1496
1063	1502
1063	1536
1063	1756
1063	1779
1063	1820
1064	1209
1064	1211
1064	1239
1064	1350
1064	1489
1064	1825
1065	1091
1065	1138
1065	1168
1065	1353
1065	1668
1065	1683
1065	1702
1065	1798
1065	1820
1066	1167
1066	1224
1066	1347
1066	1390
1066	1445
1066	1497
1066	1524
1066	1618
1066	1697
1067	1297
1067	1459
1067	1525
1067	1584
1067	1638
1067	1666
1067	1708
1067	1819
1067	1912
1068	1078
1068	1082
1068	1177
1068	1180
1068	1189
1068	1269
1068	1334
1068	1424
1068	1486
1068	1615
1068	1790
1068	1888
1068	1994
1069	1295
1069	1418
1069	1516
1069	1540
1069	1605
1069	1630
1069	1725
1069	1787
1069	1986
1070	1381
1070	1551
1070	1616
1070	1681
1070	1738
1070	1941
1071	1146
1071	1151
1071	1320
1071	1415
1071	1433
1071	1586
1071	1605
1071	1646
1071	1746
1071	1807
1071	1927
1071	1933
1072	1386
1072	1397
1072	1444
1072	1560
1072	1706
1072	1803
1072	1926
1072	1927
1072	1955
1072	1996
1073	1168
1073	1172
1073	1375
1073	1402
1073	1466
1073	1682
1074	1103
1074	1234
1074	1298
1074	1374
1074	1434
1074	1444
1074	1502
1074	1625
1074	1630
1074	1678
1074	1848
1074	1971
1075	1304
1075	1334
1075	1379
1075	1390
1075	1510
1075	1533
1075	1623
1076	1283
1076	1286
1076	1288
1076	1415
1076	1433
1076	1558
1076	1768
1076	1781
1076	1899
1077	1082
1077	1214
1077	1233
1077	1387
1077	1475
1077	1757
1077	1790
1077	1836
1077	1845
1077	1878
1077	1904
1077	1921
1078	1109
1078	1155
1078	1215
1078	1230
1078	1323
1078	1365
1078	1406
1078	1465
1078	1712
1078	1787
1078	1881
1079	1092
1079	1181
1079	1205
1079	1469
1079	1573
1079	1614
1079	1953
1080	1089
1080	1102
1080	1138
1080	1186
1080	1192
1080	1198
1080	1280
1080	1443
1080	1464
1080	1530
1080	1734
1080	1773
1080	1822
1081	1091
1081	1130
1081	1212
1081	1261
1081	1719
1081	1737
1081	1897
1081	1905
1081	1974
1082	1145
1082	1165
1082	1278
1082	1287
1082	1312
1082	1515
1082	1737
1082	1996
1083	1174
1083	1201
1083	1497
1083	1518
1083	1572
1083	1694
1083	1825
1083	1839
1084	1315
1084	1467
1084	1491
1084	1509
1084	1527
1084	1665
1084	1842
1084	1869
1084	1914
1084	1951
1084	1974
1085	1145
1085	1266
1085	1300
1085	1606
1085	1760
1085	1813
1086	1355
1086	1367
1086	1384
1086	1413
1086	1547
1086	1612
1086	1684
1086	1743
1086	1884
1087	1092
1087	1157
1087	1423
1087	1724
1087	1740
1087	1757
1087	1937
1087	1947
1088	1250
1088	1313
1088	1426
1088	1427
1088	1587
1088	1719
1088	1797
1088	1821
1088	1927
1089	1096
1089	1247
1089	1272
1089	1415
1089	1610
1089	1712
1089	1875
1090	1151
1090	1290
1090	1350
1090	1438
1090	1510
1090	1568
1090	1596
1090	1771
1090	1983
1091	1093
1091	1180
1091	1253
1091	1266
1091	1383
1091	1408
1091	1417
1091	1432
1091	1574
1091	1598
1091	1831
1091	1884
1091	1980
1092	1193
1092	1245
1092	1280
1092	1438
1092	1462
1092	1523
1092	1649
1092	1790
1092	1803
1092	1867
1092	1929
1092	1968
1092	1978
1092	1990
1093	1213
1093	1258
1093	1450
1093	1488
1093	1730
1093	1735
1093	1749
1093	1760
1093	1783
1094	1145
1094	1377
1094	1709
1094	1885
1094	1953
1094	1979
1094	1992
1095	1377
1095	1427
1095	1484
1095	1645
1095	1823
1095	1827
1095	1828
1095	1950
1096	1146
1096	1263
1096	1420
1096	1493
1096	1884
1097	1295
1097	1347
1097	1683
1097	1706
1097	1707
1097	1841
1097	1926
1098	1210
1098	1366
1098	1496
1098	1714
1098	1731
1098	1775
1098	1850
1098	1866
1098	1880
1099	1305
1099	1561
1099	1564
1099	1608
1099	1775
1099	1867
1099	1871
1100	1209
1100	1238
1100	1528
1100	1938
1101	1203
1101	1298
1101	1377
1101	1417
1101	1481
1101	1572
1101	1649
1102	1123
1102	1194
1102	1226
1102	1312
1102	1343
1102	1573
1102	1620
1102	1634
1102	1661
1102	1895
1102	1928
1103	1163
1103	1190
1103	1268
1103	1271
1103	1641
1103	1763
1103	1828
1103	1860
1103	1974
1104	1227
1104	1251
1104	1350
1104	1437
1104	1500
1104	1759
1104	1771
1104	1815
1105	1159
1105	1253
1105	1268
1105	1330
1105	1353
1105	1390
1105	1391
1105	1528
1105	1531
1105	1548
1105	1694
1105	1696
1105	1766
1105	1827
1105	1854
1105	1861
1105	1968
1106	1235
1106	1278
1106	1318
1106	1519
1106	1589
1106	1827
1106	1992
1107	1127
1107	1344
1107	1364
1107	1494
1107	1587
1107	1671
1107	1722
1107	1974
1108	1121
1108	1135
1108	1162
1108	1181
1108	1481
1108	1742
1108	1754
1109	1262
1109	1351
1109	1436
1109	1457
1109	1560
1109	1592
1109	1628
1109	1647
1109	1865
1109	1891
1109	1990
1110	1199
1110	1358
1110	1429
1110	1511
1110	1520
1110	1582
1110	1663
1110	1787
1110	1851
1110	1866
1110	1969
1110	1997
1111	1140
1111	1300
1111	1507
1111	1660
1111	1687
1111	1792
1111	1849
1111	1886
1111	1903
1111	1977
1112	1182
1112	1267
1112	1279
1112	1309
1112	1351
1112	1561
1112	1608
1112	1780
1112	1912
1113	1263
1113	1283
1113	1317
1113	1411
1113	1442
1113	1641
1113	1878
1113	1899
1113	1948
1113	1966
1114	1356
1114	1411
1114	1432
1114	1506
1114	1616
1114	1618
1114	1657
1114	1661
1114	1694
1114	1799
1115	1130
1115	1150
1115	1332
1115	1339
1115	1362
1115	1400
1115	1419
1115	1430
1115	1564
1115	1838
1115	1942
1116	1345
1116	1504
1116	1631
1116	1672
1116	1692
1116	1838
1116	1884
1116	1950
1116	1989
1117	1146
1117	1176
1117	1207
1117	1266
1117	1382
1117	1415
1117	1498
1117	1538
1117	1549
1117	1568
1117	1598
1117	1866
1117	1908
1117	1980
1118	1134
1118	1147
1118	1254
1118	1416
1118	1523
1118	1538
1118	1608
1118	1649
1118	1707
1118	1785
1118	1797
1118	1817
1118	1825
1118	1853
1118	1882
1118	1950
1118	1972
1119	1227
1119	1255
1119	1282
1119	1405
1119	1419
1119	1461
1119	1600
1119	1643
1119	1885
1119	1894
1119	1899
1120	1162
1120	1215
1120	1333
1120	1437
1120	1530
1120	1545
1120	1576
1120	1578
1120	1795
1120	1916
1121	1249
1121	1394
1121	1548
1121	1572
1121	1641
1121	1786
1121	1893
1121	1936
1121	1964
1122	1328
1122	1444
1122	1486
1122	1508
1122	1624
1122	1920
1123	1162
1123	1231
1123	1372
1123	1377
1123	1521
1123	1573
1123	1635
1123	1945
1124	1185
1124	1233
1124	1276
1124	1283
1124	1327
1124	1346
1124	1353
1124	1414
1124	1508
1124	1511
1124	1614
1124	1834
1124	1989
1125	1182
1125	1262
1125	1360
1125	1365
1125	1420
1125	1808
1126	1230
1126	1526
1126	1573
1126	1609
1126	1773
1126	1819
1126	1895
1126	1917
1127	1331
1127	1425
1127	1541
1127	1606
1127	1709
1127	1740
1127	1752
1127	1813
1127	1863
1127	1988
1128	1247
1128	1333
1128	1401
1128	1422
1128	1744
1128	1782
1128	1874
1128	1926
1128	1937
1128	1955
1129	1134
1129	1324
1129	1589
1129	1675
1129	1695
1129	1971
1130	1295
1130	1384
1130	1446
1130	1594
1130	1925
1130	1984
1130	1988
1131	1163
1131	1181
1131	1549
1131	1564
1131	1567
1131	1992
1132	1429
1132	1551
1132	1687
1132	1856
1132	1964
1132	1980
1133	1555
1133	1661
1133	1892
1133	1957
1134	1138
1134	1154
1134	1285
1134	1434
1134	1516
1134	1765
1134	1788
1134	1804
1134	1858
1134	1980
1135	1166
1135	1173
1135	1218
1135	1296
1135	1453
1135	1568
1135	1789
1135	1825
1135	1865
1135	1961
1136	1216
1136	1445
1136	1716
1136	1795
1136	1844
1137	1142
1137	1159
1137	1349
1137	1374
1137	1474
1137	1628
1137	1649
1137	1769
1137	1802
1137	1825
1138	1316
1138	1373
1138	1533
1138	1599
1138	1604
1138	1670
1138	1755
1138	1904
1139	1255
1139	1284
1139	1325
1139	1460
1139	1490
1139	1674
1139	1703
1139	1728
1139	1828
1139	1899
1139	1951
1139	1992
1140	1156
1140	1284
1140	1298
1140	1440
1140	1509
1140	1616
1140	1704
1140	1724
1140	1731
1140	1808
1141	1257
1141	1379
1141	1455
1141	1798
1141	1819
1141	1855
1141	1927
1142	1454
1142	1494
1142	1519
1142	1747
1142	1823
1142	1965
1143	1212
1143	1228
1143	1277
1143	1644
1143	1773
1143	1941
1143	1948
1143	1993
1144	1195
1144	1228
1144	1230
1144	1243
1144	1246
1144	1546
1144	1774
1144	1923
1145	1196
1145	1300
1145	1317
1145	1336
1145	1348
1145	1353
1145	1521
1145	1685
1145	1841
1145	1848
1145	1891
1145	1901
1145	1929
1146	1189
1146	1216
1146	1275
1146	1339
1146	1433
1146	1541
1146	1745
1146	1812
1146	1870
1147	1200
1147	1203
1147	1543
1147	1699
1147	1791
1147	1851
1147	1905
1147	1929
1148	1152
1148	1182
1148	1241
1148	1344
1148	1499
1148	1553
1148	1736
1148	1853
1148	1890
1149	1258
1149	1516
1149	1751
1149	1878
1149	1995
1150	1236
1150	1321
1150	1617
1150	1754
1150	1779
1150	1839
1150	1906
1151	1216
1151	1239
1151	1253
1151	1261
1151	1344
1151	1400
1151	1754
1151	1798
1151	1868
1152	1272
1152	1308
1152	1466
1152	1527
1152	1586
1152	1945
1152	1963
1152	1992
1153	1250
1153	1287
1153	1302
1153	1359
1153	1809
1153	1857
1154	1164
1154	1234
1154	1363
1154	1638
1154	1892
1155	1494
1155	1508
1155	1576
1155	1723
1155	1739
1155	1943
1156	1163
1156	1208
1156	1218
1156	1333
1156	1386
1156	1523
1156	1640
1156	1955
1157	1532
1157	1581
1157	1624
1157	1633
1157	1690
1157	1723
1157	1901
1157	1929
1158	1204
1158	1309
1158	1325
1158	1352
1158	1538
1158	1690
1158	1703
1158	1755
1158	1850
1158	1908
1159	1672
1159	1677
1159	1717
1160	1161
1160	1225
1160	1260
1160	1402
1160	1474
1160	1491
1160	1506
1160	1576
1160	1698
1160	1719
1160	1788
1160	1844
1160	1926
1161	1191
1161	1194
1161	1383
1161	1457
1161	1623
1161	1648
1161	1815
1161	1819
1161	1911
1161	1924
1162	1312
1162	1388
1162	1804
1162	1925
1162	1950
1162	1973
1163	1344
1163	1347
1163	1383
1163	1441
1163	1474
1163	1875
1163	1970
1164	1640
1164	1912
1165	1212
1165	1527
1165	1546
1165	1637
1165	1683
1165	1701
1165	1879
1166	1253
1166	1578
1166	1781
1166	1884
1166	1906
1167	1264
1167	1315
1167	1358
1167	1429
1167	1717
1167	1791
1167	1855
1167	1930
1167	1980
1167	1995
1168	1213
1168	1279
1168	1280
1168	1458
1168	1564
1169	1300
1169	1361
1169	1390
1169	1437
1169	1931
1169	1963
1170	1180
1170	1391
1170	1405
1170	1446
1170	1454
1170	1623
1170	1745
1170	1833
1170	1913
1171	1238
1171	1528
1171	1536
1171	1554
1171	1621
1171	1719
1171	1850
1171	1987
1172	1225
1172	1380
1172	1443
1172	1456
1172	1543
1172	1602
1172	1832
1172	1952
1172	1956
1172	1970
1172	1988
1172	1989
1173	1390
1173	1546
1173	1581
1173	1624
1173	1665
1173	1778
1173	1884
1173	1928
1174	1301
1174	1307
1174	1329
1174	1334
1174	1453
1174	1527
1174	1991
1175	1232
1175	1310
1175	1533
1175	1614
1175	1658
1175	1677
1176	1338
1176	1510
1176	1547
1176	1569
1176	1643
1176	1738
1176	1798
1176	1883
1177	1259
1177	1327
1177	1361
1177	1397
1177	1500
1177	1726
1177	1857
1177	1985
1178	1300
1178	1347
1178	1392
1178	1441
1178	1521
1178	1651
1178	1662
1178	1686
1178	1964
1179	1313
1179	1400
1179	1484
1179	1641
1179	1679
1179	1689
1180	1203
1180	1484
1180	1491
1180	1607
1180	1643
1180	1747
1180	1768
1180	1833
1180	1949
1180	1958
1180	1992
1181	1227
1181	1482
1181	1669
1181	1685
1181	1805
1182	1191
1182	1298
1182	1340
1182	1410
1182	1419
1182	1712
1182	1730
1182	1861
1182	1881
1183	1196
1183	1370
1183	1602
1183	1713
1183	1870
1184	1258
1184	1293
1184	1295
1184	1313
1184	1347
1184	1378
1184	1432
1184	1444
1184	1448
1184	1589
1184	1634
1184	1668
1184	1705
1184	1785
1184	1786
1184	1949
1185	1236
1185	1263
1185	1568
1185	1621
1185	1631
1185	1655
1185	1838
1185	1960
1186	1216
1186	1527
1186	1602
1186	1641
1186	1646
1186	1962
1187	1192
1187	1664
1187	1803
1187	1879
1187	1959
1188	1239
1188	1383
1188	1432
1188	1551
1188	1591
1188	1637
1188	1824
1188	1892
1188	1893
1189	1311
1189	1562
1189	1575
1189	1595
1189	1613
1189	1629
1189	1648
1189	1777
1189	1892
1189	1909
1190	1717
1190	1987
1191	1258
1191	1288
1191	1320
1191	1527
1191	1557
1191	1659
1191	1932
1192	1234
1192	1251
1192	1296
1192	1605
1192	1649
1192	1917
1192	1987
1193	1260
1193	1305
1193	1362
1193	1773
1193	1846
1193	1910
1193	1984
1193	1999
1194	1295
1194	1315
1194	1410
1194	1441
1194	1513
1194	1705
1194	1721
1194	1884
1194	1885
1194	1961
1195	1369
1195	1372
1195	1466
1195	1484
1195	1582
1195	1617
1195	1630
1195	1674
1195	1817
1196	1609
1196	1642
1196	1704
1196	1921
1196	1932
1197	1212
1197	1364
1197	1448
1197	1498
1197	1559
1197	1592
1197	1702
1197	1754
1197	1892
1197	1926
1197	1935
1198	1210
1198	1238
1198	1282
1198	1391
1198	1397
1198	1431
1198	1457
1198	1532
1198	1612
1198	1629
1198	1789
1199	1206
1199	1240
1199	1352
1199	1526
1199	1528
1199	1648
1200	1362
1200	1377
1200	1709
1200	1781
1200	1797
1200	1895
1200	1908
1201	1424
1201	1629
1201	1730
1201	1731
1201	1862
1201	1911
1201	1938
1202	1293
1202	1342
1202	1436
1202	1493
1202	1553
1202	1861
1202	1892
1202	1942
1203	1230
1203	1236
1203	1366
1203	1405
1203	1629
1203	1739
1203	1862
1203	1910
1203	1951
1203	1974
1204	1488
1204	1538
1204	1653
1204	1867
1205	1217
1205	1300
1205	1491
1205	1628
1205	1643
1206	1264
1206	1512
1206	1566
1206	1743
1206	1887
1207	1212
1207	1358
1207	1454
1207	1526
1207	1535
1207	1720
1207	1752
1207	1807
1207	1904
1208	1251
1208	1485
1208	1530
1208	1704
1208	1871
1208	1911
1208	1954
1209	1259
1209	1260
1209	1310
1209	1332
1209	1347
1209	1623
1210	1233
1210	1451
1210	1662
1210	1667
1210	1687
1210	1695
1210	1749
1210	1788
1210	1839
1211	1222
1211	1262
1211	1510
1211	1519
1211	1608
1211	1748
1211	1841
1212	1284
1212	1529
1212	1596
1212	1732
1212	1745
1212	1763
1212	1881
1213	1238
1213	1549
1213	1598
1213	1611
1213	1648
1213	1726
1213	1775
1213	1801
1213	1844
1213	1969
1214	1308
1214	1508
1214	1567
1214	1611
1214	1804
1214	1851
1214	1861
1214	1885
1214	1922
1214	1967
1215	1345
1215	1655
1215	1682
1215	1936
1216	1265
1216	1322
1216	1332
1216	1333
1216	1362
1216	1394
1216	1658
1216	1792
1216	1797
1216	1834
1217	1540
1217	1755
1217	1791
1217	1906
1217	1921
1217	1948
1217	1989
1218	1322
1218	1484
1218	1489
1218	1502
1218	1519
1218	1637
1219	1221
1219	1395
1219	1471
1219	1551
1219	1847
1219	1861
1219	1872
1219	1926
1220	1255
1220	1313
1220	1344
1220	1423
1220	1483
1220	1572
1220	1779
1220	1811
1220	1859
1220	1986
1221	1316
1221	1396
1221	1451
1221	1602
1221	1674
1221	1810
1221	1861
1221	1906
1222	1425
1222	1475
1222	1510
1222	1665
1222	1746
1222	1858
1222	1950
1223	1270
1223	1302
1223	1357
1223	1459
1223	1502
1223	1634
1223	1715
1223	1763
1223	1845
1224	1273
1224	1359
1224	1395
1224	1683
1224	1808
1224	1935
1224	1980
1225	1249
1225	1355
1225	1557
1225	1603
1225	1709
1225	1917
1226	1450
1226	1471
1226	1596
1226	1719
1226	1867
1226	1918
1226	1952
1226	1995
1227	1330
1227	1339
1227	1384
1227	1540
1227	1552
1227	1858
1228	1406
1228	1558
1228	1627
1228	1633
1228	1685
1228	1764
1229	1317
1229	1389
1229	1436
1229	1451
1229	1474
1229	1695
1229	1710
1229	1756
1229	1914
1229	1958
1230	1335
1230	1388
1230	1549
1230	1556
1230	1863
1231	1351
1231	1579
1231	1640
1231	1658
1231	1781
1232	1248
1232	1327
1232	1547
1232	1573
1232	1586
1232	1798
1232	1943
1233	1441
1233	1654
1233	1809
1234	1321
1234	1394
1234	1407
1234	1510
1234	1611
1234	1892
1235	1248
1235	1449
1235	1553
1235	1687
1235	1712
1235	1863
1235	1912
1236	1245
1236	1283
1236	1425
1236	1481
1236	1885
1236	1920
1236	1968
1237	1328
1237	1350
1237	1585
1237	1738
1237	1912
1238	1380
1238	1387
1238	1398
1238	1408
1238	1433
1238	1485
1238	1525
1238	1649
1238	1776
1238	1834
1238	1842
1238	1858
1238	1879
1238	1881
1238	1965
1239	1491
1239	1728
1239	1735
1239	1762
1239	1805
1239	1981
1239	1996
1240	1326
1240	1360
1240	1381
1240	1630
1240	1636
1240	1662
1240	1677
1240	1792
1240	1799
1240	1927
1240	1958
1240	1975
1241	1546
1241	1617
1241	1752
1241	1954
1242	1326
1242	1508
1242	1537
1242	1647
1242	1660
1242	1720
1242	1785
1242	1821
1242	1822
1242	1917
1242	1935
1243	1336
1243	1380
1243	1414
1243	1428
1243	1525
1243	1621
1243	1790
1243	1815
1244	1287
1244	1361
1244	1382
1244	1487
1244	1624
1244	1632
1244	1697
1244	1805
1245	1326
1245	1351
1245	1454
1245	1479
1245	1633
1245	1657
1245	1682
1245	1783
1245	1871
1245	1882
1245	1961
1246	1320
1246	1431
1246	1607
1246	1609
1246	1696
1246	1793
1246	1984
1247	1266
1247	1397
1247	1506
1247	1596
1247	1623
1247	1661
1247	1784
1247	1877
1248	1367
1248	1527
1248	1534
1248	1641
1248	1921
1249	1412
1249	1417
1249	1498
1249	1751
1249	1906
1249	1912
1249	1985
1250	1257
1250	1343
1250	1385
1250	1413
1250	1553
1250	1829
1250	1842
1250	1916
1250	1983
1251	1283
1251	1286
1251	1309
1251	1396
1251	1655
1251	1670
1251	1704
1251	1716
1251	1914
1252	1420
1252	1472
1252	1500
1252	1546
1252	1621
1252	1644
1253	1256
1253	1267
1253	1453
1253	1619
1253	1899
1253	1989
1254	1698
1254	1736
1254	1848
1255	1475
1255	1523
1255	1607
1255	1696
1255	1736
1255	1950
1256	1352
1256	1375
1256	1380
1256	1421
1256	1447
1256	1630
1256	1749
1256	1804
1256	1911
1257	1392
1257	1649
1257	1654
1257	1690
1257	1784
1257	1928
1257	1982
1258	1311
1258	1384
1258	1448
1258	1533
1258	1578
1258	1727
1258	1894
1258	1934
1258	1970
1259	1304
1259	1419
1259	1425
1259	1427
1259	1488
1260	1517
1260	1680
1260	1705
1261	1348
1261	1533
1261	1751
1261	1768
1261	1849
1261	1872
1261	1939
1262	1425
1262	1431
1262	1523
1262	1682
1262	1718
1262	1753
1262	1856
1262	1863
1262	1901
1262	1915
1262	1961
1263	1412
1263	1553
1263	1598
1263	1719
1263	1734
1264	1628
1264	1662
1265	1526
1265	1624
1265	1638
1265	1667
1265	1806
1265	1960
1266	1357
1266	1407
1266	1430
1266	1611
1266	1631
1266	1854
1266	1889
1266	1932
1266	1981
1267	1273
1267	1539
1267	1552
1267	1802
1267	1950
1268	1337
1268	1369
1268	1395
1268	1410
1268	1479
1268	1500
1268	1532
1268	1678
1268	1782
1268	1857
1268	1939
1268	1956
1269	1459
1269	1506
1269	1652
1269	1708
1269	1749
1269	1755
1269	1765
1270	1315
1270	1321
1270	1498
1270	1524
1270	1861
1270	1871
1270	1888
1270	1963
1271	1285
1271	1429
1271	1657
1271	1716
1271	1773
1271	1781
1271	1804
1271	1888
1271	1975
1272	1411
1272	1831
1272	1867
1272	1884
1273	1353
1273	1361
1273	1385
1273	1399
1273	1434
1273	1452
1273	1521
1273	1609
1273	1671
1273	1672
1273	1735
1273	1800
1273	1830
1274	1571
1274	1842
1274	1892
1274	1953
1275	1384
1275	1392
1275	1662
1275	1663
1275	1689
1275	1718
1275	1849
1275	1989
1276	1350
1276	1398
1276	1496
1276	1606
1276	1631
1276	1652
1277	1317
1277	1352
1277	1384
1277	1392
1277	1543
1277	1580
1277	1584
1277	1778
1277	1998
1278	1324
1278	1326
1278	1333
1278	1379
1278	1384
1278	1436
1278	1485
1278	1637
1278	1790
1278	1817
1278	1892
1278	1944
1279	1287
1279	1314
1279	1357
1279	1797
1280	1334
1280	1442
1280	1624
1280	1668
1280	1807
1281	1299
1281	1532
1281	1584
1281	1768
1281	1998
1282	1585
1282	1672
1282	1920
1282	1990
1283	1339
1283	1394
1283	1448
1283	1810
1284	1512
1284	1584
1284	1663
1284	1743
1284	1754
1284	1829
1284	1945
1285	1301
1285	1316
1285	1363
1285	1534
1285	1536
1285	1813
1285	1837
1285	1911
1286	1398
1286	1484
1286	1525
1286	1621
1286	1631
1286	1678
1286	1706
1286	1884
1286	1926
1286	1971
1286	1985
1287	1410
1287	1434
1287	1597
1288	1321
1288	1370
1288	1379
1288	1408
1288	1503
1288	1510
1288	1609
1288	1643
1288	1689
1288	1979
1289	1299
1289	1472
1289	1563
1289	1615
1289	1876
1289	1924
1290	1310
1290	1319
1290	1374
1290	1450
1290	1542
1290	1549
1290	1671
1290	1787
1290	1836
1290	1942
1290	1966
1291	1341
1291	1409
1291	1452
1291	1555
1291	1597
1291	1633
1291	1669
1291	1886
1291	1969
1291	1983
1291	1984
1292	1351
1292	1551
1292	1799
1292	1854
1292	1902
1292	1968
1293	1493
1293	1515
1293	1566
1293	1610
1293	1769
1293	1779
1293	1856
1293	1877
1294	1320
1294	1335
1294	1352
1294	1357
1294	1432
1294	1500
1294	1509
1294	1718
1294	1784
1294	1995
1295	1318
1295	1336
1295	1392
1295	1492
1295	1548
1295	1638
1295	1659
1295	1832
1296	1310
1296	1313
1296	1353
1296	1437
1296	1589
1296	1904
1296	1953
1297	1325
1297	1353
1297	1473
1297	1535
1297	1575
1297	1753
1297	1757
1297	1815
1297	1900
1298	1461
1298	1511
1298	1774
1298	1816
1298	1898
1298	1954
1299	1362
1299	1459
1299	1478
1299	1673
1299	1993
1300	1389
1300	1391
1300	1441
1300	1448
1300	1551
1300	1629
1300	1666
1300	1748
1300	1784
1300	1831
1300	1901
1301	1315
1301	1645
1302	1345
1302	1630
1302	1655
1302	1661
1302	1666
1302	1857
1302	1869
1303	1443
1303	1540
1303	1617
1303	1738
1303	1750
1303	1777
1303	1887
1304	1406
1304	1751
1304	1775
1304	1876
1305	1366
1305	1446
1305	1614
1305	1695
1305	1844
1305	1856
1305	1859
1305	1933
1305	1938
1306	1369
1306	1490
1306	1552
1306	1789
1306	1828
1306	1859
1306	1878
1306	1927
1306	1948
1306	1971
1307	1313
1307	1339
1307	1353
1307	1609
1308	1361
1308	1388
1308	1394
1308	1555
1308	1591
1308	1628
1308	1821
1309	1550
1309	1888
1309	1890
1310	1457
1310	1547
1310	1625
1310	1703
1310	1873
1310	1895
1311	1318
1311	1583
1311	1768
1311	1925
1312	1342
1312	1533
1312	1596
1312	1608
1312	1726
1312	1891
1313	1439
1313	1491
1313	1595
1313	1645
1313	1657
1313	1673
1313	1859
1313	1884
1313	1940
1313	1950
1313	1951
1313	1960
1314	1381
1314	1415
1314	1420
1314	1469
1314	1626
1314	1688
1314	1875
1314	1993
1315	1385
1315	1427
1315	1772
1315	1782
1315	1913
1315	1962
1316	1464
1316	1567
1316	1643
1316	1699
1316	1718
1316	1764
1316	1927
1316	1932
1317	1435
1317	1484
1317	1499
1317	1756
1317	1769
1317	1857
1317	1918
1318	1820
1318	1828
1318	1829
1318	1837
1318	1880
1318	1888
1319	1415
1319	1498
1319	1551
1319	1595
1319	1786
1320	1377
1320	1379
1320	1657
1320	1818
1320	1936
1320	1971
1321	1368
1321	1518
1321	1590
1321	1734
1321	1819
1321	1842
1322	1340
1322	1387
1322	1410
1322	1414
1322	1764
1322	1778
1322	1875
1322	1898
1322	1959
1323	1610
1323	1623
1323	1946
1324	1443
1324	1622
1324	1867
1324	1875
1324	1938
1324	1944
1324	1946
1325	1331
1325	1526
1325	1542
1325	1559
1325	1605
1325	1751
1325	1755
1325	1763
1325	1773
1325	1779
1325	1928
1326	1354
1326	1394
1326	1631
1326	1692
1326	1697
1326	1913
1326	1993
1327	1372
1327	1380
1327	1429
1327	1625
1327	1766
1327	1784
1327	1803
1327	1985
1328	1333
1328	1434
1328	1711
1328	1778
1328	1802
1328	1803
1329	1515
1329	1607
1330	1355
1330	1380
1330	1495
1330	1590
1330	1713
1330	1735
1330	1791
1330	1813
1330	1824
1330	1885
1330	1963
1331	1433
1331	1473
1331	1537
1331	1595
1331	1862
1331	1893
1332	1468
1332	1683
1332	1768
1333	1470
1333	1485
1333	1529
1333	1616
1333	1666
1333	1678
1333	1785
1333	1942
1334	1363
1334	1525
1334	1704
1334	1737
1334	1749
1334	1797
1334	1810
1335	1406
1335	1455
1335	1681
1335	1933
1335	1996
1336	1361
1336	1524
1336	1804
1336	1860
1336	1971
1337	1344
1337	1363
1337	1460
1337	1464
1337	1689
1337	1786
1337	1890
1338	1355
1338	1399
1338	1436
1338	1463
1338	1473
1338	1526
1338	1534
1338	1645
1338	1700
1338	1781
1338	1908
1339	1355
1339	1435
1339	1517
1339	1595
1339	1679
1339	1682
1339	1695
1339	1704
1339	1888
1340	1374
1340	1445
1340	1548
1340	1603
1340	1637
1340	1646
1340	1791
1341	1380
1341	1476
1341	1511
1341	1662
1341	1945
1342	1361
1342	1371
1342	1376
1342	1506
1342	1602
1342	1719
1342	1758
1343	1351
1343	1388
1343	1555
1343	1568
1343	1605
1343	1697
1343	1738
1343	1834
1343	1996
1344	1416
1344	1436
1344	1497
1344	1717
1344	1768
1344	1906
1344	1937
1345	1426
1345	1599
1345	1860
1345	1990
1346	1684
1346	1692
1346	1753
1347	1551
1348	1818
1348	1882
1349	1394
1349	1437
1349	1535
1349	1657
1349	1872
1349	1958
1350	1484
1350	1522
1350	1580
1350	1776
1350	1908
1350	1924
1351	1520
1351	1523
1351	1524
1351	1536
1351	1629
1351	1638
1351	1643
1351	1911
1352	1482
1352	1521
1352	1552
1352	1731
1352	1786
1352	1994
1353	1463
1353	1494
1353	1551
1353	1628
1353	1638
1353	1655
1353	1690
1353	1710
1353	1721
1353	1756
1353	1765
1353	1795
1353	1824
1353	1845
1353	1847
1353	1890
1353	1905
1353	1924
1354	1420
1354	1530
1354	1557
1354	1642
1354	1795
1354	1818
1354	1859
1355	1781
1355	1822
1356	1473
1356	1530
1356	1568
1356	1580
1356	1613
1356	1834
1356	1930
1356	1966
1357	1389
1357	1486
1357	1681
1357	1755
1357	1891
1358	1673
1358	1723
1358	1792
1358	1810
1358	1825
1358	1864
1358	1866
1358	1962
1358	1971
1359	1500
1359	1533
1359	1552
1359	1584
1359	1613
1359	1750
1359	1815
1359	1852
1359	1878
1360	1379
1360	1383
1360	1398
1360	1433
1360	1505
1360	1536
1360	1708
1361	1405
1361	1448
1361	1536
1361	1606
1361	1623
1361	1750
1361	1846
1362	1414
1362	1445
1362	1618
1362	1701
1362	1880
1363	1477
1363	1570
1363	1618
1363	1742
1363	1781
1363	1967
1364	1547
1364	1585
1364	1627
1364	1650
1364	1884
1364	1927
1364	1963
1365	1390
1365	1436
1365	1468
1365	1485
1365	1577
1365	1661
1365	1684
1365	1694
1365	1700
1365	1804
1365	1847
1366	1437
1366	1469
1366	1487
1366	1634
1366	1713
1366	1789
1366	1836
1366	1868
1366	1971
1367	1390
1367	1444
1367	1655
1367	1747
1367	1818
1367	1865
1367	1963
1367	1981
1368	1417
1368	1433
1368	1639
1368	1740
1368	1847
1369	1408
1369	1616
1369	1826
1369	1841
1369	1979
1370	1434
1370	1545
1370	1611
1370	1617
1370	1660
1370	1677
1370	1692
1370	1693
1370	1754
1370	1805
1370	1915
1370	1921
1370	1978
1371	1415
1371	1472
1371	1512
1372	1521
1372	1572
1372	1676
1372	1796
1372	1800
1372	1848
1372	1891
1372	1912
1373	1408
1373	1424
1373	1594
1373	1632
1373	1714
1374	1547
1374	1629
1374	1672
1374	1695
1374	1738
1374	1920
1375	1484
1375	1588
1375	1722
1375	1747
1375	1763
1375	1861
1375	1865
1375	1924
1375	1946
1376	1481
1376	1511
1376	1608
1376	1727
1376	1949
1376	1968
1377	1404
1377	1494
1377	1508
1377	1603
1377	1725
1377	1757
1377	1828
1377	1873
1378	1449
1378	1576
1378	1671
1378	1733
1378	1781
1378	1838
1378	1857
1378	1879
1378	1953
1379	1398
1379	1477
1379	1555
1379	1783
1379	1878
1379	1892
1379	1907
1380	1438
1380	1954
1381	1402
1381	1433
1381	1436
1381	1444
1381	1458
1381	1591
1381	1660
1381	1900
1382	1554
1382	1579
1382	1678
1382	1683
1382	1823
1382	1920
1383	1484
1383	1520
1383	1602
1383	1608
1383	1614
1383	1619
1383	1723
1383	1725
1383	1857
1383	1896
1384	1388
1384	1546
1384	1556
1384	1660
1384	1706
1384	1716
1384	1752
1384	1763
1384	1913
1384	1980
1385	1391
1385	1472
1385	1511
1385	1513
1385	1574
1385	1575
1385	1598
1385	1721
1385	1904
1385	1906
1385	1978
1386	1507
1386	1693
1386	1785
1386	1987
1387	1494
1387	1672
1387	1736
1387	1862
1387	1881
1387	1908
1388	1395
1388	1626
1388	1646
1388	1674
1388	1685
1388	1702
1388	1726
1388	1773
1388	1799
1389	1569
1389	1612
1389	1636
1389	1709
1389	1841
1389	1983
1390	1460
1390	1615
1390	1763
1390	1980
1390	1992
1391	1405
1391	1560
1391	1660
1391	1688
1391	1778
1392	1501
1392	1564
1392	1582
1392	1674
1392	1855
1392	1908
1392	1917
1393	1400
1393	1479
1393	1493
1393	1533
1393	1560
1393	1707
1393	1769
1394	1606
1394	1742
1394	1854
1395	1509
1395	1526
1395	1614
1395	1647
1395	1701
1395	1799
1395	1815
1395	1833
1395	1894
1396	1403
1396	1428
1396	1619
1396	1665
1396	1704
1396	1721
1396	1743
1396	1818
1396	1904
1396	1907
1396	1909
1396	1957
1397	1409
1397	1644
1397	1775
1397	1812
1397	1888
1397	1960
1398	1445
1398	1515
1398	1578
1398	1757
1398	1806
1398	1826
1398	1828
1398	1874
1398	1889
1398	1922
1398	1933
1399	1427
1399	1572
1399	1608
1399	1715
1399	1997
1401	1423
1401	1466
1401	1471
1401	1628
1401	1771
1401	1826
1402	1503
1402	1554
1402	1566
1402	1622
1402	1652
1402	1728
1402	1973
1402	1993
1403	1651
1403	1777
1404	1447
1404	1542
1404	1631
1404	1745
1404	1842
1404	1987
1405	1450
1405	1700
1405	1726
1405	1812
1405	1842
1405	1867
1405	1870
1405	1922
1406	1435
1406	1456
1406	1515
1406	1673
1406	1767
1406	1807
1407	1410
1407	1914
1408	1458
1408	1495
1408	1628
1408	1740
1408	1778
1408	1839
1408	1944
1409	1422
1409	1444
1409	1476
1409	1557
1409	1774
1409	1925
1410	1612
1410	1646
1410	1692
1410	1790
1410	1907
1410	1990
1411	1556
1411	1559
1411	1654
1411	1701
1411	1712
1411	1761
1411	1865
1411	1889
1411	1973
1412	1454
1412	1456
1412	1619
1412	1632
1412	1640
1412	1693
1412	1974
1413	1553
1413	1663
1413	1698
1413	1708
1413	1751
1413	1919
1413	1994
1414	1444
1414	1449
1414	1583
1414	1662
1414	1800
1414	1870
1415	1445
1415	1447
1415	1457
1415	1533
1415	1597
1415	1636
1415	1809
1415	1838
1415	1904
1415	1956
1416	1501
1416	1521
1416	1537
1416	1574
1416	1609
1416	1613
1416	1671
1416	1827
1416	1991
1417	1445
1417	1474
1417	1552
1417	1611
1417	1752
1417	1760
1417	1777
1417	1868
1418	1841
1418	1983
1419	1429
1419	1506
1419	1542
1419	1602
1419	1650
1419	1660
1419	1694
1419	1696
1419	1842
1419	1858
1419	1991
1420	1482
1420	1509
1420	1526
1420	1595
1420	1825
1420	1906
1420	1995
1421	1474
1421	1515
1421	1531
1421	1772
1421	1932
1421	1983
1422	1492
1422	1666
1422	1731
1422	1881
1422	1903
1423	1491
1423	1549
1423	1699
1423	1828
1423	1848
1423	1921
1423	1981
1423	1983
1424	1521
1424	1662
1424	1685
1424	1818
1424	1839
1424	1864
1424	1978
1425	1488
1425	1659
1425	1681
1425	1706
1425	1752
1425	1761
1425	1801
1425	1862
1426	1445
1426	1540
1426	1577
1426	1658
1426	1768
1426	1922
1426	1983
1427	1465
1427	1774
1427	1806
1427	1835
1427	1942
1427	1970
1428	1439
1428	1443
1428	1488
1428	1603
1428	1907
1429	1484
1429	1578
1429	1644
1429	1790
1430	1571
1430	1585
1430	1782
1430	1889
1431	1689
1431	1744
1431	1773
1431	1946
1432	1728
1432	1866
1432	1882
1433	1573
1433	1575
1433	1873
1434	1491
1434	1920
1435	1464
1435	1552
1435	1786
1435	1963
1436	1478
1436	1485
1436	1503
1436	1550
1436	1825
1436	1832
1436	1864
1436	1902
1437	1820
1438	1463
1438	1717
1438	1739
1438	1781
1438	1793
1438	1800
1438	1954
1439	1514
1439	1527
1439	1559
1439	1601
1439	1616
1439	1764
1439	1849
1439	1877
1440	1504
1440	1573
1440	1614
1440	1645
1440	1770
1440	1885
1440	1916
1441	1863
1442	1554
1442	1603
1442	1604
1442	1631
1442	1671
1442	1710
1442	1738
1442	1821
1442	1891
1442	1915
1442	1934
1443	1473
1443	1495
1443	1674
1443	1775
1443	1930
1443	1985
1444	1470
1444	1630
1445	1691
1445	1848
1445	1857
1445	1890
1445	1937
1446	1817
1446	1818
1446	1854
1447	1486
1447	1741
1447	1784
1447	1817
1447	1830
1447	1863
1447	1877
1447	1924
1448	1492
1448	1508
1448	1566
1448	1656
1448	1811
1448	1812
1448	1838
1448	1863
1448	1953
1448	1985
1448	1986
1449	1482
1449	1577
1449	1589
1449	1792
1449	1833
1449	1963
1450	1741
1450	1896
1450	1930
1450	1938
1450	1979
1451	1486
1451	1639
1451	1721
1451	1729
1451	1738
1451	1788
1451	1877
1451	1925
1451	1926
1452	1493
1452	1502
1452	1518
1452	1530
1452	1664
1452	1755
1453	1454
1453	1570
1453	1728
1453	1834
1453	1890
1453	1924
1454	1489
1454	1513
1454	1605
1454	1635
1454	1722
1454	1777
1454	1923
1454	1988
1455	1624
1455	1742
1455	1857
1455	1985
1456	1530
1456	1738
1456	1769
1456	1905
1456	1959
1456	1991
1457	1603
1457	1830
1457	1862
1457	1980
1458	1477
1458	1523
1458	1571
1458	1586
1458	1627
1458	1644
1458	1686
1459	1513
1460	1462
1460	1520
1460	1738
1460	1896
1461	1480
1461	1494
1461	1639
1461	1645
1461	1797
1462	1470
1462	1478
1462	1480
1462	1569
1462	1766
1462	1886
1463	1569
1463	1593
1463	1631
1463	1724
1463	1768
1463	1890
1463	1954
1464	1644
1464	1659
1464	1736
1464	1853
1465	1561
1465	1663
1465	1745
1465	1796
1465	1817
1465	1834
1465	1945
1466	1547
1466	1743
1466	1854
1466	1884
1466	1899
1466	1916
1466	1921
1466	1929
1467	1598
1467	1707
1467	1941
1468	1531
1468	1545
1468	1623
1468	1801
1468	1829
1468	1904
1468	1911
1468	1926
1468	1973
1469	1511
1469	1543
1469	1775
1469	1791
1469	1927
1470	1651
1470	1701
1470	1702
1470	1851
1470	1982
1471	1560
1471	1616
1471	1650
1471	1684
1471	1779
1471	1796
1471	1804
1471	1911
1471	1934
1472	1502
1472	1877
1472	1883
1472	1949
1472	1954
1473	1547
1473	1602
1473	1687
1473	1725
1473	1854
1473	1912
1473	1931
1473	1951
1474	1533
1474	1540
1474	1593
1474	1613
1474	1690
1474	1728
1474	1744
1474	1836
1474	1898
1474	1936
1474	1984
1475	1658
1475	1666
1475	1678
1475	1740
1475	1766
1476	1560
1476	1564
1477	1515
1477	1625
1477	1792
1478	1484
1478	1512
1478	1536
1478	1589
1478	1651
1478	1872
1479	1522
1479	1734
1479	1747
1480	1590
1480	1624
1480	1949
1481	1819
1481	1885
1481	1931
1482	1550
1482	1883
1482	1886
1482	1902
1482	1923
1483	1623
1483	1648
1483	1804
1483	1816
1483	1840
1484	1729
1484	1893
1484	1952
1486	1640
1486	1816
1486	1828
1486	1860
1486	1891
1487	1502
1487	1662
1487	1763
1488	1513
1488	1545
1488	1584
1488	1677
1489	1517
1489	1543
1489	1799
1489	1817
1490	1506
1490	1660
1490	1746
1490	1946
1491	1515
1491	1523
1491	1867
1491	1875
1491	1908
1492	1516
1492	1586
1492	1697
1492	1831
1493	1520
1493	1590
1493	1770
1493	1844
1493	1907
1493	1998
1494	1557
1494	1608
1494	1848
1494	1892
1494	1910
1494	1993
1495	1580
1495	1721
1495	1795
1495	1819
1495	1888
1496	1690
1496	1704
1496	1981
1497	1585
1497	1598
1497	1609
1497	1702
1497	1969
1498	1643
1498	1804
1498	1823
1499	1555
1499	1973
1500	1523
1500	1538
1500	1571
1500	1643
1500	1708
1500	1727
1500	1732
1500	1956
1501	1558
1501	1577
1501	1677
1501	1696
1501	1750
1501	1985
1502	1509
1502	1520
1502	1677
1502	1712
1502	1730
1502	1911
1502	1944
1502	1949
1503	1685
1503	1790
1503	1812
1503	1818
1503	1838
1504	1645
1504	1696
1504	1798
1504	1871
1504	1887
1505	1522
1505	1600
1505	1775
1505	1870
1505	1982
1506	1549
1506	1564
1506	1612
1506	1801
1506	1914
1506	1952
1506	1985
1507	1652
1507	1680
1508	1536
1508	1806
1508	1852
1508	1948
1509	1550
1509	1801
1509	1880
1510	1533
1510	1552
1510	1648
1510	1797
1510	1864
1510	1955
1510	1976
1510	1991
1511	1628
1511	1663
1511	1743
1511	1797
1511	1851
1512	1571
1512	1696
1512	1900
1512	1904
1513	1883
1513	1895
1513	1897
1513	1926
1514	1536
1514	1663
1514	1848
1515	1620
1515	1931
1515	1969
1516	1937
1517	1543
1517	1560
1517	1715
1517	1935
1518	1556
1518	1679
1518	1705
1518	1706
1518	1778
1518	1899
1518	1901
1518	1923
1518	1958
1519	1632
1520	1666
1520	1784
1520	1995
1521	1536
1521	1633
1521	1739
1521	1929
1522	1959
1522	1979
1523	1560
1523	1613
1523	1776
1523	1852
1523	1988
1524	1545
1524	1622
1524	1642
1524	1670
1524	1698
1524	1807
1524	1964
1525	1530
1525	1583
1525	1596
1525	1626
1525	1871
1525	1890
1526	1805
1526	1852
1526	1991
1527	1651
1527	1710
1527	1748
1527	1762
1527	1857
1527	1918
1528	1575
1528	1685
1528	1864
1528	1866
1528	1927
1529	1597
1529	1676
1529	1725
1529	1733
1529	1986
1530	1646
1530	1745
1530	1817
1531	1581
1531	1592
1531	1673
1531	1693
1531	1758
1531	1824
1531	1836
1531	1879
1532	1776
1532	1793
1532	1905
1532	1972
1532	1975
1533	1602
1533	1618
1533	1690
1533	1707
1533	1725
1533	1950
1533	1986
1534	1643
1534	1651
1534	1865
1534	1895
1534	1975
1535	1594
1535	1679
1535	1897
1535	1900
1535	1957
1536	1777
1536	1784
1536	1827
1536	1993
1537	1840
1538	1577
1538	1637
1538	1690
1538	1782
1538	1826
1538	1835
1538	1890
1539	1633
1539	1649
1539	1694
1539	1697
1539	1881
1539	1898
1540	1565
1540	1870
1540	1926
1541	1631
1541	1778
1541	1843
1541	1845
1541	1932
1542	1557
1542	1738
1542	1838
1542	1862
1542	1998
1543	1612
1543	1662
1543	1665
1543	1908
1543	1941
1543	1962
1543	1980
1544	1698
1544	1768
1544	1915
1544	1966
1545	1759
1545	1859
1545	1872
1545	1995
1546	1616
1546	1634
1546	1812
1546	1881
1546	1952
1546	1964
1546	1990
1547	1617
1547	1708
1547	1722
1547	1739
1547	1785
1547	1829
1547	1830
1547	1833
1547	1932
1547	1998
1548	1671
1548	1708
1548	1804
1549	1588
1549	1749
1549	1886
1549	1928
1549	1995
1550	1551
1550	1556
1550	1564
1550	1571
1550	1577
1550	1667
1550	1719
1550	1961
1551	1718
1551	1834
1551	1854
1551	1936
1552	1602
1552	1859
1552	1907
1552	1955
1553	1617
1553	1754
1554	1627
1554	1715
1554	1859
1554	1876
1554	1963
1555	1702
1555	1962
1556	1598
1556	1607
1556	1659
1556	1782
1556	1834
1556	1875
1556	1889
1556	1916
1557	1565
1557	1590
1557	1772
1558	1576
1558	1598
1558	1643
1558	1665
1558	1802
1558	1902
1558	1932
1558	1977
1559	1679
1559	1756
1559	1773
1559	1906
1559	1998
1560	1616
1560	1810
1561	1625
1561	1776
1561	1913
1561	1983
1562	1694
1562	1740
1562	1804
1562	1878
1562	1899
1563	1734
1563	1769
1563	1795
1563	1840
1564	1585
1564	1603
1564	1723
1564	1788
1564	1962
1565	1723
1565	1738
1565	1755
1565	1888
1566	1599
1566	1655
1566	1689
1566	1755
1566	1811
1566	1840
1567	1595
1567	1853
1567	1854
1567	1874
1568	1657
1568	1699
1568	1713
1569	1616
1569	1623
1569	1748
1570	1627
1570	1681
1570	1782
1570	1823
1570	1837
1570	1875
1570	1889
1570	1938
1570	1997
1571	1596
1571	1703
1571	1761
1571	1828
1571	1849
1571	1877
1572	1605
1572	1613
1572	1631
1572	1664
1572	1692
1572	1994
1573	1723
1573	1773
1573	1778
1573	1873
1574	1622
1574	1750
1574	1874
1575	1595
1575	1655
1575	1662
1575	1718
1575	1844
1575	1877
1575	1935
1576	1663
1576	1690
1576	1718
1576	1721
1576	1860
1577	1757
1577	1801
1577	1835
1577	1845
1577	1908
1578	1700
1578	1708
1578	1809
1579	1747
1579	1790
1579	1812
1579	1921
1580	1642
1580	1874
1581	1741
1581	1881
1582	1819
1583	1686
1583	1728
1583	1745
1583	1748
1583	1916
1584	1872
1585	1635
1585	1647
1585	1728
1585	1864
1585	1869
1585	1957
1585	1996
1586	1636
1586	1766
1587	1628
1587	1633
1587	1706
1587	1775
1587	1796
1587	1810
1587	1831
1588	1880
1589	1714
1589	1721
1589	1724
1589	1729
1589	1933
1590	1685
1590	1759
1590	1787
1590	1854
1591	1612
1591	1882
1591	1929
1592	1980
1592	1991
1593	1595
1593	1656
1593	1780
1593	1956
1594	1701
1594	1836
1594	1971
1595	1686
1595	1777
1595	1965
1596	1731
1596	1751
1596	1823
1596	1855
1596	1877
1596	1988
1597	1747
1597	1774
1597	1875
1597	1992
1598	1607
1598	1691
1598	1720
1598	1774
1599	1603
1599	1633
1599	1647
1599	1882
1599	1976
1600	1834
1600	1947
1600	1953
1600	1957
1601	1687
1601	1699
1601	1713
1601	1963
1601	1982
1602	1736
1603	1796
1603	1805
1604	1692
1604	1905
1604	1942
1605	1682
1605	1686
1605	1694
1605	1743
1605	1744
1605	1835
1605	1924
1606	1607
1607	1629
1607	1738
1607	1769
1607	1908
1607	1929
1607	1949
1608	1672
1608	1706
1608	1931
1609	1660
1609	1665
1609	1800
1609	1815
1610	1616
1610	1730
1610	1735
1611	1762
1611	1829
1611	1891
1611	1929
1611	1980
1612	1695
1612	1702
1612	1741
1612	1779
1612	1782
1612	1796
1612	1836
1612	1870
1612	1968
1614	1620
1614	1716
1614	1751
1614	1796
1614	1831
1614	1906
1615	1696
1615	1829
1615	1851
1615	1935
1615	1973
1615	1989
1616	1738
1616	1747
1616	1777
1616	1885
1616	1940
1617	1654
1617	1661
1617	1662
1617	1754
1617	1806
1617	1881
1617	1894
1617	1993
1618	1640
1618	1709
1618	1711
1618	1993
1619	1629
1619	1633
1619	1782
1619	1881
1619	1903
1619	1928
1619	1937
1619	1973
1620	1707
1620	1869
1621	1652
1621	1677
1621	1900
1621	1997
1622	1711
1622	1713
1622	1786
1623	1697
1623	1721
1623	1902
1623	1912
1623	1921
1624	1716
1624	1974
1625	1712
1625	1749
1625	1811
1625	1897
1626	1678
1626	1737
1626	1806
1626	1807
1626	1873
1626	1876
1627	1664
1627	1759
1627	1824
1628	1880
1629	1659
1630	1848
1630	1873
1630	1908
1630	1996
1631	1692
1631	1831
1631	1876
1632	1656
1632	1735
1632	1795
1632	1872
1632	1954
1633	1926
1634	1635
1634	1652
1634	1695
1634	1787
1634	1946
1635	1817
1636	1680
1636	1700
1636	1711
1636	1897
1637	1748
1637	1773
1637	1778
1637	1795
1638	1691
1638	1726
1638	1804
1638	1807
1638	1835
1638	1878
1638	1911
1638	1920
1639	1837
1639	1863
1639	1876
1640	1683
1640	1833
1640	1898
1641	1642
1641	1699
1641	1711
1642	1742
1642	1820
1642	1972
1643	1651
1643	1657
1643	1698
1643	1726
1643	1970
1643	1981
1643	1996
1644	1655
1644	1734
1644	1760
1644	1858
1645	1695
1645	1698
1645	1731
1645	1735
1645	1851
1645	1882
1646	1676
1646	1686
1646	1731
1646	1776
1646	1850
1646	1989
1647	1798
1647	1849
1647	1948
1648	1683
1648	1689
1648	1745
1648	1824
1648	1889
1648	1971
1649	1885
1649	1912
1649	1942
1649	1986
1650	1676
1650	1698
1650	1722
1650	1734
1650	1971
1651	1678
1651	1870
1651	1879
1652	1663
1652	1852
1652	1988
1653	1705
1653	1745
1654	1701
1654	1724
1654	1865
1655	1664
1655	1714
1655	1724
1655	1986
1656	1680
1656	1814
1656	1907
1656	1951
1657	1817
1657	1855
1657	1859
1657	1959
1658	1708
1658	1736
1658	1872
1659	1704
1659	1791
1659	1814
1659	1833
1659	1863
1659	1864
1660	1810
1660	1855
1660	1928
1660	1969
1661	1769
1661	1775
1661	1794
1661	1966
1662	1730
1662	1780
1662	1875
1662	1961
1662	1969
1662	1991
1663	1925
1663	1945
1664	1711
1664	1739
1664	1816
1664	1846
1664	1879
1665	1716
1665	1724
1665	1943
1665	1968
1665	1986
1666	1752
1666	1776
1666	1790
1667	1746
1667	1773
1667	1779
1667	1781
1668	1848
1669	1679
1669	1798
1669	1818
1670	1684
1670	1752
1670	1757
1670	1891
1670	1969
1670	1994
1671	1678
1671	1841
1672	1958
1673	1793
1673	1887
1673	1914
1673	1975
1674	1720
1674	1975
1675	1705
1675	1708
1675	1741
1676	1737
1676	1750
1676	1881
1676	1938
1676	1943
1677	1969
1678	1903
1678	1920
1679	1781
1679	1804
1679	1872
1679	1914
1679	1945
1679	1968
1680	1805
1680	1839
1680	1848
1680	1928
1680	1985
1681	1992
1682	1699
1682	1726
1682	1798
1682	1963
1683	1817
1683	1836
1683	1841
1683	1850
1683	1991
1684	1686
1684	1869
1684	1957
1685	1876
1685	1906
1685	1921
1686	1691
1686	1885
1686	1910
1686	1912
1687	1693
1687	1711
1688	1927
1689	1747
1689	1784
1690	1712
1690	1766
1690	1923
1691	1693
1691	1709
1691	1817
1691	1897
1691	1899
1691	1903
1691	1948
1691	1959
1692	1900
1692	1920
1693	1744
1694	1921
1694	1949
1694	1954
1695	1696
1695	1714
1695	1756
1695	1940
1696	1740
1696	1846
1696	1904
1696	1929
1696	1991
1697	1852
1697	1859
1697	1890
1698	1759
1698	1829
1698	1885
1698	1916
1699	1722
1699	1951
1700	1996
1701	1791
1701	1831
1701	1919
1702	1742
1702	1777
1702	1794
1702	1846
1702	1849
1702	1874
1702	1882
1702	1955
1703	1721
1703	1733
1703	1795
1703	1848
1703	1928
1704	1864
1705	1926
1706	1719
1706	1755
1706	1765
1706	1864
1707	1815
1707	1861
1708	1735
1708	1792
1708	1794
1708	1830
1708	1992
1709	1991
1710	1947
1711	1934
1712	1719
1712	1764
1712	1883
1712	1930
1712	1972
1712	1996
1713	1874
1713	1904
1714	1751
1714	1877
1714	1915
1714	1989
1715	1754
1715	1807
1715	1943
1716	1812
1716	1943
1717	1816
1717	1892
1718	1732
1718	1918
1719	1748
1719	1787
1719	1789
1719	1794
1719	1798
1720	1851
1720	1873
1721	1751
1721	1753
1721	1873
1722	1770
1722	1780
1722	1833
1722	1853
1722	1881
1723	1837
1723	1911
1723	1973
1724	1750
1724	1804
1724	1878
1724	1917
1724	1946
1724	1996
1725	1794
1725	1845
1725	1893
1726	1773
1726	1889
1726	1976
1727	1821
1727	1852
1727	1997
1728	1779
1728	1802
1729	1756
1729	1864
1729	1936
1729	1963
1730	1771
1730	1849
1730	1938
1731	1786
1731	1788
1731	1919
1732	1935
1733	1839
1733	1874
1734	1929
1735	1779
1735	1929
1736	1834
1736	1851
1736	1870
1736	1881
1737	1922
1737	1961
1739	1918
1740	1787
1740	1844
1740	1878
1741	1799
1741	1844
1741	1850
1742	1801
1743	1833
1743	1839
1744	1855
1745	1832
1745	1930
1745	1957
1745	1964
1746	1856
1747	1764
1747	1947
1747	1997
1748	1941
1748	1956
1748	1967
1749	1750
1750	1753
1750	1778
1750	1823
1750	1849
1750	1852
1751	1980
1752	1765
1752	1779
1752	1929
1752	1972
1752	1995
1753	1823
1754	1817
1754	1836
1754	1925
1754	1944
1755	1804
1755	1917
1756	1927
1757	1821
1757	1913
1757	1966
1757	1979
1758	1761
1758	1778
1760	1764
1760	1768
1760	1842
1761	1870
1761	1944
1761	1995
1762	1787
1763	1841
1763	1857
1763	1990
1763	1997
1764	1798
1764	1805
1764	1834
1765	1829
1765	1894
1765	1937
1765	1956
1766	1797
1766	1801
1766	1848
1766	1854
1766	1868
1766	1877
1766	1916
1767	1779
1767	1994
1768	1917
1768	1940
1768	1986
1768	1987
1769	1787
1769	1836
1769	1961
1769	1963
1770	1791
1770	1902
1770	1954
1771	1799
1771	1821
1771	1939
1771	1941
1771	1961
1771	1967
1772	1820
1772	1913
1772	1945
1773	1777
1773	1822
1773	1828
1773	1838
1773	1947
1774	1886
1774	1899
1774	1972
1775	1787
1776	1836
1776	1921
1776	1996
1777	1831
1777	1847
1777	1884
1778	1827
1778	1875
1780	1828
1780	1880
1780	1946
1781	1896
1781	1972
1782	1818
1783	1799
1783	1823
1783	1889
1783	1893
1784	1878
1785	1824
1785	1930
1786	1859
1786	1863
1786	1888
1787	1843
1787	1897
1787	1952
1787	1991
1788	1813
1788	1862
1788	1976
1790	1854
1790	1889
1790	1952
1790	1969
1791	1798
1791	1945
1791	1978
1792	1857
1793	1838
1793	1870
1793	1876
1795	1854
1796	1828
1796	1878
1796	1909
1796	1943
1797	1959
1797	1986
1797	1991
1798	1875
1798	1894
1799	1803
1799	1841
1799	1842
1799	1875
1799	1958
1801	1905
1801	1944
1803	1984
1805	1814
1806	1908
1806	1946
1807	1819
1807	1884
1808	1859
1808	1967
1808	1985
1809	1813
1809	1845
1809	1919
1810	1867
1810	1889
1810	1997
1811	1845
1812	1922
1812	1934
1814	1844
1814	1882
1814	1945
1815	1950
1815	1985
1816	1912
1816	1942
1817	1842
1817	1863
1817	1979
1818	1833
1818	1901
1819	1914
1819	1930
1819	1999
1821	1871
1821	1936
1823	1889
1824	1869
1824	1892
1825	1884
1826	1840
1826	1867
1826	1908
1826	1920
1828	1858
1828	1877
1828	1878
1828	1898
1828	1946
1829	1836
1830	1943
1831	1905
1831	1939
1831	1979
1832	1888
1832	1901
1832	1904
1833	1898
1833	1940
1834	1893
1835	1850
1835	1950
1835	1954
1836	1892
1836	1964
1837	1964
1838	1893
1838	1953
1838	1971
1839	1849
1839	1855
1839	1987
1841	1939
1842	1958
1843	1907
1843	1938
1844	1885
1845	1891
1845	1967
1848	1856
1850	1876
1850	1916
1851	1931
1853	1964
1855	1873
1855	1976
1856	1925
1856	1928
1856	1988
1857	1924
1858	1884
1858	1885
1859	1893
1859	1924
1859	1992
1861	1903
1861	1907
1861	1936
1862	1863
1863	1909
1866	1902
1866	1941
1867	1995
1868	1895
1868	1920
1870	1874
1870	1889
1870	1958
1870	1973
1870	1975
1871	1941
1872	1892
1872	1905
1872	1930
1872	1976
1873	1900
1875	1893
1876	1960
1877	1913
1877	1947
1877	1974
1879	1928
1879	1977
1881	1909
1882	1937
1884	1969
1885	1950
1888	1909
1890	1960
1892	1993
1897	1977
1897	1993
1898	1903
1901	1940
1901	1941
1901	1946
1903	1962
1904	1986
1905	1994
1907	1911
1908	1963
1911	1939
1912	1924
1914	1999
1915	1921
1915	1927
1915	1956
1916	1928
1919	1969
1924	1998
1929	1993
1931	1980
1933	1964
1934	1954
1943	1947
1944	1963
1944	1982
1946	1963
1948	1973
1957	1988
1961	1996
1963	1969
1965	1996
1966	1968
1969	1970
1975	1985
1977	1989
1977	1993
1978	1998
1982	1994
1987	1996
