1000
1004
1094
1123
1271
1307
1364
1455
1548
1825
1956
1001
1473
1521
1629
1671
1794
1797
1820
1898
1935
1993
1002
1255
1336
1566
1666
1783
1815
1827
1879
1949
1977
1003
1073
1508
1531
1546
1560
1619
1693
1728
1975
1976
1500
1543
1871
1880
1908
1918
1931
1999
1005
1291
1381
1390
1495
1545
1731
1773
1848
1958
1971
0
36
319
471
654
687
714
731
826
972
984
1006
1046
1179
1447
554
1752
1913
1960
1962
1980
1007
1235
1301
1529
599
1796
1833
1890
1929
1970
1978
1
44
1457
719
751
787
875
965
980
981
995
1008
1138
1220
1306
1673
1685
1740
1762
1850
1990
2
62
673
691
769
827
829
905
948
1965
973
3
217
465
1656
753
807
856
858
944
991
4
1522
620
771
823
845
926
967
1009
1053
1374
1448
1663
1695
1821
1838
939
1991
1010
1272
1406
1430
1459
1498
1581
1677
1883
1955
959
1011
1274
1394
1422
1446
1589
1718
1912
931
5
16
42
82
128
133
1162
276
281
386
584
1012
1089
1229
1265
629
1635
1798
1872
1959
1994
1998
1013
1021
1143
1164
561
1705
1741
1859
1875
1982
6
180
557
634
733
1779
795
816
847
961
7
200
251
324
545
576
743
819
937
977
8
455
567
572
713
730
758
836
932
1014
1054
1337
1338
1758
1767
1863
1873
1979
1997
1015
1106
1368
1494
1688
1806
1809
1844
1861
1897
1016
1033
1204
1316
1380
1651
1858
1921
1017
1025
1441
1684
1743
1939
1945
1018
1310
1393
1425
1778
1836
1864
971
9
163
652
680
748
765
778
781
800
876
1019
271
1324
1379
1431
1454
1642
1698
1866
1951
1957
10
216
457
475
582
741
844
934
975
1020
1479
1556
1799
1847
1874
1878
178
1153
1159
1302
1313
1748
1765
1795
1973
11
440
513
638
862
888
923
933
968
990
12
75
127
255
1339
509
742
788
946
955
989
13
64
415
458
486
942
952
954
14
40
365
495
502
842
925
951
1022
1177
1472
1481
1541
1592
1607
1023
1135
1218
1524
1555
1738
1822
1857
1907
1024
1115
1227
1385
1434
1538
1605
1672
1868
15
19
119
141
158
726
1881
904
938
997
1331
1353
1579
1706
1899
1902
1909
1914
85
145
1344
616
682
740
909
976
17
93
181
289
334
568
840
878
985
18
192
373
524
690
780
815
825
848
1026
1421
1537
1575
1602
1625
1682
1768
1770
1842
246
370
789
837
897
907
986
1027
1030
1356
1426
1609
1704
1766
1851
1854
1895
1972
1028
1323
345
1467
1530
1601
1683
1823
1974
20
58
166
745
793
828
861
917
979
1029
1504
1540
1747
1877
1919
1927
21
195
294
396
466
562
712
817
820
1223
1712
1727
1784
1925
1941
1950
1995
1031
1069
445
1519
1593
1829
1934
22
578
607
689
716
764
23
117
225
383
681
755
811
922
960
982
24
218
338
586
590
610
886
949
1032
1348
1362
1477
1573
805
1986
25
171
498
702
724
891
974
26
95
227
241
564
602
945
27
500
525
674
686
727
752
874
936
1203
1523
1590
1910
1948
1981
28
70
230
429
482
749
763
935
1034
1355
1423
1544
1808
29
83
258
265
444
511
903
912
30
226
367
1451
747
896
956
970
31
342
611
657
916
940
947
963
32
156
297
300
363
739
774
1035
1487
1710
1817
33
266
278
623
651
734
843
867
34
41
131
391
454
655
857
964
1036
1405
1428
1554
1744
1853
1889
35
310
315
413
469
526
818
864
1037
1631
1737
756
1754
1896
1937
1946
546
577
622
839
880
895
37
118
1528
603
775
866
900
1038
1254
1266
1463
1904
38
51
307
351
451
703
966
39
115
124
202
261
661
762
188
243
463
496
849
890
69
385
894
988
313
517
684
889
929
43
286
303
738
750
834
296
519
838
853
859
45
617
653
667
729
870
877
1039
1044
1052
1111
1196
1720
1777
1882
1894
1040
1066
1081
1087
1197
527
1819
1933
1969
46
175
421
487
555
633
722
47
625
705
999
1041
1349
1533
1668
1774
1840
1906
928
1042
1232
1443
1649
1707
1756
884
1885
1940
1967
48
721
798
953
996
49
107
209
295
522
892
1043
1076
1376
1492
1686
1938
1359
1365
1372
1378
50
206
273
288
604
1932
92
910
52
541
694
841
924
994
53
65
1105
427
499
618
688
54
1262
693
711
799
1045
1121
1237
1304
1420
1735
1181
1416
1785
1801
1828
1983
55
1188
401
915
1047
1099
1208
1315
1320
1587
1615
1692
1824
1852
1985
56
91
174
198
302
352
832
941
943
57
1068
94
248
290
450
708
335
452
510
669
717
908
918
1048
1214
1515
1612
1701
1749
1988
1049
1167
1456
1493
1511
1561
1681
1903
1924
1050
1144
1469
1617
1640
1786
1788
1961
59
129
410
544
574
624
768
786
893
60
77
160
592
766
899
61
306
408
411
558
583
677
1051
1225
1264
1409
1475
1846
1964
138
369
399
63
291
613
615
851
879
885
887
222
428
650
790
852
121
387
461
503
506
628
1142
1534
1645
66
293
683
692
709
744
67
239
792
983
1624
1687
1691
1992
68
587
760
782
846
1407
1577
1839
1923
1928
1055
1221
1285
1657
1926
1056
1258
1322
1360
1438
1867
1509
869
871
643
718
1057
1488
1507
1696
1984
71
1063
203
565
573
597
619
656
1058
1206
377
1389
1535
1552
1576
1595
1059
1516
1643
1843
72
102
120
355
376
446
695
772
804
73
136
390
540
679
770
813
855
1060
1095
1199
1622
1911
74
97
244
441
1746
902
1061
1233
1252
1326
1502
1582
1650
1697
1062
1275
1606
1884
1170
1211
1717
1736
1745
1832
1922
176
368
637
649
998
76
232
626
1716
736
803
806
812
384
400
1597
882
913
962
78
435
728
79
354
493
533
569
685
80
211
344
467
542
1662
969
987
81
1116
259
518
579
538
1064
1098
1184
824
1065
1117
1550
1670
1947
1465
1750
1952
1968
1067
1392
1427
1646
298
364
460
606
700
993
1097
1251
1268
1667
1816
84
337
791
958
1632
1637
1915
1996
1070
1078
536
1775
1989
1071
1334
1598
1803
1072
1079
1267
1723
1849
1586
1621
767
1103
168
663
865
1074
1166
1175
1557
1618
86
773
87
395
595
88
417
418
1075
1140
1147
1517
1608
1807
89
137
589
881
914
927
90
468
658
920
992
720
801
308
350
233
1547
1165
1222
1412
1659
1714
392
566
1568
581
199
332
512
1077
1480
1724
1920
1189
1837
1841
1886
96
150
420
1207
1462
1676
501
516
521
672
98
456
660
1080
1183
1318
1658
1269
1312
1400
1439
1647
1789
99
1298
699
100
447
529
1082
1209
101
113
1293
426
978
1083
1294
1333
1417
1461
1499
1520
422
563
641
794
103
631
104
850
883
911
1084
1429
1742
1781
1085
1234
1532
1753
1793
1942
105
143
207
106
514
737
830
1086
1352
1525
1641
1113
1249
1644
1088
1936
1954
1512
1616
108
123
275
532
570
831
109
185
228
416
508
783
810
921
110
221
111
397
112
173
507
490
868
114
165
860
220
348
627
670
784
116
329
378
757
480
549
776
359
559
580
1090
1200
1219
1351
1404
1435
1792
1091
1096
1396
1627
1917
666
1763
254
339
647
122
425
696
189
1092
1158
1486
1726
1757
1831
1093
1169
1314
1613
1702
1458
1660
1665
919
1150
1163
326
1377
1679
1719
1732
1813
125
1261
560
732
126
528
1715
833
361
594
1709
1329
1343
1725
1755
1449
1826
1869
1236
1241
483
489
1460
1943
1100
1101
1238
1620
1628
184
593
130
309
614
1136
1432
1485
1588
1614
1700
1102
1119
1198
1558
1769
1780
431
132
237
270
621
664
1327
1408
1944
236
321
388
835
1104
1418
1638
697
1916
1284
134
478
630
135
328
1308
1471
179
671
139
147
432
662
140
601
1107
1303
1335
1734
311
488
552
675
898
1108
1172
1855
1109
1246
1345
1398
1653
1110
1148
1711
1751
1776
1905
1966
142
609
1112
1497
1603
1139
249
144
320
358
438
1114
1127
1713
1739
1860
1468
1565
1633
497
1231
1383
1505
1987
146
556
1330
479
665
761
809
1346
1891
148
398
591
1118
1141
1260
1814
1870
1216
250
1661
1963
1120
1536
1862
149
157
644
151
357
403
678
1156
1180
152
596
704
706
1122
1321
1357
1402
1591
1652
1845
153
412
453
777
154
235
279
1124
1354
1553
1125
1292
1311
1411
1664
1760
155
208
779
1126
1358
1482
1559
1478
1513
1128
1248
1703
1930
676
349
473
639
785
1129
1300
1876
1130
1250
1782
159
759
1131
1611
1132
1133
1281
1350
1856
161
362
442
553
162
600
462
646
754
164
505
530
645
710
1900
1134
1514
608
1584
1253
371
419
642
854
906
1212
1453
167
459
485
284
394
537
1137
1173
1675
1699
1361
1733
169
746
170
314
588
1215
1790
1490
1680
1834
193
640
1282
1810
172
470
1580
1145
1347
1382
1678
1146
1182
1771
1830
1953
219
659
735
1149
930
256
701
1288
1151
1295
1325
347
177
346
229
269
548
1152
1893
301
1154
393
1474
1791
182
723
1155
1243
1157
1226
1278
183
331
1239
1761
1160
1363
1800
1161
1340
1630
1888
1626
1174
1187
1386
1403
1562
186
277
1168
1202
253
187
191
389
407
299
504
190
1191
1623
1171
1892
1297
1549
1578
380
551
404
194
406
571
872
1445
598
196
372
402
197
797
1176
1413
1551
1572
636
1287
1571
1178
1228
1722
1865
1388
1395
1730
1270
1648
1835
1655
1669
223
1690
1201
201
575
1185
1370
1450
1186
1574
1654
204
205
287
957
547
612
901
950
280
318
821
322
1503
1190
1527
1213
1286
327
1501
1694
1818
1192
1205
1604
210
430
715
333
1193
1764
212
292
1194
1689
1195
1299
1309
1436
1583
1452
1563
213
648
214
1811
215
356
635
668
1257
1564
1639
1342
379
1594
1721
1259
1433
414
1476
1510
1210
1367
1729
224
477
802
1217
1399
1437
1230
330
231
263
808
234
1276
534
1539
1570
1332
282
520
238
240
822
1483
1489
242
449
725
1224
285
245
863
1542
1634
247
1319
1414
1600
1708
272
260
698
1491
1759
1812
1442
1506
1585
1787
1901
1567
1240
1419
1596
252
531
1242
1289
1391
494
1244
1464
1245
1296
1247
1518
257
1599
1256
305
262
632
264
464
472
267
268
316
1802
1263
1328
707
814
1341
585
274
341
439
796
523
1290
1375
283
1273
366
515
1277
873
381
1279
1280
1317
1373
1397
1283
481
312
1610
1804
374
434
1371
1772
543
1424
304
1569
474
1887
1305
1415
448
1410
433
317
535
484
1466
1401
1444
323
325
375
491
1805
1636
1496
1384
336
340
343
1387
443
353
405
550
360
436
476
1366
1369
1484
382
409
424
423
539
437
1440
605
1470
492
1526
1674
