1000
1061
1214
1355
1380
1505
1619
1622
1663
1677
1896
1001
1031
1083
1131
1145
1401
1414
611
1743
1864
1892
0
210
1340
435
673
711
735
785
852
957
989
1
110
625
722
892
900
904
908
911
943
951
1002
1222
1328
1779
1816
1835
869
1873
1878
1924
2
71
201
369
408
1437
535
557
653
778
923
1003
1247
1454
1621
1682
1771
1823
1862
1882
1004
1030
1184
1383
1589
1673
1899
1944
1962
1975
1005
1207
1241
1368
1422
1585
1623
1630
1725
1933
1947
3
118
160
388
647
686
688
731
749
818
836
1006
1185
1289
1370
1689
1733
1800
1819
1853
895
1007
1233
1487
1496
1610
1647
765
1752
1755
1884
1929
4
55
92
156
395
550
884
1872
918
950
964
5
59
105
573
771
781
828
837
873
889
986
1008
1346
1558
1567
1607
775
1775
1834
1945
1983
1991
1009
1452
1710
1772
1879
1894
1907
1913
1917
6
17
415
1666
721
748
812
841
867
965
1010
1309
1485
1680
1783
1850
1906
1928
1956
7
51
133
240
441
461
488
580
586
629
968
1011
1026
1231
1291
1322
1388
1736
1748
863
1985
1012
1476
1529
1550
1573
1696
1836
1857
1940
1970
8
9
567
732
744
810
842
874
1885
927
932
183
596
597
635
644
720
830
929
1964
1013
1076
1534
1539
1604
1754
1811
1871
1905
1996
10
93
318
525
527
618
786
807
823
848
980
1014
1325
1548
1574
1612
1684
1877
933
1938
1015
31
1081
1089
1499
1536
1661
1766
1847
1883
1016
1106
1282
1441
1528
1633
1634
1774
1841
1935
1946
11
90
246
277
805
953
973
987
993
1017
1024
1181
1390
1713
1845
1849
1860
12
403
540
756
808
859
876
921
942
1018
1510
780
1797
1844
1856
1939
13
103
1176
627
657
713
760
774
905
14
1137
145
288
291
510
669
750
800
949
1019
1298
439
1541
1709
1778
1795
1910
1988
1020
1128
1262
1290
1297
1459
1491
1591
1681
1727
1742
1021
1224
1385
1436
1542
1658
1768
1776
1893
1960
15
214
353
480
1537
612
759
788
847
16
410
421
614
803
853
872
912
959
1987
1022
1154
1276
1586
1618
1719
1794
1831
1927
1033
36
661
871
1023
1093
1194
1213
1426
1722
755
1765
1851
1854
1082
1167
1220
1655
1761
1942
1961
18
357
427
574
617
897
913
947
974
19
244
696
820
865
882
939
972
1969
20
174
209
766
797
811
829
919
941
988
21
139
249
262
981
1025
63
1114
1166
1229
1598
1950
1984
1064
1147
1356
1449
1631
1660
1790
1955
22
186
245
503
694
752
789
956
1027
1148
1335
1615
1799
1801
1931
1972
1028
1236
1272
1410
1523
1531
1579
1763
23
155
269
424
1492
506
620
757
804
24
382
462
546
549
551
581
1656
984
25
1305
513
659
725
846
976
977
997
999
26
170
437
469
761
1916
940
985
991
27
443
459
539
690
1707
739
758
888
916
28
38
460
1571
666
753
885
966
996
1029
1108
1132
1427
1463
1503
1668
1936
1999
1182
1481
1498
1751
1977
1316
1433
1590
1750
1852
1886
29
117
270
705
733
770
783
901
1032
1221
1274
1338
1471
1521
1740
1874
30
190
202
255
391
514
544
594
1824
855
104
362
433
608
668
813
32
264
547
862
890
1086
1265
1273
1317
1625
1780
1965
1981
33
185
308
1349
600
795
34
235
296
385
392
505
835
850
926
1034
1332
1435
1937
967
1982
1986
1035
1320
1324
1393
1639
1785
1867
1925
1989
35
42
56
87
652
891
898
948
955
162
790
833
925
37
57
232
367
537
693
773
762
799
868
920
922
1036
1069
1136
1597
1678
1737
1932
1037
1066
1168
1286
1299
1508
1602
1732
1868
1914
1966
1038
1195
1428
1670
1702
1827
39
324
419
672
851
928
979
1039
1051
1295
1421
1627
1711
1902
40
62
507
683
914
962
1040
1099
1141
1632
1636
1829
1912
1957
1041
1504
1557
716
1870
1915
1042
1092
1157
1178
1692
1694
1773
1807
1869
41
178
339
490
605
958
994
279
342
571
678
742
754
983
1043
1358
454
1593
1764
1832
1976
43
196
470
712
745
809
814
861
1044
1122
1594
1700
1789
1918
44
45
54
350
569
602
650
677
1997
1045
1246
1796
1809
1941
1953
1046
1060
1285
1791
1843
1903
1959
83
319
640
645
792
903
995
1047
1135
1381
1576
1667
1687
1861
1048
1333
729
1804
1875
1922
1930
1980
46
188
1362
402
499
591
632
663
680
1049
1266
1472
1662
1717
1887
1990
47
212
237
373
511
702
48
606
708
763
819
866
877
971
1050
1468
1477
1524
1777
1904
1951
1133
1203
1249
1444
1512
1715
1876
1052
1162
1191
1264
1331
1511
1848
930
1053
1173
1478
1679
1703
1739
1787
1891
1054
1146
1288
1367
1566
1731
1769
1055
1507
1620
1749
839
1839
1923
1056
1152
1552
1588
1640
1781
1057
1121
234
1352
1429
1606
1697
1805
1058
1075
1156
1201
1469
1770
1825
49
122
293
465
791
50
1398
576
584
685
777
109
321
886
893
52
334
639
1793
860
1059
1111
330
1348
1371
1546
1659
1397
1672
1738
1968
1540
1642
703
1720
1062
1301
1342
1561
655
1726
1063
1227
1814
1837
1992
1127
1483
1526
53
579
710
412
1458
485
543
857
276
827
1065
1313
348
1973
1974
275
512
572
806
1208
1259
447
548
585
798
969
1067
1359
1387
1644
1842
58
346
352
364
649
736
924
1068
1315
1327
1425
1587
1616
1664
1813
248
331
623
626
1070
1101
1310
1605
1685
1071
1250
1271
1611
1688
60
172
273
304
338
1072
1210
1363
1473
1073
1242
1365
464
1978
1074
138
1782
61
140
383
396
409
523
961
1189
1532
1570
231
727
728
772
1520
108
358
519
552
565
816
64
637
944
945
65
72
595
66
68
136
257
542
768
802
909
1077
1177
1439
1549
1580
915
1078
1330
1464
1559
1757
1911
67
521
648
676
730
1792
910
236
366
706
69
621
719
70
779
784
840
978
142
822
990
266
536
575
970
73
374
582
607
796
1079
1319
1412
1551
74
453
854
75
260
399
501
726
856
902
1080
1174
1239
1405
1501
1812
1493
1544
1564
1880
1125
1160
1270
1506
189
1292
1735
1979
1994
76
125
274
389
1084
1278
1919
77
327
718
960
1995
1085
1110
1351
78
164
286
603
1600
1698
1788
1087
1183
1553
1629
1708
79
157
526
844
881
80
106
312
438
446
709
794
843
887
998
1088
1188
1258
1318
1967
1577
1641
1747
1881
1952
1090
1465
1716
1091
1443
1486
724
1280
1676
1846
1908
1323
1418
1420
1575
1578
1815
1865
81
137
215
298
622
878
975
1094
468
1500
1798
1095
1613
82
587
738
1096
1608
1650
1097
1151
1275
1683
1901
473
879
934
1098
1336
1408
1339
84
256
444
674
782
85
271
390
1100
1196
1269
1347
1686
1701
86
213
1142
1413
451
1858
1102
1353
102
377
1103
1129
1509
1545
1592
1821
1104
1303
1489
616
1105
1334
88
356
486
554
817
1442
1107
1721
1859
1488
681
1109
1277
1624
1690
1897
1253
1302
1382
1538
1583
89
217
294
398
568
592
624
207
577
714
91
197
278
302
826
896
1134
219
1306
1112
1369
1971
1113
1830
1993
1198
1601
1728
1115
1555
1581
883
1949
97
700
936
982
1116
1263
1648
1817
94
111
282
630
1117
1237
1460
1513
1998
95
371
838
1863
907
96
147
563
741
98
387
631
723
793
99
281
375
455
697
875
1118
1337
1416
1638
1119
1281
1377
1461
667
1693
1759
1120
1218
1389
1404
1432
1723
1934
1948
1402
1909
1123
1495
1124
1497
1643
1895
100
135
297
394
656
767
1186
1406
1126
1153
1245
1522
1609
1657
1866
1568
1572
1855
101
314
609
938
628
1453
1890
1130
1164
1395
1440
1161
1304
1569
1746
1756
1889
1482
1596
1653
474
541
1466
1386
1833
1614
1943
153
283
531
168
562
615
658
825
660
937
1705
1758
107
143
769
824
166
323
494
610
1706
1724
1138
1223
397
496
129
254
386
430
112
417
491
935
1139
1248
113
1261
332
336
456
583
114
191
545
570
115
159
229
484
894
1140
1204
216
1516
1699
1900
116
345
404
440
509
646
684
344
370
1403
1554
1898
559
119
315
407
1409
520
849
120
218
478
858
906
121
243
695
740
899
123
619
1143
1287
124
177
917
1144
1230
1595
1669
508
530
561
1729
1314
1251
1407
1530
1556
1784
1810
126
130
1502
946
127
128
134
325
880
704
1826
251
284
1311
306
963
131
222
432
442
1226
1926
1963
1361
1431
1527
1149
1391
1456
1518
1921
132
228
477
495
743
518
701
764
253
664
670
467
845
220
328
425
534
1652
636
307
329
1150
1565
267
301
317
821
1267
1379
1475
141
420
588
1438
1806
1284
1467
158
180
322
363
368
1828
238
401
418
434
831
864
952
1155
1193
341
1372
1490
1920
144
182
1254
1158
1159
1329
1350
1654
1954
205
221
305
146
295
1321
598
148
204
149
150
163
250
689
1163
1215
1364
151
553
662
715
870
1240
152
992
1165
1786
1384
1617
1202
1169
1494
1628
1637
1803
154
528
351
466
954
1170
1171
1392
1888
1172
1260
303
1704
1190
184
1219
1294
638
1175
1256
1753
1762
1470
1646
1820
1674
1760
161
556
1671
1179
1343
1562
355
699
171
165
340
1180
1741
1225
599
1479
1326
167
211
515
641
1424
1563
1603
169
687
289
445
651
1462
1187
1626
1268
538
1257
1730
1645
476
564
604
1357
1192
173
187
449
566
675
198
360
483
931
175
400
428
613
176
642
405
414
475
1232
179
533
1197
313
1199
181
203
504
1200
665
458
1374
258
1649
1293
252
516
746
834
1205
1547
1206
1840
423
1209
1734
1211
1345
349
691
815
1212
1423
192
230
193
472
194
195
498
1635
206
1216
1235
1375
431
1808
1822
471
1217
1411
1417
1474
1373
1396
1448
199
529
1360
200
359
292
493
333
601
1419
1525
698
208
737
747
247
378
1366
450
311
517
233
309
343
1228
1296
1457
287
227
1838
411
1958
1244
560
1234
452
241
259
310
682
223
1480
1519
1238
1517
1714
224
776
225
1300
226
787
290
589
379
406
1695
1243
500
717
416
593
1376
1665
239
1252
1399
1430
1767
1651
832
1255
268
242
380
801
463
372
1484
1400
558
1543
1745
1445
679
1341
1744
436
481
522
751
643
1446
590
1582
1818
578
448
692
1279
1434
261
337
263
633
265
316
489
1283
272
1307
555
335
707
1447
326
734
1675
1450
280
285
413
1308
1514
634
299
300
1535
1802
1455
1312
1451
654
376
426
320
1415
1394
429
1560
347
422
1712
1533
487
384
381
1344
354
365
1354
497
361
1584
482
502
524
1378
1691
393
1599
479
1515
671
492
1718
457
532
