2000	0
0	99
0	232
0	379
0	541
0	553
0	879
0	930
0	985
0	994
0	1487
0	1721
1	20
1	151
1	227
1	408
1	570
1	578
1	672
1	721
1	841
1	842
1	882
1	922
1	952
1	954
2	110
2	197
2	288
2	289
2	305
2	383
2	397
2	432
2	467
2	504
2	517
2	559
2	592
2	614
2	644
2	906
3	5
3	86
3	208
3	340
3	372
3	514
3	559
3	694
3	742
3	825
3	877
4	67
4	121
4	327
4	360
4	379
4	538
4	832
4	993
5	32
5	60
5	103
5	564
5	578
5	685
5	768
5	935
5	948
6	28
6	36
6	119
6	152
6	243
6	301
6	378
6	571
6	696
6	720
6	759
6	845
6	896
6	990
7	12
7	524
7	552
7	571
7	574
7	662
7	745
7	923
8	31
8	152
8	317
8	319
8	323
8	352
8	864
8	927
8	954
8	992
8	995
8	1254
9	30
9	231
9	245
9	265
9	364
9	402
9	440
9	569
9	581
9	593
9	613
9	641
9	646
9	653
9	1486
10	12
10	193
10	195
10	202
10	240
10	278
10	326
10	342
10	427
10	526
10	631
10	748
11	51
11	215
11	230
11	346
11	487
11	536
11	972
12	25
12	41
12	231
12	412
12	450
12	550
12	554
12	662
12	781
12	850
12	854
12	935
13	147
13	261
13	326
13	472
13	963
13	983
14	87
14	571
14	579
14	686
14	701
14	772
14	860
14	953
15	52
15	56
15	168
15	242
15	261
15	443
15	455
15	469
15	546
15	602
15	669
15	762
15	807
15	818
15	835
15	897
15	952
16	108
16	186
16	701
16	890
16	1456
17	172
17	232
17	375
17	628
17	678
17	804
17	949
17	988
18	75
18	93
18	97
18	476
18	581
18	596
18	636
19	109
19	193
19	309
19	366
19	567
19	631
19	680
19	709
19	773
19	797
19	847
19	951
19	1732
20	380
20	436
20	555
20	559
20	613
20	961
21	264
21	508
21	544
21	664
21	675
21	749
21	773
21	889
21	960
21	987
22	49
22	179
22	205
22	405
22	557
22	607
22	616
22	654
22	753
22	889
22	904
23	313
23	357
23	509
23	586
23	668
23	786
23	867
23	869
23	902
24	63
24	91
24	265
24	330
24	336
24	557
24	569
24	684
24	689
24	916
24	942
25	59
25	150
25	622
26	211
26	292
26	309
26	444
26	503
26	717
26	718
26	820
27	131
27	254
27	419
27	476
27	534
27	646
27	679
27	681
27	746
27	863
27	959
28	299
28	321
28	340
28	353
28	378
28	450
28	507
28	602
28	603
28	606
28	677
29	99
29	175
29	217
29	414
29	415
29	447
29	480
29	524
29	691
29	776
29	872
29	874
30	233
30	240
30	250
30	370
30	437
30	673
30	789
30	796
30	965
30	978
31	212
31	284
31	555
31	603
31	837
31	903
31	979
32	151
32	185
33	50
33	53
33	438
33	476
33	547
33	758
33	928
34	110
34	159
34	212
34	353
34	469
34	650
34	752
34	834
34	987
35	55
35	134
35	188
35	265
35	828
35	884
35	912
35	967
35	992
36	63
36	194
36	319
36	409
36	436
36	471
36	481
36	958
36	994
37	131
37	166
37	220
37	433
37	443
37	487
37	577
37	662
37	704
37	882
37	998
38	186
38	251
38	271
38	274
38	402
38	450
38	632
38	633
39	136
39	251
39	307
39	514
39	601
39	617
39	641
39	787
40	133
40	293
40	320
40	491
40	514
40	580
40	582
40	838
40	863
40	901
40	957
41	62
41	93
41	189
41	404
41	464
41	694
41	762
41	834
41	838
42	124
42	284
42	288
42	338
42	539
42	644
42	657
42	730
42	839
42	942
42	959
42	989
42	994
43	113
43	259
43	330
43	346
43	420
43	428
43	492
43	510
43	601
43	716
43	831
43	837
43	969
44	110
44	439
44	470
44	610
44	691
44	738
45	283
45	329
45	517
45	628
45	646
45	648
45	719
45	944
46	144
46	151
46	258
46	269
46	304
46	326
46	332
46	340
46	456
46	705
46	764
46	911
46	983
47	63
47	112
47	136
47	345
47	397
47	550
47	631
47	760
47	794
47	970
48	168
48	187
48	420
48	429
48	470
48	472
48	713
48	932
48	964
48	1651
49	126
49	198
49	264
49	301
49	351
49	373
49	469
49	613
49	685
49	768
49	786
49	848
49	959
50	54
50	83
50	168
50	191
50	203
50	255
50	296
50	387
50	547
50	575
50	720
50	746
50	1679
51	294
51	463
51	552
51	633
51	888
51	900
52	102
52	121
52	140
52	263
52	455
52	464
52	533
52	546
52	689
52	770
52	801
52	848
52	877
53	97
53	129
53	186
53	298
53	360
53	524
53	537
53	569
54	77
54	243
54	366
54	552
54	600
54	669
54	682
54	724
54	859
55	99
55	211
55	235
55	257
55	341
55	421
55	701
55	722
55	733
55	832
55	837
55	922
56	141
56	255
56	301
56	349
56	728
56	793
56	952
56	996
57	111
57	264
57	330
57	334
57	435
57	531
57	767
57	858
58	98
58	134
58	303
58	368
58	377
58	490
58	527
58	576
58	635
58	654
58	715
58	953
59	353
59	531
59	595
59	717
59	734
59	858
59	893
59	939
60	170
60	248
60	302
60	552
60	707
60	757
60	826
60	845
60	865
60	947
61	221
61	367
61	393
61	509
61	652
61	878
61	928
61	975
61	980
62	169
62	227
62	295
62	362
62	476
62	683
62	771
62	870
62	1009
63	89
63	138
63	200
63	537
63	569
63	633
63	840
63	854
64	111
64	282
64	462
64	554
64	654
64	788
64	815
64	852
64	854
64	872
64	987
65	91
65	271
65	580
65	603
65	809
65	923
65	965
66	77
66	87
66	272
66	690
66	922
67	405
67	558
67	620
67	623
67	667
67	822
68	196
68	317
68	469
68	681
69	103
69	272
69	293
69	416
69	517
69	527
69	552
69	584
69	686
69	713
69	895
69	932
70	95
70	225
70	301
70	349
70	544
70	647
70	892
70	903
71	154
71	180
71	397
71	491
71	554
71	595
71	736
71	841
72	113
72	144
72	273
72	284
72	387
72	498
72	524
72	573
72	803
72	853
73	251
73	267
73	296
73	321
73	357
73	646
73	654
74	136
74	167
74	245
74	472
74	720
74	766
74	921
74	938
74	994
75	155
75	161
75	163
75	792
75	830
75	983
75	995
76	215
76	265
76	514
76	530
76	614
76	750
76	806
76	819
76	924
76	947
77	375
77	395
77	424
77	510
77	671
77	771
77	860
77	869
77	887
77	963
78	226
78	234
78	255
78	289
78	294
78	370
78	701
78	833
78	838
78	847
78	908
78	919
78	960
79	106
79	478
79	548
79	901
79	950
80	249
80	253
80	369
80	375
80	457
80	469
80	492
80	704
80	738
80	751
80	816
80	925
81	113
81	145
81	146
81	386
81	490
81	496
81	537
81	569
81	608
81	640
81	771
81	892
82	193
82	228
82	260
82	263
82	351
82	352
82	440
82	550
82	563
82	703
82	714
82	729
82	765
82	917
82	993
83	213
83	234
83	467
83	506
83	507
83	606
83	637
83	645
83	852
83	1125
84	304
84	308
84	346
85	87
85	107
85	130
85	214
85	360
85	459
85	567
85	963
86	297
86	304
86	361
86	429
86	518
86	544
86	561
86	799
86	900
87	112
87	143
87	160
87	181
87	315
87	319
87	388
87	428
87	431
87	573
87	658
87	730
87	774
87	816
87	845
87	892
87	916
87	1928
88	109
88	110
88	257
88	307
88	393
88	446
88	507
88	627
88	783
88	800
88	808
88	837
89	262
89	318
89	351
89	480
89	534
89	708
89	778
89	891
90	106
90	153
90	390
90	602
90	691
91	115
91	178
91	312
91	369
91	443
91	675
91	694
91	817
91	944
91	952
91	973
91	985
92	332
92	343
92	386
92	421
92	557
92	773
92	839
93	255
93	342
93	356
93	524
93	676
93	825
93	925
93	928
94	102
94	118
94	244
94	260
94	317
94	467
94	525
94	543
94	585
94	588
94	782
94	817
94	960
95	175
95	223
95	286
95	313
95	351
95	352
95	393
95	501
95	509
95	514
95	563
95	635
95	656
95	760
95	776
95	794
95	813
95	936
95	954
96	161
96	178
96	197
96	222
96	260
96	309
96	392
96	614
96	620
96	681
96	724
96	824
96	941
97	195
97	456
97	457
97	771
97	884
97	973
98	352
98	631
98	814
98	835
98	960
99	162
99	173
99	304
99	369
99	446
99	529
99	619
99	683
99	868
99	991
99	1348
100	105
100	106
100	127
100	154
100	662
100	730
100	784
100	833
100	845
100	886
100	926
100	999
101	149
101	220
101	279
101	481
101	581
101	802
101	837
101	965
102	111
102	287
102	338
102	444
102	645
102	810
102	910
102	966
103	139
103	171
103	192
103	276
103	348
103	350
103	464
103	488
103	575
103	608
103	646
103	661
103	679
103	873
103	932
103	938
104	436
104	629
104	634
104	818
104	975
105	120
105	137
105	239
105	307
105	375
105	518
105	694
105	806
105	842
105	961
106	134
106	146
106	202
106	251
106	340
106	350
106	351
106	432
106	517
106	577
106	628
106	683
106	768
106	897
106	920
107	284
107	519
107	537
107	550
107	708
107	753
107	871
108	239
108	535
108	727
108	859
108	890
108	908
108	916
108	980
108	987
108	998
109	205
109	304
109	481
109	534
109	553
109	630
109	683
109	710
109	938
109	970
110	179
110	273
110	456
110	459
110	489
110	607
110	888
110	947
110	970
111	120
111	170
111	171
111	180
111	217
111	273
111	328
111	616
111	733
111	847
111	882
111	907
112	174
112	332
112	657
112	671
112	674
112	808
113	219
113	241
113	478
113	676
113	751
113	895
113	982
114	150
114	197
114	255
114	256
114	317
114	594
114	656
114	666
114	751
114	845
114	910
114	939
114	952
114	1040
115	242
115	447
115	636
115	681
115	753
115	830
116	322
116	332
116	390
116	422
116	487
116	610
116	835
116	994
117	119
117	185
117	203
117	276
117	483
117	728
117	761
117	786
117	803
117	903
117	972
118	216
118	309
118	395
118	486
118	515
118	546
118	579
118	591
119	143
119	400
119	535
119	570
119	571
119	617
119	618
119	643
119	706
119	813
119	851
119	879
119	881
120	131
120	156
120	179
120	355
120	382
120	407
120	466
120	603
120	639
120	857
121	128
121	181
121	209
121	210
121	432
121	445
121	719
121	855
121	881
121	950
122	322
122	569
122	644
122	731
122	923
123	512
123	514
123	519
123	961
123	1836
124	130
124	142
124	827
125	225
125	255
125	423
125	529
125	844
125	964
125	991
126	247
126	285
126	413
126	480
126	542
126	672
126	737
126	804
126	815
126	819
126	934
126	954
127	169
127	263
127	286
127	299
127	598
127	741
127	814
127	907
128	296
128	324
128	566
128	580
128	673
129	152
129	324
129	328
129	406
129	433
129	546
129	606
129	860
129	906
130	227
130	465
130	490
130	613
130	641
130	652
130	761
130	831
130	981
131	222
131	379
131	528
131	540
131	561
131	576
131	634
131	841
132	229
132	395
132	573
132	601
132	634
132	636
132	695
133	178
133	309
133	404
133	606
133	616
133	643
133	674
133	809
133	841
133	846
133	877
133	917
133	924
133	957
134	162
134	280
134	400
134	602
134	629
134	675
134	680
134	706
134	726
134	939
135	170
135	199
135	263
135	397
135	456
135	474
135	502
135	680
135	721
135	889
136	239
136	532
136	875
136	915
136	1382
137	288
137	600
137	763
137	798
137	812
137	934
137	968
138	164
138	252
138	284
138	287
138	357
138	417
138	489
138	782
138	792
138	918
139	166
139	255
139	352
139	542
139	695
139	711
139	965
140	271
140	382
140	412
140	547
140	561
140	629
140	632
140	645
140	689
140	714
140	758
141	249
141	262
141	290
141	355
141	687
141	690
141	805
141	809
141	964
142	331
142	469
142	511
142	702
142	792
142	796
142	953
143	233
143	833
143	841
143	847
143	934
143	951
144	350
144	405
144	428
144	605
144	665
144	718
144	854
144	985
145	160
145	216
145	217
145	224
145	263
145	433
145	486
145	637
145	725
145	745
145	788
145	803
145	827
145	991
146	428
146	512
146	531
146	550
146	765
146	784
146	850
146	948
147	149
147	324
147	546
147	696
147	965
148	193
148	529
148	661
148	666
148	988
149	300
149	326
149	359
149	441
149	581
149	654
149	655
149	795
149	850
150	152
150	211
150	273
150	533
150	535
150	755
150	825
150	853
150	897
151	268
151	320
151	551
151	570
151	636
151	713
151	911
151	994
152	164
152	176
152	435
152	556
152	614
152	743
152	819
153	160
153	539
153	972
154	366
154	492
154	563
154	593
154	670
154	719
154	895
155	424
155	629
155	636
155	692
155	742
155	925
155	983
156	252
156	294
156	449
156	695
156	715
156	911
157	237
157	385
157	404
157	444
157	661
157	896
158	509
158	559
158	834
158	906
158	923
159	338
159	746
159	980
159	1576
160	197
160	233
160	296
160	302
160	427
160	490
160	546
160	554
160	596
160	737
160	870
160	902
161	331
161	340
161	736
161	828
161	835
162	246
162	544
162	597
162	736
162	788
162	841
162	911
162	920
162	947
163	291
163	339
163	541
163	656
163	800
163	830
163	875
163	985
164	203
164	243
164	290
164	371
164	604
164	675
164	976
165	236
165	245
165	320
165	364
165	418
165	465
165	469
165	506
165	634
165	674
165	833
166	318
166	463
166	631
166	783
167	322
167	375
167	380
167	409
167	433
167	539
167	624
167	916
167	963
167	972
168	254
168	624
168	705
168	743
168	821
169	364
169	441
169	579
169	658
169	740
169	771
169	829
170	309
170	381
170	514
170	643
170	930
170	1113
171	243
171	252
171	336
171	396
171	547
171	619
171	632
171	704
171	984
171	1268
172	189
172	261
172	422
172	451
172	477
172	507
172	518
172	631
172	696
172	818
172	969
173	211
173	274
173	542
173	579
173	604
173	625
173	664
173	818
173	920
174	215
174	243
174	377
174	678
174	694
174	871
174	879
174	916
174	918
174	927
174	1519
175	196
175	575
175	624
175	699
175	780
175	909
175	957
176	187
176	404
176	503
177	480
177	488
177	934
177	981
177	1361
178	246
178	300
178	358
178	373
178	391
178	641
178	653
178	685
178	705
178	712
178	810
178	949
178	954
178	982
179	370
179	441
179	617
179	797
179	863
180	268
180	327
180	386
180	529
180	550
180	758
180	765
180	986
181	380
181	398
181	566
181	709
181	792
181	843
181	856
182	186
182	239
182	240
182	332
182	604
182	615
182	655
183	260
183	274
183	366
183	558
183	678
183	901
184	314
184	346
184	374
184	516
184	785
184	929
185	255
185	493
185	950
186	250
186	385
186	623
186	708
186	831
186	836
186	838
186	880
186	927
186	1891
187	217
187	382
187	558
187	615
187	856
187	898
188	198
188	226
188	252
188	736
189	217
189	284
189	288
189	322
189	448
189	661
189	716
189	905
189	951
190	199
190	222
190	325
190	458
190	515
190	526
190	676
190	771
191	354
191	393
191	453
191	487
191	497
191	522
191	634
191	643
191	811
192	414
192	449
192	509
192	642
192	653
192	712
192	718
192	746
192	991
193	359
193	820
193	897
194	195
194	532
194	571
194	710
194	826
194	987
195	356
195	518
195	579
195	739
195	853
195	858
195	908
195	928
195	990
196	476
196	477
196	558
196	581
196	617
196	634
196	879
197	218
197	234
197	318
197	401
197	446
197	466
197	474
197	485
197	498
197	684
197	901
197	905
198	452
198	878
199	279
199	367
199	498
199	608
199	667
199	809
199	872
199	951
200	305
200	560
200	597
200	697
200	707
200	756
200	871
201	229
201	336
201	342
201	428
201	704
201	898
201	928
202	413
202	653
202	714
202	820
203	302
203	517
203	737
203	758
203	800
203	890
203	911
203	946
203	978
204	321
204	375
204	410
204	606
204	637
204	745
204	853
204	978
205	321
205	367
205	369
205	388
205	627
205	641
205	729
205	749
205	762
205	782
206	251
206	334
206	380
206	479
206	585
206	838
206	872
206	993
207	416
207	563
207	624
207	836
207	924
208	398
208	469
208	537
208	624
208	935
208	962
209	226
209	231
209	255
209	284
209	324
209	347
209	358
209	377
209	382
209	418
209	569
209	739
209	747
209	993
210	316
210	418
210	592
210	629
210	812
210	860
210	866
211	519
211	572
211	630
211	680
211	903
211	933
211	998
212	471
212	513
212	732
212	766
213	215
213	227
213	266
213	315
213	418
213	484
213	578
213	584
213	747
213	876
213	889
213	931
214	222
214	295
214	445
214	542
214	598
214	665
214	682
214	763
214	868
215	349
215	535
215	546
215	575
215	717
215	846
215	955
215	979
216	354
216	390
216	551
216	563
216	659
216	814
217	328
217	419
217	480
217	552
217	556
217	573
217	858
217	913
217	989
217	1684
218	722
218	724
218	726
218	790
218	824
218	926
218	933
219	505
219	546
219	606
219	899
219	951
219	953
220	315
220	361
220	427
220	578
220	699
220	862
221	536
221	632
221	695
221	753
221	779
221	885
221	963
222	275
222	276
222	293
222	362
222	435
222	535
222	570
222	620
222	634
222	662
222	669
222	707
222	778
222	927
222	981
223	246
223	291
223	326
223	352
223	660
223	731
223	838
224	239
224	398
224	449
224	482
224	515
224	601
224	629
224	953
225	351
225	646
225	648
225	659
225	831
226	347
226	556
226	581
226	600
226	812
226	855
227	270
227	274
227	332
227	378
227	447
227	575
227	615
227	741
227	826
228	269
228	313
228	467
228	583
228	610
228	658
228	679
228	697
228	717
229	367
229	392
229	635
229	752
229	773
229	1116
229	1804
230	232
230	356
230	368
230	472
230	646
230	909
230	1266
231	239
231	320
231	334
231	417
231	485
231	506
231	708
231	855
231	954
231	1904
232	240
232	274
232	277
232	342
232	416
232	563
232	874
232	967
233	337
233	476
233	532
233	723
233	814
233	954
234	538
234	559
234	572
234	738
234	892
234	994
234	1885
235	523
235	609
235	623
235	651
235	791
235	802
235	847
235	956
235	995
236	742
237	320
237	447
237	524
237	530
237	915
237	947
237	1374
238	315
238	591
238	615
239	305
239	357
239	398
239	448
239	595
239	607
240	417
240	462
240	507
240	534
240	586
240	703
240	718
240	803
240	815
241	267
241	269
241	318
241	332
241	479
241	508
241	608
241	664
241	755
241	778
241	871
242	264
242	317
242	335
242	400
242	458
242	770
242	812
242	838
243	332
243	353
243	516
243	751
243	907
243	922
243	944
244	286
244	392
244	398
244	433
244	435
244	545
244	938
244	1189
245	261
245	271
245	362
245	396
245	417
245	447
245	528
245	565
245	603
245	629
245	643
245	843
245	921
245	923
246	317
246	364
246	395
246	448
246	569
246	647
246	683
246	710
247	303
247	310
247	355
247	357
247	396
247	436
247	512
247	660
247	703
247	704
247	787
247	803
247	916
248	321
248	425
248	503
248	555
248	661
248	667
248	751
248	783
248	792
248	897
248	936
248	977
248	992
248	994
248	999
249	282
249	293
249	503
249	670
249	703
249	738
249	810
249	860
249	966
250	409
250	410
250	428
250	469
250	508
250	592
250	834
250	875
251	270
251	327
251	342
251	534
251	607
251	651
251	683
251	741
251	840
251	845
251	965
251	979
251	987
252	316
252	442
252	667
252	746
252	781
252	799
252	965
253	457
253	519
253	522
253	555
253	567
253	826
253	889
253	982
254	304
254	620
254	706
254	726
254	907
254	1334
255	493
255	521
255	541
255	698
255	737
255	855
255	939
256	410
256	494
256	651
256	736
256	890
256	946
256	950
256	976
256	992
257	305
257	322
257	419
257	522
257	649
258	426
258	494
258	528
258	676
258	874
258	928
258	938
259	357
259	358
259	385
259	432
259	448
259	498
259	621
259	690
259	723
260	418
260	739
260	757
260	879
260	980
260	987
261	269
261	421
261	540
261	563
261	786
262	284
262	308
262	332
262	468
262	476
262	529
262	663
262	670
262	775
262	955
263	377
263	703
264	311
264	325
264	370
264	424
264	452
264	457
264	724
264	741
264	832
264	879
264	889
264	899
265	295
265	668
265	840
265	866
265	962
266	661
266	676
266	677
266	843
266	895
267	793
268	286
268	460
268	471
268	524
268	782
268	875
268	917
269	299
269	369
269	430
269	453
269	524
269	742
269	966
269	1715
270	273
270	524
270	570
270	650
270	683
270	766
270	773
270	969
271	300
271	315
271	354
271	401
271	458
271	519
271	586
271	587
271	634
271	636
271	751
271	879
271	961
271	975
271	1553
272	344
272	414
272	539
272	743
272	772
273	348
273	425
273	498
273	553
273	575
273	635
273	645
273	791
273	1727
274	284
274	300
274	349
274	401
274	797
275	417
275	452
275	492
275	683
275	965
276	304
276	549
276	647
277	342
277	503
277	673
277	779
277	826
278	461
278	684
278	726
278	785
278	838
278	928
278	948
279	288
279	352
279	355
279	392
279	395
279	422
279	521
279	607
279	705
279	955
280	300
280	443
280	449
280	855
281	342
281	381
281	407
281	776
281	815
282	739
282	793
282	901
282	981
283	290
283	358
283	456
283	483
283	660
283	921
283	938
283	981
284	329
284	428
284	476
284	518
284	567
284	582
284	610
284	631
284	717
284	751
285	793
285	815
285	853
285	958
285	1446
286	324
286	345
286	504
286	534
286	537
286	541
286	636
286	701
286	727
286	759
286	767
286	864
286	905
287	321
287	359
287	521
287	563
287	601
287	621
287	705
287	827
287	849
287	855
287	881
287	882
288	336
288	481
288	501
288	543
288	567
288	594
288	604
288	771
289	347
289	378
289	400
289	460
289	686
289	789
289	906
289	923
289	929
289	951
289	1966
290	346
290	353
290	392
290	578
290	588
290	640
290	666
290	726
290	855
290	872
290	975
291	340
291	366
291	537
291	553
291	561
291	600
291	742
291	825
291	861
291	908
292	302
292	377
292	395
292	410
292	419
292	449
292	466
292	470
292	471
292	502
292	517
292	906
292	922
292	962
293	351
293	399
293	516
293	541
294	459
294	543
294	563
294	755
294	927
294	958
295	335
295	519
295	775
296	377
296	706
296	724
296	735
296	766
296	786
296	787
296	919
297	320
297	353
297	460
297	488
297	710
297	724
297	780
297	854
297	1913
298	387
298	459
298	577
298	721
298	820
298	857
299	419
299	438
299	582
299	721
299	850
299	872
299	952
300	369
300	446
300	452
300	453
300	731
300	811
300	858
300	947
301	327
301	362
301	415
301	747
301	835
301	855
301	873
301	914
301	929
302	442
302	653
302	655
302	665
302	750
302	862
302	942
302	972
303	411
303	480
303	494
303	537
303	639
303	682
303	718
303	757
303	980
304	514
304	596
304	704
304	708
304	772
304	827
304	948
304	989
305	321
305	335
305	342
305	378
305	499
306	342
306	583
306	606
306	747
306	955
307	319
307	338
307	460
307	600
307	934
307	971
308	443
308	484
308	512
308	728
308	857
309	347
309	416
309	536
309	623
309	808
309	835
309	891
309	922
309	929
309	950
309	955
310	586
310	675
310	726
310	802
310	892
310	943
311	447
311	485
311	492
311	526
311	848
311	939
312	326
312	370
312	459
312	493
312	502
312	658
312	780
312	813
313	349
313	499
313	628
313	652
313	754
313	885
313	934
314	669
314	685
314	784
315	387
315	492
315	580
315	926
315	968
316	337
316	338
316	365
316	399
316	436
316	474
316	559
316	595
316	731
316	863
316	962
316	966
316	967
317	372
317	386
317	394
317	584
317	634
317	730
317	769
317	783
317	789
318	448
318	536
318	985
318	989
319	326
319	569
319	638
319	675
319	718
319	719
319	750
319	777
319	783
319	851
319	963
320	338
320	450
320	536
320	579
320	596
320	645
320	717
320	957
321	431
321	444
321	494
321	592
321	593
321	697
321	728
321	729
321	779
321	799
321	883
321	939
321	949
322	337
322	344
322	470
322	471
322	535
322	585
322	650
322	759
323	370
323	387
323	463
323	472
323	486
323	505
323	521
323	585
323	644
323	694
323	768
323	802
323	960
324	453
324	480
324	587
324	718
324	737
324	871
324	894
324	930
324	949
324	969
325	623
325	678
325	746
325	806
325	922
325	992
326	438
326	488
327	666
327	838
327	898
328	533
328	648
328	675
328	859
328	861
328	933
329	383
329	484
329	543
329	633
329	701
329	769
329	802
329	846
329	979
330	346
330	533
330	678
330	697
330	787
330	817
331	449
331	503
331	508
331	551
331	628
331	642
331	910
332	376
332	419
332	526
332	615
332	840
332	895
332	926
332	940
332	977
332	980
333	384
333	834
333	943
334	380
334	489
334	709
334	898
334	904
334	952
334	965
335	477
335	527
335	759
335	984
336	372
336	389
336	556
336	939
336	977
337	557
337	563
337	679
338	401
338	505
338	530
338	541
338	940
339	357
339	946
339	970
340	401
340	564
340	679
340	721
340	754
340	802
340	822
340	920
340	973
341	392
341	465
341	516
341	638
341	809
342	382
342	636
342	650
342	739
343	378
343	542
343	851
344	460
344	464
344	573
344	883
344	933
344	953
344	996
345	412
345	512
345	579
345	630
345	691
345	742
345	782
345	783
345	939
345	947
346	550
346	565
346	680
346	894
346	980
347	350
347	351
347	466
347	676
348	668
348	851
348	940
349	384
349	578
349	821
349	886
349	922
349	925
349	941
349	968
350	381
350	515
350	673
350	687
350	775
350	834
350	845
351	596
351	878
352	450
352	473
352	510
352	526
352	557
352	585
352	676
352	685
352	798
352	878
353	429
353	477
353	513
353	554
353	624
353	670
353	675
353	736
353	796
353	884
353	937
354	457
354	787
354	893
354	970
355	447
355	495
355	662
355	707
355	787
355	875
355	922
356	452
356	495
356	559
356	587
356	633
356	706
356	710
356	935
356	959
356	989
356	1249
357	369
357	481
357	660
357	824
357	878
357	914
357	994
357	1970
358	457
358	502
358	812
358	833
358	864
358	948
359	450
359	599
359	616
359	683
359	825
359	830
359	941
359	983
360	362
360	455
360	642
360	668
360	946
361	389
361	531
361	540
361	561
361	617
361	622
361	682
361	700
361	713
361	884
361	975
362	405
362	583
362	862
362	869
362	932
363	563
363	585
363	722
363	750
363	904
364	490
364	612
364	852
365	376
365	646
365	713
365	745
365	768
365	935
366	427
366	793
366	855
366	933
366	936
367	455
367	528
367	554
367	645
367	970
367	1747
368	457
368	461
368	575
368	768
369	687
369	833
369	847
369	929
370	562
370	666
370	781
370	892
370	897
371	416
371	505
371	509
371	512
371	729
371	859
372	398
372	476
372	836
372	869
372	901
372	977
373	476
373	506
373	552
373	671
373	849
373	884
373	920
374	397
374	462
374	511
374	825
374	851
374	947
374	978
375	427
375	666
375	668
375	779
375	784
375	818
376	530
376	531
376	565
376	587
376	659
376	700
376	704
376	765
376	832
376	898
377	427
377	561
377	619
377	625
377	758
378	534
378	556
378	678
378	942
379	570
379	693
379	734
379	742
379	775
379	801
379	851
379	928
379	942
380	811
380	948
381	440
381	731
381	765
381	830
381	894
381	948
382	424
382	501
382	517
382	752
382	771
382	833
382	853
382	865
382	945
383	612
383	662
383	755
383	781
383	871
383	1786
384	465
384	564
384	691
384	741
384	760
384	939
384	949
384	953
385	514
385	611
385	689
385	815
385	861
385	873
385	1859
386	619
386	646
386	694
386	877
386	878
386	901
386	953
386	1075
387	428
387	473
387	478
387	513
387	757
387	983
388	550
388	644
388	716
388	770
388	800
388	842
389	439
389	480
389	545
389	553
389	595
389	686
389	774
389	783
389	867
389	960
390	401
390	420
390	460
390	518
390	576
390	799
390	802
390	879
391	420
391	426
391	562
391	955
392	476
392	667
392	677
392	740
392	788
392	876
392	884
392	924
393	548
393	557
393	600
393	655
393	724
393	768
393	974
394	404
394	609
394	681
394	710
394	736
394	885
395	408
395	446
395	476
395	505
395	544
395	611
395	742
395	784
395	826
395	876
395	909
395	934
395	950
396	494
396	551
396	732
396	745
396	761
397	437
397	467
397	524
397	778
397	854
397	941
398	423
398	448
398	499
398	744
398	761
398	849
398	884
399	617
399	791
399	914
399	938
400	422
400	517
400	716
400	768
400	777
401	573
401	576
401	666
401	723
402	552
402	612
402	800
402	903
402	981
403	496
403	545
403	557
403	595
403	600
403	762
403	893
403	1929
404	508
404	515
404	621
405	636
405	913
405	945
405	982
406	433
406	562
406	934
407	453
407	625
407	733
408	421
408	521
408	662
408	703
408	772
408	850
408	886
408	1711
409	748
409	802
409	845
409	866
409	885
409	996
410	434
410	539
410	546
410	669
410	768
410	1208
410	1642
411	422
411	578
411	615
411	821
411	858
411	862
411	885
411	888
411	924
411	958
411	994
411	996
412	476
412	576
412	723
412	759
412	796
412	802
412	811
412	859
412	932
412	939
412	977
413	590
413	592
413	633
413	667
413	818
413	820
413	825
413	844
413	915
413	976
414	497
414	536
414	557
414	591
414	657
414	1375
415	514
415	582
415	691
415	973
415	990
416	551
416	582
416	625
416	924
417	448
417	478
417	542
417	657
417	658
417	777
417	918
417	1393
417	1452
418	466
418	612
418	713
418	729
418	876
418	994
419	498
419	599
419	641
419	855
419	884
419	958
419	961
420	423
420	476
420	767
420	811
420	822
420	854
420	857
420	946
420	992
421	477
421	756
421	766
421	901
421	982
422	554
422	673
422	751
423	773
423	924
423	954
424	656
424	658
424	695
424	919
425	438
425	778
425	781
425	784
425	822
425	887
425	942
426	515
426	644
426	801
426	870
426	927
427	493
427	522
427	616
427	863
427	962
427	965
428	690
428	729
428	742
428	940
429	499
429	524
429	663
429	727
429	816
429	820
430	478
430	489
430	647
430	672
430	789
430	884
430	904
431	454
431	488
431	697
431	705
431	819
431	844
431	880
432	563
432	572
432	611
432	685
432	727
432	815
432	829
432	959
433	575
433	649
433	656
433	680
433	763
434	479
434	592
434	597
434	848
434	862
434	993
435	520
436	493
436	527
436	540
436	668
436	778
436	798
437	481
437	488
437	533
437	741
437	759
437	761
437	827
438	443
438	468
438	477
438	496
438	824
438	843
438	860
438	922
438	974
439	608
439	688
439	699
439	941
439	977
439	994
440	571
440	632
440	881
441	494
441	565
441	598
441	664
441	813
441	940
442	447
442	454
442	664
442	690
442	769
442	805
443	456
443	476
443	547
443	551
443	690
443	724
443	881
444	508
444	509
444	539
444	730
444	752
444	909
444	935
444	999
445	452
445	512
445	542
445	632
445	930
446	606
446	608
446	727
446	738
446	967
446	992
447	539
447	545
447	611
447	784
447	903
448	528
448	534
448	616
448	803
448	858
448	899
448	973
449	487
449	509
449	586
449	820
449	896
449	908
449	974
449	1299
450	477
450	507
450	621
450	705
450	832
450	918
450	959
450	968
451	542
451	562
451	726
451	821
451	831
451	869
451	970
451	992
452	495
452	628
452	776
452	846
453	917
454	469
454	494
454	569
454	910
454	980
454	997
455	563
456	763
456	778
456	967
457	584
457	684
457	719
458	524
458	546
458	682
458	720
458	823
458	909
458	931
459	632
459	715
459	997
460	705
460	719
460	781
460	812
460	867
460	889
460	997
461	465
461	498
461	661
461	859
461	985
461	990
462	567
462	569
462	622
462	636
462	736
462	861
463	807
464	488
464	569
464	619
464	684
464	815
464	829
464	928
464	940
464	961
465	837
465	857
465	900
465	904
465	961
465	975
465	985
466	761
466	813
466	874
466	962
466	970
467	751
467	802
468	495
468	572
468	764
468	923
468	938
468	968
468	982
469	683
470	477
470	595
470	622
470	633
470	644
470	695
470	719
470	747
470	774
470	934
470	994
471	557
471	774
471	832
472	496
472	503
472	539
472	657
472	729
472	748
472	818
472	834
472	993
473	794
473	1910
474	639
474	647
474	765
474	876
475	520
475	551
475	613
475	629
475	703
475	721
475	736
475	849
475	943
475	949
475	972
475	991
476	884
476	924
476	994
477	631
477	743
477	832
478	493
478	576
479	509
479	527
479	690
479	756
479	854
479	892
479	967
480	528
480	613
480	640
480	757
480	850
480	940
481	486
481	687
481	759
481	937
482	485
482	525
482	640
482	884
482	917
482	957
482	970
483	557
483	686
483	776
483	878
483	911
483	995
484	486
484	636
484	815
484	965
484	989
485	493
485	544
485	568
485	790
485	990
486	708
486	713
486	818
486	840
486	882
486	916
486	1716
486	1853
487	492
487	512
487	581
487	689
487	703
487	759
487	794
487	821
487	836
487	998
488	503
488	516
488	524
488	525
489	497
489	649
489	669
489	723
489	960
490	558
490	598
490	677
490	760
490	929
490	966
490	968
491	719
491	911
491	984
492	541
492	682
492	694
492	732
492	960
492	972
493	606
493	640
493	711
493	866
494	565
494	812
494	937
494	1246
495	756
495	844
496	633
496	687
496	774
496	808
496	850
497	522
497	626
497	636
497	679
497	877
498	562
498	568
498	575
498	580
498	600
498	601
498	659
498	695
498	811
498	924
498	939
498	962
498	995
499	541
499	709
499	811
500	547
500	689
501	515
501	572
501	628
501	757
502	583
502	635
503	790
503	882
503	911
504	537
504	637
504	778
504	839
504	861
504	934
504	947
505	569
505	577
505	592
505	660
505	663
505	693
505	715
505	864
505	963
506	574
506	648
506	660
506	668
506	790
506	893
507	524
507	563
507	579
507	590
507	824
508	546
508	723
508	728
508	921
508	928
509	769
509	794
510	598
510	680
510	738
510	744
510	791
510	893
510	940
510	981
511	570
511	586
511	645
511	667
511	759
511	803
511	983
512	594
512	743
512	757
512	877
512	923
512	979
513	536
513	559
513	586
513	632
513	725
513	877
513	878
513	975
514	531
514	673
514	696
514	742
514	962
515	530
515	823
515	841
515	869
516	517
516	554
516	983
517	626
517	742
517	845
517	849
517	946
517	983
518	526
518	535
518	606
518	771
518	777
518	969
519	639
519	803
519	881
519	984
520	629
520	630
520	790
520	802
520	851
520	866
520	877
521	553
521	728
521	741
521	817
521	954
521	1184
522	611
522	725
522	774
522	831
522	923
523	566
523	649
523	835
523	847
523	863
524	534
524	739
524	766
524	811
524	905
524	914
524	1414
525	650
525	808
525	993
527	673
527	772
527	834
527	906
527	922
528	555
528	648
528	697
528	725
528	753
528	800
528	819
528	891
529	552
529	774
529	965
529	999
530	668
530	732
530	921
531	718
531	844
531	1023
532	554
532	656
532	775
532	827
532	846
532	870
532	944
532	957
533	581
533	804
534	666
534	699
534	746
534	850
534	867
534	966
535	575
535	596
535	738
535	775
535	799
536	733
536	808
536	886
536	976
537	848
537	901
538	724
539	564
539	774
539	889
540	553
540	757
541	592
541	635
541	642
541	735
541	828
541	901
541	925
541	975
542	591
542	611
542	704
542	791
542	840
543	687
543	711
543	887
543	899
543	984
544	609
544	674
544	702
544	716
544	877
544	893
544	990
545	557
545	570
545	579
545	635
545	889
545	946
545	1856
546	664
546	817
546	842
546	863
546	897
547	587
547	814
547	852
547	996
548	601
548	615
548	626
548	928
548	988
549	668
549	725
549	805
549	862
550	800
550	862
550	1640
551	578
551	625
551	653
551	657
551	690
551	783
551	819
551	868
551	874
551	894
551	972
552	553
552	633
552	719
552	740
552	862
552	886
552	1718
553	570
553	705
553	796
553	892
553	921
554	566
554	709
554	804
554	877
555	683
555	797
555	885
555	928
555	933
556	581
556	720
557	631
557	710
557	824
557	853
558	880
558	934
558	944
559	701
559	840
560	574
560	591
560	622
560	716
560	779
560	837
560	896
560	934
560	961
561	593
561	812
561	890
561	968
561	981
561	1144
562	739
563	784
564	598
564	889
565	760
565	821
565	836
565	876
566	627
566	636
566	709
566	725
567	588
567	658
567	674
567	726
567	933
568	656
569	639
569	780
570	582
570	590
570	659
570	681
570	793
570	802
570	851
570	894
570	936
570	945
570	976
571	587
571	615
571	1393
572	609
572	752
572	867
572	920
573	655
573	672
573	731
573	809
573	876
574	595
574	683
574	714
574	718
574	929
575	581
575	960
575	977
576	860
576	992
577	672
577	820
577	827
577	923
578	622
578	624
578	718
578	939
579	585
579	783
579	787
579	929
581	821
581	854
581	942
581	997
582	639
582	650
582	688
582	706
582	814
582	827
582	829
582	875
582	968
582	982
583	630
583	784
584	614
584	647
584	687
584	953
585	630
585	791
585	992
585	997
586	758
586	836
586	965
586	980
587	948
588	609
588	635
588	755
588	774
588	849
588	979
589	598
589	628
589	746
589	766
589	811
589	894
589	915
590	609
590	851
590	929
591	603
591	715
591	820
591	996
592	614
592	712
592	744
592	790
592	805
592	820
592	869
593	662
593	706
593	734
593	789
593	880
594	837
594	962
595	909
595	926
595	949
595	979
596	605
596	857
596	887
596	925
596	928
596	974
597	600
597	730
597	740
597	745
597	992
598	1565
599	628
599	687
599	802
599	980
600	646
600	709
600	735
600	860
600	861
600	906
601	722
601	988
602	669
602	699
602	773
602	788
603	635
603	637
603	727
603	750
603	848
603	973
604	731
604	771
604	956
604	1932
605	615
605	692
605	837
605	840
606	814
606	832
606	845
606	938
607	761
607	817
608	755
608	862
609	772
609	828
609	896
609	926
609	1054
610	731
610	735
610	778
610	827
610	932
610	970
610	975
610	981
611	662
611	683
611	936
611	949
611	981
612	736
612	863
613	899
614	652
614	699
614	773
614	890
614	977
615	761
615	830
615	837
615	864
615	991
616	640
616	753
616	757
616	805
616	989
617	822
617	874
617	901
618	651
618	712
618	872
618	896
618	990
619	643
619	767
619	860
619	870
620	750
620	754
620	881
620	912
620	971
621	644
621	657
621	817
621	981
621	991
621	1725
622	649
622	769
622	804
622	898
622	914
622	942
623	633
623	668
623	713
623	754
623	960
624	687
624	724
624	806
624	873
624	996
625	742
625	782
625	936
626	974
627	670
627	861
627	877
627	891
627	902
627	985
627	996
627	1457
628	683
628	703
628	801
629	714
629	752
629	809
629	828
629	851
629	861
629	953
630	631
630	985
630	1291
631	692
631	698
631	829
631	890
631	994
631	998
632	663
632	723
632	754
632	764
632	853
633	672
633	722
633	909
634	732
634	755
634	759
634	791
634	808
634	852
634	857
635	784
635	908
635	1255
636	993
636	1991
637	645
637	681
637	694
637	952
638	713
638	735
638	740
638	828
638	840
638	861
638	953
638	1191
639	726
639	831
639	835
639	937
639	957
639	992
640	646
640	726
640	859
641	677
641	749
641	780
641	884
641	962
641	971
642	773
642	806
642	817
642	842
642	879
642	923
642	1890
643	659
643	711
643	732
643	848
643	871
643	882
643	946
643	1817
644	712
645	730
646	654
646	705
646	857
646	948
647	930
648	692
648	751
649	686
649	747
649	813
649	841
650	783
650	910
650	946
650	982
651	780
651	787
651	845
651	880
652	679
652	695
652	770
652	831
652	911
652	986
653	724
653	748
653	933
653	936
653	947
653	949
653	969
653	988
654	803
654	830
654	988
655	748
655	850
655	886
655	892
655	982
656	844
656	894
656	941
657	710
657	730
657	738
657	760
657	824
658	725
658	734
658	742
658	849
659	797
660	889
661	827
661	828
661	886
662	775
662	825
663	746
663	901
663	954
664	697
664	875
664	903
664	981
665	684
665	897
665	946
666	690
666	723
666	892
666	935
666	953
667	734
667	870
667	984
667	990
667	995
669	731
669	747
669	802
669	803
669	828
670	811
670	870
670	936
671	733
671	773
672	758
672	805
673	685
673	755
673	860
673	872
673	903
673	923
673	926
673	963
674	820
674	857
675	692
675	813
675	923
676	868
677	804
677	831
677	863
677	972
677	1039
678	823
678	923
678	964
679	702
679	709
679	985
680	681
680	780
680	853
681	754
681	765
681	772
681	899
681	961
682	733
682	894
682	994
682	1443
683	729
683	845
683	862
683	879
684	853
684	885
684	898
684	933
684	976
686	839
686	897
686	983
687	699
687	783
687	797
687	882
688	721
688	741
688	754
688	905
689	859
691	739
691	854
691	915
691	991
692	771
692	844
692	965
692	1058
693	815
693	932
693	979
694	699
694	711
694	776
694	783
694	795
694	948
695	751
696	758
696	770
696	835
696	974
696	978
696	1103
698	769
698	776
698	809
698	884
698	901
698	919
698	993
699	958
700	793
700	839
701	767
701	809
701	913
701	976
701	985
701	988
702	721
702	881
703	723
703	757
703	866
703	947
703	985
704	731
704	973
704	985
706	855
707	708
707	745
707	919
707	933
707	936
707	939
708	709
708	804
708	810
708	1915
709	814
709	815
709	867
709	891
710	759
710	763
710	871
710	897
711	883
711	930
712	729
712	975
712	992
712	997
713	764
713	964
714	892
715	729
715	738
715	930
716	902
716	978
717	856
717	936
718	746
718	818
718	854
718	892
718	968
718	971
720	779
720	804
720	833
720	873
721	867
722	833
722	998
723	730
724	766
724	820
724	843
725	830
725	999
726	748
726	832
727	764
727	810
728	790
728	844
728	858
728	867
728	954
729	792
730	796
730	814
730	937
730	958
732	826
732	997
733	791
733	826
733	873
734	790
734	871
734	1844
735	861
736	792
736	837
736	999
737	762
737	815
737	845
738	853
738	868
738	993
739	760
739	823
742	894
743	798
743	913
743	924
743	933
744	792
744	838
745	786
745	860
745	921
745	976
746	802
746	834
746	897
746	958
746	993
747	833
747	890
747	967
748	971
748	974
749	756
749	837
749	878
749	941
749	974
750	964
751	804
751	923
751	931
751	951
751	1620
752	893
752	975
753	761
753	827
753	871
753	1932
756	828
756	917
756	949
756	999
757	768
757	862
758	776
758	833
758	987
758	1954
759	762
759	801
759	901
760	799
761	805
761	821
761	929
762	787
762	801
762	803
762	851
762	965
763	797
763	881
763	961
764	822
764	869
764	896
764	957
765	825
766	779
766	819
766	870
767	780
767	927
768	875
768	889
768	919
768	936
769	770
769	776
769	854
769	998
770	803
770	832
771	927
771	994
773	801
774	908
775	909
775	920
776	897
776	985
777	848
778	1852
779	910
780	993
781	837
782	822
782	982
782	1060
783	827
783	856
783	895
783	907
784	929
785	862
785	921
786	1196
787	815
787	879
787	942
787	997
788	962
789	799
789	815
789	860
789	871
790	806
790	873
791	837
792	793
792	860
792	892
792	943
794	932
795	885
795	906
795	921
796	961
796	975
797	967
797	992
798	858
798	861
798	907
798	909
798	987
799	819
799	835
799	845
799	884
799	946
799	968
799	988
799	990
801	850
802	877
802	897
802	923
802	998
803	870
803	904
803	935
805	806
805	885
805	936
805	993
806	870
807	877
808	829
808	854
809	850
809	937
810	909
810	945
811	869
811	989
812	954
812	969
812	991
813	975
816	828
816	851
816	856
816	861
816	876
817	876
818	897
819	935
819	968
820	919
820	925
821	941
822	824
822	845
822	870
822	912
823	944
823	961
824	894
825	884
825	917
825	928
825	1707
826	908
826	961
826	977
826	1689
827	862
827	978
827	991
828	999
829	861
830	841
830	883
830	894
831	861
831	978
831	994
832	969
834	937
834	994
835	850
835	958
835	1882
837	924
838	868
838	879
838	888
838	889
839	937
839	942
839	956
840	925
840	931
840	950
841	853
841	873
841	957
842	985
842	1279
843	846
843	958
843	969
844	881
844	924
845	919
846	848
846	974
847	889
847	936
848	887
848	927
848	945
848	960
849	873
849	903
849	957
850	892
850	932
851	872
855	960
856	929
857	933
858	876
858	899
859	879
860	884
860	977
861	931
862	960
863	882
863	886
863	983
864	907
865	907
865	914
865	972
866	926
867	881
868	965
868	967
869	999
870	904
871	886
871	895
871	923
871	964
872	993
872	1747
873	898
873	924
874	905
874	910
874	931
874	948
875	921
875	947
875	957
875	976
876	937
876	1645
877	937
877	978
877	980
878	972
880	901
883	945
884	948
884	980
885	887
885	988
888	967
891	1791
893	940
895	982
896	996
897	966
899	989
900	986
900	1263
903	933
903	974
903	1838
904	909
904	951
905	927
907	920
908	976
908	999
908	1622
909	993
909	994
910	916
910	970
912	943
912	992
913	931
913	994
914	955
915	1426
917	963
920	979
920	986
922	943
922	968
922	985
923	962
923	965
923	971
924	937
924	965
924	975
926	940
926	970
927	963
927	1613
928	990
929	947
929	981
933	998
936	963
937	957
937	959
943	972
946	989
946	991
948	996
951	962
953	998
954	955
954	976
954	989
954	998
955	975
955	989
957	986
962	980
963	1743
968	1147
970	977
973	1604
974	994
993	1535
994	997
1000	1077
1000	1156
1000	1184
1000	1461
1000	1468
1000	1540
1000	1560
1000	1776
1000	1829
1001	1018
1001	1019
1001	1105
1001	1204
1001	1305
1001	1522
1001	1625
1001	1868
1001	1908
1001	1952
1001	1957
1001	1981
1001	1990
1002	1005
1002	1285
1002	1429
1002	1440
1002	1556
1002	1563
1002	1571
1002	1581
1002	1708
1002	1801
1002	1905
1002	1923
1003	1180
1003	1185
1003	1384
1003	1412
1003	1672
1003	1782
1003	1883
1003	1895
1004	1094
1004	1447
1004	1520
1004	1521
1004	1623
1004	1660
1004	1823
1004	1831
1004	1869
1004	1986
1005	1212
1005	1269
1005	1499
1005	1583
1005	1783
1005	1814
1006	1109
1006	1111
1006	1152
1006	1210
1006	1665
1006	1751
1006	1776
1006	1789
1006	1795
1006	1895
1006	1941
1007	1063
1007	1156
1007	1218
1007	1245
1007	1390
1007	1459
1007	1594
1007	1642
1007	1659
1007	1907
1008	1068
1008	1127
1008	1270
1008	1321
1008	1595
1008	1745
1009	1035
1009	1100
1009	1534
1009	1676
1009	1729
1009	1759
1009	1924
1009	1992
1010	1075
1010	1089
1010	1200
1010	1435
1010	1454
1010	1462
1010	1926
1010	1990
1011	1313
1011	1340
1011	1438
1011	1488
1011	1604
1011	1678
1011	1819
1011	1833
1011	1900
1011	1907
1012	1087
1012	1149
1012	1205
1012	1346
1012	1515
1012	1690
1012	1803
1012	1813
1012	1884
1012	1896
1013	1019
1013	1067
1013	1158
1013	1206
1013	1278
1013	1287
1013	1297
1013	1561
1013	1590
1013	1615
1013	1790
1013	1835
1013	1878
1013	1917
1014	1047
1014	1067
1014	1129
1014	1193
1014	1285
1014	1311
1014	1448
1014	1557
1014	1637
1014	1680
1014	1783
1014	1840
1014	1852
1014	1967
1015	1049
1015	1066
1015	1518
1015	1603
1015	1679
1015	1712
1015	1737
1016	1045
1016	1082
1016	1110
1016	1141
1016	1419
1016	1422
1016	1478
1016	1503
1016	1522
1016	1535
1016	1668
1016	1679
1017	1195
1017	1304
1017	1430
1017	1499
1017	1735
1017	1745
1017	1763
1017	1881
1018	1183
1018	1386
1018	1454
1018	1499
1018	1690
1018	1695
1018	1913
1018	1914
1018	1928
1019	1238
1019	1280
1019	1382
1019	1625
1019	1627
1019	1722
1019	1849
1020	1073
1020	1240
1020	1305
1020	1372
1020	1376
1020	1526
1020	1532
1020	1795
1021	1095
1021	1266
1021	1287
1021	1377
1021	1379
1021	1517
1021	1521
1021	1568
1021	1614
1021	1810
1021	1899
1022	1112
1022	1118
1022	1198
1022	1320
1022	1385
1022	1498
1022	1602
1023	1048
1023	1100
1023	1335
1023	1615
1023	1619
1023	1907
1023	1934
1024	1056
1024	1274
1024	1279
1024	1349
1024	1358
1024	1370
1024	1385
1024	1435
1024	1535
1024	1565
1024	1589
1024	1709
1024	1721
1024	1848
1024	1883
1025	1139
1025	1173
1025	1459
1025	1670
1025	1727
1025	1735
1026	1036
1026	1229
1026	1352
1026	1431
1026	1465
1026	1620
1026	1910
1027	1043
1027	1190
1027	1198
1027	1217
1027	1219
1027	1534
1027	1579
1027	1585
1027	1593
1027	1737
1027	1810
1027	1866
1027	1990
1028	1031
1028	1126
1028	1137
1028	1227
1028	1252
1028	1280
1028	1332
1028	1925
1028	1957
1029	1185
1029	1461
1029	1530
1029	1647
1029	1845
1029	1978
1029	1991
1030	1033
1030	1302
1030	1376
1030	1384
1030	1744
1030	1779
1030	1790
1030	1853
1030	1969
1030	1980
1031	1036
1031	1357
1031	1452
1031	1548
1031	1568
1031	1610
1031	1816
1031	1867
1031	1903
1032	1093
1032	1096
1032	1370
1032	1419
1032	1556
1032	1749
1033	1282
1033	1290
1033	1342
1033	1522
1033	1697
1033	1899
1034	1185
1034	1317
1034	1385
1034	1526
1034	1530
1034	1579
1034	1584
1034	1739
1034	1845
1034	1898
1035	1435
1035	1536
1035	1581
1035	1627
1035	1690
1035	1730
1035	1759
1035	1925
1035	1944
1035	1953
1035	1991
1036	1068
1036	1260
1036	1280
1036	1372
1036	1474
1036	1487
1036	1784
1036	1954
1037	1069
1037	1186
1037	1209
1037	1237
1037	1248
1037	1345
1037	1446
1037	1467
1037	1577
1037	1644
1037	1658
1037	1903
1037	1931
1037	1982
1037	1987
1038	1048
1038	1127
1038	1179
1038	1244
1038	1248
1038	1367
1038	1652
1038	1663
1038	1766
1038	1852
1039	1040
1039	1205
1039	1236
1039	1433
1039	1494
1039	1697
1040	1048
1040	1188
1040	1301
1040	1308
1040	1546
1040	1570
1040	1612
1040	1682
1040	1701
1040	1792
1040	1825
1041	1050
1041	1235
1041	1386
1041	1427
1041	1459
1041	1478
1041	1534
1041	1559
1041	1792
1041	1798
1041	1824
1041	1837
1041	1873
1041	1966
1041	1990
1042	1101
1042	1281
1042	1529
1042	1858
1043	1230
1043	1268
1043	1318
1043	1394
1043	1466
1043	1613
1043	1630
1043	1835
1044	1258
1044	1357
1044	1433
1044	1451
1044	1571
1044	1904
1045	1177
1045	1227
1045	1276
1045	1365
1045	1390
1045	1640
1045	1762
1045	1818
1045	1824
1046	1052
1046	1177
1046	1249
1046	1357
1046	1408
1046	1412
1046	1505
1046	1683
1046	1716
1046	1965
1046	1986
1047	1197
1047	1855
1047	1883
1047	1983
1048	1051
1048	1197
1049	1094
1049	1243
1049	1365
1049	1449
1049	1452
1049	1455
1049	1463
1049	1610
1049	1765
1049	1850
1049	1902
1049	1929
1050	1142
1050	1152
1050	1371
1050	1448
1050	1470
1050	1618
1050	1636
1050	1699
1050	1841
1050	1862
1051	1052
1051	1054
1051	1193
1051	1209
1051	1588
1051	1789
1051	1815
1052	1099
1052	1109
1052	1227
1052	1283
1052	1299
1052	1385
1052	1445
1052	1501
1052	1511
1052	1554
1052	1597
1052	1632
1052	1814
1053	1161
1053	1167
1053	1288
1053	1322
1053	1371
1053	1403
1053	1595
1053	1676
1053	1749
1053	1834
1053	1837
1053	1844
1054	1433
1054	1435
1054	1438
1054	1482
1054	1541
1054	1555
1054	1672
1054	1918
1055	1118
1055	1158
1055	1391
1055	1416
1055	1494
1055	1759
1055	1860
1055	1914
1056	1122
1056	1147
1056	1244
1056	1472
1056	1562
1056	1637
1056	1741
1056	1989
1057	1392
1057	1470
1057	1563
1057	1619
1057	1670
1057	1715
1057	1752
1057	1757
1057	1797
1057	1845
1057	1987
1058	1572
1058	1759
1058	1790
1058	1926
1059	1096
1059	1105
1059	1186
1059	1300
1059	1581
1059	1798
1060	1082
1060	1142
1060	1281
1060	1286
1060	1294
1060	1415
1060	1424
1060	1516
1060	1617
1060	1660
1060	1661
1060	1706
1060	1955
1061	1066
1061	1088
1061	1171
1061	1259
1061	1263
1061	1332
1061	1356
1061	1483
1062	1105
1062	1113
1062	1161
1062	1255
1062	1488
1062	1589
1062	1611
1062	1666
1062	1867
1062	1917
1063	1299
1063	1309
1063	1614
1063	1782
1063	1872
1063	1946
1064	1090
1064	1477
1064	1518
1064	1557
1064	1576
1064	1640
1064	1988
1065	1215
1065	1242
1065	1287
1065	1339
1065	1348
1065	1369
1065	1399
1065	1416
1065	1570
1065	1752
1065	1858
1066	1100
1066	1234
1066	1347
1066	1352
1066	1395
1066	1580
1066	1643
1066	1649
1066	1739
1066	1835
1066	1892
1066	1946
1067	1403
1067	1425
1067	1443
1067	1506
1067	1774
1067	1884
1067	1931
1067	1935
1068	1187
1068	1216
1068	1372
1068	1416
1068	1443
1068	1607
1068	1646
1068	1704
1069	1154
1069	1208
1069	1269
1069	1425
1069	1502
1069	1646
1069	1697
1069	1934
1070	1225
1070	1329
1070	1375
1070	1379
1070	1438
1070	1666
1070	1860
1070	1874
1071	1578
1071	1674
1071	1769
1071	1779
1071	1816
1071	1990
1072	1140
1072	1224
1072	1247
1072	1278
1072	1304
1072	1405
1072	1574
1072	1601
1072	1644
1072	1662
1072	1702
1072	1798
1072	1846
1072	1898
1073	1189
1073	1369
1073	1542
1073	1661
1073	1735
1073	1790
1073	1899
1074	1160
1074	1177
1074	1311
1074	1356
1074	1362
1074	1420
1074	1481
1074	1625
1074	1630
1074	1737
1074	1895
1074	1915
1074	1931
1074	1935
1074	1941
1075	1160
1075	1234
1075	1267
1075	1478
1075	1585
1075	1775
1075	1779
1075	1945
1076	1233
1076	1296
1076	1349
1076	1386
1076	1412
1076	1484
1076	1812
1076	1865
1076	1921
1076	1986
1077	1096
1077	1110
1077	1161
1077	1239
1077	1260
1077	1279
1077	1312
1077	1355
1077	1438
1077	1514
1077	1516
1077	1540
1077	1745
1077	1792
1077	1857
1078	1112
1078	1337
1078	1341
1078	1489
1078	1785
1078	1940
1079	1207
1079	1213
1079	1236
1079	1348
1079	1412
1079	1468
1079	1714
1079	1737
1079	1786
1079	1905
1080	1130
1080	1207
1080	1229
1080	1452
1080	1499
1080	1569
1081	1192
1081	1357
1081	1380
1081	1405
1081	1426
1081	1450
1081	1552
1081	1565
1081	1705
1081	1843
1081	1877
1081	1894
1081	1904
1082	1122
1082	1126
1082	1241
1082	1255
1082	1284
1082	1308
1082	1353
1082	1355
1082	1554
1082	1890
1082	1952
1083	1127
1083	1178
1083	1371
1083	1481
1083	1609
1083	1802
1083	1886
1083	1925
1083	1954
1084	1296
1084	1312
1084	1424
1084	1480
1084	1850
1084	1908
1084	1915
1085	1140
1085	1356
1085	1436
1085	1500
1085	1652
1085	1805
1085	1944
1085	1987
1086	1177
1086	1220
1086	1286
1086	1638
1086	1757
1086	1926
1086	1957
1087	1185
1087	1265
1087	1403
1087	1547
1087	1581
1087	1608
1088	1261
1088	1288
1088	1333
1088	1544
1088	1668
1088	1784
1089	1093
1089	1116
1089	1314
1089	1374
1089	1533
1089	1751
1089	1782
1089	1919
1090	1172
1090	1208
1090	1345
1090	1418
1090	1475
1090	1567
1090	1641
1090	1737
1090	1803
1090	1816
1091	1246
1091	1397
1091	1737
1091	1743
1091	1803
1091	1806
1091	1903
1091	1904
1091	1960
1092	1357
1092	1600
1093	1106
1093	1200
1093	1203
1093	1263
1093	1427
1093	1504
1093	1568
1093	1682
1093	1760
1093	1762
1093	1763
1093	1949
1093	1987
1094	1151
1094	1169
1094	1170
1094	1200
1094	1363
1094	1545
1094	1558
1094	1692
1094	1743
1094	1962
1094	1995
1095	1135
1095	1334
1095	1335
1095	1376
1095	1481
1095	1526
1095	1572
1095	1811
1095	1928
1096	1105
1096	1115
1096	1122
1096	1133
1096	1155
1096	1409
1096	1471
1096	1561
1096	1661
1096	1762
1096	1796
1096	1894
1096	1917
1097	1155
1097	1216
1097	1291
1097	1379
1097	1399
1097	1534
1097	1658
1097	1695
1097	1764
1097	1802
1098	1187
1098	1217
1098	1392
1098	1428
1098	1523
1098	1622
1098	1819
1098	1917
1099	1124
1099	1344
1099	1355
1099	1389
1099	1534
1099	1672
1099	1768
1099	1955
1099	1998
1100	1146
1100	1156
1100	1166
1100	1259
1100	1500
1100	1573
1100	1658
1100	1695
1100	1763
1100	1802
1100	1892
1100	1999
1101	1191
1101	1239
1101	1561
1101	1731
1101	1927
1102	1104
1102	1272
1102	1377
1102	1894
1102	1915
1103	1142
1103	1166
1103	1259
1103	1260
1103	1384
1103	1627
1103	1834
1103	1886
1103	1927
1104	1191
1104	1207
1104	1218
1104	1249
1104	1322
1104	1330
1104	1346
1104	1375
1104	1520
1104	1583
1104	1593
1104	1930
1104	1943
1105	1145
1105	1185
1105	1186
1105	1222
1105	1314
1105	1526
1105	1594
1105	1607
1105	1786
1105	1823
1105	1992
1106	1111
1106	1437
1106	1521
1106	1586
1106	1668
1106	1981
1106	1992
1107	1188
1107	1243
1107	1350
1107	1431
1107	1443
1107	1502
1107	1535
1107	1801
1107	1810
1107	1975
1108	1281
1108	1418
1108	1429
1108	1582
1108	1593
1108	1619
1108	1670
1108	1795
1108	1842
1109	1194
1109	1407
1109	1419
1109	1429
1109	1518
1109	1526
1109	1546
1109	1634
1109	1714
1109	1800
1109	1871
1109	1944
1110	1270
1110	1320
1110	1486
1110	1545
1110	1573
1110	1653
1110	1658
1110	1670
1110	1823
1110	1859
1110	1962
1111	1122
1111	1153
1111	1304
1111	1383
1111	1878
1111	1917
1111	1988
1112	1273
1112	1290
1112	1393
1112	1462
1112	1669
1112	1687
1112	1730
1112	1754
1112	1838
1113	1195
1113	1228
1113	1337
1113	1573
1113	1686
1113	1743
1113	1760
1113	1792
1113	1838
1113	1941
1114	1353
1114	1437
1114	1653
1115	1186
1115	1265
1115	1486
1115	1803
1115	1846
1116	1129
1116	1435
1116	1554
1116	1618
1116	1739
1116	1838
1116	1909
1117	1251
1117	1394
1117	1479
1117	1577
1117	1923
1117	1935
1118	1171
1118	1350
1118	1419
1118	1468
1118	1660
1118	1676
1118	1710
1118	1711
1118	1782
1118	1875
1118	1886
1118	1902
1118	1921
1119	1138
1119	1429
1119	1576
1119	1951
1119	1990
1120	1165
1120	1309
1120	1311
1120	1369
1120	1401
1120	1493
1120	1597
1120	1705
1120	1764
1120	1838
1120	1997
1121	1130
1121	1319
1121	1448
1121	1456
1121	1572
1121	1777
1121	1778
1121	1833
1121	1904
1121	1939
1122	1214
1122	1282
1122	1364
1122	1530
1122	1788
1122	1974
1122	1985
1123	1185
1123	1226
1123	1350
1123	1428
1123	1769
1124	1154
1124	1157
1124	1565
1124	1621
1124	1706
1124	1731
1124	1738
1124	1765
1125	1313
1125	1438
1125	1443
1125	1593
1125	1930
1126	1268
1126	1388
1126	1461
1126	1645
1126	1833
1126	1980
1127	1152
1127	1314
1127	1387
1127	1612
1127	1639
1127	1705
1127	1720
1127	1811
1127	1966
1127	1979
1128	1163
1128	1270
1128	1332
1128	1355
1128	1457
1128	1518
1128	1576
1128	1757
1128	1830
1128	1852
1128	1925
1128	1991
1129	1286
1129	1428
1129	1439
1129	1531
1129	1545
1129	1563
1129	1803
1129	1811
1129	1875
1130	1192
1130	1393
1130	1416
1130	1457
1130	1604
1130	1625
1130	1686
1130	1732
1130	1988
1131	1132
1131	1255
1131	1650
1131	1729
1131	1759
1131	1795
1131	1910
1131	1912
1131	1996
1132	1264
1132	1315
1132	1380
1132	1489
1132	1778
1132	1790
1132	1840
1132	1983
1132	1986
1133	1286
1133	1292
1133	1326
1133	1369
1133	1408
1133	1481
1133	1500
1133	1660
1133	1859
1134	1193
1134	1198
1134	1442
1134	1462
1134	1524
1134	1560
1134	1987
1135	1203
1135	1288
1135	1348
1135	1371
1135	1378
1135	1462
1135	1534
1135	1641
1135	1702
1135	1753
1135	1820
1135	1904
1135	1927
1135	1934
1136	1233
1136	1260
1136	1318
1136	1466
1136	1472
1136	1727
1136	1739
1136	1841
1136	1878
1136	1981
1137	1219
1137	1325
1137	1397
1137	1732
1137	1738
1137	1741
1137	1814
1137	1946
1137	1964
1137	1969
1138	1251
1138	1282
1138	1399
1138	1407
1138	1448
1138	1468
1138	1475
1138	1524
1138	1740
1138	1773
1138	1829
1138	1926
1138	1992
1139	1209
1139	1694
1139	1704
1139	1776
1140	1250
1140	1255
1140	1283
1140	1306
1140	1328
1140	1510
1140	1524
1140	1714
1140	1930
1141	1161
1141	1202
1141	1243
1141	1262
1141	1290
1141	1311
1141	1407
1141	1430
1141	1560
1141	1564
1141	1759
1141	1794
1141	1811
1141	1905
1141	1941
1141	1976
1142	1185
1142	1232
1142	1263
1142	1273
1142	1287
1142	1307
1142	1415
1142	1448
1142	1520
1142	1572
1142	1916
1143	1264
1143	1470
1143	1690
1143	1773
1143	1964
1144	1209
1144	1385
1144	1845
1144	1860
1144	1986
1145	1516
1145	1638
1145	1641
1145	1799
1145	1917
1145	1923
1146	1311
1146	1369
1146	1466
1146	1504
1146	1520
1146	1539
1146	1659
1146	1762
1146	1882
1146	1979
1147	1388
1147	1654
1148	1311
1148	1334
1148	1365
1148	1430
1148	1699
1148	1838
1148	1933
1148	1938
1149	1396
1149	1660
1149	1697
1149	1699
1150	1214
1150	1269
1150	1271
1150	1311
1151	1183
1151	1228
1151	1297
1151	1314
1151	1564
1151	1601
1152	1159
1152	1343
1152	1620
1152	1669
1152	1761
1152	1828
1152	1845
1153	1241
1153	1273
1153	1354
1153	1394
1153	1396
1153	1481
1153	1525
1153	1791
1153	1811
1153	1871
1153	1889
1154	1202
1154	1291
1154	1465
1154	1539
1154	1658
1154	1711
1154	1887
1155	1286
1155	1347
1155	1380
1155	1382
1155	1429
1155	1533
1155	1598
1155	1658
1156	1216
1156	1219
1156	1272
1156	1278
1156	1328
1156	1434
1156	1463
1156	1655
1156	1830
1156	1939
1156	1952
1157	1299
1157	1390
1157	1442
1157	1481
1157	1526
1157	1586
1157	1647
1157	1768
1157	1800
1158	1265
1158	1522
1158	1537
1158	1616
1158	1910
1158	1998
1159	1231
1159	1234
1159	1353
1159	1913
1160	1254
1160	1327
1160	1384
1160	1419
1160	1447
1160	1597
1160	1764
1160	1919
1160	1939
1161	1447
1161	1574
1161	1658
1161	1720
1161	1769
1161	1952
1161	1994
1161	1997
1162	1218
1162	1284
1162	1376
1162	1451
1162	1659
1163	1324
1163	1382
1163	1438
1163	1481
1163	1580
1163	1945
1164	1207
1164	1411
1164	1434
1164	1482
1164	1490
1164	1515
1164	1565
1164	1609
1164	1668
1164	1671
1164	1751
1164	1819
1164	1882
1164	1885
1164	1936
1165	1215
1165	1383
1165	1420
1165	1513
1165	1554
1165	1735
1165	1770
1165	1804
1165	1836
1166	1325
1166	1341
1166	1366
1166	1476
1166	1653
1166	1792
1166	1814
1166	1859
1166	1898
1167	1176
1167	1317
1167	1460
1167	1468
1167	1668
1167	1681
1167	1693
1167	1700
1167	1707
1167	1718
1167	1722
1167	1855
1167	1911
1167	1953
1168	1174
1168	1532
1168	1588
1168	1637
1168	1741
1168	1756
1168	1771
1168	1877
1169	1220
1169	1253
1169	1296
1169	1355
1169	1582
1169	1679
1169	1697
1169	1847
1170	1462
1170	1538
1170	1776
1170	1792
1171	1221
1171	1323
1171	1490
1171	1517
1171	1522
1171	1765
1171	1959
1172	1268
1172	1275
1172	1287
1172	1423
1172	1523
1172	1527
1172	1628
1172	1639
1172	1673
1172	1988
1173	1432
1173	1537
1173	1545
1173	1710
1173	1996
1174	1211
1174	1293
1174	1325
1174	1419
1174	1448
1174	1516
1174	1692
1174	1760
1174	1781
1174	1896
1174	1975
1175	1287
1175	1370
1175	1376
1175	1466
1175	1482
1175	1528
1175	1531
1175	1632
1176	1318
1176	1459
1176	1646
1176	1763
1176	1792
1176	1913
1177	1215
1177	1274
1177	1313
1177	1565
1177	1593
1177	1631
1177	1716
1177	1746
1177	1767
1177	1784
1178	1201
1178	1211
1178	1355
1178	1440
1178	1454
1178	1552
1178	1673
1178	1834
1178	1862
1178	1890
1178	1912
1178	1937
1179	1203
1179	1550
1179	1553
1179	1579
1179	1676
1179	1822
1179	1919
1179	1951
1179	1957
1180	1251
1180	1281
1180	1494
1180	1703
1180	1722
1180	1723
1180	1844
1180	1871
1180	1896
1180	1958
1181	1259
1181	1287
1181	1318
1181	1377
1181	1447
1181	1654
1181	1671
1181	1714
1181	1718
1181	1779
1181	1994
1182	1231
1182	1347
1182	1424
1182	1453
1182	1454
1182	1635
1182	1876
1183	1306
1183	1375
1183	1445
1183	1475
1183	1500
1183	1519
1183	1537
1183	1605
1183	1717
1183	1770
1184	1287
1184	1338
1184	1382
1184	1455
1184	1637
1184	1786
1184	1958
1184	1992
1185	1316
1185	1477
1185	1517
1185	1578
1185	1588
1185	1909
1185	1974
1186	1475
1186	1477
1186	1480
1186	1636
1186	1826
1186	1923
1186	1995
1187	1294
1187	1382
1187	1418
1187	1678
1187	1685
1187	1787
1187	1822
1188	1327
1188	1360
1188	1413
1188	1488
1188	1796
1188	1891
1188	1995
1189	1369
1189	1394
1189	1476
1189	1499
1189	1558
1189	1663
1189	1702
1189	1838
1189	1877
1189	1968
1190	1247
1190	1248
1190	1368
1190	1388
1190	1617
1190	1685
1190	1730
1190	1839
1190	1878
1190	1936
1191	1502
1191	1573
1191	1621
1191	1775
1191	1994
1192	1295
1192	1374
1192	1426
1192	1463
1192	1482
1192	1513
1192	1521
1192	1532
1192	1562
1192	1625
1192	1671
1192	1787
1193	1199
1193	1270
1193	1547
1193	1637
1193	1799
1193	1934
1193	1935
1193	1976
1194	1403
1194	1425
1194	1468
1194	1484
1194	1519
1194	1797
1194	1828
1194	1870
1194	1893
1194	1971
1194	1997
1195	1229
1195	1306
1195	1327
1195	1498
1195	1617
1195	1692
1195	1693
1195	1847
1195	1992
1196	1314
1196	1738
1196	1949
1197	1268
1197	1354
1197	1435
1197	1473
1197	1490
1197	1817
1197	1869
1197	1897
1197	1917
1197	1946
1198	1273
1198	1297
1198	1390
1198	1512
1198	1536
1198	1541
1198	1691
1198	1807
1198	1818
1198	1871
1198	1919
1198	1940
1199	1233
1199	1243
1199	1817
1199	1928
1199	1987
1199	1994
1200	1237
1200	1252
1200	1489
1200	1718
1200	1755
1200	1771
1200	1884
1200	1948
1201	1207
1201	1231
1201	1245
1201	1263
1201	1302
1201	1451
1201	1716
1201	1783
1201	1883
1202	1212
1202	1321
1202	1575
1202	1580
1202	1643
1202	1729
1202	1744
1202	1872
1203	1236
1203	1605
1203	1634
1203	1920
1203	1931
1204	1382
1204	1467
1204	1557
1204	1722
1204	1941
1204	1962
1205	1314
1205	1320
1205	1370
1205	1374
1205	1387
1205	1405
1205	1495
1205	1539
1205	1609
1206	1221
1206	1289
1206	1343
1206	1384
1206	1450
1206	1550
1206	1585
1206	1590
1206	1592
1206	1644
1206	1715
1206	1785
1206	1838
1207	1270
1207	1278
1207	1650
1207	1837
1207	1896
1208	1278
1208	1377
1208	1382
1208	1456
1208	1483
1208	1586
1208	1637
1208	1675
1208	1812
1208	1862
1208	1893
1208	1986
1209	1292
1209	1403
1209	1422
1209	1664
1209	1696
1209	1995
1210	1276
1210	1280
1210	1291
1210	1374
1210	1389
1210	1543
1210	1641
1210	1724
1211	1380
1211	1420
1211	1465
1211	1590
1212	1320
1212	1522
1212	1542
1212	1653
1212	1885
1212	1896
1212	1897
1212	1989
1213	1473
1213	1562
1213	1772
1213	1790
1213	1942
1214	1308
1214	1360
1214	1377
1214	1618
1214	1770
1214	1960
1214	1965
1215	1248
1215	1267
1215	1395
1215	1576
1215	1579
1215	1683
1215	1726
1215	1739
1215	1753
1215	1767
1215	1859
1215	1876
1216	1261
1216	1298
1216	1396
1216	1438
1216	1511
1216	1558
1216	1569
1216	1641
1216	1973
1217	1293
1217	1323
1217	1486
1217	1489
1217	1562
1217	1571
1217	1590
1217	1593
1217	1604
1217	1606
1217	1780
1217	1918
1217	1934
1218	1312
1218	1355
1218	1599
1218	1781
1218	1788
1218	1802
1218	1831
1218	1969
1219	1230
1219	1378
1219	1407
1219	1409
1219	1422
1219	1454
1219	1528
1219	1564
1219	1593
1219	1754
1219	1771
1219	1821
1219	1960
1219	1988
1220	1263
1220	1268
1220	1360
1220	1401
1220	1459
1220	1602
1220	1648
1220	1904
1220	1909
1220	1912
1221	1373
1221	1385
1221	1430
1221	1448
1221	1546
1221	1564
1221	1665
1221	1751
1221	1830
1222	1264
1222	1427
1222	1610
1222	1644
1222	1677
1222	1711
1222	1851
1222	1867
1222	1982
1223	1240
1223	1300
1223	1361
1223	1395
1223	1443
1223	1486
1223	1545
1223	1629
1223	1633
1223	1785
1223	1847
1223	1957
1224	1639
1224	1714
1224	1865
1224	1883
1224	1987
1225	1258
1225	1322
1225	1358
1225	1378
1225	1575
1225	1775
1225	1825
1225	1969
1225	1992
1226	1245
1226	1581
1226	1683
1226	1825
1226	1854
1226	1965
1226	1969
1226	1981
1227	1328
1227	1409
1227	1455
1227	1532
1227	1689
1227	1851
1227	1998
1228	1287
1228	1329
1228	1424
1228	1495
1228	1503
1228	1589
1228	1649
1228	1661
1228	1695
1228	1825
1228	1845
1228	1955
1229	1428
1229	1455
1229	1493
1229	1739
1230	1454
1230	1630
1230	1751
1231	1570
1231	1577
1231	1670
1232	1250
1232	1320
1232	1484
1232	1789
1232	1820
1232	1983
1233	1285
1233	1355
1233	1383
1233	1439
1233	1471
1233	1484
1233	1579
1233	1656
1233	1864
1233	1960
1234	1355
1234	1380
1234	1462
1234	1476
1234	1655
1234	1661
1234	1689
1234	1740
1234	1958
1235	1360
1235	1566
1235	1582
1235	1590
1235	1651
1235	1941
1235	1957
1236	1434
1236	1489
1236	1575
1236	1594
1236	1601
1236	1609
1236	1632
1236	1832
1237	1315
1237	1372
1237	1381
1237	1385
1237	1464
1237	1595
1237	1696
1237	1755
1237	1758
1237	1915
1237	1996
1238	1398
1238	1428
1238	1471
1238	1522
1238	1820
1238	1853
1238	1960
1238	1986
1239	1288
1239	1376
1239	1481
1239	1487
1239	1555
1239	1770
1239	1786
1239	1822
1239	1922
1240	1245
1240	1321
1240	1363
1240	1453
1240	1455
1240	1529
1240	1540
1240	1569
1240	1606
1240	1647
1240	1656
1240	1663
1240	1671
1240	1700
1240	1760
1240	1826
1240	1959
1240	1965
1241	1244
1241	1263
1241	1290
1241	1300
1241	1459
1241	1539
1241	1547
1241	1603
1241	1609
1241	1613
1242	1455
1242	1534
1242	1830
1242	1892
1242	1925
1242	1928
1243	1253
1243	1486
1243	1647
1243	1925
1244	1253
1244	1303
1244	1392
1244	1544
1244	1582
1244	1675
1245	1279
1245	1469
1245	1488
1245	1512
1245	1531
1245	1559
1245	1609
1245	1779
1245	1790
1245	1816
1245	1848
1245	1937
1245	1981
1246	1338
1246	1448
1246	1751
1246	1852
1247	1547
1247	1556
1247	1633
1247	1654
1248	1385
1248	1661
1248	1683
1248	1698
1248	1867
1248	1892
1248	1917
1248	1964
1249	1260
1249	1303
1249	1364
1249	1417
1249	1540
1249	1549
1249	1622
1249	1758
1249	1910
1249	1977
1250	1778
1250	1837
1251	1330
1251	1514
1251	1586
1251	1595
1251	1602
1251	1710
1251	1724
1251	1751
1251	1769
1251	1982
1252	1300
1252	1409
1252	1490
1252	1734
1252	1857
1252	1859
1252	1865
1252	1942
1252	1970
1253	1467
1253	1765
1254	1502
1254	1663
1254	1774
1254	1783
1254	1794
1254	1876
1254	1892
1254	1907
1255	1558
1255	1634
1255	1655
1255	1751
1255	1785
1256	1359
1256	1374
1256	1576
1256	1599
1256	1660
1256	1804
1256	1819
1257	1271
1257	1422
1257	1497
1257	1662
1257	1668
1257	1671
1257	1795
1257	1896
1257	1928
1258	1424
1258	1657
1258	1728
1258	1833
1258	1947
1259	1356
1259	1553
1259	1635
1259	1682
1259	1739
1259	1760
1259	1817
1259	1949
1260	1263
1260	1427
1260	1444
1260	1511
1260	1722
1260	1815
1260	1827
1260	1887
1260	1954
1260	1993
1261	1345
1261	1352
1261	1449
1261	1464
1261	1487
1261	1550
1261	1631
1261	1675
1261	1770
1261	1850
1261	1891
1261	1961
1261	1974
1261	1986
1261	1994
1262	1712
1262	1797
1262	1995
1263	1395
1263	1422
1263	1614
1263	1635
1264	1338
1264	1373
1264	1535
1264	1573
1264	1770
1264	1777
1264	1884
1264	1904
1265	1789
1265	1843
1265	1848
1266	1345
1266	1437
1266	1458
1266	1494
1266	1599
1267	1361
1267	1394
1267	1419
1267	1812
1267	1941
1267	1997
1268	1481
1268	1507
1268	1772
1268	1928
1268	1953
1269	1441
1269	1471
1269	1555
1269	1651
1269	1735
1269	1772
1270	1385
1270	1394
1270	1495
1270	1583
1270	1717
1270	1784
1270	1846
1270	1875
1270	1877
1271	1279
1271	1508
1271	1604
1271	1660
1271	1702
1271	1792
1272	1541
1272	1591
1272	1662
1272	1748
1272	1775
1273	1309
1273	1429
1273	1500
1273	1511
1273	1680
1273	1850
1273	1922
1273	1984
1274	1276
1274	1334
1274	1563
1274	1654
1274	1783
1274	1866
1274	1964
1275	1316
1275	1392
1275	1517
1275	1584
1275	1852
1275	1898
1275	1945
1276	1542
1276	1553
1276	1656
1276	1658
1276	1675
1276	1778
1276	1780
1276	1792
1277	1372
1277	1432
1277	1460
1277	1622
1277	1752
1277	1796
1277	1891
1277	1901
1278	1287
1278	1289
1278	1516
1278	1776
1278	1798
1278	1799
1279	1315
1279	1410
1279	1496
1279	1597
1279	1643
1279	1897
1279	1929
1279	1955
1279	1963
1279	1971
1280	1312
1280	1322
1280	1337
1280	1418
1280	1423
1280	1474
1280	1677
1280	1686
1280	1707
1280	1767
1280	1819
1280	1927
1280	1936
1281	1285
1281	1325
1281	1552
1281	1745
1281	1892
1281	1962
1281	1963
1282	1306
1282	1366
1282	1426
1282	1487
1282	1523
1282	1556
1282	1573
1282	1621
1282	1690
1282	1940
1283	1405
1283	1441
1283	1549
1283	1614
1283	1853
1284	1323
1284	1337
1284	1448
1284	1526
1284	1560
1284	1830
1284	1889
1284	1901
1285	1373
1285	1374
1285	1619
1285	1722
1285	1987
1286	1320
1286	1328
1286	1429
1286	1520
1286	1540
1286	1654
1286	1773
1286	1982
1287	1336
1287	1417
1287	1524
1287	1527
1287	1644
1287	1794
1287	1817
1287	1908
1287	1963
1288	1451
1288	1453
1288	1475
1288	1486
1288	1578
1288	1584
1288	1607
1288	1628
1289	1352
1289	1399
1289	1468
1289	1489
1289	1520
1289	1550
1289	1594
1289	1659
1289	1846
1290	1444
1290	1528
1290	1569
1290	1610
1290	1654
1290	1673
1290	1774
1290	1776
1290	1822
1291	1426
1291	1509
1292	1431
1292	1458
1292	1492
1292	1617
1292	1631
1292	1743
1292	1948
1292	1981
1293	1336
1293	1366
1293	1379
1293	1410
1293	1457
1293	1591
1293	1628
1293	1767
1293	1769
1293	1783
1293	1818
1293	1879
1293	1922
1293	1957
1294	1296
1294	1357
1294	1389
1294	1405
1294	1534
1294	1622
1294	1629
1294	1677
1294	1802
1294	1856
1294	1865
1294	1933
1294	1936
1295	1333
1295	1406
1295	1577
1295	1706
1295	1714
1295	1794
1295	1801
1295	1855
1295	1906
1296	1440
1296	1554
1296	1616
1296	1714
1296	1742
1296	1814
1296	1987
1297	1319
1297	1523
1297	1745
1297	1917
1297	1923
1297	1944
1298	1334
1298	1468
1298	1497
1298	1562
1298	1647
1298	1672
1298	1755
1298	1907
1299	1603
1299	1661
1299	1849
1299	1862
1299	1896
1299	1999
1300	1320
1300	1367
1300	1400
1300	1551
1300	1554
1300	1586
1300	1658
1300	1811
1300	1885
1300	1937
1300	1978
1301	1348
1301	1382
1301	1433
1301	1589
1301	1603
1301	1685
1301	1729
1301	1816
1301	1839
1301	1905
1302	1313
1302	1366
1302	1386
1302	1518
1302	1691
1302	1723
1302	1737
1302	1797
1303	1339
1303	1353
1303	1619
1303	1764
1303	1995
1304	1334
1304	1399
1304	1457
1304	1570
1304	1592
1304	1734
1304	1780
1304	1927
1305	1414
1305	1901
1305	1912
1306	1440
1306	1521
1306	1539
1306	1597
1306	1736
1306	1751
1306	1980
1306	1993
1307	1336
1307	1550
1307	1682
1307	1731
1307	1796
1307	1862
1307	1875
1307	1881
1308	1345
1308	1492
1308	1602
1308	1704
1308	1829
1308	1852
1309	1331
1309	1582
1309	1620
1309	1630
1309	1704
1309	1777
1309	1846
1309	1878
1309	1945
1310	1329
1310	1573
1310	1669
1310	1773
1310	1774
1310	1836
1310	1949
1311	1465
1311	1560
1311	1576
1311	1595
1311	1799
1311	1872
1311	1978
1312	1394
1312	1405
1312	1429
1312	1733
1312	1809
1312	1884
1312	1954
1313	1514
1313	1595
1313	1621
1313	1747
1313	1990
1314	1392
1314	1493
1314	1544
1314	1624
1314	1706
1314	1789
1314	1994
1315	1387
1315	1439
1315	1622
1315	1693
1315	1805
1315	1808
1315	1852
1316	1450
1316	1489
1316	1561
1316	1602
1316	1678
1316	1719
1316	1731
1316	1764
1316	1805
1316	1954
1316	1960
1316	1981
1317	1427
1317	1473
1317	1502
1317	1637
1317	1768
1317	1856
1317	1944
1317	1959
1318	1321
1318	1329
1318	1380
1318	1426
1318	1492
1318	1580
1318	1664
1318	1693
1318	1802
1318	1807
1319	1485
1319	1619
1320	1438
1320	1690
1321	1371
1321	1607
1322	1354
1322	1582
1322	1641
1322	1887
1322	1893
1322	1946
1322	1973
1323	1338
1323	1501
1323	1779
1324	1499
1324	1548
1324	1565
1324	1691
1324	1761
1324	1931
1325	1406
1325	1473
1325	1568
1325	1618
1325	1754
1325	1795
1325	1991
1326	1382
1326	1595
1326	1783
1326	1900
1326	1989
1327	1349
1327	1866
1327	1892
1328	1438
1328	1482
1328	1525
1328	1573
1328	1583
1328	1711
1328	1731
1328	1828
1328	1957
1329	1334
1329	1394
1329	1412
1329	1473
1329	1535
1329	1738
1329	1761
1329	1871
1330	1333
1330	1380
1330	1413
1330	1419
1330	1569
1330	1678
1330	1690
1330	1747
1330	1891
1331	1428
1331	1558
1331	1579
1331	1648
1331	1679
1331	1819
1331	1942
1332	1333
1332	1567
1332	1617
1332	1656
1332	1660
1332	1743
1332	1843
1332	1869
1332	1877
1333	1371
1333	1516
1333	1933
1334	1342
1334	1506
1334	1580
1334	1946
1335	1358
1335	1677
1335	1938
1335	1971
1336	1347
1336	1405
1336	1838
1336	1957
1336	1963
1336	1981
1337	1344
1337	1434
1337	1444
1337	1453
1337	1551
1337	1622
1337	1823
1337	1850
1338	1370
1338	1549
1338	1594
1338	1608
1338	1648
1338	1680
1338	1930
1339	1372
1339	1496
1339	1555
1339	1626
1339	1660
1339	1921
1339	1976
1340	1342
1340	1487
1340	1536
1340	1601
1340	1809
1340	1817
1340	1957
1340	1965
1340	1971
1341	1550
1341	1653
1341	1689
1341	1707
1341	1744
1341	1766
1341	1779
1341	1891
1342	1505
1342	1541
1342	1603
1342	1729
1342	1803
1342	1828
1342	1972
1343	1351
1343	1428
1343	1668
1343	1703
1343	1830
1343	1916
1343	1995
1343	1996
1344	1560
1344	1561
1345	1441
1345	1610
1345	1744
1345	1817
1345	1837
1345	1894
1346	1355
1346	1367
1346	1381
1346	1439
1346	1470
1346	1889
1346	1900
1347	1382
1347	1478
1347	1559
1347	1718
1347	1737
1347	1758
1348	1365
1348	1720
1348	1748
1348	1848
1348	1864
1348	1970
1349	1439
1349	1572
1349	1612
1349	1690
1349	1868
1349	1874
1349	1911
1349	1959
1349	1965
1349	1975
1349	1985
1350	1560
1350	1685
1350	1689
1350	1822
1350	1941
1351	1428
1351	1485
1351	1544
1351	1628
1351	1728
1351	1934
1352	1432
1352	1449
1352	1562
1352	1778
1352	1790
1352	1870
1352	1904
1352	1924
1352	1925
1352	1939
1353	1391
1353	1406
1353	1751
1353	1778
1353	1831
1354	1365
1354	1390
1354	1422
1354	1449
1354	1621
1354	1623
1354	1890
1355	1524
1355	1600
1355	1656
1355	1830
1355	1946
1356	1403
1356	1485
1356	1857
1356	1881
1356	1972
1357	1778
1357	1917
1357	1942
1357	1965
1358	1366
1358	1417
1358	1582
1358	1621
1358	1636
1358	1682
1358	1708
1358	1734
1358	1946
1358	1959
1359	1363
1359	1560
1359	1705
1359	1750
1359	1944
1359	1955
1360	1548
1360	1642
1360	1714
1360	1738
1360	1863
1360	1877
1361	1395
1361	1561
1361	1762
1361	1809
1361	1850
1361	1853
1361	1870
1361	1881
1361	1968
1362	1542
1362	1552
1363	1413
1363	1616
1363	1672
1363	1989
1364	1428
1364	1481
1364	1522
1364	1604
1364	1620
1364	1662
1364	1723
1364	1940
1365	1463
1365	1532
1365	1555
1365	1714
1365	1733
1365	1755
1365	1895
1366	1408
1366	1449
1366	1508
1366	1622
1366	1709
1366	1711
1366	1874
1367	1672
1367	1713
1367	1759
1367	1769
1367	1845
1368	1370
1368	1372
1368	1387
1368	1453
1368	1582
1368	1608
1368	1612
1368	1692
1368	1825
1368	1840
1368	1865
1368	1894
1368	1984
1369	1474
1370	1699
1370	1718
1370	1986
1371	1391
1371	1444
1371	1595
1371	1818
1372	1420
1372	1503
1372	1542
1372	1550
1372	1754
1372	1761
1372	1822
1372	1858
1373	1495
1373	1622
1373	1816
1373	1875
1373	1918
1373	1951
1374	1422
1374	1570
1374	1591
1374	1778
1374	1877
1375	1493
1375	1551
1375	1711
1375	1733
1375	1825
1375	1892
1375	1910
1375	1920
1376	1540
1376	1559
1376	1571
1376	1643
1376	1688
1376	1705
1376	1728
1376	1829
1376	1846
1376	1901
1376	1935
1376	1986
1377	1383
1377	1477
1377	1592
1377	1740
1377	1880
1378	1402
1378	1487
1378	1665
1378	1733
1378	1799
1378	1826
1378	1908
1378	1961
1379	1400
1379	1796
1379	1936
1380	1434
1380	1446
1380	1643
1381	1474
1381	1575
1381	1634
1381	1827
1381	1908
1382	1512
1382	1636
1382	1721
1382	1744
1382	1746
1382	1781
1382	1891
1382	1994
1383	1392
1383	1467
1383	1476
1383	1616
1383	1659
1383	1718
1383	1801
1383	1937
1384	1390
1384	1418
1384	1439
1384	1484
1384	1737
1384	1810
1384	1821
1384	1832
1384	1881
1384	1912
1384	1962
1384	1977
1385	1393
1385	1448
1385	1521
1385	1740
1385	1815
1385	1869
1386	1482
1386	1518
1386	1622
1386	1631
1386	1737
1386	1768
1386	1775
1386	1814
1387	1617
1387	1663
1387	1668
1387	1686
1387	1701
1387	1962
1387	1991
1388	1541
1388	1626
1388	1636
1388	1679
1389	1410
1389	1435
1389	1445
1389	1571
1389	1650
1389	1659
1389	1671
1389	1766
1389	1815
1389	1986
1390	1430
1390	1486
1390	1525
1390	1628
1390	1775
1390	1840
1390	1853
1391	1393
1391	1468
1391	1492
1391	1569
1391	1597
1391	1648
1391	1742
1391	1763
1391	1796
1391	1914
1391	1971
1392	1542
1392	1684
1392	1701
1392	1703
1392	1815
1392	1826
1392	1869
1393	1407
1393	1419
1393	1488
1393	1503
1393	1528
1393	1755
1393	1847
1393	1851
1393	1868
1394	1558
1394	1616
1394	1772
1395	1489
1395	1548
1395	1604
1395	1667
1395	1798
1395	1844
1395	1971
1396	1417
1396	1448
1396	1454
1396	1505
1396	1677
1396	1711
1396	1756
1396	1894
1397	1622
1397	1901
1397	1945
1397	1980
1398	1674
1398	1827
1398	1831
1398	1860
1398	1988
1399	1410
1399	1487
1399	1553
1399	1560
1399	1658
1399	1843
1400	1401
1400	1436
1400	1530
1400	1860
1400	1928
1401	1470
1401	1483
1401	1485
1401	1835
1402	1425
1402	1469
1402	1687
1402	1717
1402	1856
1402	1926
1402	1931
1402	1938
1403	1571
1403	1647
1403	1721
1403	1791
1403	1826
1403	1832
1403	1963
1403	1991
1403	1997
1404	1521
1404	1586
1404	1811
1404	1835
1404	1847
1404	1921
1404	1991
1405	1469
1406	1413
1406	1650
1406	1679
1407	1720
1407	1786
1408	1475
1408	1851
1408	1874
1408	1941
1409	1531
1409	1536
1409	1571
1409	1711
1409	1744
1409	1954
1410	1434
1410	1479
1410	1653
1410	1736
1410	1911
1411	1471
1411	1591
1411	1649
1411	1734
1411	1746
1411	1763
1411	1886
1412	1424
1412	1428
1412	1576
1412	1622
1412	1645
1412	1712
1412	1905
1412	1985
1413	1427
1413	1620
1413	1666
1413	1757
1413	1846
1413	1871
1413	1922
1413	1957
1414	1430
1414	1472
1414	1548
1414	1747
1414	1876
1415	1544
1415	1805
1415	1812
1415	1831
1415	1943
1415	1954
1416	1527
1416	1575
1416	1658
1416	1744
1416	1795
1416	1910
1417	1439
1417	1454
1417	1596
1417	1682
1417	1729
1417	1795
1417	1810
1417	1811
1417	1915
1417	1940
1418	1565
1418	1733
1418	1813
1418	1923
1418	1941
1418	1989
1419	1440
1419	1630
1419	1678
1419	1781
1419	1899
1419	1958
1419	1981
1420	1686
1420	1744
1420	1878
1420	1893
1421	1453
1421	1457
1421	1493
1421	1690
1421	1800
1421	1826
1421	1831
1421	1904
1422	1433
1422	1520
1422	1594
1422	1617
1422	1625
1422	1675
1423	1490
1423	1859
1424	1651
1424	1700
1424	1820
1424	1868
1424	1970
1424	1995
1425	1714
1425	1828
1426	1457
1426	1473
1426	1508
1426	1721
1426	1732
1427	1458
1427	1479
1427	1527
1427	1554
1427	1569
1427	1644
1427	1775
1427	1821
1427	1935
1428	1570
1428	1768
1428	1774
1428	1837
1428	1930
1428	1932
1429	1464
1429	1597
1429	1655
1429	1975
1430	1435
1430	1549
1430	1841
1431	1466
1431	1615
1431	1832
1431	1866
1431	1957
1432	1669
1432	1846
1432	1884
1432	1932
1433	1643
1433	1742
1433	1744
1433	1790
1433	1842
1433	1868
1433	1870
1433	1946
1433	1961
1434	1529
1434	1543
1434	1608
1434	1613
1434	1645
1434	1801
1435	1527
1435	1530
1435	1588
1435	1633
1435	1663
1435	1733
1435	1881
1436	1480
1436	1537
1436	1761
1436	1779
1436	1997
1437	1503
1437	1817
1438	1556
1438	1652
1439	1443
1439	1486
1439	1560
1439	1583
1439	1643
1439	1783
1439	1825
1439	1846
1439	1971
1439	1988
1440	1477
1440	1516
1440	1689
1440	1743
1440	1754
1440	1833
1440	1846
1440	1861
1440	1988
1441	1474
1441	1503
1441	1633
1441	1903
1442	1708
1442	1734
1442	1774
1443	1469
1443	1508
1443	1617
1443	1692
1443	1696
1443	1763
1443	1818
1443	1846
1444	1482
1444	1654
1444	1729
1445	1458
1445	1474
1445	1679
1445	1730
1445	1749
1445	1888
1445	1986
1446	1456
1446	1552
1446	1629
1446	1996
1447	1603
1447	1673
1447	1689
1447	1709
1447	1831
1448	1532
1448	1921
1448	1927
1449	1579
1449	1666
1449	1857
1450	1470
1450	1475
1450	1872
1450	1900
1450	1961
1450	1973
1451	1478
1451	1537
1451	1622
1451	1636
1452	1581
1452	1621
1452	1750
1452	1810
1452	1815
1452	1861
1452	1903
1452	1957
1453	1473
1453	1478
1453	1588
1453	1755
1453	1929
1454	1789
1455	1465
1455	1621
1455	1853
1455	1982
1456	1487
1456	1514
1456	1547
1456	1568
1456	1656
1456	1673
1456	1821
1456	1892
1457	1628
1457	1838
1458	1570
1458	1578
1458	1710
1458	1763
1458	1785
1458	1904
1459	1478
1459	1548
1459	1711
1459	1740
1459	1747
1459	1790
1459	1923
1459	1939
1460	1562
1460	1674
1460	1707
1460	1799
1460	1862
1460	1969
1460	1999
1461	1479
1461	1783
1461	1847
1461	1949
1461	1986
1462	1485
1462	1503
1462	1702
1462	1750
1462	1754
1462	1767
1462	1849
1462	1889
1463	1543
1463	1575
1463	1657
1463	1773
1463	1889
1464	1512
1464	1609
1464	1635
1464	1826
1464	1849
1465	1482
1465	1547
1465	1654
1465	1747
1465	1776
1465	1981
1466	1611
1466	1866
1466	1871
1466	1978
1467	1524
1467	1652
1467	1726
1467	1729
1467	1733
1467	1749
1468	1478
1468	1754
1468	1771
1468	1774
1468	1801
1468	1986
1469	1636
1469	1751
1469	1785
1470	1883
1470	1976
1471	1507
1471	1577
1471	1735
1471	1897
1471	1953
1472	1609
1472	1628
1472	1647
1472	1868
1472	1965
1473	1514
1473	1626
1473	1684
1473	1902
1473	1945
1473	1953
1473	1963
1474	1500
1474	1851
1474	1880
1474	1957
1474	1997
1475	1538
1475	1604
1475	1633
1476	1768
1476	1823
1477	1516
1477	1545
1477	1692
1477	1705
1477	1789
1477	1921
1477	1943
1478	1511
1478	1579
1478	1623
1478	1697
1478	1716
1479	1495
1479	1534
1479	1536
1479	1737
1480	1535
1480	1571
1480	1618
1480	1686
1480	1721
1480	1801
1480	1941
1480	1951
1480	1982
1481	1487
1481	1527
1481	1539
1481	1553
1481	1630
1481	1706
1481	1736
1481	1961
1482	1515
1482	1576
1482	1591
1482	1680
1482	1736
1483	1506
1483	1592
1483	1637
1483	1681
1483	1686
1483	1740
1483	1751
1484	1730
1484	1783
1484	1809
1484	1880
1485	1511
1485	1757
1485	1989
1486	1532
1486	1560
1486	1623
1486	1763
1486	1868
1487	1509
1487	1542
1487	1579
1487	1900
1487	1999
1488	1551
1488	1649
1488	1834
1489	1559
1489	1671
1489	1677
1489	1689
1489	1954
1490	1568
1490	1575
1490	1605
1490	1690
1490	1705
1490	1716
1490	1823
1490	1841
1490	1847
1491	1517
1491	1589
1491	1739
1491	1759
1491	1771
1491	1820
1491	1879
1491	1956
1492	1502
1492	1561
1492	1648
1492	1687
1492	1795
1493	1578
1493	1617
1493	1722
1494	1637
1494	1653
1494	1687
1494	1717
1494	1752
1494	1789
1494	1832
1494	1978
1495	1637
1495	1656
1495	1691
1495	1725
1495	1739
1495	1747
1496	1535
1496	1573
1496	1727
1496	1780
1496	1805
1496	1836
1496	1937
1496	1965
1497	1546
1497	1606
1497	1697
1497	1820
1497	1970
1497	1979
1498	1530
1498	1590
1498	1604
1498	1681
1498	1755
1498	1783
1498	1931
1499	1721
1499	1745
1500	1510
1500	1565
1500	1584
1500	1620
1500	1712
1500	1917
1501	1546
1501	1633
1501	1796
1501	1895
1501	1964
1501	1968
1502	1662
1502	1697
1502	1712
1503	1520
1503	1539
1503	1597
1503	1670
1503	1734
1503	1737
1503	1758
1503	1793
1503	1928
1504	1548
1504	1629
1504	1768
1504	1789
1504	1799
1504	1833
1504	1862
1504	1958
1505	1632
1506	1603
1506	1654
1506	1833
1506	1847
1506	1848
1506	1892
1506	1921
1506	1961
1506	1982
1507	1533
1507	1616
1507	1671
1507	1680
1507	1722
1507	1810
1507	1863
1507	1867
1508	1554
1508	1662
1508	1729
1508	1737
1508	1870
1508	1898
1508	1983
1508	1995
1509	1511
1509	1727
1509	1870
1510	1569
1510	1702
1510	1891
1510	1928
1510	1976
1511	1737
1511	1800
1511	1865
1512	1578
1512	1650
1512	1674
1512	1709
1512	1849
1512	1920
1513	1591
1513	1620
1513	1758
1513	1797
1513	1887
1513	1983
1514	1572
1514	1700
1514	1746
1514	1927
1515	1546
1515	1664
1515	1745
1516	1590
1516	1751
1516	1862
1516	1911
1516	1960
1517	1828
1518	1574
1518	1648
1518	1743
1518	1766
1518	1876
1518	1887
1518	1902
1518	1930
1518	1964
1519	1750
1519	1768
1519	1914
1519	1963
1520	1586
1520	1612
1520	1735
1520	1964
1521	1639
1521	1703
1521	1786
1521	1840
1521	1954
1522	1705
1522	1856
1522	1944
1522	1950
1522	1952
1522	1957
1522	1958
1522	1981
1523	1645
1523	1972
1524	1592
1524	1709
1524	1717
1524	1771
1524	1829
1524	1870
1524	1914
1524	1924
1525	1642
1525	1667
1525	1914
1525	1920
1526	1563
1526	1687
1526	1884
1526	1911
1526	1912
1527	1534
1527	1688
1527	1740
1528	1556
1528	1782
1528	1851
1528	1880
1529	1549
1529	1615
1529	1636
1529	1679
1529	1704
1529	1758
1529	1778
1529	1855
1529	1871
1529	1924
1530	1610
1530	1776
1530	1939
1530	1966
1531	1608
1531	1705
1531	1769
1531	1855
1531	1902
1532	1687
1532	1729
1532	1868
1532	1955
1533	1761
1533	1952
1533	1972
1534	1553
1534	1643
1534	1910
1535	1600
1535	1647
1535	1733
1535	1798
1535	1926
1536	1800
1536	1925
1537	1560
1537	1940
1537	1961
1538	1954
1539	1542
1539	1558
1539	1593
1539	1920
1539	1984
1540	1621
1540	1816
1540	1967
1541	1608
1541	1623
1541	1753
1541	1824
1541	1881
1541	1961
1541	1993
1542	1689
1542	1696
1542	1756
1542	1785
1542	1901
1542	1911
1542	1988
1543	1680
1543	1810
1543	1886
1543	1890
1543	1934
1543	1970
1544	1711
1545	1609
1545	1691
1545	1726
1545	1758
1545	1919
1545	1924
1545	1965
1546	1691
1546	1757
1546	1831
1546	1889
1547	1607
1547	1610
1547	1662
1547	1663
1547	1681
1547	1788
1547	1852
1547	1882
1547	1938
1548	1635
1548	1651
1548	1844
1549	1584
1549	1655
1549	1679
1549	1694
1549	1712
1549	1775
1549	1896
1550	1623
1550	1669
1550	1679
1550	1704
1550	1709
1550	1789
1550	1870
1550	1915
1550	1933
1551	1629
1551	1665
1551	1718
1551	1741
1551	1816
1551	1984
1552	1641
1552	1713
1552	1940
1553	1571
1553	1700
1553	1802
1553	1879
1553	1896
1553	1912
1553	1990
1554	1616
1554	1852
1554	1954
1555	1613
1555	1626
1555	1665
1555	1751
1555	1813
1555	1838
1555	1879
1556	1559
1556	1653
1556	1915
1557	1621
1557	1635
1557	1705
1557	1766
1557	1832
1557	1871
1558	1600
1558	1622
1558	1663
1558	1693
1558	1699
1558	1725
1558	1794
1558	1897
1559	1796
1559	1923
1560	1703
1560	1914
1560	1963
1561	1682
1561	1756
1561	1887
1563	1687
1563	1737
1563	1740
1563	1749
1563	1939
1563	1962
1563	1970
1564	1582
1565	1624
1565	1672
1565	1788
1565	1912
1565	1918
1565	1985
1566	1660
1566	1663
1566	1673
1566	1800
1566	1910
1566	1912
1566	1927
1567	1571
1567	1620
1567	1684
1567	1744
1567	1761
1567	1788
1567	1862
1567	1887
1568	1687
1568	1785
1568	1959
1569	1573
1570	1647
1570	1673
1570	1790
1570	1801
1570	1877
1570	1898
1570	1984
1571	1627
1571	1791
1572	1595
1572	1612
1572	1659
1572	1780
1572	1903
1572	1940
1572	1985
1573	1596
1573	1633
1573	1711
1573	1784
1573	1880
1574	1680
1574	1693
1574	1791
1574	1827
1574	1892
1574	1896
1576	1609
1576	1853
1576	1900
1577	1921
1578	1597
1578	1700
1578	1707
1578	1881
1578	1911
1578	1931
1579	1736
1579	1772
1579	1777
1579	1897
1579	1924
1580	1605
1580	1701
1580	1713
1580	1728
1580	1805
1580	1855
1580	1885
1580	1917
1581	1611
1581	1705
1581	1800
1581	1860
1582	1713
1582	1900
1583	1885
1583	1910
1584	1646
1584	1700
1584	1741
1585	1766
1585	1834
1586	1851
1586	1946
1587	1615
1587	1632
1587	1783
1588	1778
1588	1822
1589	1653
1589	1676
1589	1817
1589	1869
1589	1876
1590	1605
1590	1683
1590	1739
1590	1769
1590	1820
1590	1838
1590	1976
1591	1632
1591	1760
1591	1779
1591	1807
1592	1596
1592	1635
1592	1651
1592	1848
1592	1887
1592	1920
1592	1923
1593	1750
1594	1818
1595	1626
1595	1645
1595	1745
1595	1919
1595	1976
1596	1636
1596	1666
1596	1689
1596	1791
1596	1833
1596	1912
1596	1947
1596	1983
1596	1995
1597	1606
1597	1686
1597	1898
1597	1911
1597	1947
1597	1949
1598	1668
1598	1772
1598	1811
1598	1965
1598	1987
1599	1660
1599	1681
1599	1692
1599	1698
1599	1850
1599	1871
1600	1679
1600	1766
1600	1786
1600	1808
1600	1827
1600	1870
1600	1986
1601	1687
1601	1728
1601	1810
1601	1821
1601	1980
1602	1615
1602	1681
1602	1724
1602	1927
1603	1727
1603	1872
1603	1940
1604	1628
1604	1631
1604	1771
1604	1897
1604	1913
1605	1779
1605	1941
1606	1728
1606	1732
1606	1780
1606	1934
1606	1936
1607	1802
1607	1824
1607	1874
1608	1668
1608	1682
1608	1787
1609	1757
1609	1795
1609	1810
1609	1908
1610	1650
1610	1872
1610	1961
1610	1987
1611	1636
1611	1764
1611	1941
1612	1656
1612	1777
1612	1810
1612	1811
1612	1975
1613	1744
1613	1768
1613	1782
1614	1675
1615	1641
1615	1697
1615	1734
1615	1868
1616	1657
1616	1791
1616	1926
1616	1988
1617	1805
1617	1818
1617	1847
1618	1957
1619	1655
1619	1698
1619	1820
1619	1830
1619	1894
1619	1930
1619	1974
1620	1625
1620	1800
1620	1842
1620	1866
1620	1962
1621	1771
1621	1826
1621	1903
1621	1965
1622	1625
1622	1702
1622	1709
1622	1795
1622	1847
1622	1879
1622	1929
1622	1994
1623	1648
1623	1654
1623	1660
1623	1750
1623	1785
1624	1626
1624	1687
1624	1712
1624	1786
1624	1848
1624	1879
1625	1777
1625	1823
1625	1998
1626	1803
1626	1979
1627	1707
1627	1745
1627	1914
1627	1930
1628	1818
1629	1786
1630	1770
1630	1943
1630	1965
1631	1736
1632	1714
1632	1803
1632	1811
1632	1817
1632	1936
1632	1980
1632	1997
1633	1673
1633	1771
1633	1776
1633	1794
1633	1803
1634	1785
1634	1821
1634	1871
1634	1944
1635	1791
1635	1836
1635	1885
1635	1972
1636	1730
1637	1672
1637	1677
1637	1892
1638	1641
1638	1644
1638	1650
1638	1676
1638	1704
1638	1968
1638	1977
1639	1728
1639	1740
1639	1822
1639	1875
1640	1930
1640	1963
1641	1688
1641	1838
1641	1933
1641	1942
1641	1963
1641	1974
1641	1986
1641	1994
1642	1699
1642	1972
1643	1645
1643	1713
1643	1715
1643	1798
1643	1891
1644	1763
1644	1896
1644	1942
1645	1661
1645	1711
1645	1765
1645	1866
1646	1836
1646	1871
1647	1727
1647	1809
1647	1862
1647	1995
1648	1652
1648	1659
1648	1706
1648	1788
1648	1954
1649	1763
1649	1773
1649	1788
1649	1834
1649	1862
1649	1902
1649	1957
1650	1763
1650	1778
1650	1824
1650	1939
1650	1966
1651	1657
1651	1691
1651	1725
1651	1747
1651	1769
1651	1913
1652	1746
1652	1829
1652	1903
1653	1661
1653	1693
1653	1732
1653	1759
1653	1854
1654	1672
1654	1810
1654	1885
1654	1909
1655	1678
1655	1757
1655	1871
1656	1748
1656	1819
1656	1858
1656	1945
1657	1678
1657	1792
1657	1910
1657	1954
1657	1959
1658	1709
1658	1715
1659	1671
1659	1750
1659	1788
1660	1746
1660	1925
1661	1701
1661	1777
1661	1798
1661	1894
1661	1958
1662	1731
1662	1808
1662	1832
1662	1951
1663	1732
1663	1755
1663	1872
1663	1905
1664	1771
1664	1825
1664	1826
1664	1832
1665	1688
1665	1748
1665	1843
1665	1879
1665	1889
1666	1784
1667	1686
1667	1720
1668	1697
1668	1704
1668	1900
1669	1739
1669	1781
1669	1813
1669	1911
1670	1813
1670	1928
1671	1841
1671	1842
1672	1741
1672	1884
1672	1960
1672	1988
1673	1879
1673	1897
1673	1996
1674	1854
1674	1884
1674	1995
1675	1693
1675	1830
1675	1912
1675	1931
1676	1731
1676	1819
1676	1871
1676	1908
1677	1784
1677	1819
1678	1761
1678	1842
1678	1846
1679	1847
1679	1862
1680	1717
1680	1994
1681	1745
1681	1761
1681	1801
1681	1865
1681	1895
1682	1765
1682	1774
1682	1907
1683	1852
1683	1952
1684	1870
1684	1883
1684	1920
1685	1768
1685	1799
1685	1836
1685	1883
1685	1963
1685	1989
1685	1994
1686	1709
1686	1745
1686	1774
1686	1870
1686	1877
1686	1939
1687	1946
1688	1879
1688	1930
1689	1753
1689	1774
1689	1962
1689	1969
1690	1764
1690	1791
1690	1801
1691	1751
1691	1757
1691	1775
1691	1827
1691	1977
1692	1810
1692	1890
1692	1916
1693	1718
1693	1944
1693	1980
1693	1997
1694	1801
1695	1709
1695	1799
1695	1869
1695	1957
1696	1761
1696	1917
1697	1785
1697	1874
1697	1988
1698	1726
1698	1802
1699	1773
1700	1860
1701	1704
1701	1826
1701	1859
1702	1772
1702	1822
1702	1898
1703	1773
1703	1814
1703	1883
1704	1928
1704	1992
1705	1922
1705	1998
1706	1770
1706	1826
1706	1849
1706	1919
1707	1835
1707	1886
1707	1891
1708	1751
1708	1847
1708	1979
1709	1725
1709	1784
1709	1793
1709	1819
1709	1828
1710	1713
1710	1746
1710	1763
1710	1979
1711	1785
1711	1818
1713	1733
1713	1785
1713	1809
1713	1853
1714	1966
1715	1716
1715	1764
1715	1830
1715	1975
1715	1996
1716	1743
1716	1939
1717	1844
1717	1931
1717	1947
1718	1743
1718	1795
1718	1808
1718	1834
1718	1968
1719	1724
1719	1836
1719	1883
1719	1938
1720	1857
1720	1926
1721	1783
1721	1811
1721	1873
1721	1946
1722	1786
1722	1825
1722	1896
1722	1945
1722	1989
1723	1794
1723	1820
1723	1907
1723	1953
1724	1807
1724	1890
1724	1975
1725	1869
1725	1880
1725	1883
1725	1966
1726	1961
1727	1786
1727	1832
1727	1885
1727	1996
1728	1747
1728	1769
1728	1941
1729	1767
1729	1806
1730	1872
1730	1920
1730	1963
1731	1960
1732	1788
1732	1795
1732	1805
1732	1863
1732	1900
1732	1918
1732	1994
1733	1988
1734	1758
1734	1870
1734	1947
1734	1951
1734	1953
1735	1785
1735	1847
1736	1936
1737	1945
1737	1974
1737	1994
1739	1789
1739	1883
1740	1933
1741	1834
1741	1935
1741	1936
1741	1997
1742	1793
1742	1824
1742	1967
1743	1803
1743	1940
1743	1961
1744	1841
1744	1933
1744	1968
1745	1759
1745	1848
1746	1838
1747	1822
1747	1884
1748	1851
1748	1877
1749	1895
1750	1878
1750	1971
1751	1888
1751	1986
1752	1884
1752	1988
1753	1878
1754	1931
1754	1936
1754	1943
1755	1956
1756	1813
1756	1864
1756	1917
1756	1929
1756	1947
1757	1971
1757	1972
1757	1993
1758	1788
1758	1800
1758	1937
1758	1978
1758	1988
1758	1998
1759	1766
1760	1828
1761	1777
1761	1853
1761	1923
1761	1926
1762	1977
1763	1832
1763	1925
1763	1997
1764	1807
1764	1829
1764	1868
1764	1883
1766	1826
1766	1839
1768	1867
1769	1832
1769	1899
1770	1855
1770	1908
1770	1922
1770	1927
1770	1990
1771	1944
1771	1979
1772	1854
1772	1857
1772	1860
1773	1905
1773	1915
1774	1828
1774	1834
1774	1895
1774	1898
1774	1968
1775	1780
1776	1834
1776	1907
1777	1785
1777	1843
1777	1926
1778	1813
1779	1782
1779	1944
1779	1949
1780	1881
1780	1897
1780	1935
1781	1954
1781	1989
1783	1939
1783	1955
1784	1900
1784	1908
1784	1968
1785	1839
1785	1997
1786	1819
1786	1885
1787	1791
1787	1879
1788	1789
1788	1792
1788	1844
1788	1863
1790	1926
1790	1965
1790	1978
1791	1824
1791	1859
1791	1865
1792	1864
1792	1957
1792	1985
1793	1861
1793	1905
1793	1957
1794	1944
1794	1964
1795	1863
1795	1874
1796	1877
1797	1828
1797	1829
1797	1904
1797	1946
1798	1968
1799	1919
1799	1995
1800	1809
1800	1959
1800	1967
1801	1805
1801	1806
1801	1938
1801	1970
1803	1839
1803	1892
1803	1893
1803	1912
1803	1985
1804	1851
1805	1818
1805	1845
1805	1900
1805	1980
1806	1858
1806	1875
1808	1957
1808	1978
1809	1870
1809	1918
1810	1813
1811	1905
1811	1956
1811	1969
1811	1988
1812	1865
1812	1983
1813	1931
1814	1993
1815	1913
1815	1958
1816	1835
1817	1971
1818	1974
1819	1918
1819	1990
1820	1835
1820	1838
1820	1856
1820	1926
1820	1941
1821	1968
1822	1867
1824	1835
1824	1853
1825	1869
1825	1955
1826	1828
1826	1927
1827	1921
1827	1965
1828	1864
1828	1916
1828	1940
1830	1982
1831	1918
1832	1914
1832	1949
1834	1879
1834	1977
1834	1988
1835	1837
1835	1861
1835	1924
1836	1933
1837	1875
1838	1905
1839	1998
1840	1901
1841	1903
1843	1904
1843	1912
1843	1939
1844	1861
1844	1932
1846	1856
1846	1960
1847	1881
1847	1889
1848	1968
1851	1923
1851	1956
1852	1977
1857	1899
1858	1928
1859	1899
1859	1930
1860	1955
1861	1877
1861	1933
1861	1944
1862	1876
1862	1901
1862	1962
1862	1990
1863	1951
1864	1992
1865	1875
1865	1934
1865	1938
1865	1966
1867	1868
1867	1915
1867	1917
1867	1923
1867	1925
1867	1946
1867	1948
1868	1933
1868	1947
1868	1986
1870	1888
1870	1908
1870	1947
1871	1930
1871	1934
1871	1959
1872	1881
1873	1927
1874	1944
1875	1916
1877	1893
1877	1906
1877	1981
1878	1985
1883	1911
1883	1927
1883	1969
1884	1929
1885	1997
1886	1957
1887	1931
1887	1938
1888	1956
1888	1982
1889	1915
1889	1997
1890	1953
1892	1906
1893	1922
1894	1899
1894	1957
1894	1965
1894	1997
1895	1960
1897	1906
1897	1950
1897	1973
1898	1911
1898	1964
1899	1910
1899	1945
1902	1979
1903	1942
1903	1944
1903	1951
1903	1970
1903	1990
1904	1947
1904	1999
1908	1969
1910	1990
1910	1996
1914	1923
1914	1970
1915	1991
1917	1965
1920	1977
1921	1965
1921	1999
1922	1939
1922	1972
1923	1926
1925	1957
1929	1957
1929	1997
1930	1931
1930	1933
1930	1997
1931	1940
1932	1950
1932	1966
1934	1944
1935	1985
1936	1994
1939	1990
1939	1996
1943	1987
1944	1974
1945	1963
1948	1959
1948	1977
1949	1958
1949	1973
1950	1956
1951	1962
1952	1962
1955	1966
1957	1988
1958	1980
1959	1976
1960	1966
1965	1994
1969	1997
1970	1972
1974	1975
1975	1981
1982	1989
