2000	0
0	107
0	157
0	330
0	422
0	538
0	817
0	938
1	155
1	256
1	257
1	285
1	362
1	464
1	660
1	674
1	713
1	753
1	756
2	17
2	157
2	273
2	284
2	290
2	430
2	515
2	517
2	534
2	813
2	972
2	978
3	111
3	261
3	275
3	283
3	379
3	676
3	829
3	853
3	868
3	893
3	984
4	73
4	97
4	185
4	234
4	382
4	422
4	546
4	692
4	790
4	939
5	317
5	330
5	340
5	560
5	626
5	636
5	757
5	877
5	884
5	936
5	946
6	32
6	109
6	264
6	358
6	508
6	543
6	561
6	751
6	803
6	807
6	893
6	923
7	283
7	339
7	344
7	517
7	563
7	645
7	658
7	720
7	879
7	897
7	969
7	991
8	66
8	246
8	247
8	256
8	260
8	470
8	508
8	511
8	948
9	82
9	206
9	290
9	371
9	439
9	471
9	537
9	563
9	574
9	626
9	686
9	838
9	859
9	889
10	146
10	158
10	291
10	430
10	538
10	588
10	597
10	640
10	865
10	883
10	1555
11	49
11	506
11	737
11	993
12	192
12	298
12	335
12	351
12	376
12	424
12	651
12	803
12	844
12	1903
13	21
13	77
13	143
13	167
13	231
13	290
13	427
13	454
13	461
13	478
13	589
13	620
13	623
13	669
13	711
13	854
13	963
14	91
14	155
14	169
14	389
14	448
14	717
14	842
14	912
14	934
14	993
15	26
15	193
15	196
15	232
15	271
15	434
15	473
15	485
15	555
15	562
15	667
15	696
15	734
15	872
15	923
15	977
16	17
16	106
16	117
16	243
16	303
16	408
16	560
16	744
16	887
16	892
16	907
16	977
17	203
17	277
17	360
17	387
17	441
17	483
17	633
17	768
17	819
17	930
17	1482
18	146
18	481
18	781
18	850
19	48
19	219
19	436
19	448
19	761
19	852
19	895
19	956
19	1736
20	34
20	108
20	244
20	347
20	448
20	450
20	547
20	725
20	727
21	131
21	190
21	310
21	379
21	461
21	494
21	582
21	671
21	697
21	823
21	913
21	956
21	969
21	999
22	130
22	350
22	535
22	660
22	838
23	179
23	253
23	379
23	462
23	780
23	797
24	107
24	176
24	592
24	780
24	837
24	857
24	943
24	956
24	975
25	32
25	37
25	109
25	187
25	495
25	568
25	652
25	768
25	915
26	96
26	104
26	216
26	582
26	612
26	653
26	722
26	757
27	446
27	553
27	726
27	813
28	187
28	460
28	470
28	479
28	496
28	571
28	575
28	610
28	653
28	733
28	738
28	751
28	909
29	36
29	97
29	99
29	100
29	141
29	235
29	248
29	285
29	353
29	450
29	477
29	499
29	573
29	583
29	644
29	686
29	807
30	156
30	178
30	381
30	443
30	507
30	599
30	661
30	820
30	958
31	58
31	76
31	77
31	99
31	247
31	339
31	492
32	174
32	206
32	321
32	351
32	688
32	717
32	769
32	808
32	824
32	928
32	982
32	983
33	88
33	125
33	169
33	302
33	422
33	478
33	556
33	617
33	811
33	817
33	884
33	942
33	971
33	992
34	108
34	186
34	190
34	509
34	537
34	590
34	622
34	719
34	833
34	917
34	981
34	982
35	274
35	314
35	577
35	654
35	666
35	671
35	775
35	819
35	826
36	177
36	183
36	346
36	433
36	514
36	518
36	585
36	597
36	631
36	646
36	808
36	868
37	57
37	258
37	263
37	291
37	427
37	453
37	567
37	589
37	740
37	764
37	832
37	956
37	1475
38	47
38	146
38	155
38	400
38	460
38	469
38	689
39	296
39	526
39	696
39	848
40	70
40	96
40	123
40	172
40	231
40	240
40	260
40	390
40	551
40	674
40	711
40	802
40	882
40	909
40	944
41	327
41	535
41	710
41	765
41	769
41	774
41	841
41	891
41	990
42	179
42	280
42	323
42	342
42	463
42	667
42	684
42	865
42	983
43	178
43	275
43	898
43	962
43	1413
44	99
44	216
44	420
44	460
44	545
44	738
44	779
44	800
44	836
44	927
45	89
45	136
45	342
45	415
45	445
45	575
45	668
45	950
45	955
45	963
46	113
46	170
46	386
46	527
46	539
46	585
46	589
46	643
46	664
46	675
46	759
46	855
46	937
46	946
47	412
47	441
47	451
47	477
47	535
47	616
48	262
48	377
48	399
48	603
48	612
48	625
48	643
48	653
48	687
48	1279
49	142
49	195
49	252
49	373
49	526
49	542
49	730
49	766
49	770
49	799
49	990
50	180
50	283
50	418
50	473
50	523
50	525
50	593
50	749
50	765
50	808
50	864
51	56
51	277
51	281
51	347
51	379
51	564
51	597
51	741
51	767
51	965
51	972
52	72
52	294
52	375
52	380
52	448
52	615
52	741
53	138
53	169
53	304
53	319
53	327
53	402
53	512
53	515
53	724
53	781
53	840
53	974
54	80
54	85
54	213
54	424
54	607
54	738
54	766
55	147
55	225
55	421
55	492
55	596
55	658
55	680
55	793
56	135
56	546
56	643
56	762
56	834
56	946
57	459
57	471
57	571
57	586
57	755
57	870
58	112
58	132
58	187
58	238
58	295
58	476
58	752
58	824
58	893
59	71
59	173
59	175
59	183
59	349
59	415
59	446
59	488
59	650
59	854
59	892
60	223
60	231
60	328
60	331
60	387
60	395
60	426
60	566
60	590
60	642
60	700
60	814
60	961
60	1839
61	100
61	137
61	366
61	441
61	625
61	724
61	734
61	798
61	1566
62	219
62	228
62	233
62	250
62	273
62	421
62	458
62	835
62	903
63	98
63	123
63	184
63	345
63	490
63	522
63	594
63	698
63	726
63	968
63	973
64	146
64	265
64	322
64	423
64	535
64	550
64	588
64	795
65	219
65	319
65	485
65	487
65	504
65	521
65	552
65	662
65	722
65	961
65	982
66	89
66	295
66	390
66	400
66	432
66	593
66	608
66	740
66	858
66	891
66	897
66	906
66	926
67	419
67	449
67	582
67	893
67	981
68	80
68	118
68	262
68	280
68	289
68	294
68	481
68	771
68	979
69	214
69	283
69	320
69	353
69	362
69	715
69	738
69	906
70	351
70	395
70	525
70	623
70	638
71	270
71	368
71	371
71	500
71	585
71	735
71	915
71	946
72	117
72	231
72	295
72	764
72	784
72	857
73	139
73	146
73	403
73	418
73	427
73	506
73	616
73	661
73	750
73	763
73	796
73	948
74	456
74	738
74	936
75	126
75	139
75	388
75	503
75	579
75	596
75	619
75	726
75	826
75	877
75	976
76	124
76	182
76	252
76	263
76	287
76	333
76	338
76	437
76	691
76	759
76	788
76	805
76	864
76	973
77	207
77	360
77	488
77	532
77	764
77	813
77	835
77	876
77	896
78	239
78	258
78	283
78	379
78	945
79	161
79	190
79	222
79	277
79	356
79	388
79	409
79	433
79	525
79	643
79	682
79	701
79	946
79	997
80	309
80	310
80	328
80	358
80	369
80	379
80	396
80	424
80	588
80	597
80	668
80	676
80	706
80	740
80	743
80	827
81	312
81	395
81	396
81	436
81	554
81	694
81	753
81	868
81	879
82	148
82	254
82	366
82	381
82	494
82	548
82	627
82	633
82	685
82	688
82	750
82	779
82	931
82	1203
83	231
83	246
83	399
83	478
83	502
83	734
83	792
83	988
84	144
84	155
84	258
84	355
84	486
84	606
84	836
84	922
84	942
84	945
85	104
85	118
85	162
85	253
85	269
85	316
85	352
85	479
85	576
85	828
85	854
86	149
86	167
86	179
86	412
86	561
86	591
86	601
86	813
86	830
86	856
86	957
86	960
87	88
87	469
87	649
87	790
87	810
87	969
88	546
88	653
88	678
88	690
88	794
88	865
88	896
88	925
89	115
89	283
89	311
89	525
89	577
89	632
89	763
89	778
89	823
89	841
89	1867
90	438
90	524
90	646
90	676
90	925
90	1607
91	112
91	531
91	745
91	758
91	828
91	877
91	896
92	278
92	305
92	400
92	411
92	589
92	602
92	860
92	910
92	936
93	190
93	195
93	227
93	324
93	358
93	388
93	608
93	701
93	813
93	826
93	845
93	856
93	992
94	202
94	297
94	309
94	315
94	512
94	576
94	619
94	669
94	708
94	859
94	940
94	966
94	980
95	256
95	396
95	406
95	466
95	623
95	927
95	960
96	129
96	289
96	347
96	360
96	415
96	589
96	884
96	961
97	110
97	175
97	179
97	190
97	216
97	248
97	303
97	394
97	436
97	468
97	671
97	725
97	734
97	736
97	841
97	869
97	968
98	136
98	288
98	302
98	424
98	459
98	564
98	808
98	929
99	109
99	211
99	296
99	309
99	356
99	546
99	646
99	719
99	843
99	950
99	980
100	222
100	237
100	254
100	364
100	394
100	459
100	988
101	304
101	344
101	469
101	593
101	602
101	673
101	841
101	982
102	179
102	233
102	376
102	693
102	874
102	900
102	906
102	962
103	115
103	217
103	221
103	246
103	280
103	371
103	383
103	433
103	623
103	808
103	861
103	903
104	218
104	373
104	499
104	512
104	528
104	602
104	759
104	802
104	834
104	868
105	147
105	188
105	274
105	296
105	389
105	458
105	562
105	663
105	670
105	700
105	733
105	783
105	992
106	213
106	455
106	510
106	740
106	807
106	952
107	256
107	293
107	456
107	488
107	525
107	605
107	620
107	776
107	951
107	954
107	1276
108	331
108	544
108	617
108	706
108	957
108	968
109	122
109	144
109	149
109	206
109	258
109	326
109	431
109	443
109	491
109	560
109	611
109	630
109	716
109	970
109	1323
110	120
110	204
110	491
110	510
110	713
110	1325
111	147
111	266
111	461
111	528
111	581
111	602
111	835
111	919
111	1975
112	302
112	338
112	507
112	750
112	753
112	789
112	943
112	972
113	206
113	291
113	296
113	418
113	465
113	501
113	504
113	607
113	657
113	727
113	884
114	143
114	184
114	204
114	255
114	333
114	527
114	616
114	766
114	921
115	211
115	413
115	427
115	682
115	739
115	767
115	814
115	883
115	922
115	930
115	969
115	979
116	224
116	411
116	545
116	813
116	837
116	963
116	1269
117	118
117	254
117	395
117	462
117	577
117	662
117	743
117	785
117	870
117	890
118	249
118	272
118	552
118	654
118	669
118	776
118	861
118	991
119	159
119	174
119	192
119	201
119	416
119	456
119	517
119	621
119	797
119	801
119	874
119	945
119	954
120	194
120	354
120	422
120	454
120	637
120	813
121	160
121	162
121	253
121	363
121	468
121	528
121	622
121	655
121	809
121	818
121	865
121	922
121	959
122	140
122	171
122	289
122	293
122	414
122	442
122	584
122	645
122	862
122	889
122	949
122	951
122	973
122	1747
123	176
123	194
123	560
123	722
123	733
123	749
124	132
124	172
124	451
124	560
124	585
124	853
124	863
124	889
124	968
124	995
125	165
125	169
125	219
125	361
125	366
125	423
125	434
125	597
125	634
125	696
125	821
125	868
125	893
125	932
125	940
126	213
126	286
126	299
126	319
126	344
126	399
126	447
126	474
126	655
126	864
126	921
126	953
127	332
127	632
127	703
127	800
127	819
127	898
127	938
128	187
128	220
128	391
128	458
128	541
128	634
128	682
129	130
129	143
129	217
129	219
129	399
129	406
129	421
129	491
129	633
130	298
130	369
130	397
130	399
130	472
130	477
130	658
130	842
130	903
130	960
130	1188
131	233
131	286
131	392
131	449
131	609
131	737
131	767
131	820
131	823
131	989
132	396
132	441
132	629
132	793
132	1223
133	262
133	292
133	347
133	421
133	472
133	479
133	519
133	625
133	862
133	1337
134	282
134	409
134	540
134	600
134	646
134	770
134	869
134	960
134	968
135	458
135	517
135	551
135	729
135	787
135	889
135	948
135	1511
136	238
136	329
136	358
136	533
136	946
137	173
137	226
137	339
137	487
137	501
137	514
137	559
137	668
137	748
137	933
137	1356
138	274
138	276
138	320
138	448
138	458
138	482
138	491
138	616
138	647
138	668
138	755
138	956
138	957
139	268
139	271
139	302
139	589
139	624
139	727
139	761
140	149
140	183
140	199
140	287
140	507
140	522
140	536
140	614
140	698
140	936
140	949
140	961
141	266
141	465
141	471
141	615
141	661
141	848
142	168
142	276
142	317
142	493
142	579
142	714
142	917
142	926
142	972
143	373
143	437
143	452
143	521
143	583
143	724
143	763
143	865
143	973
144	190
144	330
144	353
144	470
144	486
144	635
144	669
144	804
144	972
145	427
145	515
145	555
145	573
145	772
145	870
145	884
145	930
146	148
146	405
146	495
146	757
146	762
146	954
147	222
147	233
147	435
147	491
147	500
147	609
147	738
147	809
147	918
148	149
148	151
148	207
148	297
148	327
148	468
148	480
149	555
149	562
149	858
149	971
149	1896
150	159
150	248
150	538
150	781
150	804
150	949
150	964
150	966
151	218
151	258
151	523
151	526
151	987
152	211
152	264
152	319
152	397
152	466
152	500
152	510
152	512
152	520
152	723
152	767
153	253
153	296
153	343
153	400
153	526
153	618
153	620
153	675
153	699
153	824
153	825
153	986
154	255
154	274
154	283
154	410
154	417
154	542
154	801
155	288
155	431
155	479
155	650
155	852
155	854
156	169
156	246
156	618
156	710
156	800
156	825
156	908
156	921
157	174
157	181
157	224
157	410
157	447
157	476
157	506
157	599
157	719
157	747
157	749
157	849
157	870
158	168
158	203
158	353
158	492
158	567
158	826
159	650
159	673
159	708
159	719
159	769
159	878
160	236
160	783
160	912
160	950
160	981
161	224
161	323
161	392
161	406
161	426
161	444
161	656
161	718
161	756
161	798
161	866
161	884
162	276
162	288
162	300
162	432
162	551
162	574
162	676
162	954
163	531
163	550
163	555
163	660
163	700
163	779
163	807
163	815
163	904
163	950
163	963
164	198
164	236
164	302
164	365
164	443
164	513
164	795
164	835
164	928
164	958
165	442
165	556
165	725
165	761
165	816
165	833
166	219
166	228
166	414
166	416
166	598
166	605
166	666
166	771
166	831
166	953
167	224
167	245
167	289
167	571
167	622
167	653
167	866
167	927
167	961
167	970
168	191
168	192
168	327
168	484
168	665
168	676
168	693
168	924
168	999
169	177
169	229
169	367
169	455
169	595
169	701
169	937
169	975
170	233
170	289
170	365
170	408
170	618
170	704
170	841
170	909
170	988
170	995
171	253
171	342
171	533
171	785
171	832
171	917
172	183
172	353
172	651
172	753
172	814
172	1911
173	176
173	182
173	461
173	486
173	503
173	817
173	843
173	981
174	175
174	317
174	435
174	911
174	965
174	974
174	976
175	230
175	339
175	432
175	528
175	920
175	945
176	362
176	523
176	609
176	643
176	897
176	938
177	253
177	290
177	332
177	358
177	392
177	697
177	759
177	988
178	208
178	214
178	234
178	246
178	483
178	584
178	614
178	631
178	726
179	279
179	485
179	543
179	572
179	573
179	686
179	879
180	336
180	601
180	709
180	959
181	199
181	267
181	364
181	503
181	523
181	633
181	721
181	743
182	346
182	369
182	638
182	687
182	725
182	736
182	932
182	969
182	985
182	1857
183	195
183	257
183	286
183	403
183	436
183	843
183	881
183	887
183	892
183	925
183	995
184	654
184	760
184	802
184	805
184	862
184	958
184	1447
185	231
185	268
185	352
185	473
185	605
185	901
186	269
186	289
186	321
186	452
186	864
186	914
186	919
186	987
187	254
187	577
187	607
187	612
187	707
187	758
187	958
188	393
188	469
188	502
189	304
189	306
189	335
189	365
189	493
189	645
189	650
189	694
189	697
189	819
189	823
189	864
189	991
190	233
190	504
190	543
191	256
191	285
191	387
191	412
191	582
191	648
191	733
192	269
192	293
192	441
192	762
192	832
192	896
192	911
192	956
192	991
193	209
193	231
193	349
193	501
193	600
193	817
193	818
193	885
193	970
193	1919
194	245
194	468
194	515
194	567
194	697
194	743
194	944
195	280
195	288
195	386
195	673
195	702
195	720
195	887
195	932
195	964
196	214
196	305
196	372
196	435
196	658
196	915
196	918
196	1337
197	209
197	522
197	615
197	812
197	970
197	996
198	209
198	223
198	260
198	275
198	303
198	389
198	396
198	436
198	472
198	473
198	523
198	604
198	736
198	788
198	849
198	861
199	307
199	329
199	437
199	520
199	546
199	662
199	752
199	792
199	835
199	994
200	213
200	240
200	433
200	455
200	479
200	601
200	605
200	657
200	661
200	688
200	824
200	943
201	437
201	586
201	680
201	857
202	276
202	291
202	309
202	500
202	509
202	516
202	519
202	679
202	690
202	743
203	286
203	345
203	408
203	469
203	490
203	498
203	531
203	552
203	586
203	665
203	732
203	826
203	850
204	337
204	416
204	463
204	631
204	762
204	800
204	878
205	323
205	345
205	440
205	478
205	518
205	755
205	791
205	858
206	281
206	542
206	709
206	742
206	824
206	836
206	906
206	969
206	970
207	263
207	345
207	347
207	370
207	591
207	640
207	820
207	827
207	896
207	1522
208	216
208	245
208	267
208	276
208	308
208	344
208	531
208	609
208	691
208	737
208	953
209	229
209	344
209	469
209	658
209	702
209	843
209	923
210	278
210	593
210	704
210	792
211	301
211	329
211	406
211	481
211	593
211	722
211	778
212	340
212	371
212	555
212	823
212	944
213	253
213	523
213	562
213	609
213	640
213	695
213	785
214	707
214	717
214	771
214	781
214	829
214	946
215	287
215	338
215	360
215	362
215	512
215	704
215	743
215	891
215	893
215	1616
216	284
216	359
216	521
216	621
216	651
216	741
216	788
216	928
217	236
217	311
217	459
217	460
217	465
217	471
217	567
217	595
217	768
217	815
217	953
218	221
218	233
218	250
218	296
218	493
218	603
218	976
219	308
219	339
219	777
219	870
219	932
219	938
219	951
219	974
220	266
220	397
220	532
220	672
220	728
220	739
220	785
220	887
220	911
220	919
221	283
221	321
221	437
221	488
221	605
221	708
221	747
221	773
221	895
222	546
222	549
222	686
222	720
222	812
222	860
222	891
222	968
223	549
223	949
223	970
224	383
224	650
224	680
224	849
225	323
225	522
225	524
225	597
225	653
225	747
225	796
225	813
225	824
225	861
225	1615
226	392
226	656
226	676
226	677
226	749
226	838
226	958
227	327
227	332
227	415
227	452
227	457
227	467
227	468
227	524
227	569
227	572
227	625
227	793
227	864
228	242
228	474
228	710
228	761
228	841
228	861
228	919
229	430
229	505
229	656
229	768
229	822
229	986
230	277
230	310
230	691
230	928
230	973
231	507
231	540
231	614
231	712
231	925
232	317
232	391
232	451
232	467
232	624
232	738
232	833
232	998
233	415
233	433
233	434
233	508
233	511
233	584
233	858
233	923
233	995
234	684
234	1459
235	307
235	356
235	458
235	512
235	572
235	591
235	766
235	839
235	855
235	859
236	327
236	350
236	370
236	512
236	522
237	319
237	358
237	375
237	493
237	528
237	655
237	762
237	815
237	908
238	239
238	267
238	539
238	563
238	616
238	797
238	803
238	821
238	980
239	260
239	273
239	401
239	504
239	815
239	862
239	960
240	457
240	468
240	482
240	628
240	913
240	927
240	958
240	959
240	988
241	670
241	727
241	783
241	794
241	804
241	852
241	942
242	346
242	474
242	558
242	612
242	714
242	764
242	828
242	955
243	257
243	258
243	317
243	348
243	363
243	415
243	472
243	479
243	483
243	529
243	787
243	892
243	909
243	914
243	939
243	960
244	253
244	330
244	360
244	604
244	650
244	753
244	876
245	402
245	473
245	514
245	530
245	605
245	656
245	669
245	832
245	932
245	989
246	255
246	394
246	406
246	473
246	585
246	768
246	775
246	813
246	899
246	978
246	999
246	1589
247	335
247	459
247	603
247	681
247	875
247	939
247	950
247	1898
248	383
248	642
248	660
248	714
248	748
248	876
248	916
248	958
248	1086
249	308
249	464
249	481
249	550
249	622
249	677
249	723
249	871
249	991
250	257
250	511
250	598
250	658
250	741
250	845
250	855
250	858
250	871
250	872
251	259
251	474
251	658
251	757
251	761
251	793
251	850
251	873
251	943
251	1594
252	268
252	585
252	769
252	957
252	961
252	1902
253	493
253	537
253	606
253	704
253	737
253	778
253	823
253	892
253	926
253	936
254	732
254	747
254	784
254	824
255	398
255	438
255	609
255	710
255	770
255	832
255	936
256	280
256	455
256	503
256	583
256	657
256	715
256	823
256	891
257	287
257	543
257	645
257	674
257	702
257	770
257	787
257	802
258	333
258	447
258	765
258	787
258	920
258	995
259	304
259	387
259	588
259	625
259	626
259	649
259	707
259	900
259	925
259	957
260	388
260	416
260	473
260	670
260	678
260	814
260	882
261	283
261	314
261	343
261	490
261	556
261	651
261	691
261	695
261	698
261	716
261	790
261	868
262	269
262	396
262	425
262	464
262	580
262	684
262	715
262	839
262	869
262	958
263	361
263	385
263	496
263	519
263	586
263	647
263	684
263	996
264	287
264	299
264	324
264	403
264	535
264	623
264	681
264	719
264	859
264	874
264	901
264	945
265	351
265	363
265	497
265	550
265	664
265	705
265	723
265	796
266	385
266	572
266	665
266	715
266	725
266	829
266	977
266	999
267	469
267	542
267	667
267	701
267	707
267	793
267	829
267	871
268	443
268	459
268	592
268	859
268	902
269	302
269	305
269	495
269	504
269	520
269	639
269	670
269	759
269	890
269	914
269	973
270	271
270	339
270	408
270	505
270	519
270	551
270	588
270	671
270	704
270	820
270	964
271	311
271	357
271	395
271	485
271	711
271	731
271	854
271	862
271	903
271	945
272	293
272	480
272	538
272	613
272	660
272	752
272	764
272	829
272	833
273	280
273	415
273	421
273	535
273	538
273	744
274	292
274	411
274	556
274	579
274	628
274	674
274	752
274	994
275	380
275	413
275	757
275	993
275	1678
276	318
276	338
276	385
276	598
276	901
277	345
277	446
277	452
277	464
277	554
277	626
277	676
277	785
277	807
277	830
278	302
278	335
278	392
278	399
278	480
278	544
278	661
278	828
278	842
278	845
278	945
278	957
278	967
279	398
279	558
279	623
279	705
279	992
280	399
280	423
280	473
280	684
280	742
280	815
280	837
280	1355
281	429
281	447
281	493
281	746
281	757
281	885
281	935
282	449
282	467
282	498
282	508
282	602
282	645
282	653
282	678
282	782
282	912
282	929
283	389
283	490
283	761
283	867
284	451
284	672
284	844
284	865
284	963
285	292
285	295
285	300
285	315
285	399
285	406
285	425
285	462
285	537
285	588
285	622
285	661
285	756
285	828
285	850
286	321
286	417
286	484
286	752
286	766
286	853
286	970
286	986
287	457
287	512
287	525
287	526
287	904
288	295
288	317
288	346
288	380
288	486
288	778
288	801
288	952
289	296
289	389
289	433
289	558
289	581
289	676
289	763
289	919
290	322
290	452
290	527
290	535
290	725
290	874
290	911
290	942
291	442
291	776
291	811
291	872
291	899
291	942
292	310
292	346
292	580
292	1387
293	357
293	524
293	611
293	619
293	760
293	767
293	847
294	306
294	367
294	407
294	627
294	682
294	753
294	834
295	474
295	617
295	646
295	686
295	729
296	321
296	363
296	422
296	454
296	487
296	540
296	616
296	759
296	810
296	891
296	1074
297	430
298	315
298	451
298	521
298	530
298	563
298	745
298	901
298	907
298	961
299	320
299	321
299	537
299	630
299	654
299	712
300	377
300	901
300	907
300	918
301	329
301	539
301	570
301	586
301	599
301	689
301	911
301	986
302	447
302	551
302	652
302	674
302	717
302	776
302	797
302	913
302	922
302	962
302	1819
303	339
303	344
303	470
303	621
303	638
303	687
303	719
303	789
303	976
304	607
304	692
304	776
304	983
304	991
304	997
304	1918
305	383
305	738
305	792
305	796
305	894
306	560
306	625
306	649
306	740
306	741
306	761
306	830
306	841
306	915
307	357
307	443
307	787
307	973
308	309
308	395
308	605
308	664
308	718
308	836
308	903
308	974
308	979
309	636
309	688
309	707
309	855
309	962
310	338
310	363
310	377
310	690
310	887
310	920
311	464
311	498
311	632
311	707
311	712
311	908
311	947
311	976
312	446
312	473
312	614
313	334
313	369
313	577
313	748
314	417
314	483
314	549
314	579
314	764
314	868
314	947
314	1727
315	348
315	485
315	513
315	745
315	778
315	822
315	931
316	385
316	492
316	811
316	931
317	326
317	345
317	382
317	563
317	671
317	856
317	862
317	977
318	578
318	713
318	750
319	422
319	554
319	578
319	592
319	722
319	1334
320	343
320	398
320	405
320	406
320	519
320	525
320	638
320	711
320	729
320	731
320	755
320	994
321	359
321	362
321	373
321	438
321	474
321	477
321	798
322	368
322	457
322	483
322	505
322	778
322	890
322	967
323	402
323	444
323	692
323	785
323	859
324	501
324	590
324	855
324	1312
325	508
325	556
325	694
325	790
325	797
325	832
325	861
325	920
325	1281
326	411
326	514
326	557
326	798
326	803
326	847
327	332
327	468
327	741
327	822
327	841
327	865
328	455
328	569
328	599
328	766
328	793
328	862
328	924
328	930
328	971
329	354
329	531
329	573
329	681
329	706
329	917
329	965
329	979
330	440
330	490
330	563
330	657
330	899
330	946
331	437
331	514
331	560
331	595
331	804
331	869
331	954
332	351
332	357
332	441
332	652
332	655
332	720
332	948
332	969
332	979
333	382
333	498
333	502
333	530
333	573
333	577
333	610
333	674
333	919
334	538
334	552
334	642
334	658
334	919
335	619
335	689
335	716
335	806
335	833
335	937
335	974
336	386
336	489
336	567
336	678
336	878
336	908
336	921
337	376
337	416
337	483
337	549
337	553
337	839
337	842
337	892
337	912
338	406
338	498
338	597
338	647
338	689
338	730
338	782
338	887
339	452
339	525
339	616
339	659
339	754
339	802
339	993
340	434
340	447
340	466
340	503
340	508
340	545
340	548
340	648
340	692
340	885
341	430
341	711
341	1578
342	437
342	463
342	494
342	595
342	655
342	737
342	755
342	774
342	799
342	993
343	374
343	389
343	597
343	952
344	503
344	532
344	774
344	779
344	907
344	942
345	352
345	624
345	693
345	751
345	888
345	904
346	385
346	418
346	424
346	530
346	791
346	833
347	401
347	458
347	542
347	917
347	920
348	487
348	505
348	543
348	651
348	655
348	656
348	716
348	789
348	843
348	859
348	921
348	969
349	453
349	525
349	567
349	568
349	673
349	796
349	806
349	816
350	351
350	403
350	519
350	554
350	744
350	810
350	866
350	954
351	480
351	536
351	664
351	799
351	845
351	886
351	992
351	1442
352	389
352	416
352	427
352	611
352	637
352	670
352	817
352	872
352	882
352	928
353	356
353	436
353	543
353	645
353	870
354	601
354	637
354	712
354	873
354	988
355	358
355	431
355	523
355	634
355	789
356	460
356	609
356	807
356	920
356	937
356	961
356	982
357	544
357	581
357	585
357	739
357	817
357	889
358	401
358	475
358	598
358	618
358	654
358	662
358	781
358	892
358	1472
359	409
359	611
359	739
359	787
359	910
360	476
360	539
360	595
360	781
360	840
361	405
361	510
361	659
361	710
361	794
362	633
362	660
362	667
363	374
363	996
364	484
364	530
364	683
364	769
365	435
365	478
365	545
365	609
365	690
365	774
365	784
365	849
365	951
365	957
365	999
366	685
366	726
366	734
366	860
367	369
367	613
367	825
367	899
367	983
368	755
368	777
368	797
368	846
368	886
368	908
369	400
369	479
369	805
369	973
370	509
370	542
370	663
370	681
370	848
370	1524
371	495
371	569
371	696
371	710
371	961
371	964
372	461
372	462
372	557
372	653
373	513
373	823
373	838
374	700
374	727
374	757
374	901
374	948
375	604
375	826
375	911
375	945
375	969
376	464
376	621
376	778
376	863
376	920
376	945
376	950
376	983
377	385
377	414
377	504
377	695
377	844
377	853
378	468
378	469
378	483
378	742
378	814
378	1037
379	384
379	542
379	619
379	636
379	661
380	685
380	788
380	802
380	865
380	909
381	550
381	963
382	451
382	505
382	518
382	782
382	831
382	894
383	384
383	547
383	607
383	616
383	653
383	661
383	831
383	985
384	390
384	500
384	716
384	724
384	727
384	748
385	481
385	789
385	860
385	931
385	984
386	425
386	434
386	457
386	475
386	490
386	557
386	567
386	581
386	617
386	754
386	782
386	807
386	919
386	924
386	953
387	433
387	454
387	596
387	815
387	919
388	499
388	709
388	1283
389	404
389	587
389	657
389	697
389	766
390	550
390	573
390	646
391	830
391	999
392	559
392	702
392	718
392	820
392	909
392	954
393	522
393	554
393	593
393	889
393	899
393	972
394	428
394	543
394	650
394	1394
395	502
395	533
395	600
395	630
395	656
395	677
395	820
395	910
396	524
396	559
396	679
396	747
396	826
397	402
397	456
397	507
397	553
397	718
397	778
397	832
397	957
398	717
398	782
398	784
398	920
398	959
399	480
399	519
399	549
399	617
399	640
399	752
399	932
400	410
400	616
400	658
400	788
400	990
401	526
401	695
401	772
401	782
401	980
402	458
402	501
402	570
402	681
402	779
402	881
402	961
403	752
403	843
403	891
403	978
404	509
404	544
404	807
404	942
404	950
404	985
405	473
405	499
405	522
405	631
405	670
405	967
405	996
406	589
406	627
406	646
406	660
406	692
406	883
407	442
407	805
407	921
408	472
408	478
408	650
408	700
409	641
409	710
409	802
409	862
410	459
410	482
410	651
410	678
410	684
410	771
410	830
410	877
411	435
411	628
411	635
411	645
411	669
411	754
411	776
411	851
411	857
411	859
411	906
411	964
412	469
412	577
412	684
412	762
412	943
412	975
413	590
413	635
413	841
413	931
413	974
414	523
414	684
414	691
414	797
414	834
414	971
415	467
415	771
415	784
415	805
415	826
415	997
416	446
416	508
416	525
416	610
416	635
416	945
416	952
416	1599
417	503
417	538
417	858
417	910
417	960
417	974
418	438
418	615
418	672
418	681
418	778
418	784
418	1938
419	429
419	563
419	849
419	881
420	546
420	587
420	631
420	750
420	894
421	515
421	776
421	844
421	973
422	465
422	497
422	553
422	555
422	570
422	608
422	651
422	652
423	474
423	748
423	843
423	856
423	988
424	471
424	517
424	567
424	607
424	946
424	988
424	1474
425	728
425	921
426	459
426	511
426	543
426	554
426	627
426	717
426	953
426	972
427	480
427	592
427	724
427	911
427	966
428	525
428	545
428	866
428	997
429	447
429	619
429	654
429	695
429	736
429	851
429	872
429	884
429	932
429	978
430	502
430	545
430	597
430	722
430	801
430	832
430	907
431	645
431	802
431	922
431	940
432	523
432	758
432	856
432	914
432	993
433	889
433	921
434	469
434	532
434	549
434	558
434	560
434	886
434	898
435	552
435	790
435	799
435	1400
436	475
436	750
436	849
437	550
437	610
437	643
437	761
437	789
437	805
437	806
437	829
437	938
438	447
438	468
438	481
438	530
438	718
439	590
439	736
439	751
439	823
439	855
439	976
439	1879
440	507
440	598
440	713
440	732
440	745
440	814
440	850
441	517
441	654
441	701
441	704
441	778
441	930
442	624
442	665
442	688
442	834
442	835
442	979
443	519
443	624
443	898
443	921
443	990
444	494
444	510
444	527
444	772
444	800
444	801
445	679
446	566
446	641
446	945
447	510
447	569
447	605
447	748
447	938
447	1098
448	500
448	528
448	530
448	547
448	552
448	573
448	718
448	719
448	821
448	1333
449	512
449	522
449	631
449	933
450	486
450	491
450	506
450	568
450	600
450	721
451	533
451	709
451	978
451	979
452	532
452	535
452	603
452	631
452	634
452	653
452	852
452	897
453	670
453	699
453	740
453	925
453	960
454	510
454	696
454	743
454	752
454	777
455	505
455	621
455	647
455	826
456	476
456	600
456	664
456	682
456	683
457	639
457	775
457	787
457	815
458	653
458	710
458	853
458	1164
459	504
459	797
459	848
459	867
459	915
460	545
460	567
460	737
460	883
460	962
460	963
461	636
461	692
461	851
461	951
461	987
462	553
462	708
462	942
462	986
463	512
463	628
463	690
463	836
463	977
464	565
464	573
464	759
464	790
464	820
464	822
464	862
464	998
465	754
465	916
466	580
466	828
466	925
466	931
467	469
467	529
467	556
467	590
467	621
467	846
467	865
467	873
467	903
468	485
468	532
468	612
468	862
468	880
468	907
468	994
469	589
469	689
469	751
469	847
469	876
470	474
470	505
470	635
471	491
471	587
471	664
471	817
471	827
471	895
472	509
472	719
472	901
472	1143
473	564
473	791
473	792
473	844
473	856
473	894
473	1493
473	1585
474	528
474	530
474	613
474	708
474	729
474	855
474	979
474	992
475	582
475	601
475	700
475	845
475	875
475	890
476	502
476	648
476	697
476	739
476	815
476	850
476	909
477	491
477	760
477	777
478	502
478	647
478	685
478	759
478	993
478	995
479	641
479	790
479	815
479	818
479	867
479	881
480	489
480	525
480	561
480	604
480	738
480	840
480	854
480	860
480	988
481	526
481	789
481	886
481	971
481	976
482	652
482	917
482	947
483	773
483	803
483	832
484	1374
485	563
485	714
485	748
485	783
485	800
485	863
485	974
485	1272
486	603
486	620
486	656
486	953
487	504
487	593
487	621
487	714
487	740
487	785
487	868
487	897
488	604
488	797
488	893
488	961
489	544
489	685
489	692
489	716
489	795
489	856
489	899
489	940
490	496
490	515
490	758
490	760
490	903
490	957
490	989
491	495
491	614
491	639
491	651
491	657
491	677
491	698
491	720
491	766
491	883
491	915
491	938
491	960
491	968
492	595
492	618
492	638
492	673
492	782
492	846
492	869
492	900
492	1439
492	1700
493	724
493	800
493	804
493	948
493	984
494	635
494	983
495	933
496	641
496	879
497	683
497	737
497	860
497	913
498	510
498	640
498	734
498	758
498	814
499	533
499	553
499	567
499	794
499	834
499	873
499	894
500	675
500	707
500	738
500	745
500	803
500	816
500	945
501	545
501	715
501	866
501	967
502	614
502	654
502	672
502	750
502	886
502	890
502	971
503	575
503	581
503	667
503	700
503	777
503	801
504	524
504	773
504	911
504	921
504	927
505	623
505	654
505	802
505	837
505	840
505	922
505	930
505	988
505	1122
506	589
506	656
506	727
506	826
506	942
506	970
506	978
507	805
507	867
507	893
507	909
508	515
508	670
508	785
508	804
508	858
508	903
508	915
508	925
508	985
509	514
509	533
509	591
509	737
509	741
509	877
510	543
510	645
510	681
510	719
510	753
510	811
510	854
510	912
510	943
511	514
511	651
511	873
511	905
511	945
512	627
512	677
512	725
512	947
513	516
513	578
513	692
513	701
513	724
513	839
513	937
513	979
514	631
514	826
515	619
515	884
515	932
516	519
516	548
516	615
516	664
516	852
516	867
516	990
517	821
517	924
517	957
517	991
518	527
518	574
518	586
518	652
518	713
518	736
518	756
518	813
518	830
519	561
519	565
519	727
519	842
519	899
519	943
520	610
520	682
520	708
520	740
520	941
521	676
521	694
521	764
521	797
522	566
522	720
522	795
522	839
522	914
523	714
523	725
523	765
523	776
523	848
523	981
524	689
524	709
524	760
524	789
524	881
524	948
524	998
525	531
525	578
525	683
525	871
526	747
526	846
526	863
526	868
526	901
526	924
527	587
527	593
527	649
527	702
527	884
527	970
528	694
528	926
528	948
528	1684
529	535
529	665
529	694
529	711
529	808
529	948
530	561
530	586
530	704
530	717
530	978
531	571
531	890
531	908
532	793
532	862
532	900
532	992
532	994
533	654
533	730
533	966
534	558
534	597
534	681
534	707
534	724
534	749
534	967
535	703
535	720
535	831
535	930
535	989
537	821
537	885
537	899
537	951
537	957
537	965
537	1094
538	664
538	934
539	759
539	784
539	839
540	719
540	882
540	907
541	819
541	837
541	935
541	979
542	584
542	749
542	941
542	997
543	564
543	689
543	773
543	864
543	889
543	921
543	943
543	995
544	635
544	657
544	764
544	805
544	915
545	550
545	606
545	650
545	659
545	693
545	694
545	780
545	782
545	796
545	903
545	956
545	992
546	572
546	582
546	669
547	596
547	924
547	946
547	988
548	549
548	615
548	876
548	903
548	967
548	974
549	569
549	592
549	624
549	740
549	887
549	987
550	658
550	678
550	733
550	800
550	899
550	959
552	638
552	721
552	759
552	861
552	901
552	917
552	963
552	983
553	619
553	902
554	635
554	691
554	732
554	870
554	891
555	630
555	808
555	845
555	980
556	702
556	754
556	915
557	590
557	609
557	721
557	739
557	894
557	900
557	946
557	963
557	1346
558	615
558	630
558	926
558	948
559	581
559	637
559	658
559	711
559	771
559	794
559	959
559	991
560	568
560	796
560	888
561	668
561	711
561	774
561	839
561	866
562	642
562	722
562	805
562	873
562	904
562	938
563	738
563	748
563	859
563	864
564	657
564	678
564	758
564	759
564	848
564	886
564	899
565	647
565	887
565	896
565	932
566	718
566	734
566	764
566	776
566	984
567	693
567	709
567	740
567	747
567	841
567	881
568	773
568	994
569	631
569	880
569	983
569	995
570	600
570	775
570	814
570	826
570	851
570	976
571	588
571	598
571	710
571	787
571	971
572	660
572	736
572	895
572	901
573	591
573	673
573	859
573	895
573	904
573	912
573	920
573	1305
574	614
574	783
574	909
574	943
574	984
575	615
575	647
575	660
575	868
575	909
575	941
576	647
576	666
576	719
576	771
576	848
577	583
577	590
577	673
577	903
578	775
578	833
578	912
578	991
579	826
580	610
580	869
580	994
582	638
582	724
582	765
582	798
583	612
583	616
583	645
583	677
583	733
583	806
583	964
585	637
585	763
586	721
586	726
586	783
586	904
587	896
587	939
587	973
588	728
588	815
588	990
589	660
589	675
589	722
589	805
589	842
589	848
589	894
590	658
590	874
590	890
590	943
591	609
591	644
591	697
591	725
591	801
591	828
591	840
592	697
592	718
592	781
592	792
592	955
593	650
593	706
593	793
593	967
594	608
594	618
594	656
594	740
594	870
595	888
595	946
596	760
596	775
596	787
596	792
596	799
596	870
596	970
597	675
597	728
597	791
597	820
597	849
597	862
598	782
598	792
598	867
598	901
598	929
598	941
598	972
598	978
599	613
599	811
599	881
600	684
600	700
600	751
600	827
601	739
601	770
601	876
601	922
601	940
602	639
602	654
602	793
602	828
602	855
602	1851
603	615
603	617
603	683
603	728
603	799
603	860
603	1740
604	696
604	871
604	952
605	742
605	771
605	933
605	961
606	680
606	848
606	857
606	928
607	939
608	701
608	757
608	854
608	878
608	926
608	933
609	647
609	692
609	697
609	839
609	855
609	890
609	1513
610	882
611	613
611	647
611	675
611	721
611	835
611	1327
612	709
612	732
612	785
612	860
612	863
613	674
613	696
613	724
613	827
614	664
614	705
614	778
614	788
614	796
614	927
614	947
614	959
614	995
615	635
615	753
615	845
615	875
616	688
616	773
616	786
616	829
616	894
617	708
617	794
617	810
617	879
617	985
618	962
619	710
619	715
619	716
619	859
619	1202
620	691
620	713
620	796
620	833
620	872
620	889
620	893
620	918
620	985
621	693
621	732
621	763
621	783
621	910
621	945
621	998
622	714
622	720
622	765
622	921
622	952
622	996
623	717
623	747
623	925
624	684
624	753
624	927
624	992
625	743
625	922
625	953
625	1066
626	661
626	685
626	927
626	989
627	678
627	696
627	760
627	855
627	903
628	641
628	881
628	896
628	941
629	742
629	907
629	956
630	637
630	689
630	714
630	727
630	736
630	749
630	777
630	881
630	887
631	632
631	881
631	888
632	640
632	656
632	762
632	873
632	939
632	972
632	993
633	769
633	917
633	946
633	984
634	679
634	785
634	847
635	789
635	792
635	980
636	686
636	905
637	747
638	756
638	798
638	889
638	912
639	750
639	773
639	785
639	809
639	859
640	733
640	870
640	915
640	921
640	969
641	892
642	949
642	1222
643	661
643	769
643	804
643	808
643	827
643	877
644	736
644	767
644	888
644	979
645	835
645	846
646	845
647	689
647	768
647	923
647	983
648	928
649	711
649	879
649	942
650	674
650	743
650	866
650	951
650	961
652	698
652	815
652	825
652	883
652	892
652	963
653	715
653	764
653	808
653	865
654	723
654	767
654	830
654	884
654	913
654	976
655	681
655	699
655	793
655	815
655	905
655	999
655	1404
656	705
656	727
656	821
656	967
658	680
658	852
659	894
660	927
660	959
660	964
661	728
661	910
661	959
662	680
662	688
662	769
662	817
662	893
663	712
664	763
664	777
664	988
665	698
665	883
665	932
665	965
665	992
666	728
666	869
666	1233
667	817
667	831
667	866
669	685
669	822
669	901
670	813
670	860
670	880
670	931
671	715
671	727
671	766
671	1039
672	868
672	903
672	955
672	962
673	697
673	857
673	868
673	879
673	931
673	951
674	695
674	696
674	748
674	880
674	929
674	942
674	977
675	688
675	719
675	742
675	770
675	786
675	934
676	833
676	889
677	706
677	788
677	925
677	942
677	962
678	750
678	967
679	949
680	780
680	989
680	1718
682	807
682	831
682	867
682	889
682	926
682	1964
683	801
684	748
684	842
685	709
685	853
685	908
685	922
685	973
686	743
686	798
686	824
686	860
686	992
687	716
687	784
687	845
687	918
688	724
688	817
688	930
690	703
691	740
691	1950
692	749
692	752
692	947
693	737
693	743
693	853
693	884
694	817
694	877
694	979
694	997
695	770
696	707
696	859
696	1568
697	774
697	900
697	928
698	705
698	853
698	996
699	795
699	847
699	933
699	947
700	987
700	1868
701	929
701	966
702	873
702	878
702	900
703	880
703	883
704	795
704	800
704	901
705	726
705	736
705	962
706	963
707	737
707	773
707	873
707	969
708	849
709	759
709	954
709	1017
710	738
710	759
711	726
711	797
711	879
712	790
714	716
714	792
714	918
714	930
715	735
715	744
715	761
715	764
715	885
715	950
715	966
715	993
716	876
717	809
717	812
717	908
718	793
718	809
718	961
720	818
720	846
720	958
720	1753
721	924
722	817
722	825
722	891
722	919
723	756
723	901
723	923
724	833
724	918
725	762
725	786
725	824
725	940
726	775
726	856
726	878
727	733
727	761
727	780
727	884
727	967
728	801
728	841
728	913
729	730
729	832
729	912
729	917
730	772
730	782
730	830
730	874
730	909
730	914
730	973
730	998
731	864
731	916
732	753
732	769
732	915
732	917
733	831
733	931
734	834
734	872
735	738
735	913
735	943
736	764
736	792
736	822
736	836
736	868
737	814
737	839
737	853
737	867
737	875
737	925
738	744
739	752
739	820
739	963
741	869
741	925
742	758
743	818
743	971
743	984
743	998
744	934
745	787
745	833
746	844
746	902
746	906
746	928
747	786
748	751
748	859
748	880
748	971
749	870
750	799
750	803
750	816
750	947
750	975
751	809
752	789
752	821
752	930
753	783
753	789
753	836
754	825
754	978
755	798
755	843
755	910
755	926
755	937
755	991
756	766
756	768
756	822
757	765
757	807
757	967
759	784
760	778
760	941
761	920
761	923
761	985
762	824
762	829
762	889
763	764
763	803
763	870
763	895
763	908
763	965
764	788
764	847
764	928
765	956
766	956
767	850
767	894
768	786
768	928
769	840
770	799
770	816
771	779
771	832
771	988
772	832
772	874
772	877
772	952
773	950
774	863
774	893
774	952
775	954
776	901
776	983
776	995
777	805
777	951
778	806
778	822
778	998
779	896
780	789
780	828
780	892
780	938
780	971
781	864
781	884
782	788
782	866
782	881
782	945
784	824
784	970
784	1693
785	843
786	792
786	840
786	919
786	1194
787	797
787	828
787	939
787	944
788	816
788	888
788	985
789	833
789	943
789	966
790	800
790	934
791	899
792	835
792	924
793	836
793	965
793	997
794	879
795	820
795	921
796	817
796	818
797	854
798	893
800	931
800	1758
800	1776
801	825
802	836
802	867
802	881
802	944
802	972
803	870
804	871
804	922
805	849
805	961
805	977
806	808
806	845
806	856
806	976
807	969
807	989
808	873
810	821
810	876
810	961
811	930
811	964
812	995
813	938
813	969
813	1128
813	1772
815	907
815	911
815	965
816	822
817	959
818	983
819	877
819	984
820	841
820	982
821	852
821	854
821	894
822	895
822	979
823	886
823	937
824	972
824	973
825	892
825	937
825	971
826	895
827	866
827	966
828	943
828	1738
829	980
829	988
831	965
833	882
833	974
835	893
835	937
835	983
837	841
838	929
838	969
839	849
840	851
840	888
840	967
840	1105
840	1811
841	985
842	874
842	916
842	927
843	879
843	944
843	997
844	849
846	915
846	988
846	1502
847	861
847	974
848	866
849	863
849	886
849	900
849	952
849	974
849	975
850	905
851	982
851	999
852	950
852	971
853	934
853	950
853	965
854	870
855	865
855	961
855	983
856	976
857	939
858	922
859	938
861	872
861	879
861	993
862	870
862	900
862	1172
863	954
864	926
864	966
865	898
867	905
867	909
868	878
868	904
870	908
871	882
872	986
874	982
876	963
876	987
876	992
877	895
877	921
877	933
877	936
878	892
878	955
878	960
879	938
879	952
880	902
880	941
881	893
881	894
881	897
881	1980
882	888
885	914
886	925
887	984
888	893
888	995
889	904
892	893
892	997
894	957
895	953
896	948
897	926
898	986
899	951
899	987
899	1990
901	990
906	978
906	993
907	950
908	996
910	941
910	944
912	922
913	979
914	959
914	989
916	991
918	957
918	1318
919	941
919	967
920	956
920	977
921	983
923	944
925	977
926	989
927	939
927	974
929	994
930	989
931	932
931	1869
933	953
936	984
936	997
937	941
937	1089
939	979
942	1658
943	954
943	1247
945	984
945	1406
947	951
947	992
949	996
949	1064
951	974
953	975
955	1112
961	977
963	970
966	998
973	990
975	1439
975	1604
982	995
986	1239
1000	1168
1000	1201
1000	1207
1000	1250
1000	1329
1000	1522
1000	1524
1000	1656
1000	1736
1000	1777
1000	1916
1000	1965
1001	1163
1001	1415
1001	1526
1001	1532
1001	1705
1001	1712
1001	1825
1002	1261
1002	1510
1002	1616
1002	1619
1002	1652
1002	1687
1002	1701
1002	1791
1002	1849
1002	1871
1003	1072
1003	1117
1003	1120
1003	1128
1003	1169
1003	1315
1003	1403
1003	1454
1003	1469
1003	1731
1003	1736
1003	1939
1004	1085
1004	1320
1004	1798
1004	1863
1005	1110
1005	1288
1005	1387
1005	1419
1005	1446
1005	1497
1005	1509
1005	1561
1005	1688
1005	1977
1005	1998
1006	1084
1006	1114
1006	1467
1006	1546
1006	1681
1006	1685
1006	1926
1006	1987
1007	1071
1007	1111
1007	1126
1007	1220
1007	1397
1007	1683
1007	1700
1007	1857
1007	1859
1008	1074
1008	1082
1008	1208
1008	1338
1008	1375
1008	1455
1008	1505
1008	1519
1008	1609
1008	1745
1008	1896
1008	1939
1008	1962
1008	1964
1009	1176
1009	1239
1009	1301
1009	1620
1009	1662
1009	1670
1009	1726
1009	1768
1009	1799
1009	1840
1009	1893
1009	1939
1010	1113
1010	1121
1010	1340
1010	1437
1010	1499
1010	1565
1010	1576
1010	1901
1011	1302
1011	1310
1011	1314
1011	1378
1011	1416
1011	1566
1011	1613
1011	1634
1011	1661
1011	1705
1011	1760
1012	1022
1012	1131
1012	1216
1012	1225
1012	1286
1012	1487
1012	1502
1012	1545
1012	1805
1012	1808
1013	1112
1013	1343
1013	1378
1013	1394
1013	1402
1013	1569
1013	1782
1013	1909
1013	1924
1014	1076
1014	1087
1014	1156
1014	1207
1014	1412
1014	1960
1015	1022
1015	1121
1015	1200
1015	1336
1015	1426
1015	1533
1015	1613
1015	1618
1015	1675
1015	1704
1015	1895
1015	1920
1015	1955
1015	1986
1016	1019
1016	1150
1016	1160
1016	1181
1016	1404
1016	1698
1016	1829
1016	1892
1016	1914
1017	1069
1017	1174
1017	1294
1017	1410
1017	1472
1017	1542
1017	1566
1017	1577
1017	1761
1017	1916
1018	1048
1018	1065
1018	1080
1018	1083
1018	1136
1018	1208
1018	1317
1018	1638
1018	1811
1019	1106
1019	1264
1019	1281
1019	1502
1019	1811
1019	1874
1019	1913
1020	1129
1020	1371
1020	1422
1020	1493
1020	1513
1020	1600
1020	1636
1020	1747
1020	1921
1021	1027
1021	1242
1021	1352
1021	1367
1021	1398
1021	1440
1021	1528
1021	1662
1021	1719
1021	1998
1022	1096
1022	1519
1022	1530
1022	1622
1022	1778
1022	1849
1022	1897
1022	1922
1023	1125
1023	1221
1023	1437
1023	1547
1023	1585
1023	1629
1023	1692
1023	1696
1023	1759
1023	1882
1023	1915
1023	1985
1024	1105
1024	1144
1024	1372
1024	1560
1024	1677
1024	1693
1024	1765
1024	1817
1024	1897
1025	1276
1025	1286
1025	1323
1025	1392
1025	1398
1025	1426
1025	1715
1025	1830
1026	1057
1026	1249
1026	1291
1026	1323
1026	1444
1026	1517
1026	1542
1026	1623
1026	1676
1026	1716
1026	1744
1026	1746
1026	1747
1026	1883
1026	1885
1027	1151
1027	1241
1027	1326
1027	1365
1027	1538
1027	1997
1028	1190
1028	1346
1028	1458
1028	1497
1028	1519
1028	1604
1029	1033
1029	1043
1029	1111
1029	1131
1029	1163
1029	1183
1029	1341
1029	1348
1029	1385
1029	1440
1029	1578
1029	1659
1029	1694
1029	1825
1029	1836
1029	1891
1029	1989
1030	1090
1030	1164
1030	1179
1030	1212
1030	1218
1030	1474
1030	1562
1030	1716
1030	1769
1031	1333
1031	1419
1031	1544
1031	1641
1031	1873
1032	1071
1032	1078
1032	1083
1032	1106
1032	1122
1032	1124
1032	1213
1032	1245
1032	1265
1032	1379
1032	1403
1032	1458
1032	1462
1032	1619
1032	1646
1032	1769
1032	1992
1033	1435
1033	1625
1033	1677
1033	1734
1033	1862
1034	1230
1034	1242
1034	1328
1034	1340
1034	1477
1034	1664
1035	1137
1035	1153
1035	1212
1035	1235
1035	1603
1035	1639
1035	1676
1035	1724
1035	1779
1035	1890
1035	1925
1035	1992
1036	1138
1036	1199
1036	1276
1036	1295
1036	1332
1036	1399
1036	1464
1036	1871
1036	1949
1037	1165
1037	1279
1037	1566
1037	1908
1037	1981
1038	1159
1038	1288
1038	1350
1038	1546
1038	1584
1038	1597
1038	1602
1038	1623
1038	1628
1038	1675
1038	1830
1038	1840
1038	1911
1038	1929
1039	1074
1039	1154
1039	1179
1039	1249
1039	1331
1039	1355
1039	1429
1039	1474
1039	1595
1039	1640
1039	1720
1039	1972
1040	1492
1040	1718
1040	1763
1040	1833
1041	1049
1041	1151
1041	1211
1041	1242
1041	1287
1041	1329
1041	1508
1041	1557
1041	1595
1041	1605
1041	1715
1041	1950
1041	1961
1042	1181
1042	1210
1042	1305
1042	1329
1042	1461
1042	1574
1042	1604
1042	1795
1042	1798
1042	1837
1042	1875
1042	1982
1043	1164
1043	1178
1043	1295
1043	1332
1043	1345
1043	1599
1043	1622
1043	1820
1043	1937
1044	1129
1044	1424
1044	1427
1044	1441
1044	1666
1044	1718
1045	1057
1045	1266
1045	1290
1045	1298
1045	1546
1045	1690
1045	1707
1045	1808
1045	1868
1046	1087
1046	1142
1046	1198
1046	1210
1046	1223
1046	1276
1046	1333
1046	1388
1046	1446
1046	1486
1046	1494
1046	1655
1046	1867
1046	1958
1046	1992
1047	1124
1047	1257
1047	1492
1047	1572
1047	1693
1047	1838
1047	1890
1047	1914
1048	1092
1048	1124
1048	1137
1048	1343
1048	1383
1048	1716
1048	1733
1048	1801
1048	1861
1048	1888
1049	1192
1049	1345
1049	1437
1049	1479
1049	1791
1049	1859
1049	1863
1050	1078
1050	1081
1050	1131
1050	1132
1050	1136
1050	1241
1050	1262
1050	1321
1050	1454
1050	1488
1050	1532
1050	1573
1050	1742
1050	1812
1050	1920
1050	1966
1050	1978
1051	1104
1051	1204
1051	1229
1051	1331
1051	1465
1051	1485
1051	1507
1051	1670
1051	1751
1051	1775
1051	1790
1051	1818
1051	1898
1052	1077
1052	1105
1052	1111
1052	1570
1052	1741
1052	1803
1052	1891
1052	1965
1053	1138
1053	1182
1053	1431
1053	1477
1053	1559
1053	1717
1053	1746
1053	1779
1053	1795
1053	1815
1053	1927
1054	1074
1054	1136
1054	1139
1054	1140
1054	1377
1054	1426
1054	1461
1054	1487
1054	1512
1054	1570
1054	1690
1054	1727
1054	1945
1055	1559
1055	1672
1055	1693
1055	1757
1056	1174
1056	1355
1056	1423
1056	1514
1056	1614
1056	1631
1056	1829
1056	1893
1057	1251
1057	1325
1057	1455
1057	1459
1057	1557
1057	1732
1057	1754
1057	1934
1057	1960
1057	1985
1058	1077
1058	1196
1058	1204
1058	1352
1058	1369
1058	1486
1058	1497
1058	1896
1058	1951
1059	1136
1059	1160
1059	1161
1059	1167
1059	1248
1059	1264
1059	1280
1059	1292
1059	1457
1059	1567
1059	1587
1059	1687
1059	1741
1059	1759
1059	1797
1059	1894
1059	1942
1060	1240
1060	1341
1060	1371
1060	1537
1060	1569
1060	1788
1060	1900
1060	1958
1061	1194
1061	1199
1061	1347
1061	1380
1061	1457
1061	1614
1061	1697
1061	1739
1061	1826
1061	1835
1062	1253
1062	1281
1062	1473
1062	1548
1062	1603
1062	1614
1062	1713
1062	1851
1063	1124
1063	1136
1063	1243
1063	1254
1063	1278
1063	1525
1063	1688
1063	1845
1063	1857
1063	1861
1063	1870
1064	1102
1064	1232
1064	1317
1064	1364
1064	1547
1064	1590
1064	1621
1064	1636
1064	1722
1064	1797
1064	1864
1064	1967
1065	1117
1065	1293
1065	1316
1065	1369
1065	1461
1065	1505
1065	1525
1065	1802
1065	1930
1065	1957
1066	1254
1066	1413
1066	1806
1067	1101
1067	1109
1067	1241
1067	1266
1067	1276
1067	1398
1067	1457
1067	1475
1067	1638
1067	1713
1067	1760
1067	1839
1067	1880
1067	1908
1067	1969
1068	1131
1068	1164
1068	1207
1068	1296
1068	1321
1068	1433
1068	1486
1068	1512
1068	1525
1068	1598
1068	1645
1068	1891
1069	1283
1069	1304
1069	1359
1069	1409
1069	1606
1069	1680
1069	1721
1069	1794
1069	1844
1069	1858
1069	1875
1069	1894
1069	1926
1069	1934
1069	1935
1069	1973
1070	1081
1070	1193
1070	1349
1070	1459
1070	1493
1070	1607
1070	1664
1070	1667
1070	1871
1071	1087
1071	1161
1071	1209
1071	1538
1071	1784
1071	1804
1072	1116
1072	1166
1072	1172
1072	1240
1072	1606
1072	1881
1072	1888
1072	1894
1072	1968
1073	1145
1073	1204
1073	1417
1073	1466
1073	1480
1073	1482
1073	1489
1073	1755
1073	1771
1073	1867
1073	1940
1074	1230
1074	1236
1074	1475
1074	1708
1075	1420
1075	1435
1075	1482
1075	1512
1075	1534
1075	1540
1075	1554
1075	1763
1075	1881
1075	1893
1075	1913
1075	1960
1076	1154
1076	1547
1076	1671
1077	1096
1077	1106
1077	1157
1077	1322
1077	1356
1077	1380
1077	1383
1077	1518
1077	1770
1077	1840
1077	1998
1078	1197
1078	1242
1078	1294
1078	1350
1078	1424
1078	1541
1078	1630
1078	1631
1078	1837
1078	1841
1078	1943
1079	1085
1079	1512
1079	1749
1079	1866
1080	1093
1080	1218
1080	1287
1080	1423
1080	1467
1080	1502
1080	1506
1080	1626
1080	1712
1080	1721
1080	1736
1080	1795
1080	1901
1080	1925
1080	1953
1080	1995
1081	1155
1081	1234
1081	1352
1081	1724
1081	1740
1082	1107
1082	1198
1082	1230
1082	1259
1082	1361
1082	1382
1082	1471
1082	1783
1082	1832
1082	1913
1082	1943
1083	1165
1083	1312
1083	1466
1083	1467
1083	1494
1083	1733
1083	1745
1083	1788
1083	1797
1084	1160
1084	1435
1084	1491
1084	1671
1084	1701
1084	1775
1085	1119
1085	1182
1085	1213
1085	1390
1085	1437
1085	1476
1085	1499
1085	1769
1085	1852
1085	1954
1086	1154
1086	1227
1086	1415
1086	1538
1086	1553
1086	1618
1086	1645
1086	1792
1086	1952
1087	1096
1087	1165
1087	1171
1087	1270
1087	1466
1087	1470
1087	1674
1087	1702
1088	1100
1088	1231
1088	1290
1088	1346
1088	1426
1088	1447
1088	1487
1088	1599
1088	1840
1088	1858
1088	1881
1088	1913
1088	1923
1088	1973
1088	1981
1088	1985
1089	1158
1089	1348
1089	1499
1089	1657
1089	1844
1089	1904
1089	1966
1090	1104
1090	1347
1090	1515
1090	1651
1090	1880
1090	1885
1090	1903
1090	1924
1091	1619
1091	1934
1091	1936
1091	1991
1092	1340
1092	1433
1092	1519
1092	1824
1092	1880
1093	1124
1093	1194
1093	1225
1093	1256
1093	1461
1093	1469
1093	1686
1093	1723
1093	1978
1094	1154
1094	1206
1094	1287
1094	1300
1094	1572
1094	1742
1094	1784
1094	1875
1094	1942
1095	1151
1095	1270
1095	1529
1095	1605
1095	1682
1095	1739
1095	1754
1095	1764
1095	1798
1095	1896
1095	1979
1096	1319
1096	1405
1096	1406
1096	1567
1096	1798
1096	1888
1097	1121
1097	1153
1097	1290
1097	1339
1097	1350
1097	1361
1097	1388
1097	1636
1097	1849
1097	1987
1098	1184
1098	1265
1098	1294
1098	1325
1098	1342
1098	1373
1098	1398
1098	1423
1098	1441
1098	1452
1098	1647
1098	1668
1098	1802
1098	1991
1099	1147
1099	1240
1099	1243
1099	1353
1099	1651
1099	1688
1099	1916
1099	1976
1099	1987
1099	1990
1100	1284
1100	1313
1100	1357
1100	1466
1100	1595
1100	1721
1100	1816
1100	1823
1100	1858
1100	1880
1100	1949
1101	1154
1101	1180
1101	1249
1101	1262
1101	1284
1101	1342
1101	1384
1101	1394
1101	1458
1101	1506
1101	1534
1101	1543
1101	1791
1102	1262
1102	1389
1102	1469
1102	1499
1102	1670
1102	1696
1102	1716
1102	1795
1102	1817
1102	1851
1102	1866
1103	1144
1103	1182
1103	1215
1103	1321
1103	1350
1103	1702
1103	1707
1103	1735
1103	1906
1103	1933
1104	1139
1104	1157
1104	1238
1104	1811
1104	1832
1104	1947
1105	1109
1105	1150
1105	1153
1105	1280
1105	1416
1105	1605
1105	1610
1105	1875
1105	1881
1106	1124
1106	1133
1106	1300
1106	1309
1106	1443
1106	1568
1106	1627
1106	1648
1106	1651
1106	1788
1107	1157
1107	1194
1107	1329
1107	1592
1107	1765
1108	1109
1108	1161
1108	1669
1108	1685
1108	1731
1108	1737
1108	1855
1108	1858
1108	1978
1109	1112
1109	1187
1109	1307
1109	1390
1109	1492
1109	1519
1109	1659
1109	1677
1109	1764
1109	1770
1109	1780
1110	1152
1110	1164
1110	1239
1110	1512
1110	1539
1111	1209
1111	1242
1111	1540
1111	1553
1111	1628
1111	1649
1111	1660
1111	1761
1111	1769
1111	1814
1111	1882
1111	1890
1112	1211
1112	1304
1112	1340
1112	1726
1112	1735
1112	1752
1112	1800
1112	1922
1112	1992
1113	1149
1113	1247
1113	1310
1113	1456
1113	1505
1113	1646
1113	1688
1113	1841
1113	1898
1113	1953
1113	1954
1113	1992
1114	1290
1114	1313
1114	1412
1114	1523
1114	1615
1114	1910
1114	1961
1114	1991
1115	1173
1115	1176
1115	1239
1115	1290
1115	1329
1115	1428
1115	1463
1115	1534
1115	1708
1115	1723
1115	1826
1116	1222
1116	1230
1116	1231
1116	1395
1116	1413
1116	1445
1116	1719
1116	1839
1116	1974
1116	1986
1117	1370
1117	1604
1117	1704
1117	1876
1117	1895
1117	1995
1118	1378
1118	1380
1118	1483
1118	1658
1118	1726
1118	1736
1118	1844
1118	1932
1119	1267
1119	1306
1119	1311
1119	1431
1119	1518
1119	1554
1119	1682
1119	1897
1120	1126
1120	1213
1120	1258
1120	1270
1120	1412
1120	1533
1120	1552
1120	1604
1120	1672
1120	1703
1120	1769
1120	1940
1120	1977
1121	1296
1121	1336
1121	1511
1121	1515
1121	1517
1121	1550
1121	1648
1121	1715
1121	1722
1121	1743
1121	1757
1121	1839
1121	1942
1122	1171
1122	1189
1122	1229
1122	1257
1122	1550
1122	1734
1122	1748
1122	1784
1122	1883
1123	1210
1123	1237
1123	1259
1123	1331
1123	1522
1123	1557
1123	1662
1123	1673
1123	1690
1123	1770
1123	1778
1123	1905
1123	1954
1123	1999
1124	1127
1124	1208
1124	1424
1124	1522
1124	1727
1125	1180
1125	1277
1125	1303
1125	1310
1125	1530
1125	1596
1125	1845
1125	1962
1126	1222
1126	1232
1126	1698
1126	1705
1126	1833
1127	1294
1127	1375
1127	1492
1127	1577
1127	1875
1127	1908
1127	1987
1128	1229
1128	1454
1128	1550
1128	1600
1128	1624
1128	1810
1129	1149
1129	1193
1129	1202
1129	1543
1129	1626
1129	1632
1129	1753
1129	1773
1129	1777
1129	1875
1129	1933
1129	1982
1130	1409
1130	1526
1130	1699
1130	1711
1130	1760
1130	1781
1130	1883
1130	1895
1130	1910
1130	1998
1131	1215
1131	1275
1131	1322
1131	1479
1131	1511
1131	1554
1131	1566
1131	1643
1131	1860
1131	1982
1132	1265
1132	1295
1132	1388
1132	1402
1132	1655
1132	1703
1132	1843
1132	1886
1132	1956
1133	1211
1133	1301
1133	1496
1133	1501
1133	1706
1133	1730
1133	1795
1133	1807
1133	1839
1133	1889
1133	1938
1133	1958
1134	1178
1134	1225
1134	1243
1134	1249
1134	1411
1134	1596
1134	1597
1134	1618
1134	1707
1134	1773
1135	1213
1135	1252
1135	1361
1135	1441
1135	1502
1135	1523
1135	1631
1135	1651
1135	1657
1135	1776
1135	1817
1135	1826
1135	1861
1135	1918
1135	1974
1135	1980
1135	1994
1136	1540
1136	1799
1136	1832
1136	1980
1136	1981
1137	1228
1137	1486
1137	1495
1137	1504
1137	1605
1137	1900
1137	1920
1138	1303
1138	1343
1138	1516
1138	1552
1138	1752
1138	1802
1138	1871
1138	1879
1138	1889
1139	1273
1139	1319
1139	1360
1139	1398
1139	1400
1139	1502
1139	1548
1139	1617
1139	1684
1139	1750
1139	1932
1139	1998
1140	1252
1140	1259
1140	1294
1140	1386
1140	1402
1140	1443
1140	1448
1140	1450
1140	1566
1140	1771
1140	1861
1141	1317
1141	1334
1141	1364
1141	1438
1141	1555
1141	1617
1141	1740
1141	1785
1141	1786
1141	1803
1141	1858
1141	1895
1142	1179
1142	1189
1142	1339
1142	1344
1142	1355
1142	1359
1142	1517
1142	1567
1142	1583
1142	1609
1142	1632
1142	1788
1142	1834
1142	1897
1142	1945
1142	1961
1142	1998
1143	1333
1143	1376
1143	1410
1143	1418
1143	1434
1143	1670
1143	1676
1143	1722
1143	1763
1144	1147
1144	1194
1144	1216
1144	1319
1144	1331
1144	1553
1144	1580
1145	1184
1145	1253
1145	1328
1145	1550
1145	1598
1145	1672
1145	1824
1145	1855
1145	1906
1145	1907
1145	1983
1146	1208
1146	1271
1146	1331
1146	1397
1146	1416
1146	1532
1146	1571
1146	1762
1146	1975
1147	1389
1147	1764
1147	1769
1147	1799
1147	1869
1147	1953
1148	1292
1148	1337
1148	1416
1148	1509
1148	1650
1148	1795
1148	1928
1148	1955
1149	1191
1149	1215
1149	1280
1149	1281
1149	1370
1149	1456
1149	1485
1149	1497
1149	1630
1149	1813
1149	1887
1149	1944
1149	1972
1150	1238
1150	1280
1150	1292
1150	1451
1150	1652
1150	1688
1150	1699
1150	1712
1150	1790
1150	1901
1151	1200
1151	1231
1151	1232
1151	1254
1151	1435
1151	1677
1151	1830
1152	1182
1152	1226
1152	1307
1152	1314
1152	1372
1152	1389
1152	1410
1152	1572
1152	1582
1152	1648
1152	1668
1153	1174
1153	1201
1153	1243
1153	1338
1153	1669
1153	1717
1153	1749
1153	1818
1153	1929
1153	1944
1154	1204
1154	1266
1154	1316
1154	1359
1154	1548
1154	1567
1154	1606
1154	1706
1154	1777
1154	1862
1155	1185
1155	1443
1155	1517
1155	1596
1155	1635
1155	1715
1155	1785
1155	1787
1155	1807
1155	1872
1156	1285
1156	1442
1156	1472
1156	1581
1156	1608
1156	1671
1156	1973
1156	1988
1157	1228
1157	1301
1157	1305
1157	1371
1157	1415
1157	1572
1157	1691
1157	1821
1157	1897
1157	1937
1157	1956
1158	1199
1158	1216
1158	1419
1158	1491
1158	1553
1158	1799
1159	1214
1159	1304
1159	1418
1159	1457
1159	1730
1159	1749
1159	1755
1159	1776
1160	1170
1160	1399
1160	1432
1160	1473
1160	1487
1160	1558
1160	1626
1160	1688
1160	1975
1160	1994
1161	1193
1161	1306
1161	1376
1161	1562
1161	1586
1161	1604
1161	1621
1161	1692
1161	1743
1161	1795
1161	1859
1161	1931
1161	1989
1162	1828
1162	1843
1163	1209
1163	1315
1163	1360
1163	1654
1163	1701
1163	1868
1163	1900
1163	1905
1163	1914
1163	1958
1164	1229
1164	1583
1164	1758
1164	1767
1164	1778
1164	1864
1164	1926
1164	1961
1165	1205
1165	1238
1165	1626
1165	1699
1165	1788
1165	1804
1165	1979
1166	1195
1166	1228
1166	1415
1166	1518
1166	1638
1166	1901
1166	1923
1166	1976
1166	1977
1166	1978
1167	1208
1167	1228
1167	1309
1167	1407
1167	1422
1167	1451
1167	1597
1167	1606
1167	1819
1167	1976
1168	1173
1168	1176
1168	1372
1168	1422
1168	1500
1168	1657
1168	1663
1168	1806
1168	1962
1168	1974
1169	1234
1169	1268
1169	1302
1169	1335
1169	1348
1169	1468
1169	1709
1169	1725
1170	1321
1170	1702
1170	1717
1170	1778
1170	1867
1170	1880
1170	1918
1170	1983
1170	1994
1171	1304
1171	1548
1171	1613
1171	1633
1171	1731
1171	1895
1171	1903
1171	1941
1171	1974
1171	1997
1171	1999
1172	1309
1172	1613
1172	1677
1172	1759
1173	1387
1173	1406
1173	1428
1173	1545
1173	1876
1173	1897
1174	1281
1174	1403
1174	1478
1174	1524
1174	1620
1174	1787
1174	1852
1174	1963
1175	1284
1175	1353
1175	1389
1175	1429
1175	1443
1175	1579
1175	1612
1175	1845
1175	1849
1175	1966
1176	1645
1176	1811
1176	1819
1176	1902
1176	1957
1177	1201
1177	1351
1177	1509
1177	1629
1177	1644
1177	1647
1177	1771
1177	1936
1177	1976
1178	1356
1178	1464
1178	1599
1178	1671
1178	1721
1178	1867
1178	1887
1178	1972
1179	1208
1179	1209
1179	1223
1179	1336
1179	1343
1179	1726
1179	1770
1179	1935
1179	1952
1180	1361
1180	1380
1180	1574
1181	1197
1181	1363
1181	1404
1181	1422
1181	1485
1181	1508
1181	1607
1181	1633
1181	1652
1181	1706
1181	1819
1181	1843
1182	1574
1182	1635
1182	1663
1182	1793
1182	1879
1182	1958
1183	1232
1183	1260
1183	1764
1183	1786
1183	1853
1183	1866
1183	1991
1183	1995
1184	1436
1184	1446
1184	1462
1184	1468
1184	1498
1184	1652
1184	1723
1185	1243
1185	1277
1185	1288
1185	1418
1185	1689
1185	1732
1185	1941
1185	1963
1186	1332
1186	1465
1186	1526
1186	1574
1186	1581
1186	1955
1186	1977
1186	1981
1187	1389
1187	1617
1187	1632
1187	1650
1187	1918
1188	1260
1188	1362
1188	1426
1188	1592
1188	1600
1188	1640
1188	1673
1188	1903
1189	1210
1189	1354
1189	1521
1189	1543
1189	1670
1189	1903
1190	1276
1190	1333
1190	1568
1190	1680
1190	1805
1190	1989
1191	1367
1191	1396
1191	1581
1191	1671
1191	1937
1191	1990
1192	1352
1192	1394
1192	1434
1192	1435
1192	1470
1192	1546
1192	1783
1192	1814
1192	1885
1192	1886
1192	1957
1193	1316
1193	1331
1193	1382
1193	1407
1193	1412
1193	1502
1193	1581
1193	1814
1193	1881
1193	1966
1194	1281
1194	1545
1194	1585
1194	1598
1194	1611
1194	1782
1194	1790
1194	1938
1195	1353
1195	1374
1195	1467
1195	1541
1195	1550
1195	1575
1195	1590
1195	1625
1195	1748
1195	1851
1196	1285
1196	1305
1196	1530
1196	1942
1196	1994
1197	1252
1197	1273
1197	1320
1197	1611
1197	1692
1197	1722
1197	1731
1197	1766
1197	1968
1197	1998
1198	1230
1198	1243
1198	1342
1198	1375
1198	1379
1198	1380
1198	1422
1198	1487
1198	1626
1198	1721
1198	1750
1198	1802
1198	1927
1198	1991
1199	1219
1199	1269
1199	1375
1199	1408
1199	1484
1199	1505
1199	1511
1199	1597
1199	1652
1199	1822
1199	1860
1199	1876
1199	1883
1200	1293
1200	1534
1200	1600
1200	1639
1200	1776
1200	1924
1200	1948
1201	1210
1201	1552
1201	1733
1201	1873
1201	1908
1202	1217
1202	1229
1202	1281
1202	1282
1202	1495
1202	1516
1202	1532
1202	1544
1202	1865
1202	1928
1202	1931
1202	1995
1203	1270
1203	1275
1203	1350
1203	1404
1203	1436
1203	1530
1203	1598
1203	1607
1203	1613
1203	1956
1204	1242
1204	1477
1204	1495
1204	1540
1204	1562
1204	1780
1204	1827
1204	1836
1204	1869
1205	1240
1205	1265
1205	1292
1205	1627
1205	1715
1205	1724
1205	1797
1205	1798
1205	1984
1206	1358
1206	1387
1206	1482
1206	1538
1206	1581
1206	1666
1206	1679
1206	1717
1206	1778
1206	1882
1206	1897
1206	1922
1206	1930
1206	1957
1207	1484
1207	1504
1207	1536
1207	1549
1207	1552
1207	1610
1207	1655
1207	1734
1208	1282
1208	1429
1208	1517
1208	1525
1208	1543
1208	1591
1208	1605
1208	1695
1208	1755
1208	1910
1209	1318
1209	1382
1209	1581
1209	1670
1209	1837
1209	1927
1209	1933
1210	1221
1210	1319
1210	1365
1210	1444
1210	1663
1210	1673
1210	1977
1211	1297
1211	1370
1211	1413
1211	1418
1211	1435
1211	1525
1211	1976
1212	1340
1212	1353
1212	1362
1212	1767
1212	1838
1213	1222
1213	1231
1213	1249
1213	1450
1213	1471
1213	1523
1213	1608
1213	1734
1213	1774
1213	1848
1214	1344
1214	1400
1214	1477
1214	1501
1214	1553
1214	1590
1214	1602
1214	1630
1214	1684
1215	1584
1215	1760
1215	1810
1215	1874
1215	1948
1215	1951
1216	1244
1216	1448
1216	1548
1216	1676
1216	1704
1216	1786
1217	1293
1217	1295
1217	1307
1217	1531
1217	1624
1217	1664
1217	1805
1217	1844
1217	1947
1218	1431
1218	1601
1218	1654
1218	1763
1218	1864
1218	1927
1218	1953
1218	1973
1219	1361
1219	1410
1219	1422
1219	1464
1219	1565
1219	1740
1219	1900
1220	1303
1220	1396
1220	1702
1220	1723
1220	1839
1220	1958
1221	1330
1221	1380
1221	1556
1221	1581
1221	1642
1221	1703
1221	1746
1221	1886
1221	1939
1222	1320
1222	1426
1222	1483
1222	1605
1222	1692
1222	1805
1222	1859
1223	1245
1223	1534
1223	1543
1223	1665
1223	1699
1223	1769
1223	1860
1223	1931
1223	1937
1223	1965
1224	1226
1224	1268
1224	1300
1224	1417
1224	1480
1224	1482
1224	1897
1224	1898
1225	1405
1225	1827
1225	1901
1225	1936
1226	1227
1226	1373
1226	1547
1226	1572
1226	1649
1226	1823
1226	1946
1227	1318
1227	1429
1227	1473
1227	1594
1227	1706
1227	1840
1228	1407
1228	1594
1228	1606
1228	1641
1228	1730
1228	1756
1228	1761
1229	1349
1229	1763
1230	1244
1230	1297
1230	1516
1230	1658
1230	1702
1230	1895
1230	1929
1231	1255
1231	1373
1231	1470
1231	1615
1231	1650
1231	1712
1231	1813
1231	1968
1232	1245
1232	1393
1232	1403
1232	1435
1232	1549
1232	1599
1232	1652
1232	1763
1232	1874
1233	1591
1233	1620
1233	1624
1233	1702
1233	1743
1233	1783
1233	1798
1233	1800
1233	1857
1233	1869
1234	1298
1234	1415
1234	1475
1234	1558
1234	1571
1234	1605
1234	1838
1234	1863
1235	1268
1235	1283
1235	1493
1235	1513
1235	1538
1235	1748
1235	1767
1235	1884
1235	1955
1235	1979
1236	1239
1236	1265
1236	1494
1236	1496
1236	1499
1236	1601
1236	1727
1236	1809
1236	1837
1236	1839
1236	1909
1236	1911
1236	1985
1237	1338
1237	1501
1237	1569
1237	1581
1237	1805
1237	1855
1237	1964
1237	1973
1238	1241
1238	1398
1238	1656
1238	1743
1238	1805
1238	1808
1238	1852
1238	1893
1239	1403
1239	1545
1239	1629
1239	1731
1239	1775
1239	1783
1239	1866
1239	1995
1240	1387
1240	1552
1240	1656
1240	1749
1240	1761
1240	1861
1240	1875
1241	1325
1241	1386
1241	1497
1241	1584
1241	1704
1241	1907
1242	1346
1242	1434
1242	1490
1242	1631
1242	1826
1242	1865
1242	1941
1243	1460
1243	1572
1243	1576
1243	1655
1243	1726
1243	1729
1243	1759
1243	1776
1243	1804
1244	1539
1244	1541
1244	1590
1244	1618
1244	1689
1244	1838
1244	1959
1245	1255
1245	1300
1245	1386
1245	1561
1245	1695
1245	1893
1245	1982
1246	1358
1246	1530
1246	1730
1246	1756
1246	1831
1246	1930
1247	1545
1247	1554
1247	1632
1247	1742
1247	1956
1248	1287
1248	1400
1248	1412
1248	1415
1248	1476
1248	1544
1248	1552
1248	1598
1248	1613
1248	1722
1248	1725
1248	1747
1248	1893
1248	1973
1248	1988
1248	1989
1249	1399
1249	1703
1249	1709
1249	1822
1250	1288
1250	1351
1250	1407
1250	1443
1250	1530
1250	1577
1250	1748
1250	1781
1250	1846
1250	1930
1251	1315
1251	1406
1251	1440
1251	1680
1251	1781
1251	1904
1252	1591
1252	1786
1252	1810
1252	1989
1253	1542
1253	1551
1253	1637
1253	1695
1253	1918
1253	1979
1254	1269
1254	1399
1254	1409
1254	1429
1254	1691
1254	1707
1254	1789
1254	1802
1254	1858
1254	1990
1255	1283
1255	1318
1255	1319
1255	1429
1255	1584
1255	1638
1255	1710
1255	1734
1255	1861
1255	1908
1256	1291
1256	1540
1256	1569
1256	1573
1256	1664
1256	1756
1256	1768
1257	1268
1257	1317
1257	1321
1257	1325
1257	1665
1257	1763
1257	1826
1257	1839
1258	1436
1258	1536
1258	1767
1258	1846
1258	1894
1258	1958
1259	1360
1259	1377
1259	1493
1259	1630
1259	1846
1259	1893
1259	1960
1259	1982
1260	1601
1260	1671
1260	1792
1260	1819
1261	1523
1261	1629
1261	1710
1262	1438
1262	1491
1262	1569
1262	1572
1262	1753
1262	1848
1262	1903
1262	1981
1263	1289
1263	1344
1263	1365
1263	1452
1263	1798
1263	1857
1263	1907
1263	1964
1264	1492
1264	1517
1264	1547
1264	1559
1264	1993
1265	1294
1265	1437
1265	1439
1265	1814
1266	1434
1266	1478
1266	1572
1266	1737
1266	1764
1267	1532
1267	1624
1267	1655
1267	1732
1267	1918
1268	1334
1268	1483
1268	1635
1268	1736
1268	1742
1268	1876
1269	1351
1269	1424
1269	1467
1269	1723
1269	1798
1269	1874
1269	1914
1270	1283
1270	1340
1270	1385
1270	1569
1270	1662
1270	1692
1270	1926
1270	1995
1271	1330
1271	1393
1271	1395
1271	1471
1271	1713
1271	1761
1271	1766
1271	1902
1271	1992
1272	1325
1272	1418
1272	1595
1272	1901
1272	1913
1273	1773
1274	1293
1274	1410
1274	1515
1274	1623
1274	1693
1274	1964
1275	1414
1275	1624
1275	1696
1275	1701
1275	1746
1275	1803
1275	1918
1276	1377
1276	1504
1276	1725
1276	1764
1276	1807
1277	1409
1277	1589
1277	1600
1277	1631
1277	1651
1277	1838
1278	1317
1278	1355
1278	1467
1278	1594
1278	1623
1278	1916
1278	1953
1279	1520
1279	1589
1279	1666
1279	1765
1279	1979
1280	1451
1280	1512
1280	1534
1280	1970
1281	1284
1281	1737
1281	1944
1281	1966
1282	1380
1282	1417
1282	1585
1282	1611
1282	1618
1282	1706
1282	1753
1282	1789
1282	1915
1283	1453
1283	1579
1283	1681
1283	1692
1283	1745
1284	1490
1284	1505
1284	1527
1284	1555
1284	1682
1284	1709
1284	1748
1284	1822
1284	1918
1285	1318
1285	1345
1285	1425
1285	1465
1285	1613
1285	1626
1285	1976
1286	1526
1286	1647
1286	1790
1286	1840
1286	1915
1286	1924
1287	1296
1287	1325
1287	1421
1287	1680
1287	1681
1287	1684
1288	1307
1288	1372
1288	1377
1288	1542
1288	1599
1288	1620
1288	1640
1288	1653
1288	1717
1288	1962
1289	1308
1289	1422
1289	1487
1289	1677
1289	1767
1289	1786
1289	1811
1289	1849
1289	1953
1289	1967
1290	1626
1290	1918
1290	1959
1291	1347
1291	1349
1291	1395
1291	1480
1291	1785
1291	1844
1291	1937
1292	1303
1292	1338
1292	1348
1292	1417
1292	1554
1292	1590
1292	1725
1292	1954
1292	1972
1293	1297
1293	1358
1293	1399
1293	1484
1293	1523
1293	1922
1293	1945
1294	1507
1294	1547
1294	1593
1294	1702
1294	1707
1294	1761
1294	1793
1294	1959
1294	1998
1295	1335
1295	1368
1295	1385
1295	1480
1295	1543
1295	1616
1295	1628
1295	1630
1295	1959
1295	1967
1296	1340
1296	1562
1296	1715
1296	1820
1296	1899
1296	1934
1297	1307
1297	1380
1297	1436
1297	1531
1297	1599
1297	1608
1297	1729
1297	1745
1297	1781
1297	1797
1297	1876
1297	1962
1298	1455
1298	1563
1298	1581
1298	1659
1298	1688
1298	1993
1299	1509
1299	1538
1299	1789
1300	1397
1300	1432
1300	1584
1300	1658
1301	1312
1301	1608
1301	1749
1301	1887
1302	1312
1302	1432
1302	1444
1302	1546
1302	1585
1302	1678
1302	1970
1302	1995
1303	1504
1303	1594
1303	1610
1303	1616
1303	1949
1303	1978
1304	1450
1304	1490
1304	1494
1304	1772
1304	1823
1304	1833
1305	1553
1305	1675
1305	1696
1305	1894
1306	1407
1306	1449
1306	1549
1306	1587
1306	1766
1306	1778
1306	1808
1306	1869
1306	1890
1306	1905
1306	1997
1307	1651
1307	1726
1307	1783
1307	1882
1308	1490
1308	1549
1308	1714
1308	1802
1308	1817
1308	1850
1308	1928
1309	1467
1309	1583
1309	1633
1309	1645
1309	1798
1309	1837
1309	1878
1309	1933
1309	1965
1309	1995
1310	1447
1310	1575
1310	1747
1310	1787
1310	1841
1310	1862
1310	1952
1310	1966
1311	1340
1311	1465
1311	1578
1311	1818
1311	1880
1311	1943
1311	1944
1311	1999
1312	1366
1312	1395
1312	1407
1312	1600
1312	1601
1312	1714
1312	1957
1313	1710
1313	1989
1314	1444
1314	1511
1314	1542
1314	1554
1314	1606
1314	1789
1315	1508
1315	1574
1315	1692
1315	1759
1315	1813
1315	1834
1315	1938
1316	1541
1316	1547
1316	1712
1316	1891
1316	1973
1317	1361
1317	1649
1317	1667
1317	1938
1317	1964
1317	1996
1318	1471
1318	1778
1318	1784
1318	1876
1318	1912
1318	1952
1318	1979
1319	1415
1319	1487
1319	1543
1319	1588
1319	1683
1319	1718
1319	1813
1319	1978
1320	1350
1320	1390
1320	1501
1320	1559
1320	1567
1320	1620
1320	1634
1320	1854
1320	1939
1320	1940
1321	1384
1321	1457
1321	1596
1321	1661
1321	1662
1321	1783
1321	1857
1322	1448
1322	1454
1322	1496
1322	1615
1322	1667
1322	1733
1322	1795
1322	1818
1322	1832
1322	1859
1322	1860
1322	1938
1322	1975
1323	1496
1323	1657
1323	1981
1324	1631
1324	1723
1324	1827
1324	1864
1324	1866
1324	1920
1325	1360
1325	1444
1325	1552
1325	1630
1325	1927
1326	1332
1326	1444
1326	1513
1326	1519
1326	1541
1326	1554
1326	1564
1326	1570
1326	1668
1326	1770
1326	1958
1327	1456
1327	1805
1327	1833
1327	1927
1328	1731
1328	1793
1328	1869
1328	1896
1328	1913
1328	1925
1328	1945
1328	1954
1329	1439
1329	1558
1329	1586
1329	1676
1329	1830
1329	1874
1329	1888
1329	1978
1330	1339
1330	1703
1330	1767
1330	1917
1330	1938
1331	1343
1331	1357
1331	1506
1331	1656
1331	1796
1331	1875
1331	1986
1332	1373
1332	1451
1332	1462
1332	1473
1332	1604
1332	1633
1332	1763
1332	1927
1332	1946
1333	1375
1333	1391
1333	1397
1333	1457
1333	1584
1333	1801
1333	1893
1333	1925
1333	1929
1334	1365
1334	1501
1334	1542
1334	1616
1334	1716
1334	1732
1334	1751
1334	1892
1335	1344
1335	1506
1335	1630
1335	1765
1335	1828
1336	1338
1336	1484
1336	1657
1336	1666
1336	1737
1336	1843
1336	1861
1336	1901
1337	1404
1337	1435
1337	1535
1337	1668
1337	1742
1337	1814
1337	1859
1337	1944
1338	1395
1338	1476
1338	1480
1338	1521
1338	1550
1338	1602
1338	1684
1338	1707
1338	1900
1338	1975
1339	1553
1339	1788
1339	1942
1339	1978
1340	1740
1340	1788
1340	1820
1340	1948
1341	1437
1341	1480
1341	1556
1341	1883
1341	1900
1342	1375
1342	1378
1342	1561
1342	1571
1343	1359
1343	1427
1343	1440
1343	1467
1343	1565
1343	1593
1343	1595
1343	1601
1343	1602
1343	1731
1343	1887
1344	1380
1344	1508
1344	1596
1344	1634
1344	1752
1344	1758
1344	1828
1344	1885
1345	1473
1345	1521
1345	1669
1345	1712
1345	1730
1345	1749
1345	1826
1345	1910
1345	1930
1345	1973
1346	1439
1346	1454
1346	1801
1346	1867
1346	1922
1346	1934
1346	1968
1347	1397
1347	1506
1347	1655
1347	1847
1348	1427
1348	1765
1348	1883
1348	1919
1348	1929
1348	1963
1349	1355
1349	1489
1349	1738
1349	1854
1349	1900
1349	1959
1350	1370
1350	1372
1350	1424
1350	1585
1350	1640
1350	1811
1350	1853
1351	1383
1351	1394
1351	1449
1351	1462
1351	1478
1351	1487
1351	1542
1351	1547
1351	1618
1351	1653
1351	1655
1351	1862
1351	1954
1352	1367
1352	1517
1352	1563
1352	1579
1352	1949
1353	1403
1353	1501
1353	1607
1353	1707
1353	1944
1353	1959
1354	1432
1354	1523
1354	1538
1354	1743
1354	1803
1354	1919
1355	1400
1355	1413
1355	1455
1355	1595
1355	1600
1355	1649
1355	1789
1355	1798
1355	1846
1356	1404
1356	1466
1356	1703
1356	1805
1357	1433
1358	1364
1358	1455
1358	1494
1358	1811
1358	1971
1359	1453
1359	1607
1359	1626
1359	1749
1359	1767
1359	1890
1359	1891
1360	1378
1360	1623
1360	1823
1360	1873
1360	1918
1360	1940
1361	1388
1361	1518
1361	1606
1361	1778
1361	1810
1361	1816
1361	1878
1361	1954
1362	1764
1362	1894
1362	1924
1362	1948
1363	1425
1363	1490
1363	1514
1363	1534
1363	1805
1363	1849
1364	1383
1364	1695
1364	1704
1364	1914
1365	1706
1365	1713
1365	1998
1366	1518
1366	1647
1366	1772
1366	1967
1367	1416
1367	1527
1367	1533
1367	1578
1367	1985
1368	1647
1368	1651
1368	1789
1368	1906
1369	1480
1369	1530
1369	1626
1369	1649
1369	1859
1370	1596
1370	1683
1370	1938
1371	1571
1371	1661
1371	1777
1371	1811
1371	1834
1371	1925
1372	1410
1372	1541
1372	1618
1372	1680
1372	1745
1372	1789
1372	1959
1372	1967
1373	1448
1373	1717
1373	1794
1373	1811
1374	1563
1374	1808
1374	1811
1375	1392
1375	1495
1375	1551
1375	1715
1375	1925
1375	1943
1376	1382
1376	1455
1376	1524
1376	1558
1376	1645
1376	1803
1376	1823
1376	1871
1376	1877
1376	1952
1377	1378
1377	1473
1377	1538
1377	1855
1378	1465
1378	1475
1378	1522
1378	1551
1379	1432
1379	1713
1379	1813
1380	1416
1381	1465
1381	1639
1381	1734
1381	1999
1382	1514
1382	1523
1382	1574
1382	1646
1382	1705
1382	1746
1382	1753
1382	1813
1382	1840
1382	1875
1382	1993
1383	1423
1383	1461
1383	1722
1383	1785
1383	1929
1383	1948
1384	1394
1384	1453
1384	1486
1384	1561
1384	1639
1384	1758
1384	1971
1384	1979
1384	1996
1385	1465
1385	1535
1385	1619
1385	1655
1385	1717
1385	1755
1385	1774
1385	1780
1385	1985
1386	1503
1386	1585
1386	1741
1386	1818
1387	1600
1387	1633
1388	1390
1388	1454
1388	1481
1388	1571
1388	1743
1388	1792
1388	1863
1388	1883
1388	1957
1389	1626
1389	1673
1389	1692
1389	1706
1389	1720
1389	1806
1390	1446
1390	1513
1390	1552
1390	1851
1390	1863
1390	1907
1391	1431
1391	1498
1391	1794
1391	1941
1392	1441
1392	1538
1392	1903
1392	1979
1393	1451
1393	1498
1393	1810
1393	1888
1393	1938
1394	1469
1394	1490
1394	1521
1394	1757
1394	1802
1394	1937
1395	1587
1395	1633
1395	1687
1395	1753
1395	1790
1396	1453
1396	1458
1396	1561
1396	1689
1396	1794
1396	1806
1396	1902
1396	1996
1397	1478
1397	1492
1397	1500
1397	1876
1397	1996
1398	1405
1398	1449
1398	1620
1398	1720
1398	1804
1398	1826
1398	1827
1399	1501
1399	1515
1399	1526
1399	1630
1399	1686
1399	1788
1399	1902
1399	1948
1400	1462
1400	1624
1400	1756
1400	1929
1400	1941
1401	1452
1401	1561
1401	1586
1401	1741
1401	1818
1401	1921
1401	1987
1402	1482
1402	1546
1402	1549
1402	1656
1402	1668
1402	1978
1402	1984
1403	1596
1403	1757
1403	1877
1404	1668
1404	1753
1404	1782
1404	1840
1405	1414
1406	1500
1406	1647
1406	1717
1406	1833
1406	1964
1407	1433
1407	1487
1407	1573
1407	1584
1407	1601
1407	1609
1407	1676
1407	1801
1407	1930
1407	1970
1408	1431
1408	1485
1408	1771
1408	1808
1408	1868
1408	1869
1408	1935
1408	1964
1408	1965
1409	1456
1409	1463
1409	1467
1409	1626
1409	1794
1409	1804
1409	1817
1409	1969
1410	1430
1410	1431
1410	1451
1410	1499
1410	1518
1410	1611
1410	1666
1410	1882
1410	1973
1411	1500
1411	1554
1411	1632
1411	1636
1411	1665
1411	1811
1411	1813
1411	1846
1411	1942
1411	1991
1412	1482
1412	1577
1412	1579
1412	1681
1412	1795
1412	1814
1412	1839
1412	1857
1412	1921
1413	1605
1413	1645
1413	1665
1413	1785
1413	1795
1413	1924
1413	1943
1414	1438
1414	1462
1414	1473
1414	1488
1414	1516
1414	1554
1414	1687
1415	1683
1415	1745
1416	1677
1416	1679
1416	1859
1416	1947
1417	1574
1417	1648
1417	1687
1417	1763
1417	1898
1418	1523
1418	1601
1418	1719
1418	1949
1419	1496
1419	1535
1419	1565
1419	1641
1419	1696
1419	1837
1419	1845
1419	1937
1419	1989
1420	1462
1420	1567
1420	1601
1420	1659
1421	1637
1421	1824
1421	1833
1422	1556
1422	1602
1422	1613
1422	1776
1422	1816
1422	1948
1422	1992
1422	1998
1423	1461
1423	1718
1423	1848
1423	1930
1423	1932
1424	1467
1424	1491
1424	1602
1424	1662
1424	1734
1424	1826
1424	1839
1425	1563
1425	1715
1425	1893
1426	1553
1426	1743
1426	1759
1426	1896
1426	1953
1427	1446
1427	1456
1427	1513
1427	1553
1427	1571
1427	1788
1427	1922
1427	1929
1427	1949
1428	1632
1428	1772
1428	1974
1428	1980
1429	1453
1429	1548
1429	1633
1429	1743
1429	1786
1429	1799
1429	1813
1429	1823
1429	1893
1430	1507
1430	1781
1430	1931
1430	1953
1431	1484
1431	1520
1431	1615
1431	1699
1431	1709
1431	1873
1431	1929
1432	1452
1432	1675
1432	1996
1433	1438
1433	1439
1433	1554
1433	1730
1433	1938
1434	1717
1435	1722
1435	1729
1435	1750
1435	1770
1435	1841
1435	1867
1435	1980
1436	1514
1436	1546
1436	1552
1436	1778
1436	1900
1436	1911
1437	1590
1437	1666
1437	1891
1438	1458
1438	1929
1439	1555
1439	1711
1439	1906
1439	1966
1440	1465
1440	1709
1440	1809
1440	1903
1440	1919
1440	1991
1441	1596
1441	1899
1442	1687
1442	1827
1442	1837
1443	1779
1443	1883
1443	1930
1444	1458
1444	1632
1444	1789
1444	1865
1444	1866
1444	1902
1444	1954
1444	1963
1445	1477
1445	1587
1446	1582
1446	1630
1446	1719
1446	1744
1446	1903
1446	1972
1446	1974
1447	1634
1447	1671
1447	1694
1447	1733
1447	1818
1447	1912
1448	1484
1448	1525
1448	1530
1448	1582
1448	1609
1448	1668
1448	1690
1448	1784
1449	1454
1449	1563
1449	1785
1449	1814
1449	1869
1450	1474
1450	1682
1450	1730
1450	1759
1450	1770
1450	1780
1450	1795
1450	1927
1450	1932
1451	1502
1451	1522
1451	1573
1451	1583
1451	1840
1451	1864
1451	1995
1452	1468
1452	1539
1452	1646
1452	1648
1452	1767
1452	1776
1452	1917
1453	1526
1453	1645
1453	1702
1453	1703
1453	1911
1453	1962
1453	1965
1454	1584
1454	1715
1454	1766
1454	1864
1454	1988
1455	1654
1455	1781
1456	1497
1456	1544
1456	1547
1456	1626
1456	1651
1456	1747
1456	1778
1456	1926
1456	1964
1456	1993
1457	1510
1457	1646
1457	1678
1457	1698
1458	1473
1458	1503
1458	1513
1458	1551
1458	1568
1458	1850
1458	1893
1458	1916
1458	1930
1459	1486
1459	1547
1459	1652
1459	1684
1459	1979
1460	1468
1460	1559
1460	1594
1460	1625
1460	1668
1460	1791
1460	1806
1461	1465
1461	1502
1461	1513
1461	1533
1461	1611
1461	1643
1461	1702
1461	1749
1461	1791
1461	1812
1462	1536
1462	1621
1462	1796
1462	1799
1462	1880
1462	1942
1462	1987
1463	1522
1463	1621
1463	1853
1463	1943
1463	1984
1465	1472
1465	1521
1465	1535
1465	1730
1465	1808
1465	1976
1465	1986
1466	1483
1466	1501
1466	1534
1466	1613
1466	1734
1466	1793
1466	1796
1467	1503
1467	1603
1467	1624
1467	1694
1467	1774
1467	1794
1467	1880
1467	1915
1467	1969
1468	1634
1468	1676
1468	1726
1468	1913
1468	1947
1469	1563
1469	1692
1469	1693
1469	1720
1470	1488
1470	1688
1470	1721
1470	1883
1470	1885
1471	1770
1471	1797
1471	1907
1472	1617
1472	1618
1472	1710
1472	1903
1472	1942
1473	1642
1473	1646
1473	1661
1473	1743
1473	1751
1473	1826
1474	1540
1474	1544
1474	1773
1474	1930
1475	1505
1475	1664
1475	1870
1475	1902
1475	1982
1476	1638
1476	1655
1476	1693
1476	1715
1476	1721
1476	1750
1476	1852
1476	1917
1477	1556
1477	1673
1477	1743
1478	1965
1479	1607
1479	1893
1480	1494
1480	1498
1480	1705
1480	1744
1480	1810
1480	1836
1480	1845
1480	1930
1481	1490
1481	1717
1481	1726
1481	1874
1481	1980
1482	1615
1482	1688
1482	1811
1482	1835
1482	1836
1482	1942
1483	1494
1483	1647
1483	1697
1483	1727
1484	1509
1484	1604
1484	1629
1484	1664
1484	1847
1484	1853
1484	1904
1484	1969
1484	1987
1485	1569
1485	1624
1485	1748
1485	1766
1485	1816
1485	1878
1485	1936
1485	1940
1485	1960
1486	1495
1486	1512
1486	1599
1486	1808
1486	1866
1487	1542
1487	1627
1487	1658
1487	1753
1487	1788
1487	1805
1487	1815
1488	1609
1488	1691
1489	1559
1489	1617
1489	1721
1490	1516
1490	1653
1490	1685
1490	1708
1490	1744
1490	1753
1490	1846
1490	1944
1491	1561
1491	1628
1491	1681
1491	1849
1491	1924
1491	1931
1492	1530
1492	1703
1492	1812
1493	1614
1493	1640
1493	1673
1493	1882
1493	1937
1493	1971
1494	1636
1494	1665
1494	1897
1494	1982
1495	1496
1495	1504
1495	1558
1495	1599
1495	1609
1495	1662
1495	1909
1495	1926
1495	1973
1495	1974
1496	1498
1496	1567
1496	1675
1496	1688
1496	1705
1496	1715
1496	1717
1496	1838
1497	1591
1497	1764
1497	1833
1497	1923
1497	1942
1497	1945
1498	1727
1498	1916
1499	1538
1499	1559
1499	1738
1499	1876
1500	1584
1500	1587
1500	1660
1500	1824
1500	1826
1500	1859
1500	1867
1500	1872
1501	1611
1501	1748
1501	1851
1501	1962
1502	1539
1502	1562
1502	1804
1502	1858
1502	1947
1503	1590
1503	1639
1503	1914
1503	1947
1503	1954
1504	1562
1504	1574
1504	1839
1505	1550
1505	1568
1505	1671
1505	1754
1505	1774
1505	1812
1505	1833
1505	1853
1505	1895
1505	1922
1506	1529
1506	1547
1506	1578
1506	1643
1506	1752
1506	1762
1506	1878
1507	1536
1507	1539
1507	1763
1508	1543
1508	1607
1508	1759
1508	1859
1508	1880
1508	1935
1508	1946
1509	1775
1509	1798
1509	1851
1509	1976
1510	1524
1510	1618
1510	1632
1510	1645
1510	1918
1510	1943
1511	1598
1511	1641
1511	1654
1511	1752
1511	1784
1511	1942
1511	1967
1512	1648
1512	1685
1512	1710
1512	1744
1512	1746
1512	1772
1512	1848
1512	1872
1512	1908
1513	1562
1513	1724
1513	1867
1513	1943
1514	1707
1514	1812
1514	1816
1514	1933
1515	1733
1515	1884
1515	1928
1515	1949
1516	1554
1516	1780
1516	1958
1516	1970
1517	1552
1517	1563
1517	1613
1517	1772
1517	1882
1518	1561
1518	1652
1518	1931
1518	1961
1519	1594
1520	1545
1520	1814
1520	1917
1520	1979
1521	1593
1521	1665
1521	1723
1522	1658
1522	1689
1522	1727
1522	1844
1522	1855
1522	1887
1522	1915
1523	1544
1523	1743
1523	1769
1523	1794
1523	1840
1523	1988
1524	1757
1524	1943
1524	1980
1525	1535
1525	1656
1525	1724
1525	1813
1525	1827
1525	1896
1526	1618
1526	1671
1526	1793
1526	1830
1526	1882
1527	1590
1527	1608
1527	1620
1527	1645
1527	1938
1528	1652
1528	1918
1529	1609
1529	1816
1529	1864
1529	1944
1529	1961
1529	1975
1530	1989
1530	1994
1531	1605
1531	1626
1531	1937
1532	1659
1532	1707
1532	1809
1532	1881
1533	1672
1533	1974
1534	1774
1534	1813
1534	1859
1535	1745
1535	1758
1535	1895
1536	1760
1536	1779
1536	1894
1536	1961
1536	1988
1537	1581
1537	1697
1537	1847
1537	1949
1538	1803
1538	1822
1539	1663
1539	1667
1539	1727
1539	1890
1539	1958
1539	1961
1540	1579
1540	1598
1540	1671
1540	1691
1540	1692
1540	1694
1540	1834
1540	1857
1541	1605
1541	1676
1542	1590
1542	1620
1542	1629
1542	1866
1542	1888
1542	1945
1542	1956
1542	1965
1542	1987
1543	1641
1543	1798
1543	1908
1544	1643
1544	1752
1544	1790
1544	1832
1544	1843
1544	1991
1545	1707
1545	1813
1545	1855
1545	1953
1545	1973
1546	1735
1546	1849
1546	1994
1547	1590
1547	1829
1547	1855
1547	1950
1547	1951
1547	1954
1547	1992
1548	1549
1548	1562
1548	1600
1548	1697
1548	1739
1548	1756
1548	1798
1548	1977
1548	1995
1549	1589
1549	1701
1549	1923
1550	1560
1550	1697
1550	1766
1550	1906
1550	1954
1551	1555
1551	1560
1551	1703
1551	1738
1551	1793
1551	1887
1551	1948
1551	1969
1551	1977
1552	1656
1552	1809
1552	1859
1552	1892
1552	1958
1553	1565
1553	1569
1553	1651
1553	1658
1553	1685
1553	1762
1553	1767
1553	1939
1554	1627
1554	1764
1554	1772
1554	1877
1555	1592
1555	1664
1555	1744
1555	1761
1555	1842
1555	1910
1555	1997
1556	1570
1556	1590
1556	1630
1556	1690
1556	1692
1556	1724
1556	1792
1556	1959
1557	1663
1557	1692
1557	1731
1557	1837
1557	1870
1558	1570
1559	1621
1559	1880
1560	1658
1560	1759
1561	1828
1561	1902
1561	1919
1561	1951
1562	1592
1563	1672
1563	1708
1563	1918
1563	1937
1564	1568
1564	1811
1564	1887
1564	1939
1565	1623
1565	1821
1566	1732
1566	1800
1567	1605
1567	1671
1567	1696
1567	1745
1567	1918
1567	1931
1568	1733
1568	1814
1568	1856
1568	1920
1568	1933
1568	1965
1569	1765
1569	1888
1570	1578
1570	1589
1570	1624
1570	1627
1570	1756
1570	1817
1571	1673
1571	1758
1571	1916
1571	1930
1572	1623
1572	1758
1572	1822
1572	1836
1573	1610
1573	1638
1573	1992
1574	1672
1574	1708
1574	1745
1574	1856
1574	1868
1574	1933
1575	1786
1575	1861
1575	1897
1575	1929
1576	1628
1576	1676
1576	1713
1576	1802
1576	1815
1576	1919
1576	1940
1577	1696
1577	1910
1577	1981
1578	1601
1578	1829
1578	1834
1578	1848
1578	1990
1579	1697
1579	1896
1579	1899
1580	1669
1580	1680
1580	1727
1580	1786
1580	1981
1581	1588
1581	1618
1581	1635
1581	1831
1581	1885
1582	1880
1582	1884
1582	1981
1583	1626
1583	1658
1583	1869
1584	1677
1584	1928
1585	1867
1586	1956
1587	1588
1588	1590
1588	1696
1588	1810
1589	1614
1589	1641
1589	1648
1589	1651
1589	1991
1590	1733
1590	1805
1590	1854
1590	1895
1591	1721
1591	1743
1591	1764
1591	1775
1591	1895
1592	1622
1592	1783
1592	1830
1592	1919
1593	1604
1593	1774
1594	1725
1594	1773
1594	1797
1594	1903
1594	1967
1595	1736
1595	1945
1596	1698
1596	1775
1596	1884
1596	1895
1597	1639
1597	1647
1597	1768
1597	1878
1597	1891
1597	1900
1597	1905
1598	1611
1598	1769
1598	1793
1598	1883
1598	1894
1599	1708
1599	1746
1599	1808
1599	1952
1600	1641
1600	1785
1600	1861
1600	1913
1601	1604
1601	1671
1601	1763
1601	1822
1601	1862
1601	1946
1602	1642
1602	1779
1602	1905
1603	1658
1604	1777
1604	1837
1604	1919
1605	1611
1605	1774
1605	1842
1605	1943
1605	1998
1606	1808
1606	1966
1607	1632
1607	1662
1607	1841
1607	1848
1607	1998
1608	1615
1608	1786
1609	1755
1609	1808
1610	1623
1610	1639
1610	1662
1610	1846
1610	1869
1610	1890
1610	1945
1610	1978
1610	1987
1611	1688
1611	1715
1611	1860
1611	1886
1612	1778
1613	1747
1613	1955
1614	1718
1614	1855
1614	1856
1615	1636
1615	1663
1615	1802
1616	1927
1616	1968
1617	1730
1617	1753
1617	1770
1617	1781
1618	1721
1618	1764
1618	1797
1618	1943
1618	1958
1618	1989
1619	1707
1619	1739
1619	1748
1620	1669
1620	1888
1621	1661
1621	1878
1622	1655
1622	1669
1622	1684
1623	1683
1623	1773
1624	1641
1625	1703
1625	1709
1625	1770
1625	1896
1626	1698
1626	1775
1626	1908
1627	1633
1627	1647
1627	1694
1627	1722
1627	1731
1627	1845
1627	1870
1628	1636
1628	1799
1628	1830
1628	1836
1628	1868
1628	1878
1628	1956
1628	1979
1629	1644
1629	1685
1629	1712
1629	1879
1629	1991
1630	1863
1631	1724
1631	1868
1631	1996
1632	1737
1632	1809
1632	1867
1632	1908
1632	1963
1632	1983
1633	1650
1633	1660
1633	1969
1634	1667
1634	1724
1636	1729
1636	1928
1636	1931
1637	1670
1638	1661
1638	1701
1638	1719
1638	1833
1638	1929
1638	1953
1639	1734
1639	1736
1639	1986
1640	1752
1640	1783
1640	1955
1641	1887
1642	1979
1643	1645
1643	1716
1643	1826
1643	1907
1643	1950
1644	1789
1644	1822
1644	1906
1644	1966
1645	1702
1645	1944
1646	1719
1646	1729
1646	1732
1646	1792
1646	1794
1646	1967
1646	1984
1647	1741
1647	1830
1647	1845
1647	1846
1647	1860
1647	1991
1648	1891
1648	1972
1649	1740
1649	1749
1649	1910
1649	1927
1650	1750
1650	1842
1650	1898
1650	1931
1650	1932
1651	1689
1651	1697
1651	1730
1652	1700
1652	1777
1652	1780
1652	1790
1653	1716
1653	1726
1653	1739
1653	1761
1653	1781
1653	1832
1654	1804
1654	1929
1654	1963
1655	1845
1655	1869
1656	1740
1656	1879
1656	1957
1656	1958
1656	1984
1657	1670
1657	1699
1657	1724
1657	1762
1657	1803
1658	1702
1658	1743
1658	1755
1658	1757
1658	1780
1658	1826
1658	1994
1659	1743
1659	1867
1659	1937
1661	1734
1661	1744
1661	1816
1661	1847
1661	1937
1662	1975
1663	1920
1664	1665
1664	1680
1664	1697
1664	1771
1664	1804
1664	1867
1665	1834
1666	1720
1666	1829
1666	1853
1666	1909
1666	1997
1667	1798
1667	1887
1667	1908
1667	1992
1668	1688
1668	1692
1668	1700
1668	1707
1668	1815
1668	1833
1668	1856
1668	1946
1668	1992
1669	1788
1669	1944
1670	1689
1670	1786
1670	1793
1670	1797
1670	1846
1670	1862
1670	1923
1670	1933
1671	1719
1671	1738
1671	1816
1671	1960
1672	1701
1672	1975
1673	1740
1673	1766
1673	1808
1673	1833
1673	1867
1673	1869
1673	1917
1673	1943
1674	1888
1674	1963
1674	1984
1675	1683
1675	1755
1675	1829
1675	1830
1676	1735
1676	1883
1676	1944
1676	1983
1677	1736
1677	1792
1678	1682
1678	1794
1678	1937
1678	1957
1679	1858
1680	1768
1680	1918
1680	1978
1681	1732
1681	1737
1681	1799
1681	1925
1682	1696
1682	1747
1682	1795
1682	1966
1684	1817
1684	1996
1685	1701
1685	1822
1685	1834
1685	1859
1685	1893
1686	1784
1686	1794
1686	1919
1687	1763
1687	1902
1687	1952
1687	1960
1688	1695
1688	1712
1688	1759
1688	1788
1688	1880
1688	1942
1689	1753
1689	1845
1689	1858
1689	1929
1690	1709
1690	1887
1690	1911
1691	1721
1691	1785
1691	1787
1691	1906
1691	1953
1692	1783
1692	1789
1692	1841
1692	1994
1693	1870
1693	1993
1693	1999
1694	1747
1694	1906
1694	1995
1695	1698
1695	1734
1695	1938
1696	1811
1697	1740
1697	1859
1697	1981
1698	1709
1698	1777
1698	1816
1698	1924
1699	1940
1700	1728
1700	1746
1700	1876
1700	1973
1700	1991
1701	1721
1701	1725
1701	1842
1701	1895
1701	1942
1701	1997
1702	1779
1702	1792
1702	1936
1702	1949
1702	1982
1703	1730
1703	1741
1703	1998
1704	1724
1704	1928
1705	1740
1705	1960
1705	1997
1706	1715
1706	1837
1706	1939
1707	1882
1708	1790
1708	1878
1709	1716
1709	1723
1710	1723
1710	1890
1710	1987
1711	1907
1711	1911
1711	1990
1712	1753
1712	1875
1712	1897
1713	1734
1713	1879
1713	1892
1713	1926
1714	1852
1715	1733
1715	1809
1715	1922
1716	1778
1716	1794
1716	1805
1718	1772
1718	1985
1719	1841
1719	1871
1719	1913
1719	1920
1719	1929
1720	1725
1720	1830
1720	1878
1721	1754
1722	1731
1722	1736
1722	1991
1724	1806
1724	1852
1724	1980
1724	1987
1727	1823
1727	1862
1727	1932
1727	1965
1729	1746
1729	1767
1729	1811
1729	1817
1729	1818
1729	1919
1730	1786
1730	1845
1730	1860
1730	1951
1730	1989
1730	1990
1731	1849
1731	1990
1732	1793
1732	1816
1732	1946
1733	1748
1733	1779
1733	1854
1733	1910
1734	1743
1734	1890
1734	1893
1734	1947
1735	1909
1735	1933
1736	1890
1736	1932
1737	1763
1737	1841
1737	1850
1737	1857
1737	1868
1737	1898
1737	1978
1737	1979
1738	1807
1739	1755
1739	1795
1739	1928
1740	1760
1740	1831
1740	1879
1740	1884
1740	1960
1740	1993
1741	1746
1741	1758
1741	1944
1741	1987
1742	1768
1742	1816
1742	1853
1743	1791
1743	1911
1744	1816
1744	1826
1744	1838
1744	1998
1745	1941
1745	1968
1745	1985
1746	1770
1746	1807
1746	1841
1746	1906
1747	1833
1748	1790
1748	1797
1748	1799
1748	1807
1748	1838
1748	1919
1750	1777
1750	1954
1751	1853
1751	1887
1751	1928
1751	1963
1752	1861
1752	1930
1753	1805
1753	1856
1753	1953
1754	1909
1754	1919
1755	1927
1755	1937
1756	1866
1756	1929
1757	1903
1757	1984
1757	1991
1758	1997
1759	1959
1761	1791
1761	1934
1761	1987
1762	1862
1762	1966
1762	1993
1763	1844
1763	1930
1764	1780
1764	1794
1764	1885
1764	1952
1765	1798
1765	1959
1766	1839
1766	1850
1767	1864
1767	1872
1767	1918
1767	1973
1768	1921
1769	1982
1770	1851
1772	1793
1772	1913
1773	1795
1773	1851
1773	1908
1773	1994
1774	1849
1775	1784
1776	1836
1776	1852
1777	1780
1777	1853
1777	1989
1778	1979
1779	1812
1779	1858
1780	1920
1781	1800
1781	1879
1781	1901
1782	1819
1782	1976
1783	1792
1783	1840
1784	1862
1784	1902
1786	1902
1786	1963
1786	1999
1787	1788
1787	1805
1787	1850
1787	1983
1788	1829
1788	1862
1788	1915
1789	1799
1789	1807
1789	1829
1789	1908
1789	1926
1789	1984
1790	1846
1790	1849
1790	1888
1790	1935
1790	1972
1791	1877
1791	1918
1792	1889
1792	1974
1792	1987
1793	1871
1793	1899
1793	1904
1793	1937
1793	1953
1794	1907
1796	1828
1796	1939
1797	1907
1797	1910
1797	1926
1798	1846
1799	1813
1799	1986
1799	1989
1800	1977
1800	1995
1801	1858
1801	1955
1801	1966
1802	1828
1802	1916
1802	1945
1802	1956
1803	1848
1804	1860
1804	1894
1804	1915
1804	1932
1804	1948
1804	1975
1805	1865
1805	1927
1805	1941
1805	1947
1806	1823
1806	1864
1806	1950
1806	1997
1807	1825
1807	1988
1808	1885
1810	1831
1810	1875
1810	1879
1810	1910
1811	1913
1812	1960
1813	1934
1814	1899
1815	1944
1815	1945
1816	1931
1816	1965
1817	1842
1817	1884
1818	1999
1819	1830
1819	1840
1819	1911
1819	1973
1820	1837
1820	1841
1820	1898
1820	1902
1820	1916
1820	1994
1821	1838
1823	1877
1823	1879
1823	1945
1823	1964
1823	1980
1824	1860
1824	1971
1829	1899
1830	1889
1830	1964
1830	1975
1831	1890
1831	1909
1831	1932
1831	1937
1832	1833
1832	1867
1832	1937
1833	1840
1834	1846
1834	1915
1834	1926
1834	1946
1834	1981
1836	1901
1836	1917
1836	1938
1837	1909
1838	1841
1838	1861
1838	1948
1839	1855
1839	1883
1839	1930
1840	1962
1841	1905
1841	1970
1841	1978
1842	1846
1842	1871
1842	1963
1843	1887
1843	1941
1844	1863
1844	1976
1844	1987
1845	1928
1845	1969
1845	1991
1846	1942
1846	1950
1847	1885
1850	1908
1850	1937
1851	1914
1851	1930
1851	1943
1852	1916
1852	1973
1854	1949
1854	1954
1854	1974
1856	1864
1856	1913
1856	1927
1857	1893
1857	1942
1860	1874
1861	1994
1862	1960
1863	1892
1863	1906
1864	1991
1865	1932
1865	1943
1866	1933
1868	1891
1868	1978
1870	1912
1874	1984
1874	1987
1875	1921
1875	1985
1876	1922
1877	1954
1877	1981
1878	1880
1879	1979
1882	1884
1884	1892
1885	1962
1885	1975
1886	1902
1886	1971
1888	1894
1889	1902
1890	1980
1890	1983
1891	1922
1891	1924
1891	1952
1891	1992
1893	1914
1895	1946
1896	1903
1897	1947
1898	1970
1900	1929
1900	1990
1901	1958
1901	1990
1902	1914
1903	1996
1904	1959
1905	1973
1906	1971
1907	1909
1909	1918
1909	1984
1910	1946
1910	1966
1912	1919
1913	1951
1913	1956
1914	1963
1915	1936
1915	1941
1915	1972
1915	1981
1915	1989
1915	1999
1920	1942
1921	1966
1923	1940
1924	1925
1924	1945
1924	1973
1924	1983
1927	1938
1929	1946
1930	1934
1932	1938
1933	1958
1934	1941
1934	1958
1934	1996
1935	1971
1935	1980
1937	1966
1940	1942
1941	1990
1944	1992
1946	1951
1946	1962
1947	1951
1947	1967
1949	1981
1953	1978
1957	1997
1960	1982
1961	1963
1967	1998
