2000	0
0	54
0	68
0	95
0	170
0	433
0	493
0	639
0	730
1	152
1	180
1	248
1	285
1	330
1	346
1	350
1	406
1	508
1	565
1	728
1	876
1	910
2	58
2	474
2	553
2	710
2	722
2	723
2	1777
3	33
3	175
3	185
3	282
3	391
3	401
3	497
3	513
3	531
3	588
3	605
3	618
3	691
3	732
3	747
3	816
3	845
3	885
3	956
4	127
4	430
4	608
4	763
4	826
4	890
5	54
5	121
5	146
5	162
5	213
5	295
5	522
5	541
5	673
5	709
5	833
5	840
5	932
5	935
6	45
6	51
6	73
6	93
6	108
6	154
6	230
6	318
6	389
6	445
6	628
6	706
6	781
6	931
6	940
6	992
7	22
7	38
7	58
7	93
7	988
8	216
8	281
8	504
8	630
8	757
8	846
8	924
9	12
9	237
9	398
9	458
9	473
9	622
9	765
9	770
9	849
9	967
9	986
10	206
10	211
10	323
10	411
10	808
10	880
10	954
11	167
11	168
11	302
11	315
11	317
11	432
11	478
11	720
11	769
11	901
11	917
12	41
12	120
12	154
12	198
12	267
12	356
12	489
12	569
12	796
13	209
13	212
13	307
13	601
13	647
13	671
13	735
13	837
14	116
14	243
14	462
14	494
14	525
14	876
14	882
14	941
14	980
14	1428
15	81
15	86
15	117
15	448
15	513
15	943
15	974
15	979
15	984
15	996
16	120
16	130
16	339
16	351
16	435
16	497
16	667
16	678
16	816
17	171
17	226
17	349
17	446
17	450
17	752
18	312
18	345
18	468
18	644
18	674
18	675
18	875
19	123
19	226
19	280
19	346
19	468
19	528
19	557
19	597
19	691
19	957
20	61
20	148
20	380
20	387
20	622
20	715
20	887
20	933
20	988
20	989
21	227
21	262
21	273
21	277
21	477
21	530
21	759
21	761
21	831
21	840
22	46
22	73
22	119
22	524
22	684
22	700
22	793
22	804
22	898
22	910
22	976
23	126
23	220
23	306
23	373
23	615
23	826
23	842
23	967
23	987
24	37
24	287
24	347
24	439
24	601
24	714
24	715
24	918
24	963
24	974
25	98
25	264
25	290
25	318
25	344
25	381
25	407
25	497
25	618
25	728
25	775
25	873
26	53
26	186
26	198
26	253
26	337
26	522
26	689
26	739
26	878
26	889
26	992
27	49
27	241
27	256
27	277
27	331
27	468
27	555
27	586
27	694
27	804
28	46
28	111
28	462
28	557
28	617
28	952
28	959
29	37
29	89
29	150
29	171
29	189
29	397
29	399
29	454
29	489
29	616
29	622
29	623
29	696
29	789
29	844
29	986
29	989
30	86
30	146
30	215
30	259
30	260
30	416
30	440
30	442
30	456
30	540
30	548
30	568
30	672
30	708
30	773
30	853
30	925
31	201
31	242
31	243
31	252
31	275
31	342
31	377
31	545
31	758
31	774
31	788
31	821
31	947
31	1358
31	1906
32	170
32	236
32	299
32	307
32	329
32	400
32	515
32	546
32	645
32	678
32	706
32	783
32	893
32	913
32	951
33	545
33	648
33	772
33	893
33	976
34	136
34	539
34	568
34	632
34	656
34	720
35	116
35	154
35	350
35	384
35	490
35	862
35	924
35	970
36	161
36	211
36	314
36	320
36	524
36	732
36	791
37	92
37	112
37	334
37	382
37	490
37	599
37	647
37	728
37	730
37	941
38	85
38	125
38	131
38	161
38	173
38	387
38	402
38	411
38	463
38	537
38	576
38	651
38	772
38	793
38	968
39	99
39	449
39	500
39	519
39	522
39	618
39	681
39	874
40	42
40	104
40	278
40	296
40	385
40	506
40	517
40	587
40	604
40	659
40	813
40	892
40	954
41	49
41	54
41	103
41	277
41	357
41	505
41	957
42	218
42	315
42	373
42	427
42	456
42	484
42	520
42	641
42	682
42	702
42	738
42	758
42	928
43	291
43	370
43	382
43	618
43	649
43	654
43	695
43	742
43	790
43	831
43	905
44	140
44	305
44	398
44	512
44	693
44	763
44	765
44	819
44	970
45	78
45	422
45	426
45	571
45	595
45	673
45	804
45	846
45	948
46	216
46	407
46	477
46	522
46	709
46	834
47	253
47	284
47	463
47	767
47	867
47	887
48	182
48	449
48	902
48	986
49	119
49	136
49	159
49	206
49	309
49	367
49	689
49	845
49	937
49	983
50	61
50	130
50	284
50	383
50	410
51	198
51	203
51	240
51	421
51	517
51	663
51	816
51	1586
52	74
52	321
52	367
52	462
52	612
52	983
53	64
53	93
53	115
53	327
53	350
53	365
53	387
53	527
53	538
53	545
53	679
54	72
54	74
54	185
54	247
54	343
54	347
54	352
54	364
54	497
54	680
54	897
54	924
54	938
54	981
55	212
55	317
55	366
55	416
55	698
55	796
55	819
55	977
56	59
56	78
56	208
56	327
56	360
56	490
56	737
56	937
57	339
57	722
57	877
58	459
58	519
58	635
58	888
58	973
59	110
59	430
59	917
59	933
59	965
59	974
60	105
60	146
60	366
60	397
60	444
60	633
60	681
60	711
61	105
61	166
61	227
61	372
61	453
61	566
61	620
61	751
62	114
62	245
62	434
62	452
62	455
62	473
62	540
62	577
62	756
62	766
62	929
62	940
63	79
63	121
63	399
63	423
63	451
63	469
63	830
63	871
63	918
64	176
64	255
64	373
64	413
64	531
64	663
64	724
64	835
65	105
65	112
65	146
65	187
65	189
65	202
65	620
65	816
65	887
65	891
66	141
66	237
66	344
66	496
66	533
66	935
66	981
66	991
67	97
67	182
67	301
67	309
67	381
67	431
67	525
67	666
67	728
67	750
67	865
67	872
67	884
68	371
68	387
68	481
68	600
68	612
68	714
68	774
69	88
69	204
69	304
69	306
69	352
69	382
69	541
69	548
69	718
69	813
69	835
70	71
70	94
70	246
70	337
70	415
70	480
70	629
70	832
71	154
71	308
71	433
72	324
72	349
72	364
72	469
72	586
73	311
73	326
73	362
73	368
73	398
73	415
73	619
73	831
73	947
73	985
73	995
74	285
74	292
74	317
74	465
74	476
74	531
74	627
74	762
74	764
74	834
74	885
74	992
75	121
75	218
75	288
75	380
75	392
75	505
75	624
75	665
75	705
75	902
75	911
76	89
76	109
76	357
76	375
76	511
76	587
76	655
76	740
76	767
76	803
77	106
77	141
77	169
77	385
77	494
77	576
77	594
77	646
77	756
77	987
77	999
78	114
78	294
78	363
78	387
78	412
78	469
78	505
78	686
78	961
78	993
79	160
79	188
79	191
79	287
79	321
79	626
79	684
79	871
80	205
80	391
80	411
80	414
80	459
80	563
80	646
80	678
80	753
80	757
80	906
80	907
80	912
81	312
81	514
81	577
81	685
81	798
81	885
82	115
82	246
82	329
82	706
82	713
82	791
83	246
83	249
83	372
83	531
83	609
83	702
84	112
84	234
84	445
84	628
84	967
85	122
85	149
85	218
85	280
85	344
85	560
85	596
85	697
85	799
85	878
85	929
86	106
86	249
86	264
86	396
86	527
86	553
86	567
86	675
86	744
86	771
87	122
87	131
87	246
87	343
87	382
87	935
88	98
88	169
88	180
88	247
88	278
88	483
88	598
88	715
88	874
88	959
88	988
89	129
89	183
89	191
89	352
89	601
89	682
89	737
89	759
89	914
89	961
89	979
90	92
90	191
90	337
90	342
90	343
90	363
90	392
90	416
90	482
90	508
90	523
90	878
91	323
91	332
91	473
91	609
91	877
91	917
92	202
92	510
92	517
92	676
92	775
92	811
92	869
92	881
92	960
93	123
93	173
93	273
93	288
93	433
93	654
93	661
93	663
93	811
93	925
94	112
94	117
94	213
94	238
94	387
94	405
94	495
94	605
94	637
94	647
94	692
94	731
94	865
95	133
95	154
95	251
95	322
95	401
95	423
95	426
95	590
95	642
95	955
95	977
95	1853
96	318
96	530
96	553
96	925
96	976
96	989
97	342
97	606
97	648
97	649
97	824
97	894
98	290
98	403
98	432
98	549
98	597
98	601
98	668
98	794
98	921
98	967
99	114
99	256
99	914
99	993
100	135
100	295
100	326
100	440
100	597
100	630
100	631
100	745
100	823
101	116
101	228
101	237
101	241
101	318
101	450
101	453
101	585
101	747
101	756
101	769
101	850
102	160
102	181
102	219
102	434
103	300
103	332
103	359
103	394
103	472
103	521
103	611
103	621
103	643
103	699
103	742
103	808
103	880
103	893
103	978
103	985
103	1163
104	146
104	269
104	437
104	553
104	573
104	602
104	688
104	706
104	709
105	175
105	225
105	229
105	346
105	427
105	467
105	524
105	617
105	815
105	864
105	913
106	303
106	348
106	549
106	636
106	639
106	660
106	851
106	897
106	939
106	965
107	422
107	629
107	644
107	763
107	829
107	958
108	156
108	199
108	322
108	431
108	488
108	593
108	679
108	756
108	759
108	780
108	897
108	908
109	110
109	112
109	143
109	152
109	224
109	245
109	305
109	323
109	332
109	361
109	476
109	485
109	594
109	744
109	842
109	929
110	234
110	345
110	417
110	585
110	607
110	677
110	743
110	844
110	928
110	1060
111	141
111	205
111	246
111	263
111	365
111	366
111	761
111	875
111	891
111	905
112	263
112	268
112	350
112	361
112	506
112	530
112	566
112	841
112	862
112	902
112	923
112	974
113	322
113	329
113	337
113	476
113	927
114	211
114	306
114	423
114	580
114	686
114	901
114	905
115	181
115	273
115	402
115	505
115	627
115	634
115	643
115	664
115	697
115	887
115	978
116	206
116	215
116	346
116	371
116	403
116	601
116	691
116	761
116	868
116	931
116	986
117	124
117	252
117	265
117	609
117	701
117	784
117	868
117	884
117	932
118	242
118	411
118	587
118	648
118	709
118	798
118	816
119	330
119	343
119	493
119	569
119	586
119	599
119	680
119	944
119	983
119	998
120	386
120	532
120	775
120	844
120	861
120	896
120	933
120	941
121	203
121	355
121	378
121	431
121	483
121	651
121	787
121	802
121	873
122	281
122	318
122	399
122	450
122	464
122	546
122	575
122	661
122	669
122	996
123	164
123	284
123	298
123	322
123	328
123	371
123	687
123	713
123	764
123	927
123	933
123	936
123	948
123	967
124	153
124	201
124	515
124	660
124	892
124	945
124	1217
124	1693
125	262
125	336
125	396
125	474
125	740
125	753
126	416
126	470
126	780
126	890
127	142
127	251
127	268
127	374
127	464
127	478
127	613
127	664
127	868
127	954
128	269
128	302
128	376
128	400
128	451
128	602
128	664
128	707
128	847
128	868
128	993
129	189
129	286
129	476
129	495
129	704
129	773
129	795
129	810
129	849
129	930
129	951
130	134
130	292
130	471
130	655
130	778
130	904
130	947
131	249
131	324
131	395
131	450
131	510
131	529
131	540
131	551
131	725
131	783
131	883
131	920
131	995
132	270
132	327
132	360
132	434
132	463
132	628
132	693
132	728
132	739
132	797
132	911
133	261
133	264
133	544
133	572
133	640
133	933
133	938
134	243
134	286
134	288
134	360
134	393
134	413
134	669
134	702
134	798
134	866
134	980
134	996
135	158
135	243
135	318
135	502
135	654
135	787
135	830
135	877
135	920
136	278
136	287
136	327
136	383
136	406
136	435
136	463
136	570
136	710
136	846
136	993
137	193
137	217
137	218
137	228
137	376
137	700
137	754
137	811
137	886
137	908
137	984
138	300
138	373
138	386
138	451
138	552
138	641
138	743
139	364
139	607
139	654
139	662
139	695
139	749
139	769
139	821
139	836
139	948
139	951
139	962
140	234
140	275
140	325
140	365
140	533
140	627
140	705
140	850
141	167
141	279
141	322
141	487
141	767
141	825
141	868
142	269
142	414
142	654
142	722
142	766
143	148
143	476
143	521
143	583
143	612
143	614
143	694
143	850
143	980
143	986
143	1459
144	233
144	292
144	322
144	342
144	375
144	380
144	424
144	525
144	625
144	680
144	720
144	805
144	840
144	861
144	900
145	321
145	393
145	476
145	551
145	612
145	749
145	1608
146	382
146	490
146	496
146	901
146	962
146	1224
147	298
147	336
147	620
147	623
147	772
147	866
147	931
148	427
148	726
148	793
148	899
149	157
149	262
149	639
149	881
150	163
150	167
150	231
150	282
150	345
150	586
150	764
150	826
150	846
150	928
150	961
151	414
151	437
152	172
152	209
152	315
152	687
153	315
153	329
153	479
153	532
153	598
153	614
153	663
153	737
154	229
154	481
154	537
154	542
154	607
154	703
154	752
154	894
154	949
155	217
155	386
155	442
155	649
155	834
155	853
156	189
156	209
156	221
156	339
156	353
156	424
156	456
156	612
156	833
156	876
157	174
157	615
157	770
157	845
157	853
157	940
157	990
158	413
158	599
158	613
158	740
158	746
158	862
158	889
158	969
159	178
159	233
159	526
159	541
159	731
159	762
159	813
159	867
159	896
159	897
159	931
159	976
160	318
160	441
160	521
160	665
160	692
160	747
160	795
160	796
160	877
161	438
161	452
161	481
161	499
161	566
161	657
161	829
161	1959
162	176
162	199
162	227
162	374
162	673
162	856
163	278
163	523
163	535
163	666
163	668
163	977
164	168
164	244
164	310
164	326
164	659
164	746
164	888
165	270
165	285
165	619
165	743
165	894
165	1112
165	1552
166	477
166	789
166	879
167	331
167	335
167	393
167	499
167	533
167	565
167	638
167	641
167	681
167	803
167	842
167	909
168	332
168	361
168	574
168	817
169	199
169	552
169	745
169	813
169	853
169	862
169	864
169	951
170	216
170	232
170	599
170	609
170	652
170	666
170	774
170	795
170	830
170	899
170	995
171	306
171	325
171	422
171	430
171	449
171	465
171	479
171	542
171	740
171	743
171	799
171	968
172	423
172	510
172	554
172	571
172	630
172	705
172	740
172	820
172	887
172	980
173	330
173	399
173	430
173	505
173	630
173	790
173	824
173	918
174	191
174	222
174	314
174	335
174	454
174	522
174	536
174	570
174	678
174	681
174	931
175	233
175	490
175	588
175	842
176	406
176	466
176	609
176	811
176	955
176	975
177	219
177	602
177	688
177	812
177	830
177	924
178	229
178	248
178	257
178	389
178	687
178	737
178	939
179	283
179	311
179	510
179	618
179	651
179	805
180	232
180	288
180	326
180	431
180	512
180	585
180	844
180	920
180	935
180	944
181	217
181	351
181	365
181	366
181	414
181	505
181	534
181	566
181	621
181	732
181	827
181	977
182	245
182	255
182	644
182	855
182	997
183	231
183	321
183	606
183	697
183	735
183	814
183	877
183	943
184	374
184	436
184	583
184	709
184	807
184	899
184	921
185	484
185	550
185	603
185	843
185	859
186	372
186	536
186	584
186	795
186	971
186	1323
187	199
187	817
187	823
188	234
188	336
188	340
188	469
188	497
188	572
188	752
188	772
188	804
188	850
188	914
188	975
189	209
189	301
189	451
189	453
189	473
189	507
189	546
189	727
190	197
190	241
190	274
190	282
190	316
190	356
190	415
190	532
190	661
190	689
190	756
190	907
190	979
191	323
191	354
191	390
191	401
191	606
191	696
191	728
191	734
191	828
191	896
191	921
191	1241
192	228
192	347
192	440
192	458
192	530
192	639
192	739
192	850
192	922
193	243
193	282
193	322
193	374
193	461
193	489
193	550
193	580
193	672
193	776
193	809
193	892
193	937
193	951
194	325
194	404
194	660
194	837
195	304
195	326
195	374
195	397
195	524
195	532
195	738
195	751
195	764
195	935
196	261
196	312
196	413
196	560
196	982
197	325
197	389
197	445
197	451
197	573
197	608
197	677
197	812
197	893
197	905
197	963
197	981
197	986
197	989
198	318
198	406
198	474
198	526
198	556
198	643
198	713
198	985
199	265
199	280
199	345
199	516
199	543
199	868
199	939
199	955
199	987
200	260
200	359
200	445
200	594
200	821
200	858
200	887
200	919
200	956
201	297
201	380
201	408
201	673
202	225
202	519
202	994
203	215
203	316
203	588
203	618
203	919
204	369
204	513
204	553
204	765
204	796
204	826
205	221
205	276
205	280
205	518
205	525
205	808
205	971
205	1125
206	229
206	383
206	459
206	653
206	669
206	835
207	287
207	442
207	452
207	660
207	933
207	982
207	1473
208	270
208	357
208	387
208	465
208	628
208	638
208	706
208	719
208	772
208	914
209	266
209	307
209	413
209	464
209	535
209	595
209	775
209	819
209	877
209	904
210	344
210	428
210	473
210	548
210	673
210	725
210	760
210	762
210	960
211	409
211	474
211	562
211	576
211	682
211	742
211	801
211	897
212	217
212	299
212	380
212	480
212	502
212	552
212	620
212	728
212	729
212	807
212	851
212	932
212	984
213	303
213	448
213	609
213	804
213	831
213	990
214	282
214	413
214	468
214	476
214	496
214	586
214	705
214	832
214	844
214	852
214	860
214	928
214	971
214	988
215	359
215	414
215	466
215	758
215	817
215	829
215	854
215	896
215	935
215	984
215	994
216	280
216	411
216	419
216	443
216	500
216	525
216	720
216	827
216	837
216	914
217	236
217	542
217	580
217	601
217	666
217	725
217	898
217	936
218	457
218	704
218	709
218	911
219	370
219	471
219	488
219	696
219	949
219	983
220	360
220	403
220	444
220	520
220	606
220	659
220	847
220	867
220	923
220	973
221	373
221	375
221	390
221	560
221	701
221	774
221	793
221	820
221	824
221	856
221	871
221	882
221	887
222	246
222	264
222	767
222	812
222	822
223	307
223	419
223	467
223	672
223	807
223	894
223	909
223	937
223	974
223	1056
223	1258
224	248
224	414
224	590
224	962
225	367
225	418
225	504
225	557
225	609
225	924
225	943
226	228
226	383
226	488
226	620
226	644
226	791
226	847
226	1106
227	269
227	523
227	524
228	271
228	293
228	400
228	573
228	595
228	657
228	760
228	914
229	318
229	354
229	443
229	492
229	530
229	551
229	619
229	629
229	676
229	733
229	761
229	799
229	878
229	883
230	720
230	796
230	909
231	333
231	516
231	555
231	677
231	767
231	778
231	860
231	880
231	929
231	933
231	963
232	285
232	615
232	654
232	814
232	867
233	304
233	305
233	327
233	447
233	757
233	790
233	842
233	972
233	990
234	316
234	353
234	355
234	755
234	802
234	869
234	875
235	554
235	606
235	607
235	631
235	791
235	793
235	832
236	239
236	471
236	487
236	916
236	953
237	485
237	562
238	247
238	276
238	593
238	605
238	616
238	633
238	872
238	960
238	981
238	996
239	319
239	382
239	567
239	589
239	636
239	679
239	958
239	978
240	269
240	427
240	446
240	664
240	779
240	843
240	863
240	943
240	976
241	360
241	441
241	526
241	567
241	720
241	722
241	789
241	819
241	968
241	983
241	989
242	300
242	305
242	565
242	569
242	615
242	643
242	692
242	847
242	890
242	996
243	419
243	462
243	639
243	662
243	727
243	734
243	789
243	801
243	812
244	495
244	507
244	573
244	593
244	745
244	781
244	798
244	987
245	294
245	325
245	373
245	406
245	684
245	689
245	710
245	765
245	954
246	428
246	552
246	794
246	817
246	839
246	848
247	306
247	342
247	359
247	383
247	593
247	690
247	724
247	760
247	965
248	325
248	339
248	430
248	717
248	727
248	758
248	777
248	829
248	850
248	965
249	253
249	368
249	416
249	581
249	630
249	798
249	857
249	982
250	306
250	351
250	372
250	482
250	771
250	774
250	811
250	904
251	307
251	812
251	989
252	304
252	353
252	446
252	467
252	482
252	655
252	970
253	345
253	430
253	561
253	627
253	689
253	726
253	794
254	299
254	425
254	551
254	592
254	604
254	668
254	774
254	865
254	962
254	966
254	977
254	998
255	268
255	378
255	431
255	444
255	483
255	831
255	840
256	382
256	718
256	784
256	810
257	391
257	423
257	493
257	542
257	545
257	753
257	779
257	786
257	903
258	303
258	540
258	606
258	649
258	694
258	807
258	819
258	893
258	894
259	272
259	465
259	519
259	640
259	679
259	712
259	767
259	873
259	961
259	976
260	395
260	468
260	678
260	932
261	294
261	360
261	426
261	558
261	644
261	710
261	712
261	803
261	869
261	965
262	512
262	542
262	649
262	845
262	1500
263	355
263	368
263	402
263	454
263	682
263	685
263	859
263	937
263	978
264	354
264	417
264	429
264	569
264	690
265	308
265	541
265	548
265	612
265	646
265	724
265	762
265	787
265	908
266	267
266	378
266	407
266	474
266	686
266	806
266	897
266	904
266	996
267	521
267	536
267	683
268	535
268	602
268	646
268	847
268	898
268	901
269	283
269	315
269	390
269	551
269	598
269	618
269	671
269	736
269	935
269	946
269	955
270	327
270	343
270	376
270	455
270	456
270	502
270	567
270	575
270	590
270	660
270	693
270	720
270	740
270	806
271	325
271	340
271	379
271	387
271	408
271	444
271	566
271	709
271	733
271	787
271	816
271	817
271	883
271	919
272	418
272	454
272	456
272	578
272	635
272	650
272	659
272	818
272	834
272	933
273	340
273	553
273	565
273	665
273	674
273	772
273	791
273	813
273	962
273	1388
274	317
274	412
274	457
274	977
275	514
275	559
275	640
275	681
275	788
275	809
275	838
275	846
275	869
276	364
276	410
276	454
276	751
277	332
277	596
277	696
277	758
277	767
277	824
277	854
277	948
278	349
278	477
278	490
278	508
278	550
278	721
278	790
278	961
279	369
279	372
279	393
279	543
279	588
279	651
279	864
279	884
280	290
280	307
280	341
280	368
280	398
280	407
280	440
280	760
280	819
280	838
280	900
281	535
281	632
281	815
282	361
282	503
282	594
282	693
282	884
283	452
283	630
283	689
283	765
283	773
283	805
283	848
284	288
284	331
284	570
284	724
284	935
284	947
285	331
285	415
285	522
285	549
285	558
285	649
285	652
285	680
285	694
285	714
285	715
285	720
285	724
285	839
285	878
286	352
286	374
286	382
286	549
286	554
286	566
286	659
286	994
287	293
287	461
287	755
287	837
287	854
287	927
287	971
288	380
288	555
288	928
288	954
289	589
289	612
289	759
289	760
289	792
289	897
289	924
290	396
290	424
290	433
290	525
290	907
290	967
291	411
291	421
291	423
291	427
291	524
291	743
291	779
291	819
291	868
291	881
291	890
291	1735
292	346
292	465
292	466
292	528
292	589
292	682
293	430
293	602
293	610
293	658
293	732
293	880
293	928
294	487
294	510
294	545
294	564
294	713
294	731
294	764
294	980
294	1426
295	317
295	360
295	475
295	572
295	722
295	769
295	858
296	311
296	483
296	493
296	658
296	691
296	733
296	743
297	334
297	354
297	355
297	385
297	594
297	597
297	636
297	642
297	648
297	676
297	791
297	816
298	360
298	570
298	726
298	808
299	407
299	426
299	676
299	720
299	781
299	808
299	835
299	1136
300	360
300	426
300	468
300	702
300	763
300	791
300	804
300	859
300	970
301	362
301	373
301	468
301	507
301	531
301	538
301	696
301	855
302	404
302	674
302	918
303	314
303	404
303	703
303	863
303	897
303	903
304	392
304	457
304	514
304	522
304	594
304	598
304	622
304	757
304	806
304	850
304	937
305	322
305	543
305	590
305	600
305	622
305	635
305	725
305	869
305	1711
306	673
306	922
306	951
307	487
307	568
307	574
307	612
307	615
307	627
307	636
307	779
308	363
308	465
308	566
308	579
308	686
309	570
309	742
309	767
309	851
309	876
309	907
309	966
309	1627
310	762
310	792
310	906
310	955
310	997
311	327
311	403
311	595
311	672
311	722
311	781
311	784
311	939
311	1333
312	343
312	397
312	452
312	707
313	340
313	347
313	421
313	453
313	826
313	989
313	996
314	462
314	478
314	514
314	536
314	856
315	752
315	800
315	859
315	888
315	946
315	986
315	996
316	327
316	334
316	376
316	584
316	640
316	926
317	368
317	408
317	464
317	573
317	983
318	351
318	450
318	491
318	594
319	510
319	658
319	686
319	742
319	748
319	757
319	841
319	865
319	891
320	398
320	414
320	468
320	982
321	343
321	484
321	558
321	607
321	685
321	765
321	778
321	892
321	925
321	939
321	946
321	993
322	399
322	405
322	564
322	602
322	611
322	671
322	698
322	729
322	765
323	420
323	466
323	707
323	816
324	346
325	355
325	366
325	745
325	831
326	383
326	423
326	491
327	399
327	725
327	727
327	794
327	827
327	959
327	976
328	343
328	360
328	405
328	572
328	740
328	820
328	919
329	416
329	442
329	661
329	687
329	746
329	988
330	405
330	418
330	496
330	499
330	652
330	735
330	900
330	929
331	332
331	470
331	480
331	484
331	540
331	561
331	858
331	968
332	363
332	420
332	438
332	463
332	584
332	637
332	887
332	963
333	379
333	434
333	437
333	456
333	519
333	614
333	891
333	972
334	361
334	515
334	617
334	969
335	349
335	490
335	504
335	566
335	570
335	593
335	982
335	988
336	509
336	589
336	598
337	389
337	390
337	455
337	487
337	681
337	816
337	929
338	384
338	408
338	469
338	533
338	632
338	690
338	736
338	748
338	924
338	946
338	953
338	968
339	404
339	461
339	579
339	684
340	343
340	682
340	747
340	781
340	789
341	377
341	644
341	661
341	722
341	866
341	870
341	877
341	924
341	952
341	955
342	367
342	500
342	564
342	709
342	722
342	858
342	872
342	883
342	930
343	384
343	441
343	452
343	504
343	559
343	585
343	595
343	955
344	358
344	528
344	554
344	610
344	717
344	997
344	1520
345	486
345	517
345	542
345	571
345	594
345	845
345	870
345	882
345	923
345	930
345	1719
346	420
346	671
346	688
346	690
346	693
346	696
346	842
346	964
347	355
347	560
347	679
347	905
348	456
348	472
348	685
348	937
349	561
349	826
349	999
350	365
350	446
350	462
350	490
350	570
350	596
350	939
350	943
350	973
351	353
351	362
351	426
351	608
351	645
351	684
351	722
351	869
351	946
351	952
351	1097
352	357
352	531
352	535
352	645
352	770
352	886
352	899
353	411
353	675
353	817
354	422
354	465
354	484
354	506
354	614
354	661
354	691
354	743
354	783
354	820
354	933
354	988
355	450
355	505
355	539
355	561
355	570
355	741
355	764
355	800
356	426
356	480
356	501
356	643
356	647
356	958
356	971
357	586
357	796
357	991
358	468
358	678
358	756
358	829
358	859
358	911
359	385
359	527
359	632
359	820
359	855
359	878
360	478
360	536
360	783
360	948
361	406
361	454
361	713
361	752
362	410
362	450
362	527
362	644
362	657
362	712
362	769
363	669
363	729
363	872
363	892
364	455
364	492
364	674
364	903
364	949
364	986
364	990
365	416
365	473
365	493
365	513
365	923
365	925
365	929
365	934
366	379
366	517
366	524
366	548
366	699
366	848
367	519
367	532
367	593
367	609
367	618
367	670
367	891
367	909
367	1522
368	404
368	427
368	439
368	477
368	486
368	590
368	676
368	792
368	793
368	813
368	941
368	955
369	550
369	573
369	619
369	829
370	560
370	602
370	748
370	762
370	929
370	932
370	964
371	412
371	529
371	533
371	543
371	569
371	885
371	893
372	572
372	609
373	469
373	540
373	550
373	637
373	742
373	855
373	862
373	960
374	500
374	571
374	649
374	800
374	894
375	815
375	846
375	849
375	902
375	985
376	524
376	716
376	960
377	383
377	423
377	448
377	528
377	560
377	610
377	864
377	955
377	961
378	493
378	508
378	542
378	876
378	913
378	927
379	403
379	540
379	546
379	583
379	585
379	607
379	699
379	732
379	940
379	974
380	514
380	521
380	548
380	610
380	651
380	668
380	805
380	871
381	561
381	682
381	725
381	845
381	851
381	933
381	934
381	960
382	462
382	512
382	737
382	794
383	459
383	631
383	959
384	416
384	480
384	623
384	779
384	977
384	1321
385	399
385	513
385	518
385	624
385	677
385	996
385	999
386	521
386	590
386	595
386	701
386	718
386	756
386	818
386	949
386	977
386	985
386	1691
387	519
387	718
387	783
387	804
387	843
388	463
388	586
388	646
388	680
388	891
389	403
389	478
389	505
389	687
389	731
389	736
389	748
389	833
389	955
390	406
390	486
390	510
390	623
390	771
390	821
390	935
391	511
391	581
391	633
391	690
391	748
391	823
392	593
392	635
392	931
393	485
393	562
393	630
393	744
393	786
393	897
393	997
394	439
394	468
394	719
394	778
394	796
394	808
395	432
395	529
395	670
395	932
395	933
395	978
396	589
396	618
396	648
396	728
396	904
397	525
397	682
397	692
397	940
398	464
398	620
398	982
398	1204
399	469
399	517
399	518
399	550
399	639
399	642
399	685
399	788
399	840
399	962
400	688
400	752
400	855
400	951
400	1402
401	748
401	962
402	558
402	776
402	950
403	512
403	540
403	684
403	746
403	980
404	493
404	602
404	655
404	795
404	920
405	449
405	530
405	641
405	676
405	859
405	995
406	479
406	668
406	699
406	763
406	782
406	788
406	816
406	831
407	490
407	501
407	591
407	755
407	819
407	1082
408	421
408	501
408	575
408	737
408	794
408	855
408	857
408	872
408	889
408	962
408	984
409	501
409	520
409	645
409	832
409	918
409	1040
409	1325
410	569
410	673
410	919
410	944
411	509
411	536
411	692
411	712
412	431
412	624
412	644
412	667
412	747
412	795
412	905
413	450
413	458
413	555
413	691
413	714
413	946
413	952
414	423
414	502
414	548
414	837
414	941
414	974
414	1734
415	451
415	534
415	662
415	844
415	862
415	908
415	977
416	443
416	495
416	527
416	683
416	709
416	853
416	896
416	947
416	950
417	441
417	534
417	809
418	557
418	600
418	739
418	747
418	930
419	545
419	571
419	577
419	705
419	712
419	766
419	914
419	993
419	995
420	497
420	524
420	569
420	738
420	764
420	835
421	457
421	531
421	618
421	862
422	494
422	513
422	521
422	603
422	663
422	719
422	864
422	872
422	954
423	583
423	608
423	699
423	707
423	729
423	781
423	789
423	818
423	883
423	887
423	929
424	455
424	535
424	541
424	571
424	625
424	662
424	824
424	834
424	864
425	445
425	463
425	968
425	969
426	459
426	471
426	526
426	775
426	861
426	924
427	458
427	803
427	903
427	981
427	1317
428	436
428	437
428	556
428	607
428	616
428	684
428	733
428	739
428	765
428	978
429	571
429	608
429	749
429	856
429	896
430	459
430	647
430	712
430	886
430	921
430	942
430	1055
431	434
431	906
432	487
432	576
432	632
432	641
432	668
432	885
432	981
433	629
433	652
433	684
433	762
433	783
433	824
433	989
434	477
434	489
434	550
434	623
434	659
434	699
434	834
434	863
434	954
435	549
435	631
435	874
436	460
436	772
436	776
436	809
437	518
437	526
437	611
437	638
437	665
437	783
437	852
437	869
437	882
437	902
438	470
438	493
439	462
439	477
439	728
439	862
439	917
439	983
440	649
440	668
440	774
440	836
440	905
440	913
441	500
441	523
441	631
441	1515
441	1929
442	476
442	580
442	622
442	715
442	822
442	824
442	871
442	916
442	1618
443	579
443	580
443	626
443	734
443	833
443	1202
443	1287
444	453
444	496
444	607
444	699
444	746
444	1491
445	463
445	522
445	532
445	539
445	727
445	776
445	812
445	817
446	805
446	817
446	931
446	959
447	482
447	568
447	788
447	826
447	896
448	465
448	503
448	677
448	751
448	938
448	958
449	689
449	705
449	721
449	778
450	465
450	475
450	567
450	663
450	690
450	777
450	920
450	933
451	538
451	640
451	811
451	861
451	985
451	1090
452	539
452	632
452	723
453	489
453	536
453	767
453	785
453	813
454	603
454	679
454	768
454	793
454	854
454	901
455	668
455	679
456	554
456	644
456	662
456	837
456	868
457	606
457	702
457	912
457	919
458	479
458	518
458	579
458	649
458	677
458	694
458	822
458	829
458	844
458	893
458	962
459	573
459	734
459	771
459	877
459	958
460	673
460	728
460	997
460	1522
461	471
461	528
461	576
461	738
461	750
461	932
461	963
462	511
462	528
462	584
462	633
462	690
462	960
462	971
462	1711
463	472
463	647
463	700
463	751
463	850
463	920
463	931
463	961
464	562
464	682
464	685
464	692
464	729
464	764
464	845
465	466
465	496
465	571
465	597
465	722
466	505
466	631
466	816
466	818
466	828
466	888
466	896
466	979
466	984
467	523
467	530
467	553
467	730
467	929
467	935
467	937
467	949
467	997
468	485
468	499
468	713
468	741
468	967
469	564
469	578
469	687
469	716
469	719
469	773
469	943
469	985
470	524
470	561
470	595
470	762
470	904
470	952
471	624
471	894
471	912
471	959
472	505
472	922
472	994
473	598
473	969
474	538
474	548
474	588
474	598
474	652
474	700
474	814
474	827
474	896
474	953
474	988
474	998
474	1156
475	525
475	553
475	635
475	651
475	670
475	738
475	750
475	830
475	962
476	607
476	617
476	647
476	657
476	661
476	702
476	721
476	873
476	985
477	582
477	677
477	931
477	976
478	585
478	755
478	866
478	977
479	699
479	987
480	582
481	510
481	527
481	818
481	956
482	567
482	569
482	611
482	786
482	789
482	826
482	871
482	938
483	495
483	580
483	700
483	727
483	771
483	781
483	804
483	838
483	933
483	1223
484	573
485	566
485	697
485	722
485	750
485	810
485	860
485	894
485	993
486	584
486	632
486	676
486	770
486	797
487	686
487	770
487	786
487	903
487	916
488	551
488	587
488	592
488	692
488	940
489	493
489	668
489	673
489	716
489	994
489	995
490	496
491	577
491	661
491	706
491	709
491	723
491	755
491	1056
492	564
492	574
492	588
492	621
492	937
493	542
493	582
493	621
493	627
493	638
493	959
493	1810
494	505
494	620
494	681
494	781
494	832
494	847
494	918
494	938
494	982
495	527
495	543
495	597
495	657
495	677
495	772
495	788
495	789
496	582
496	726
496	776
496	796
496	978
497	533
497	760
497	783
497	832
497	996
498	601
498	711
498	966
499	685
499	964
500	629
500	831
500	841
500	929
500	947
500	960
501	576
501	676
501	681
501	723
501	815
501	822
502	654
502	706
502	926
503	564
503	716
503	768
503	863
503	939
504	514
504	539
504	801
504	879
504	901
504	999
505	527
505	575
505	602
505	633
505	639
505	644
505	692
505	807
505	897
505	945
505	979
506	547
506	604
506	615
506	645
506	699
506	764
506	794
506	967
506	1400
507	826
507	862
507	990
508	620
508	644
508	660
508	816
508	971
509	909
510	635
510	816
510	972
511	527
511	623
511	715
511	740
512	529
512	560
512	586
512	762
512	846
513	575
513	626
513	629
513	660
513	743
513	756
513	816
513	824
513	960
516	599
516	601
516	634
516	661
516	865
517	917
517	978
518	747
518	751
518	807
518	839
519	553
519	563
519	635
519	936
520	536
520	775
520	886
521	939
522	595
522	793
522	930
522	934
522	1656
523	530
523	557
523	560
523	1606
524	595
524	636
524	689
524	791
524	977
525	535
525	991
526	533
526	586
526	601
527	534
527	601
527	697
527	975
527	980
528	602
528	695
528	814
528	836
528	862
528	871
529	601
529	746
529	774
529	800
529	913
529	931
529	1395
531	571
531	795
531	933
531	976
531	1499
532	537
532	723
532	744
532	845
532	938
532	986
533	569
533	685
533	801
533	899
533	900
534	605
534	607
534	676
534	681
534	759
534	820
534	931
535	537
535	597
535	616
535	730
535	908
536	546
536	565
536	578
536	655
536	813
536	818
536	864
537	564
537	579
537	614
537	673
537	693
537	769
537	819
537	840
537	871
537	931
538	855
538	916
539	615
539	623
539	861
539	905
539	927
540	669
540	826
541	675
541	735
541	987
542	551
542	720
542	910
543	575
543	886
543	916
543	918
543	946
544	668
544	715
544	806
544	851
545	555
545	634
545	650
545	736
545	774
545	784
545	914
546	574
546	589
546	609
546	645
546	697
546	823
547	601
547	646
547	861
547	1387
548	650
548	667
548	685
548	748
548	752
548	785
548	1454
549	729
549	742
549	843
549	896
549	941
550	629
550	710
550	806
550	888
551	641
551	771
551	823
551	837
551	844
551	848
551	955
552	703
552	768
552	808
552	922
553	658
553	704
553	707
553	989
554	586
554	681
554	701
554	751
554	785
554	818
554	841
554	891
555	705
555	777
555	819
555	821
555	842
556	586
556	721
556	726
556	835
557	707
557	856
557	875
557	883
558	621
558	720
558	820
558	821
559	673
559	695
560	631
560	888
560	937
560	955
561	562
561	603
561	636
561	649
561	662
561	857
562	578
562	593
562	777
562	781
562	818
562	875
562	900
562	988
563	634
563	760
563	808
563	824
563	857
563	868
563	958
564	571
564	615
564	673
564	689
564	798
564	816
564	867
565	578
565	580
565	773
565	854
566	612
567	575
567	617
567	715
568	599
568	731
568	739
568	791
568	812
568	841
568	922
569	579
569	814
569	820
569	833
569	945
569	1444
570	586
570	745
570	824
570	878
571	841
571	891
571	973
572	613
572	617
572	618
572	694
572	815
572	851
572	993
573	640
573	653
573	809
573	922
574	583
574	599
574	604
574	755
574	940
575	862
575	947
575	955
576	690
576	692
576	735
576	774
576	813
576	851
576	875
576	894
576	898
576	915
577	817
578	604
578	696
578	839
578	973
579	692
579	779
579	827
579	896
579	987
579	998
580	609
580	613
580	635
580	656
580	725
580	805
580	851
580	868
580	903
581	666
581	698
581	728
581	864
581	889
581	920
581	954
581	979
581	1107
582	643
582	652
582	832
582	905
582	944
583	604
583	636
583	667
583	685
583	692
583	832
583	981
584	586
584	667
584	695
584	768
584	799
585	588
585	590
585	598
585	953
585	995
585	1308
586	650
586	725
586	749
586	932
587	762
587	800
587	908
588	597
588	635
588	859
588	886
588	900
589	613
589	712
589	780
589	831
589	872
589	878
589	962
590	680
590	790
590	857
591	627
591	805
591	933
591	959
592	746
592	829
592	843
592	906
593	612
594	979
595	705
595	718
595	836
595	859
596	612
596	784
596	823
596	905
596	994
597	802
597	831
597	896
598	709
598	750
599	873
599	893
599	945
599	992
599	1686
601	644
601	652
601	662
601	734
601	860
601	943
601	989
602	670
602	677
602	867
603	928
603	941
603	978
604	614
604	672
604	749
604	761
604	780
604	941
604	980
605	702
605	791
605	798
605	940
605	955
605	987
606	674
606	714
606	740
606	800
606	841
607	666
607	824
608	624
608	675
608	701
608	936
608	976
609	684
609	726
610	893
610	905
610	977
611	625
611	823
611	850
611	864
611	979
612	738
612	811
612	884
612	916
613	731
613	769
613	815
613	885
613	887
613	944
613	963
613	972
614	651
614	763
614	948
615	694
615	698
615	954
616	620
616	663
616	752
616	808
616	848
617	653
617	827
617	844
618	715
618	757
618	779
619	623
619	737
619	891
619	960
619	1896
620	755
620	845
621	869
622	734
622	764
623	823
623	857
623	964
624	697
624	869
624	886
624	935
626	677
626	851
626	961
626	969
626	981
626	998
627	656
627	690
627	903
627	920
628	661
628	765
628	846
628	1886
629	687
629	737
629	752
629	768
629	917
629	921
629	959
629	977
630	743
630	799
631	947
631	963
632	742
632	890
632	967
633	686
633	841
633	855
633	895
633	925
634	686
635	672
635	710
635	889
635	971
636	767
636	776
637	670
637	688
637	742
637	791
638	681
638	726
638	953
639	694
639	871
639	918
640	718
640	852
640	893
640	936
640	974
640	976
641	656
641	830
642	659
642	674
642	885
642	898
642	916
642	960
643	745
643	774
643	855
644	803
644	831
644	871
645	664
645	669
645	697
645	723
645	784
645	992
645	1930
647	662
647	721
647	786
647	797
648	691
648	692
648	788
648	834
648	841
649	664
649	909
649	920
649	955
650	744
650	811
650	880
650	886
650	894
650	930
650	933
651	691
651	716
651	743
651	948
651	989
652	717
653	798
653	949
653	977
654	816
654	833
654	910
654	957
655	723
655	756
655	820
656	751
656	794
656	869
656	877
657	714
658	731
658	771
658	978
659	676
659	698
659	724
660	685
660	832
660	854
660	997
661	729
661	780
661	793
661	805
661	862
661	918
661	928
661	990
662	696
662	793
662	911
662	923
662	945
662	972
662	996
663	725
663	900
664	705
664	783
664	843
664	890
664	903
664	973
665	688
665	842
665	995
666	818
666	909
666	924
666	960
667	707
667	732
667	830
667	847
667	854
667	916
668	850
668	932
669	771
669	813
669	842
670	869
670	996
671	687
671	782
671	819
671	853
671	941
672	752
672	780
673	939
673	1826
674	922
674	935
674	1675
675	900
675	907
675	911
675	940
676	862
677	711
677	980
678	866
678	909
679	698
679	795
679	802
680	751
680	962
681	961
682	741
682	836
682	854
682	891
682	992
683	720
684	730
684	798
684	906
684	926
685	749
685	855
686	740
686	744
686	849
686	853
686	901
686	930
687	893
687	966
687	981
688	710
688	901
688	905
688	974
689	876
690	731
690	736
690	752
690	784
690	848
690	997
691	843
691	910
691	931
691	963
692	780
692	867
692	892
692	917
693	829
693	853
693	974
694	938
694	993
695	735
695	885
695	952
695	963
696	707
696	744
696	791
696	808
696	814
696	891
697	834
697	943
698	727
698	761
698	808
699	711
699	759
699	912
699	976
700	895
702	794
702	824
702	980
703	850
704	728
704	887
705	826
705	827
705	1226
706	994
707	900
707	941
708	747
708	823
709	728
711	750
711	854
711	888
711	926
713	828
713	956
714	793
714	811
714	814
715	754
715	840
715	870
715	911
715	945
716	773
716	870
718	824
718	859
718	995
719	823
719	850
719	930
720	803
720	816
720	819
720	873
720	996
721	877
721	890
721	973
722	892
722	933
722	994
723	909
724	784
724	794
724	910
724	913
725	869
725	874
725	893
725	954
726	728
726	907
727	765
727	840
727	941
728	987
729	813
729	893
729	895
729	986
730	772
730	819
730	988
731	859
733	787
733	852
733	977
734	788
734	892
734	930
734	958
734	984
735	939
736	964
736	969
736	989
737	770
737	775
737	788
739	797
740	924
741	760
741	906
741	952
742	837
742	870
742	896
742	917
743	761
743	874
743	985
744	827
744	894
744	904
745	770
745	796
745	891
746	762
746	829
746	1638
747	894
747	903
747	968
747	983
747	1356
748	789
749	908
749	969
750	794
750	860
750	932
750	943
750	950
751	957
752	775
752	819
752	869
753	898
753	992
754	782
754	913
754	986
755	953
756	828
756	858
756	872
756	903
757	916
757	928
757	958
758	786
758	808
758	862
758	961
759	924
760	932
760	961
760	964
761	856
761	901
762	906
762	911
762	975
762	992
763	859
763	887
764	785
764	815
764	850
764	908
765	916
765	990
766	871
766	888
766	901
766	981
766	983
766	993
767	805
767	820
767	913
767	979
768	822
768	930
769	816
769	924
769	1367
770	970
771	795
771	912
772	803
772	826
772	998
773	780
773	818
773	923
774	852
775	809
775	835
775	949
775	1164
776	983
776	1254
776	1907
777	862
778	847
778	968
778	986
779	963
779	989
780	800
780	838
780	840
781	828
781	939
781	992
782	939
783	853
784	820
784	859
784	960
784	990
785	890
785	929
786	890
786	929
786	969
787	933
788	844
788	1672
789	815
789	1959
790	811
790	927
790	946
791	950
791	975
792	854
792	893
793	929
793	979
794	800
794	1130
795	953
796	856
796	961
796	995
796	998
797	896
797	978
798	921
798	967
799	923
799	956
800	895
800	956
800	996
800	998
801	959
803	857
804	813
804	861
804	916
804	964
805	830
805	892
805	952
806	862
806	875
806	877
807	935
809	901
809	911
809	1025
810	883
812	852
812	874
812	929
813	903
814	862
816	844
816	909
816	920
816	1008
817	827
818	838
818	953
818	957
819	823
819	861
819	1598
820	841
821	907
821	910
823	844
824	871
824	973
824	975
825	889
825	924
825	931
826	932
826	989
827	884
827	957
827	1982
828	845
828	900
828	1435
829	909
829	914
829	983
830	855
830	1244
832	837
832	949
832	1433
833	841
833	914
834	872
834	948
836	890
837	878
837	901
838	845
838	856
838	1429
839	945
840	1849
840	1972
841	988
841	991
843	844
843	874
843	883
843	886
843	899
843	1314
844	854
844	871
844	904
844	910
844	978
844	986
845	948
846	866
846	879
846	885
846	900
846	979
846	992
847	875
847	967
847	974
848	924
849	1145
850	881
851	984
852	872
852	873
852	992
854	876
854	886
854	1169
855	858
855	860
855	897
855	902
855	1279
857	948
857	971
858	901
859	947
860	927
860	961
861	865
861	933
861	935
861	975
862	896
862	964
863	874
864	935
864	941
865	908
865	962
865	977
867	929
867	986
868	933
868	979
868	1709
870	984
871	942
871	963
872	878
872	884
872	925
872	963
872	1144
873	975
875	891
876	924
878	935
879	887
880	912
880	946
881	995
883	889
883	904
883	929
884	957
884	1931
885	997
887	888
887	901
887	980
888	989
889	922
889	998
892	924
892	981
893	964
894	922
895	959
895	968
897	926
897	935
900	940
900	962
901	905
902	911
904	983
905	948
905	958
906	916
906	923
908	975
908	1890
911	934
911	974
912	948
917	959
917	976
922	959
922	983
924	940
924	960
925	995
926	934
926	973
930	956
933	997
934	971
935	948
935	981
938	972
938	976
938	988
940	957
940	970
941	979
943	962
943	970
943	979
944	958
944	968
945	953
947	978
951	992
953	989
953	994
953	1876
956	985
957	997
959	977
959	991
960	1191
964	982
964	987
966	991
969	986
986	996
990	1515
992	1973
993	1556
997	1284
1000	1045
1000	1147
1000	1182
1000	1252
1000	1367
1000	1492
1000	1547
1000	1656
1000	1660
1000	1681
1000	1812
1000	1918
1000	1949
1001	1019
1001	1036
1001	1068
1001	1090
1001	1162
1001	1163
1001	1351
1001	1670
1001	1699
1001	1702
1001	1714
1001	1777
1001	1804
1001	1853
1001	1997
1002	1059
1002	1248
1002	1370
1002	1388
1002	1623
1002	1659
1002	1700
1002	1812
1002	1994
1003	1399
1003	1623
1003	1636
1004	1132
1004	1160
1004	1173
1004	1234
1004	1237
1004	1286
1004	1301
1004	1429
1004	1539
1004	1576
1004	1632
1004	1650
1004	1691
1004	1713
1004	1794
1004	1875
1004	1989
1004	1991
1005	1356
1005	1431
1005	1485
1005	1505
1005	1541
1005	1630
1005	1715
1005	1783
1005	1786
1005	1802
1005	1829
1005	1909
1006	1064
1006	1091
1006	1106
1006	1206
1006	1233
1006	1257
1006	1522
1006	1593
1006	1669
1007	1167
1007	1261
1007	1334
1007	1502
1007	1555
1007	1635
1007	1870
1007	1875
1008	1130
1008	1618
1008	1699
1008	1780
1009	1041
1009	1174
1009	1178
1009	1269
1009	1336
1009	1721
1009	1864
1009	1960
1009	1988
1010	1050
1010	1129
1010	1278
1010	1418
1010	1429
1010	1484
1010	1520
1010	1572
1010	1679
1010	1846
1010	1883
1011	1062
1011	1173
1011	1293
1011	1373
1011	1375
1011	1406
1011	1447
1011	1624
1012	1136
1012	1381
1012	1427
1012	1433
1012	1444
1012	1459
1012	1674
1012	1684
1012	1709
1012	1810
1012	1959
1013	1130
1013	1140
1013	1246
1013	1267
1013	1463
1013	1485
1013	1621
1013	1634
1014	1115
1014	1123
1014	1135
1014	1159
1014	1167
1014	1211
1014	1290
1014	1343
1014	1394
1014	1570
1014	1841
1015	1033
1015	1144
1015	1182
1015	1338
1015	1452
1015	1671
1015	1917
1015	1929
1015	1936
1015	1973
1016	1077
1016	1089
1016	1160
1016	1213
1016	1258
1016	1280
1016	1293
1016	1312
1016	1328
1016	1337
1016	1871
1016	1905
1017	1031
1017	1114
1017	1781
1017	1813
1017	1828
1017	1979
1018	1401
1018	1468
1018	1684
1018	1894
1019	1173
1019	1263
1019	1322
1019	1351
1019	1385
1019	1464
1019	1500
1019	1674
1019	1737
1019	1757
1019	1900
1020	1051
1020	1096
1020	1722
1020	1771
1020	1823
1020	1845
1020	1877
1020	1887
1021	1314
1021	1372
1021	1453
1021	1493
1021	1497
1021	1558
1021	1668
1021	1683
1021	1706
1021	1780
1021	1786
1021	1932
1021	1947
1021	1972
1022	1074
1022	1082
1022	1175
1022	1185
1022	1294
1022	1326
1022	1349
1022	1366
1022	1757
1023	1087
1023	1215
1023	1263
1023	1332
1023	1380
1023	1438
1023	1488
1023	1545
1023	1564
1023	1660
1023	1676
1023	1693
1024	1032
1024	1118
1024	1180
1024	1254
1024	1503
1024	1534
1024	1550
1024	1575
1024	1671
1024	1696
1024	1714
1024	1719
1024	1787
1024	1792
1024	1903
1025	1077
1025	1269
1025	1971
1026	1061
1026	1084
1026	1191
1026	1337
1026	1436
1026	1443
1026	1477
1026	1614
1026	1631
1026	1770
1027	1202
1027	1205
1027	1557
1027	1654
1027	1815
1027	1839
1027	1862
1028	1040
1028	1055
1028	1086
1028	1099
1028	1327
1028	1374
1028	1418
1028	1478
1028	1670
1028	1722
1028	1820
1028	1835
1028	1924
1028	1997
1029	1030
1029	1049
1029	1236
1029	1395
1029	1418
1029	1420
1029	1495
1029	1532
1029	1613
1029	1653
1029	1668
1029	1732
1029	1753
1029	1780
1030	1054
1030	1281
1030	1342
1030	1479
1030	1501
1030	1534
1030	1680
1030	1862
1031	1124
1031	1269
1031	1303
1031	1308
1031	1336
1031	1553
1031	1580
1031	1645
1031	1666
1031	1723
1031	1871
1031	1913
1031	1980
1032	1130
1032	1209
1032	1212
1032	1228
1032	1350
1032	1403
1032	1469
1032	1648
1032	1717
1032	1750
1032	1833
1032	1949
1032	1994
1033	1219
1033	1264
1033	1462
1033	1477
1033	1644
1033	1773
1033	1794
1033	1850
1033	1909
1033	1956
1033	1990
1034	1042
1034	1066
1034	1075
1034	1132
1034	1140
1034	1179
1034	1271
1034	1360
1034	1385
1034	1436
1034	1535
1034	1537
1034	1670
1034	1757
1034	1790
1034	1826
1034	1923
1034	1995
1035	1039
1035	1062
1035	1085
1035	1086
1035	1173
1035	1240
1035	1554
1035	1604
1035	1609
1035	1709
1035	1897
1035	1944
1035	1945
1036	1132
1036	1232
1036	1285
1036	1312
1036	1456
1036	1732
1036	1733
1036	1779
1036	1827
1036	1835
1036	1906
1037	1184
1037	1206
1037	1208
1037	1423
1037	1437
1037	1733
1037	1844
1037	1898
1037	1953
1037	1980
1038	1294
1038	1380
1038	1448
1038	1584
1038	1756
1038	1816
1038	1866
1038	1927
1039	1062
1039	1440
1039	1511
1039	1527
1039	1613
1039	1634
1039	1716
1039	1803
1039	1988
1040	1119
1040	1197
1040	1209
1040	1415
1040	1458
1040	1500
1040	1593
1040	1710
1040	1885
1040	1891
1041	1090
1041	1389
1041	1555
1041	1601
1041	1685
1041	1803
1041	1829
1042	1079
1042	1149
1042	1209
1042	1292
1042	1371
1042	1374
1042	1532
1042	1846
1043	1209
1043	1394
1043	1510
1043	1615
1043	1681
1043	1724
1043	1806
1044	1116
1044	1126
1044	1167
1044	1209
1044	1219
1044	1286
1044	1322
1044	1374
1044	1403
1044	1492
1044	1551
1044	1765
1044	1904
1045	1206
1045	1284
1045	1346
1045	1416
1045	1521
1045	1605
1045	1704
1045	1729
1045	1963
1045	1965
1046	1108
1046	1129
1046	1177
1046	1189
1046	1232
1046	1251
1046	1272
1046	1285
1046	1413
1046	1563
1046	1677
1046	1748
1046	1809
1046	1836
1046	1887
1047	1197
1047	1279
1047	1371
1047	1466
1047	1707
1047	1757
1047	1800
1047	1803
1048	1256
1048	1302
1048	1321
1048	1327
1048	1420
1048	1465
1048	1545
1048	1706
1048	1711
1048	1793
1048	1936
1049	1081
1049	1230
1049	1391
1049	1401
1049	1423
1049	1711
1049	1729
1049	1918
1049	1949
1050	1082
1050	1298
1050	1521
1050	1679
1050	1694
1051	1084
1051	1106
1051	1120
1051	1222
1051	1239
1051	1249
1051	1285
1051	1447
1051	1516
1051	1521
1051	1581
1051	1770
1051	1778
1051	1787
1051	1935
1051	1982
1052	1265
1052	1327
1052	1477
1052	1531
1052	1688
1052	1783
1052	1929
1053	1069
1053	1079
1053	1241
1053	1396
1053	1548
1053	1655
1053	1729
1053	1806
1053	1854
1053	1876
1053	1938
1054	1058
1054	1174
1054	1210
1054	1262
1054	1294
1054	1350
1054	1355
1054	1419
1054	1420
1054	1447
1054	1511
1054	1549
1054	1763
1054	1774
1054	1778
1055	1075
1055	1088
1055	1105
1055	1187
1055	1378
1055	1408
1055	1608
1055	1847
1055	1864
1055	1870
1055	1954
1056	1108
1056	1194
1056	1327
1056	1491
1056	1531
1056	1609
1056	1623
1056	1708
1056	1952
1057	1067
1057	1281
1057	1323
1057	1407
1057	1448
1057	1513
1057	1681
1057	1684
1057	1829
1057	1935
1058	1086
1058	1144
1058	1211
1058	1277
1058	1400
1058	1453
1058	1491
1058	1532
1058	1595
1058	1605
1058	1616
1058	1627
1058	1735
1058	1741
1058	1882
1059	1064
1059	1068
1059	1072
1059	1451
1059	1559
1059	1587
1059	1791
1059	1892
1059	1901
1060	1148
1060	1171
1060	1403
1060	1593
1060	1722
1060	1740
1060	1890
1060	1931
1061	1104
1061	1271
1061	1386
1061	1463
1061	1550
1061	1594
1061	1616
1061	1663
1061	1723
1061	1753
1061	1857
1061	1892
1062	1300
1062	1377
1062	1505
1062	1606
1062	1877
1062	1982
1063	1070
1063	1087
1063	1127
1063	1153
1063	1283
1063	1284
1063	1302
1063	1509
1063	1768
1064	1193
1064	1201
1064	1294
1064	1368
1064	1498
1064	1669
1064	1730
1064	1822
1065	1163
1065	1171
1065	1267
1065	1391
1065	1469
1065	1490
1065	1554
1065	1563
1065	1606
1065	1663
1065	1809
1065	1990
1066	1114
1066	1139
1066	1166
1066	1437
1066	1535
1066	1568
1066	1670
1066	1713
1066	1936
1066	1972
1067	1179
1067	1207
1067	1385
1067	1565
1067	1625
1067	1720
1067	1771
1067	1776
1067	1904
1067	1982
1068	1247
1068	1297
1068	1332
1068	1420
1068	1487
1068	1530
1068	1554
1068	1581
1068	1587
1068	1632
1068	1650
1068	1683
1068	1730
1068	1857
1068	1909
1068	1926
1069	1073
1069	1140
1069	1168
1069	1259
1069	1328
1069	1346
1069	1364
1069	1455
1069	1468
1069	1562
1069	1610
1069	1611
1069	1742
1069	1776
1070	1295
1070	1386
1070	1690
1070	1778
1071	1097
1071	1277
1071	1467
1071	1583
1071	1666
1071	1760
1071	1889
1071	1910
1071	1964
1072	1104
1072	1105
1072	1138
1072	1246
1072	1325
1072	1371
1072	1381
1072	1435
1072	1438
1072	1705
1072	1865
1072	1957
1072	1984
1073	1123
1073	1243
1073	1290
1073	1355
1073	1495
1073	1558
1073	1955
1074	1111
1074	1184
1074	1187
1074	1238
1074	1278
1074	1368
1074	1428
1074	1542
1074	1627
1074	1819
1074	1996
1075	1095
1075	1158
1075	1279
1075	1378
1075	1657
1075	1932
1076	1122
1076	1209
1076	1259
1076	1297
1076	1322
1076	1402
1076	1419
1076	1457
1076	1500
1076	1510
1076	1554
1076	1591
1076	1930
1076	1991
1077	1143
1077	1295
1077	1340
1077	1492
1077	1602
1077	1720
1077	1776
1077	1858
1078	1100
1078	1114
1078	1284
1078	1466
1078	1544
1078	1637
1078	1670
1078	1672
1078	1815
1078	1939
1079	1114
1079	1348
1079	1762
1079	1989
1080	1233
1080	1258
1080	1371
1080	1457
1080	1590
1080	1730
1080	1770
1080	1772
1080	1957
1081	1172
1081	1175
1081	1212
1081	1258
1081	1501
1081	1957
1081	1968
1082	1095
1082	1167
1082	1183
1082	1241
1082	1340
1082	1630
1082	1850
1082	1917
1082	1920
1083	1091
1083	1103
1083	1122
1083	1279
1083	1559
1083	1904
1083	1941
1084	1110
1084	1235
1084	1307
1084	1435
1084	1438
1084	1472
1084	1547
1084	1798
1085	1214
1085	1352
1085	1359
1085	1780
1085	1903
1086	1112
1086	1537
1086	1543
1086	1567
1086	1656
1086	1702
1086	1717
1086	1797
1086	1806
1086	1874
1087	1298
1087	1465
1087	1505
1087	1716
1087	1882
1088	1252
1088	1442
1088	1533
1089	1260
1089	1284
1089	1400
1089	1543
1089	1579
1089	1710
1089	1814
1089	1976
1090	1131
1090	1157
1090	1449
1090	1527
1090	1796
1090	1799
1090	1894
1091	1213
1091	1214
1091	1217
1091	1220
1091	1307
1091	1411
1091	1423
1091	1513
1091	1529
1091	1538
1091	1573
1091	1578
1091	1716
1091	1748
1091	1749
1091	1806
1092	1123
1092	1190
1092	1235
1092	1473
1092	1528
1092	1539
1092	1559
1092	1629
1092	1683
1092	1850
1092	1859
1092	1880
1092	1960
1093	1286
1093	1422
1093	1509
1093	1664
1093	1831
1094	1098
1094	1135
1094	1232
1094	1336
1094	1447
1094	1494
1094	1611
1094	1846
1094	1882
1094	1890
1095	1124
1095	1140
1095	1405
1095	1422
1095	1686
1095	1760
1095	1781
1095	1823
1095	1890
1095	1902
1095	1930
1096	1211
1096	1244
1096	1251
1096	1309
1096	1403
1096	1721
1096	1800
1096	1865
1097	1331
1097	1490
1097	1524
1097	1556
1097	1665
1097	1761
1098	1202
1098	1349
1098	1379
1098	1404
1098	1554
1098	1604
1098	1613
1098	1678
1098	1716
1098	1717
1098	1751
1098	1779
1098	1868
1098	1884
1098	1926
1098	1941
1099	1105
1099	1188
1099	1281
1099	1395
1099	1570
1099	1598
1099	1676
1099	1679
1099	1738
1099	1829
1100	1194
1100	1493
1100	1552
1100	1557
1100	1579
1100	1582
1100	1742
1100	1852
1100	1921
1101	1158
1101	1201
1101	1562
1101	1563
1101	1977
1102	1219
1102	1374
1102	1496
1102	1521
1102	1627
1102	1700
1102	1813
1103	1254
1103	1344
1103	1660
1103	1725
1103	1805
1103	1847
1103	1848
1103	1881
1103	1890
1104	1396
1104	1414
1104	1446
1104	1500
1104	1520
1104	1559
1104	1589
1104	1709
1104	1783
1104	1822
1105	1113
1105	1297
1105	1403
1105	1449
1105	1602
1105	1653
1105	1830
1105	1833
1106	1117
1106	1126
1106	1171
1106	1207
1106	1381
1106	1417
1106	1850
1106	1855
1106	1876
1107	1230
1107	1430
1107	1465
1107	1471
1107	1505
1107	1675
1107	1691
1108	1241
1108	1335
1108	1583
1108	1614
1108	1625
1108	1706
1108	1917
1108	1996
1109	1110
1109	1153
1109	1165
1109	1279
1109	1442
1109	1477
1109	1520
1109	1702
1109	1780
1109	1795
1109	1809
1109	1858
1109	1908
1110	1135
1110	1195
1110	1231
1110	1366
1110	1547
1110	1574
1110	1646
1110	1903
1110	1912
1110	1939
1111	1138
1111	1323
1111	1451
1111	1738
1111	1845
1112	1410
1112	1412
1112	1426
1112	1499
1112	1523
1112	1542
1112	1578
1112	1630
1112	1637
1112	1665
1112	1803
1112	1908
1112	1915
1112	1924
1112	1937
1113	1280
1113	1301
1113	1439
1113	1862
1113	1899
1114	1523
1114	1660
1114	1683
1114	1726
1114	1770
1114	1894
1114	1912
1115	1117
1115	1151
1115	1275
1115	1370
1115	1483
1115	1792
1115	1851
1115	1946
1115	1949
1115	1983
1116	1161
1116	1243
1116	1269
1116	1281
1116	1323
1116	1386
1116	1563
1117	1119
1117	1121
1117	1229
1117	1274
1117	1449
1117	1462
1117	1490
1117	1574
1117	1731
1117	1765
1117	1922
1117	1971
1117	1988
1117	1990
1118	1335
1118	1402
1118	1482
1118	1542
1118	1547
1118	1588
1118	1601
1118	1631
1118	1667
1118	1675
1118	1779
1118	1961
1118	1976
1119	1315
1119	1386
1119	1410
1119	1474
1119	1551
1119	1713
1119	1766
1119	1820
1119	1897
1120	1131
1120	1303
1120	1321
1120	1401
1120	1408
1120	1593
1120	1664
1120	1698
1120	1721
1121	1190
1121	1203
1121	1347
1121	1594
1121	1649
1121	1740
1121	1837
1121	1844
1121	1961
1121	1975
1122	1177
1122	1222
1122	1354
1122	1392
1122	1607
1122	1638
1122	1661
1122	1842
1123	1133
1123	1262
1123	1692
1124	1139
1124	1251
1124	1318
1124	1344
1124	1423
1124	1503
1124	1558
1124	1742
1125	1171
1125	1219
1125	1223
1125	1242
1125	1272
1125	1287
1125	1323
1125	1464
1125	1474
1125	1622
1125	1634
1125	1681
1125	1738
1125	1893
1126	1213
1126	1326
1126	1486
1126	1507
1126	1512
1126	1627
1126	1737
1126	1881
1126	1904
1126	1915
1126	1923
1126	1953
1126	1994
1126	1996
1127	1235
1127	1289
1127	1464
1127	1604
1127	1615
1127	1652
1127	1767
1127	1920
1127	1974
1128	1308
1128	1506
1128	1543
1128	1570
1128	1600
1128	1644
1128	1705
1129	1202
1129	1379
1129	1561
1129	1564
1130	1265
1130	1324
1130	1397
1130	1791
1130	1801
1130	1814
1131	1152
1131	1292
1131	1372
1131	1529
1131	1661
1131	1671
1131	1679
1131	1933
1131	1950
1131	1984
1132	1161
1132	1456
1132	1587
1132	1700
1132	1844
1132	1986
1133	1180
1133	1284
1133	1424
1133	1507
1133	1599
1133	1644
1133	1743
1133	1794
1133	1803
1133	1804
1133	1825
1133	1932
1134	1162
1134	1194
1134	1263
1134	1305
1134	1344
1134	1584
1134	1613
1134	1696
1134	1698
1134	1703
1134	1721
1134	1849
1134	1854
1135	1191
1135	1345
1135	1354
1135	1448
1135	1524
1135	1776
1135	1842
1135	1963
1136	1180
1136	1285
1136	1354
1136	1379
1136	1437
1136	1645
1136	1724
1136	1758
1137	1312
1137	1330
1137	1459
1137	1769
1137	1922
1138	1235
1138	1303
1138	1463
1138	1612
1138	1662
1138	1818
1138	1819
1138	1895
1138	1942
1139	1156
1139	1270
1139	1272
1139	1336
1140	1153
1140	1270
1140	1275
1140	1447
1140	1771
1140	1777
1140	1886
1140	1915
1141	1230
1141	1242
1141	1255
1141	1277
1141	1331
1141	1673
1141	1771
1141	1791
1141	1811
1141	1826
1141	1847
1142	1404
1142	1573
1142	1580
1142	1656
1142	1710
1142	1773
1142	1885
1142	1887
1143	1281
1143	1357
1143	1456
1143	1657
1143	1693
1143	1900
1144	1161
1144	1242
1144	1277
1144	1437
1144	1499
1144	1607
1144	1674
1144	1716
1144	1963
1145	1237
1145	1283
1145	1284
1145	1307
1145	1313
1145	1408
1145	1445
1145	1599
1145	1701
1145	1710
1145	1864
1146	1173
1146	1202
1146	1208
1146	1533
1146	1684
1146	1719
1146	1747
1146	1860
1146	1952
1147	1201
1147	1354
1147	1660
1147	1713
1147	1810
1147	1846
1148	1194
1148	1218
1148	1319
1148	1468
1148	1497
1148	1596
1148	1733
1148	1783
1148	1860
1148	1926
1149	1182
1149	1191
1149	1286
1149	1355
1149	1529
1149	1541
1149	1730
1149	1734
1149	1935
1150	1221
1150	1227
1150	1468
1150	1513
1150	1559
1150	1572
1150	1793
1151	1219
1151	1274
1151	1418
1151	1446
1151	1475
1151	1660
1151	1670
1151	1711
1151	1834
1151	1885
1151	1889
1152	1199
1152	1235
1152	1345
1152	1446
1152	1541
1152	1711
1152	1794
1152	1860
1152	1914
1153	1267
1153	1301
1153	1522
1153	1538
1153	1709
1153	1850
1154	1162
1154	1188
1154	1253
1154	1499
1154	1524
1154	1730
1154	1894
1154	1939
1155	1194
1155	1589
1155	1678
1155	1779
1155	1824
1155	1834
1155	1913
1155	1951
1155	1952
1155	1996
1156	1250
1156	1609
1156	1654
1156	1808
1156	1914
1156	1931
1156	1998
1157	1166
1157	1195
1157	1405
1157	1510
1157	1523
1157	1556
1157	1688
1157	1749
1157	1923
1158	1207
1158	1244
1158	1366
1158	1385
1158	1554
1158	1722
1158	1816
1158	1827
1159	1177
1159	1191
1159	1261
1159	1267
1159	1501
1159	1512
1159	1601
1159	1731
1159	1735
1159	1754
1159	1878
1159	1975
1159	1983
1160	1335
1160	1407
1160	1449
1160	1730
1160	1731
1161	1269
1161	1371
1161	1373
1161	1402
1161	1715
1161	1828
1161	1866
1161	1935
1161	1972
1162	1201
1162	1372
1162	1598
1162	1700
1162	1712
1162	1820
1162	1899
1162	1914
1162	1955
1163	1448
1163	1542
1163	1602
1163	1721
1164	1211
1164	1227
1164	1242
1164	1289
1164	1309
1164	1393
1164	1722
1164	1878
1164	1897
1165	1409
1165	1601
1165	1621
1165	1631
1165	1671
1165	1810
1165	1829
1165	1920
1165	1984
1166	1255
1166	1266
1166	1429
1166	1611
1166	1777
1167	1179
1167	1338
1167	1427
1167	1435
1167	1680
1167	1788
1167	1822
1167	1829
1167	1963
1168	1310
1168	1320
1168	1336
1168	1338
1168	1461
1168	1607
1168	1654
1168	1778
1168	1785
1168	1837
1169	1314
1169	1456
1169	1499
1169	1615
1169	1651
1169	1691
1169	1693
1169	1801
1169	1805
1169	1894
1169	1918
1169	1983
1170	1201
1170	1292
1170	1349
1170	1428
1170	1449
1170	1581
1170	1674
1170	1906
1171	1183
1171	1197
1171	1484
1171	1689
1172	1235
1172	1356
1172	1476
1172	1800
1172	1824
1172	1834
1172	1875
1172	1993
1173	1300
1173	1334
1173	1484
1173	1619
1173	1631
1173	1707
1173	1732
1173	1792
1173	1817
1174	1186
1174	1299
1174	1325
1174	1707
1175	1390
1175	1681
1175	1699
1175	1945
1176	1232
1176	1334
1176	1375
1176	1546
1176	1696
1176	1731
1176	1808
1176	1885
1176	1889
1176	1960
1177	1220
1177	1297
1177	1343
1177	1747
1177	1909
1178	1262
1178	1341
1178	1344
1178	1370
1178	1470
1178	1515
1178	1523
1178	1543
1178	1552
1178	1621
1178	1908
1179	1284
1179	1285
1179	1352
1179	1411
1179	1464
1179	1594
1179	1630
1179	1716
1179	1827
1180	1337
1180	1341
1180	1342
1180	1400
1180	1745
1180	1977
1181	1184
1181	1234
1181	1238
1181	1496
1181	1548
1181	1584
1181	1635
1181	1860
1181	1880
1182	1211
1182	1306
1182	1307
1182	1327
1182	1367
1182	1426
1182	1468
1182	1543
1182	1544
1182	1600
1182	1861
1182	1867
1182	1929
1182	1977
1182	1989
1183	1216
1183	1264
1183	1494
1183	1698
1183	1789
1183	1791
1183	1852
1183	1981
1183	1989
1184	1312
1184	1356
1184	1367
1184	1368
1184	1417
1184	1447
1184	1792
1185	1193
1185	1257
1185	1402
1185	1441
1185	1559
1185	1833
1185	1931
1186	1265
1186	1452
1186	1536
1186	1575
1186	1706
1186	1758
1186	1791
1186	1905
1186	1927
1187	1292
1187	1373
1187	1454
1187	1666
1187	1964
1188	1229
1188	1271
1188	1335
1188	1363
1188	1442
1188	1473
1188	1527
1188	1536
1188	1666
1188	1698
1188	1769
1189	1267
1189	1470
1189	1718
1190	1300
1190	1787
1190	1941
1191	1500
1191	1533
1191	1600
1191	1722
1191	1738
1191	1745
1191	1959
1192	1326
1192	1344
1192	1412
1192	1675
1192	1712
1192	1734
1192	1804
1192	1949
1193	1227
1193	1332
1193	1368
1193	1412
1193	1431
1194	1275
1194	1588
1194	1723
1194	1906
1194	1977
1195	1203
1195	1272
1195	1289
1195	1321
1195	1427
1195	1501
1195	1622
1195	1977
1196	1215
1196	1240
1196	1366
1196	1375
1196	1387
1196	1619
1196	1666
1196	1826
1196	1853
1197	1262
1197	1450
1197	1463
1197	1606
1197	1682
1197	1721
1197	1739
1197	1767
1197	1864
1198	1389
1198	1516
1198	1719
1198	1723
1198	1744
1198	1896
1198	1919
1198	1977
1199	1493
1199	1565
1199	1662
1199	1920
1200	1270
1200	1469
1200	1521
1200	1537
1200	1552
1200	1558
1200	1567
1200	1570
1200	1584
1200	1600
1200	1877
1200	1910
1200	1938
1200	1979
1201	1276
1201	1289
1201	1399
1201	1426
1201	1508
1201	1600
1201	1715
1201	1932
1201	1939
1202	1641
1202	1656
1202	1669
1202	1710
1202	1734
1202	1877
1202	1906
1202	1922
1202	1928
1202	1979
1203	1224
1203	1461
1203	1476
1203	1491
1203	1576
1203	1595
1203	1667
1203	1760
1203	1856
1204	1522
1204	1589
1204	1836
1204	1888
1204	1989
1205	1303
1205	1313
1205	1321
1205	1404
1205	1527
1205	1570
1205	1597
1205	1841
1205	1866
1205	1957
1205	1962
1206	1275
1206	1436
1206	1466
1206	1482
1206	1497
1206	1528
1206	1632
1206	1646
1206	1655
1206	1727
1206	1856
1206	1894
1206	1970
1207	1211
1207	1388
1207	1402
1207	1459
1207	1693
1207	1700
1207	1776
1207	1880
1208	1317
1208	1376
1208	1501
1208	1623
1208	1624
1208	1723
1208	1787
1208	1843
1208	1860
1208	1888
1208	1915
1208	1998
1209	1493
1209	1580
1209	1600
1209	1640
1209	1645
1209	1655
1209	1987
1210	1267
1210	1314
1210	1329
1210	1402
1210	1586
1210	1612
1210	1757
1210	1780
1210	1891
1210	1900
1210	1978
1210	1999
1211	1245
1211	1250
1211	1458
1211	1696
1211	1777
1211	1899
1212	1279
1212	1456
1212	1460
1212	1527
1212	1584
1212	1708
1212	1739
1212	1872
1212	1938
1213	1318
1213	1381
1213	1433
1213	1436
1213	1478
1213	1537
1213	1540
1213	1636
1213	1669
1213	1675
1213	1867
1213	1907
1213	1973
1214	1287
1214	1392
1214	1397
1214	1509
1214	1897
1214	1947
1215	1329
1215	1447
1215	1457
1215	1459
1215	1561
1215	1877
1215	1893
1215	1905
1215	1936
1216	1236
1216	1245
1216	1293
1216	1420
1216	1844
1216	1929
1216	1935
1217	1252
1217	1283
1217	1435
1217	1607
1217	1773
1217	1785
1217	1908
1218	1321
1218	1749
1218	1794
1218	1833
1218	1994
1219	1305
1219	1329
1219	1398
1219	1408
1219	1416
1219	1444
1219	1563
1219	1571
1219	1922
1219	1976
1220	1911
1221	1245
1221	1550
1221	1716
1221	1863
1221	1928
1222	1247
1222	1329
1222	1617
1222	1635
1222	1663
1222	1693
1222	1810
1222	1918
1223	1260
1223	1597
1223	1737
1224	1470
1224	1502
1224	1703
1224	1844
1224	1951
1225	1339
1225	1363
1225	1460
1225	1550
1225	1683
1225	1817
1225	1877
1225	1937
1226	1355
1226	1386
1226	1458
1226	1538
1226	1616
1226	1822
1226	1897
1226	1936
1227	1309
1227	1531
1227	1584
1227	1742
1227	1864
1228	1343
1228	1355
1228	1393
1228	1413
1228	1446
1228	1464
1228	1513
1228	1514
1228	1551
1228	1599
1228	1660
1228	1768
1228	1794
1228	1830
1229	1383
1229	1430
1229	1476
1229	1617
1229	1670
1229	1816
1229	1861
1230	1434
1230	1438
1230	1508
1230	1585
1230	1627
1231	1342
1231	1351
1231	1567
1231	1613
1231	1654
1231	1695
1231	1878
1231	1905
1232	1244
1232	1294
1232	1595
1232	1642
1232	1670
1232	1793
1232	1904
1233	1389
1233	1463
1233	1571
1233	1669
1233	1774
1233	1804
1233	1808
1233	1900
1234	1358
1234	1401
1234	1438
1234	1454
1234	1488
1234	1726
1234	1778
1234	1833
1235	1245
1235	1317
1235	1464
1235	1532
1235	1583
1235	1603
1235	1746
1235	1828
1235	1854
1236	1540
1236	1611
1236	1614
1236	1758
1236	1919
1236	1974
1237	1384
1237	1389
1237	1534
1237	1607
1237	1774
1237	1883
1237	1932
1238	1308
1238	1320
1238	1357
1238	1766
1239	1271
1239	1400
1239	1447
1239	1627
1239	1756
1239	1777
1239	1826
1239	1830
1240	1273
1240	1336
1240	1443
1240	1448
1240	1523
1240	1582
1240	1621
1240	1718
1240	1776
1240	1914
1241	1292
1241	1334
1241	1341
1241	1619
1241	1747
1241	1802
1241	1882
1242	1268
1242	1331
1242	1349
1242	1356
1242	1452
1242	1521
1242	1583
1242	1859
1242	1951
1243	1550
1243	1693
1243	1863
1243	1895
1244	1260
1244	1419
1244	1442
1244	1462
1244	1473
1244	1493
1244	1523
1244	1545
1244	1707
1245	1262
1245	1485
1245	1541
1245	1954
1246	1305
1246	1372
1246	1440
1246	1477
1246	1523
1246	1554
1246	1563
1246	1618
1246	1783
1246	1785
1246	1971
1246	1977
1247	1259
1247	1282
1247	1306
1247	1347
1247	1472
1247	1486
1247	1610
1247	1707
1247	1863
1247	1883
1247	1960
1248	1251
1248	1452
1248	1665
1248	1844
1249	1350
1249	1378
1249	1411
1249	1582
1249	1633
1249	1698
1250	1401
1250	1408
1250	1440
1250	1741
1250	1911
1251	1290
1251	1462
1251	1634
1251	1672
1251	1706
1252	1284
1252	1384
1252	1658
1252	1846
1252	1865
1252	1918
1252	1922
1253	1377
1253	1466
1253	1683
1253	1811
1253	1957
1253	1984
1254	1291
1254	1326
1254	1393
1254	1581
1254	1641
1254	1980
1254	1988
1255	1335
1255	1364
1255	1437
1255	1493
1255	1760
1255	1787
1255	1909
1255	1989
1256	1301
1256	1395
1256	1507
1256	1662
1256	1752
1256	1781
1256	1825
1257	1395
1257	1560
1257	1604
1257	1679
1257	1796
1257	1897
1257	1993
1258	1320
1258	1427
1258	1479
1258	1507
1258	1526
1258	1635
1258	1783
1258	1843
1258	1975
1259	1286
1259	1328
1259	1374
1259	1615
1259	1666
1259	1670
1259	1716
1259	1718
1259	1916
1260	1348
1260	1439
1260	1452
1260	1491
1260	1549
1260	1611
1260	1639
1260	1672
1260	1851
1260	1916
1260	1973
1261	1270
1261	1371
1261	1457
1261	1487
1261	1668
1261	1745
1261	1767
1261	1853
1261	1941
1262	1395
1262	1490
1262	1645
1262	1648
1262	1651
1262	1702
1262	1913
1262	1954
1262	1963
1263	1321
1263	1332
1263	1479
1263	1618
1263	1768
1263	1781
1263	1874
1264	1321
1264	1544
1264	1568
1264	1594
1264	1659
1264	1706
1264	1794
1265	1284
1265	1305
1265	1307
1265	1507
1265	1526
1265	1669
1265	1770
1265	1780
1265	1874
1266	1302
1266	1395
1266	1441
1266	1450
1266	1537
1266	1762
1266	1836
1267	1344
1267	1346
1267	1391
1267	1579
1267	1763
1267	1860
1267	1886
1268	1305
1268	1344
1268	1428
1268	1507
1268	1651
1268	1703
1268	1722
1268	1954
1268	1970
1269	1313
1269	1502
1269	1555
1269	1896
1269	1923
1269	1934
1270	1289
1270	1342
1270	1378
1270	1429
1270	1432
1270	1477
1270	1596
1270	1642
1270	1693
1270	1973
1271	1291
1271	1418
1271	1557
1271	1927
1271	1932
1271	1984
1271	1991
1271	1995
1272	1273
1272	1813
1272	1858
1273	1314
1273	1387
1273	1464
1273	1534
1273	1743
1273	1923
1274	1761
1274	1774
1274	1829
1274	1938
1274	1954
1274	1964
1274	1991
1275	1282
1275	1300
1275	1357
1275	1512
1275	1864
1276	1567
1276	1607
1276	1669
1276	1686
1276	1722
1276	1799
1276	1898
1276	1908
1277	1459
1277	1519
1277	1586
1277	1700
1277	1799
1277	1811
1277	1814
1277	1828
1277	1894
1277	1979
1278	1330
1278	1430
1278	1489
1278	1740
1278	1743
1278	1805
1278	1898
1278	1974
1279	1337
1279	1455
1279	1579
1279	1649
1279	1809
1280	1282
1280	1450
1280	1468
1280	1506
1280	1732
1280	1838
1280	1858
1280	1870
1281	1451
1281	1489
1281	1581
1281	1735
1281	1782
1281	1825
1281	1892
1282	1525
1282	1607
1282	1954
1283	1301
1283	1347
1283	1430
1283	1435
1283	1461
1283	1708
1283	1817
1284	1309
1284	1577
1284	1614
1284	1814
1285	1389
1285	1570
1285	1841
1286	1337
1286	1390
1286	1635
1286	1808
1286	1910
1286	1937
1287	1432
1287	1455
1287	1587
1287	1634
1287	1643
1287	1778
1288	1310
1288	1555
1288	1765
1288	1776
1288	1817
1288	1920
1289	1456
1289	1546
1289	1597
1289	1617
1289	1763
1289	1771
1289	1837
1289	1862
1289	1871
1289	1936
1289	1959
1289	1996
1289	1999
1290	1299
1290	1604
1290	1891
1291	1359
1291	1464
1291	1555
1291	1573
1291	1627
1291	1802
1291	1851
1291	1978
1292	1343
1292	1421
1292	1557
1292	1620
1292	1885
1292	1974
1292	1982
1293	1336
1293	1634
1293	1638
1293	1732
1293	1754
1293	1806
1293	1817
1294	1446
1294	1610
1294	1775
1294	1965
1294	1995
1295	1336
1295	1437
1295	1471
1295	1614
1295	1631
1295	1756
1295	1851
1296	1549
1296	1905
1296	1909
1296	1937
1297	1465
1297	1582
1297	1758
1297	1898
1297	1994
1298	1391
1298	1498
1298	1686
1298	1701
1298	1989
1299	1466
1299	1519
1299	1546
1299	1565
1299	1581
1299	1908
1299	1945
1300	1318
1300	1401
1300	1422
1300	1515
1300	1573
1300	1740
1300	1756
1300	1800
1301	1323
1301	1361
1301	1363
1301	1435
1301	1619
1301	1706
1301	1833
1302	1330
1302	1444
1302	1507
1302	1525
1302	1617
1302	1808
1302	1850
1302	1890
1303	1503
1303	1558
1303	1609
1303	1640
1303	1728
1303	1789
1303	1845
1304	1412
1304	1441
1304	1537
1304	1601
1304	1821
1304	1895
1304	1962
1304	1978
1305	1595
1305	1724
1305	1770
1305	1844
1305	1884
1305	1899
1305	1927
1305	1948
1306	1308
1306	1482
1306	1513
1306	1607
1306	1676
1306	1714
1306	1908
1307	1459
1307	1600
1307	1832
1307	1916
1308	1335
1308	1418
1308	1457
1308	1663
1308	1800
1309	1366
1309	1408
1309	1486
1309	1558
1309	1566
1309	1595
1309	1778
1310	1321
1310	1662
1310	1675
1310	1824
1311	1565
1311	1574
1311	1620
1311	1640
1311	1751
1311	1763
1311	1816
1311	1836
1312	1343
1312	1354
1312	1434
1312	1451
1312	1488
1312	1632
1312	1865
1312	1900
1312	1984
1313	1508
1313	1516
1313	1576
1313	1771
1313	1871
1313	1912
1314	1489
1314	1524
1314	1568
1314	1742
1314	1784
1314	1841
1314	1874
1314	1957
1315	1426
1315	1505
1315	1528
1315	1562
1315	1588
1315	1621
1315	1843
1316	1331
1316	1660
1316	1707
1317	1371
1317	1466
1317	1476
1317	1518
1318	1359
1318	1415
1318	1500
1318	1617
1318	1680
1318	1692
1318	1795
1319	1379
1319	1381
1319	1602
1319	1617
1319	1667
1319	1683
1319	1765
1319	1828
1319	1918
1319	1922
1320	1330
1320	1784
1320	1797
1320	1798
1320	1804
1320	1930
1321	1586
1321	1615
1321	1734
1321	1783
1321	1794
1322	1445
1322	1450
1322	1626
1322	1633
1322	1643
1322	1682
1322	1690
1322	1731
1322	1951
1323	1510
1323	1566
1323	1615
1323	1712
1323	1784
1324	1482
1324	1650
1324	1747
1324	1759
1324	1763
1324	1861
1325	1341
1325	1386
1325	1415
1325	1437
1325	1617
1325	1689
1325	1700
1325	1785
1325	1801
1325	1819
1326	1522
1326	1553
1326	1695
1326	1991
1327	1375
1327	1555
1327	1673
1327	1903
1328	1531
1328	1618
1328	1739
1329	1410
1329	1837
1330	1381
1330	1417
1330	1604
1330	1722
1330	1754
1330	1817
1330	1973
1331	1352
1331	1528
1331	1546
1331	1561
1331	1624
1331	1625
1331	1662
1331	1736
1331	1868
1331	1873
1331	1952
1332	1382
1332	1600
1332	1759
1332	1765
1332	1773
1332	1775
1333	1561
1333	1695
1333	1734
1333	1809
1333	1891
1334	1459
1334	1476
1334	1785
1334	1818
1334	1894
1335	1459
1335	1524
1335	1886
1336	1539
1336	1754
1336	1833
1336	1851
1336	1957
1337	1467
1337	1575
1337	1780
1337	1800
1337	1900
1338	1380
1338	1430
1338	1541
1338	1563
1338	1568
1338	1767
1338	1776
1339	1394
1339	1485
1339	1496
1339	1512
1339	1598
1339	1836
1339	1986
1340	1494
1340	1781
1340	1845
1340	1887
1341	1353
1341	1486
1341	1612
1341	1691
1341	1809
1341	1829
1341	1830
1341	1977
1341	1985
1342	1581
1342	1686
1342	1868
1343	1693
1343	1802
1344	1413
1344	1570
1344	1574
1344	1865
1344	1876
1344	1955
1345	1377
1345	1424
1345	1425
1345	1449
1345	1654
1345	1723
1345	1808
1346	1393
1346	1399
1346	1422
1346	1639
1346	1680
1346	1742
1346	1761
1346	1775
1346	1790
1346	1830
1346	1937
1346	1984
1347	1560
1347	1670
1347	1756
1347	1812
1347	1817
1347	1944
1348	1575
1348	1679
1348	1757
1348	1873
1348	1998
1349	1391
1349	1402
1349	1597
1349	1918
1350	1401
1350	1432
1350	1684
1350	1933
1351	1356
1351	1426
1351	1480
1351	1499
1351	1600
1351	1732
1351	1739
1351	1819
1351	1832
1351	1856
1352	1368
1352	1458
1352	1887
1352	1955
1353	1366
1353	1441
1353	1483
1353	1508
1353	1559
1353	1692
1353	1773
1353	1821
1353	1845
1354	1437
1354	1556
1354	1775
1354	1849
1354	1934
1355	1379
1355	1407
1355	1467
1355	1952
1356	1389
1356	1470
1356	1486
1356	1668
1356	1773
1356	1854
1356	1915
1356	1939
1356	1975
1357	1576
1357	1590
1357	1641
1357	1744
1357	1982
1357	1999
1358	1387
1358	1394
1358	1546
1358	1719
1358	1846
1359	1415
1359	1479
1359	1646
1359	1699
1359	1862
1359	1864
1360	1741
1360	1816
1361	1364
1361	1643
1361	1749
1361	1769
1361	1808
1361	1891
1361	1967
1362	1449
1362	1453
1362	1579
1362	1616
1362	1718
1362	1807
1362	1830
1362	1868
1362	1900
1362	1933
1363	1370
1363	1582
1363	1729
1363	1747
1363	1800
1364	1422
1364	1523
1364	1648
1364	1660
1364	1687
1364	1695
1364	1768
1364	1915
1364	1950
1365	1394
1365	1457
1365	1562
1365	1632
1365	1820
1365	1869
1366	1531
1366	1614
1366	1657
1367	1733
1367	1834
1367	1851
1367	1878
1367	1948
1368	1813
1368	1832
1368	1869
1368	1954
1368	1972
1369	1442
1369	1569
1369	1637
1369	1817
1369	1818
1369	1878
1370	1374
1370	1601
1370	1906
1371	1719
1371	1835
1372	1392
1372	1659
1372	1734
1372	1807
1372	1825
1372	1827
1372	1882
1372	1896
1372	1942
1373	1387
1373	1469
1373	1508
1373	1632
1373	1724
1373	1766
1373	1836
1373	1843
1373	1886
1373	1918
1373	1948
1373	1962
1374	1427
1374	1443
1374	1557
1374	1596
1374	1725
1375	1413
1375	1432
1375	1468
1375	1497
1375	1637
1375	1679
1375	1795
1375	1823
1375	1838
1375	1864
1375	1911
1376	1652
1376	1787
1376	1868
1377	1398
1377	1409
1377	1622
1377	1795
1377	1853
1377	1945
1378	1410
1378	1510
1378	1675
1378	1857
1378	1923
1379	1947
1380	1394
1380	1427
1380	1635
1380	1722
1380	1755
1380	1855
1380	1968
1381	1619
1381	1662
1381	1837
1382	1482
1382	1677
1382	1685
1382	1758
1382	1819
1382	1821
1382	1904
1382	1989
1383	1436
1383	1455
1383	1478
1383	1517
1383	1760
1383	1888
1384	1627
1384	1632
1384	1804
1384	1994
1385	1522
1385	1551
1385	1566
1385	1622
1385	1683
1385	1845
1385	1903
1386	1454
1386	1493
1386	1510
1386	1709
1386	1954
1387	1396
1387	1399
1387	1492
1387	1532
1387	1537
1387	1618
1387	1809
1387	1815
1387	1842
1387	1925
1387	1980
1388	1422
1388	1513
1388	1561
1388	1580
1388	1972
1389	1471
1389	1532
1389	1575
1389	1708
1389	1841
1389	1848
1389	1944
1389	1961
1389	1990
1390	1437
1390	1529
1390	1622
1390	1645
1390	1855
1390	1870
1390	1980
1391	1406
1391	1541
1391	1646
1391	1782
1391	1803
1391	1852
1391	1931
1392	1487
1392	1550
1392	1870
1392	1950
1393	1409
1393	1426
1393	1589
1393	1611
1393	1630
1393	1635
1393	1642
1393	1840
1393	1856
1393	1888
1393	1949
1393	1968
1394	1627
1394	1922
1395	1407
1395	1497
1395	1501
1396	1442
1396	1581
1396	1608
1396	1637
1396	1687
1396	1883
1396	1884
1397	1462
1397	1585
1397	1721
1397	1783
1397	1822
1397	1908
1397	1910
1397	1997
1398	1459
1398	1500
1398	1543
1398	1672
1398	1710
1398	1729
1398	1800
1398	1840
1398	1847
1398	1917
1399	1412
1399	1571
1399	1597
1399	1668
1399	1681
1399	1768
1399	1856
1399	1871
1399	1881
1400	1665
1400	1764
1401	1552
1401	1591
1401	1817
1402	1403
1402	1479
1402	1621
1402	1622
1402	1920
1403	1454
1403	1463
1403	1653
1403	1659
1403	1668
1404	1528
1404	1562
1404	1602
1404	1689
1404	1752
1404	1867
1405	1683
1405	1723
1405	1746
1406	1455
1406	1477
1406	1504
1406	1515
1406	1522
1406	1689
1406	1767
1406	1904
1406	1941
1406	1985
1407	1408
1407	1496
1407	1580
1407	1683
1407	1935
1408	1427
1408	1593
1409	1686
1409	1748
1409	1831
1409	1939
1410	1471
1410	1505
1410	1541
1410	1605
1410	1617
1410	1867
1410	1907
1411	1500
1411	1608
1411	1660
1411	1749
1411	1858
1411	1861
1411	1914
1411	1951
1412	1476
1412	1539
1412	1587
1412	1643
1412	1850
1412	1868
1413	1415
1413	1465
1413	1562
1413	1575
1413	1783
1413	1795
1413	1803
1413	1992
1414	1526
1414	1567
1414	1587
1414	1724
1414	1752
1414	1755
1414	1772
1414	1799
1414	1807
1414	1877
1414	1887
1414	1938
1414	1946
1414	1979
1415	1439
1415	1541
1415	1553
1415	1557
1415	1637
1415	1678
1415	1729
1415	1794
1415	1873
1415	1979
1415	1995
1416	1440
1416	1595
1416	1729
1417	1502
1417	1572
1417	1902
1417	1921
1418	1553
1418	1828
1418	1852
1419	1427
1419	1473
1419	1521
1419	1542
1419	1556
1419	1655
1419	1746
1419	1866
1420	1484
1420	1583
1420	1916
1421	1605
1421	1661
1421	1736
1421	1798
1421	1799
1421	1851
1421	1935
1422	1480
1422	1532
1422	1596
1422	1606
1422	1703
1422	1845
1423	1452
1423	1499
1423	1508
1423	1617
1423	1639
1423	1707
1423	1763
1423	1792
1423	1994
1424	1457
1424	1533
1424	1569
1424	1615
1424	1727
1424	1735
1425	1745
1425	1866
1425	1878
1425	1963
1426	1515
1426	1790
1426	1827
1426	1890
1426	1999
1427	1516
1427	1585
1427	1652
1427	1821
1427	1854
1427	1891
1427	1937
1427	1943
1427	1991
1428	1489
1428	1499
1428	1627
1428	1647
1428	1677
1428	1700
1428	1875
1428	1968
1429	1452
1429	1603
1429	1765
1429	1806
1429	1843
1430	1468
1430	1729
1430	1778
1430	1821
1430	1896
1431	1451
1431	1852
1432	1470
1432	1824
1432	1865
1432	1892
1433	1511
1433	1539
1433	1651
1433	1760
1433	1830
1433	1943
1434	1497
1434	1547
1434	1821
1435	1606
1435	1643
1435	1709
1435	1777
1435	1796
1435	1889
1435	1985
1436	1645
1436	1736
1436	1833
1436	1901
1436	1959
1437	1629
1437	1665
1437	1841
1437	1878
1437	1923
1437	1936
1438	1476
1438	1491
1438	1591
1438	1669
1438	1774
1438	1784
1438	1832
1439	1441
1439	1577
1439	1628
1439	1697
1439	1748
1439	1751
1439	1862
1439	1914
1440	1461
1440	1585
1440	1865
1440	1916
1441	1518
1441	1526
1441	1557
1441	1834
1442	1533
1442	1552
1442	1582
1442	1794
1442	1842
1442	1883
1442	1994
1443	1457
1443	1494
1443	1599
1443	1655
1443	1726
1443	1876
1444	1478
1444	1515
1444	1569
1444	1655
1444	1901
1444	1910
1445	1466
1445	1476
1445	1513
1445	1558
1445	1695
1445	1752
1445	1767
1445	1798
1445	1880
1446	1581
1446	1599
1446	1665
1446	1722
1446	1729
1447	1496
1447	1506
1447	1594
1447	1719
1447	1932
1447	1960
1448	1571
1448	1722
1448	1759
1448	1891
1449	1454
1449	1573
1449	1674
1449	1679
1449	1781
1449	1854
1449	1871
1449	1987
1450	1531
1450	1704
1450	1835
1450	1878
1450	1954
1451	1464
1451	1620
1451	1650
1451	1776
1451	1898
1452	1456
1452	1582
1452	1636
1452	1671
1452	1713
1452	1772
1452	1816
1452	1899
1453	1541
1453	1567
1453	1691
1453	1698
1454	1505
1454	1598
1454	1683
1454	1841
1454	1847
1455	1474
1455	1585
1455	1658
1455	1724
1455	1729
1455	1755
1455	1848
1455	1936
1456	1511
1456	1514
1456	1517
1456	1819
1457	1537
1458	1490
1458	1565
1458	1567
1458	1630
1458	1693
1458	1713
1458	1715
1458	1872
1458	1994
1459	1616
1459	1639
1459	1734
1460	1776
1461	1898
1462	1581
1462	1585
1462	1636
1462	1734
1462	1831
1462	1872
1463	1551
1463	1613
1463	1653
1463	1667
1463	1709
1464	1472
1464	1476
1464	1580
1464	1669
1464	1829
1464	1866
1465	1469
1465	1578
1465	1747
1465	1749
1465	1990
1466	1542
1466	1596
1466	1677
1466	1730
1466	1865
1466	1981
1467	1543
1467	1589
1468	1579
1468	1588
1468	1689
1468	1832
1468	1914
1468	1917
1468	1954
1469	1486
1469	1613
1469	1636
1469	1785
1469	1815
1469	1910
1469	1928
1470	1557
1470	1612
1470	1627
1470	1686
1470	1705
1470	1715
1470	1721
1470	1970
1471	1645
1471	1682
1471	1693
1471	1698
1471	1965
1472	1625
1472	1759
1472	1775
1472	1817
1472	1843
1472	1912
1473	1504
1473	1648
1473	1805
1473	1872
1473	1974
1474	1540
1474	1563
1474	1875
1475	1553
1475	1685
1475	1734
1475	1766
1476	1582
1476	1592
1476	1642
1476	1689
1476	1704
1476	1729
1476	1766
1476	1777
1476	1875
1476	1917
1476	1929
1476	1946
1477	1573
1477	1592
1477	1688
1477	1747
1477	1879
1478	1498
1478	1505
1478	1523
1478	1535
1478	1738
1478	1874
1479	1592
1479	1710
1479	1741
1479	1749
1479	1788
1479	1845
1480	1532
1480	1776
1480	1917
1481	1487
1481	1519
1481	1551
1481	1604
1481	1672
1481	1704
1481	1779
1481	1800
1481	1897
1481	1944
1482	1560
1482	1585
1482	1617
1482	1968
1483	1667
1483	1730
1483	1755
1483	1786
1483	1817
1483	1843
1483	1968
1483	1994
1484	1601
1484	1612
1485	1548
1485	1671
1485	1842
1486	1534
1486	1542
1486	1714
1486	1892
1486	1924
1487	1491
1487	1515
1487	1650
1487	1888
1487	1895
1487	1995
1488	1538
1488	1587
1488	1783
1488	1800
1489	1641
1489	1673
1489	1737
1489	1771
1489	1887
1490	1537
1490	1564
1490	1579
1490	1720
1490	1802
1490	1876
1490	1881
1490	1941
1491	1498
1491	1499
1491	1515
1491	1809
1491	1862
1491	1981
1492	1495
1492	1553
1492	1665
1492	1746
1492	1791
1492	1829
1492	1841
1492	1966
1493	1552
1493	1618
1493	1662
1493	1718
1493	1889
1494	1569
1494	1787
1494	1822
1494	1849
1494	1867
1494	1950
1495	1619
1495	1657
1495	1703
1495	1722
1495	1780
1495	1820
1495	1896
1495	1996
1496	1506
1496	1838
1496	1890
1496	1952
1496	1978
1497	1703
1497	1781
1497	1915
1497	1936
1497	1983
1498	1541
1498	1760
1498	1819
1498	1882
1498	1913
1498	1983
1499	1596
1499	1613
1499	1683
1499	1691
1499	1719
1499	1857
1499	1953
1499	1965
1500	1510
1500	1525
1500	1690
1500	1745
1500	1837
1501	1590
1501	1699
1501	1712
1501	1735
1501	1746
1501	1852
1501	1985
1502	1606
1502	1748
1502	1769
1502	1824
1502	1844
1503	1566
1503	1587
1503	1638
1503	1875
1503	1910
1503	1933
1503	1948
1503	1990
1504	1597
1504	1633
1504	1654
1504	1886
1504	1910
1504	1912
1505	1584
1505	1592
1505	1694
1505	1921
1506	1637
1506	1645
1506	1649
1506	1690
1506	1875
1507	1513
1507	1529
1507	1594
1507	1758
1507	1807
1507	1882
1507	1924
1507	1937
1507	1950
1507	1967
1508	1535
1508	1851
1508	1867
1508	1889
1508	1943
1509	1573
1509	1703
1509	1724
1509	1825
1509	1844
1509	1982
1510	1521
1510	1580
1510	1664
1510	1798
1510	1855
1510	1976
1511	1567
1511	1584
1511	1706
1511	1835
1511	1853
1511	1919
1512	1568
1512	1588
1512	1600
1513	1534
1513	1541
1513	1561
1513	1598
1514	1578
1515	1545
1515	1552
1515	1644
1515	1710
1515	1972
1516	1547
1516	1618
1516	1684
1516	1740
1516	1749
1516	1809
1516	1989
1517	1649
1517	1657
1517	1808
1518	1552
1518	1568
1518	1638
1518	1710
1518	1729
1518	1731
1518	1739
1518	1849
1518	1915
1518	1961
1519	1550
1519	1658
1519	1735
1519	1806
1519	1812
1519	1881
1519	1895
1520	1970
1520	1978
1521	1589
1521	1760
1521	1789
1522	1616
1522	1620
1523	1744
1523	1774
1523	1794
1523	1985
1524	1587
1524	1817
1524	1888
1524	1928
1525	1532
1525	1577
1525	1631
1525	1656
1525	1671
1525	1790
1525	1791
1525	1793
1525	1919
1525	1927
1526	1544
1526	1738
1526	1761
1526	1764
1526	1834
1526	1940
1526	1975
1527	1731
1527	1733
1527	1914
1528	1758
1528	1845
1528	1852
1528	1901
1529	1600
1529	1729
1529	1744
1529	1809
1529	1920
1529	1946
1530	1712
1530	1719
1530	1857
1530	1878
1531	1559
1531	1621
1531	1716
1531	1820
1531	1921
1531	1954
1532	1697
1532	1777
1532	1977
1533	1590
1533	1779
1534	1559
1534	1578
1534	1727
1534	1777
1534	1820
1534	1827
1534	1896
1534	1905
1534	1945
1534	1985
1535	1591
1535	1619
1535	1815
1536	1540
1536	1562
1536	1627
1536	1685
1536	1796
1536	1974
1537	1607
1537	1625
1537	1644
1537	1871
1538	1647
1538	1657
1538	1749
1538	1750
1538	1965
1539	1626
1539	1693
1539	1814
1539	1831
1539	1840
1539	1963
1539	1976
1539	1999
1540	1602
1540	1643
1540	1677
1540	1865
1540	1962
1540	1967
1540	1990
1541	1968
1541	1970
1542	1553
1542	1663
1542	1665
1542	1707
1542	1747
1542	1759
1542	1790
1542	1907
1542	1936
1542	1960
1543	1566
1543	1628
1543	1665
1543	1674
1543	1698
1543	1725
1543	1812
1543	1831
1543	1839
1543	1894
1543	1962
1544	1788
1544	1793
1544	1794
1544	1796
1544	1806
1544	1954
1545	1580
1545	1884
1545	1912
1545	1979
1545	1992
1546	1720
1546	1766
1546	1776
1546	1794
1546	1874
1546	1875
1546	1914
1547	1703
1547	1718
1548	1595
1548	1596
1548	1792
1548	1875
1548	1880
1548	1984
1549	1709
1550	1588
1550	1710
1550	1737
1550	1840
1550	1939
1550	1945
1551	1632
1551	1709
1551	1765
1551	1769
1551	1842
1551	1934
1551	1986
1552	1591
1552	1763
1552	1863
1552	1956
1553	1755
1553	1805
1553	1823
1554	1662
1554	1694
1554	1861
1554	1914
1554	1955
1555	1620
1555	1869
1556	1635
1556	1655
1556	1819
1556	1890
1557	1654
1557	1941
1558	1677
1558	1823
1558	1835
1559	1599
1559	1618
1559	1774
1559	1853
1559	1958
1559	1959
1559	1992
1560	1573
1560	1763
1560	1811
1560	1831
1560	1858
1560	1875
1560	1942
1561	1749
1561	1778
1561	1965
1561	1982
1562	1606
1562	1614
1562	1707
1563	1632
1563	1649
1563	1787
1563	1797
1563	1850
1563	1865
1563	1988
1565	1594
1565	1647
1565	1669
1565	1752
1565	1874
1565	1941
1565	1943
1565	1999
1566	1620
1566	1736
1566	1748
1566	1823
1566	1896
1566	1925
1567	1643
1567	1664
1567	1709
1567	1795
1567	1815
1567	1943
1568	1664
1568	1863
1568	1891
1568	1944
1569	1574
1569	1603
1569	1629
1569	1678
1569	1719
1569	1749
1569	1752
1569	1810
1569	1944
1570	1715
1570	1817
1570	1863
1570	1908
1571	1578
1571	1682
1571	1689
1571	1705
1571	1726
1571	1794
1571	1823
1571	1867
1572	1738
1572	1860
1572	1926
1573	1867
1573	1968
1574	1958
1574	1976
1575	1583
1575	1671
1575	1976
1575	1989
1576	1578
1576	1637
1576	1785
1576	1910
1576	1976
1577	1756
1577	1869
1577	1903
1577	1913
1578	1657
1579	1591
1579	1818
1580	1642
1580	1645
1580	1913
1580	1927
1580	1974
1581	1629
1581	1688
1581	1807
1582	1640
1582	1668
1582	1703
1582	1720
1582	1740
1582	1763
1582	1809
1582	1844
1582	1863
1582	1886
1582	1991
1583	1590
1583	1634
1583	1793
1583	1806
1583	1812
1583	1882
1583	1913
1583	1917
1583	1944
1584	1609
1584	1712
1584	1769
1584	1813
1585	1605
1585	1751
1585	1842
1586	1632
1586	1714
1586	1804
1586	1858
1586	1913
1586	1926
1588	1599
1588	1646
1588	1943
1589	1599
1589	1607
1589	1719
1589	1949
1590	1653
1590	1669
1590	1704
1591	1831
1592	1744
1592	1855
1593	1597
1593	1774
1594	1635
1594	1730
1594	1821
1594	1849
1594	1994
1595	1611
1595	1716
1595	1722
1595	1791
1595	1895
1595	1971
1596	1636
1596	1641
1596	1696
1596	1743
1596	1775
1596	1910
1596	1927
1597	1607
1597	1660
1597	1885
1597	1904
1597	1962
1598	1690
1598	1824
1598	1925
1598	1942
1599	1619
1599	1648
1599	1651
1599	1729
1599	1799
1599	1840
1600	1764
1600	1787
1600	1902
1601	1916
1601	1970
1602	1623
1602	1868
1602	1906
1602	1923
1603	1707
1603	1952
1604	1694
1604	1705
1604	1764
1605	1754
1605	1765
1605	1797
1605	1948
1605	1974
1606	1794
1606	1842
1606	1910
1606	1974
1606	1991
1607	1628
1607	1722
1607	1736
1607	1748
1607	1792
1607	1930
1607	1935
1608	1620
1608	1639
1608	1644
1608	1740
1609	1654
1609	1792
1609	1830
1609	1871
1609	1874
1609	1931
1609	1935
1609	1993
1610	1629
1610	1721
1610	1857
1611	1679
1611	1692
1611	1869
1611	1919
1612	1668
1612	1686
1612	1813
1612	1863
1612	1913
1612	1935
1612	1981
1613	1805
1614	1652
1614	1759
1615	1688
1615	1773
1615	1900
1616	1666
1616	1914
1616	1946
1617	1795
1617	1847
1617	1859
1617	1878
1618	1627
1618	1660
1618	1663
1618	1696
1618	1895
1619	1646
1619	1704
1619	1816
1619	1906
1620	1706
1620	1908
1620	1925
1620	1975
1621	1779
1621	1800
1621	1888
1621	1931
1622	1685
1622	1766
1622	1889
1622	1981
1623	1732
1623	1855
1623	1888
1623	1904
1623	1950
1623	1952
1623	1978
1624	1800
1624	1839
1624	1993
1625	1713
1625	1729
1625	1935
1626	1643
1626	1648
1626	1742
1627	1636
1627	1647
1627	1678
1628	1656
1628	1687
1628	1710
1628	1914
1629	1864
1629	1874
1630	1652
1630	1675
1630	1814
1630	1881
1631	1780
1631	1801
1631	1851
1631	1934
1632	1720
1632	1728
1632	1833
1632	1897
1633	1636
1633	1731
1633	1905
1633	1925
1633	1969
1634	1638
1634	1646
1634	1707
1634	1745
1634	1923
1634	1965
1635	1649
1635	1688
1635	1739
1635	1798
1635	1813
1635	1842
1636	1730
1636	1884
1636	1916
1636	1975
1637	1652
1637	1708
1637	1709
1637	1781
1637	1827
1638	1641
1638	1744
1638	1764
1638	1778
1638	1792
1638	1827
1638	1942
1638	1950
1639	1800
1639	1836
1639	1863
1639	1872
1640	1738
1641	1646
1641	1659
1641	1673
1641	1739
1641	1796
1641	1853
1641	1979
1643	1711
1643	1714
1645	1655
1645	1868
1645	1993
1645	1995
1646	1714
1646	1783
1646	1997
1647	1748
1647	1824
1647	1859
1647	1880
1647	1986
1648	1731
1648	1798
1648	1869
1648	1883
1648	1889
1648	1939
1648	1977
1648	1998
1650	1680
1650	1764
1650	1778
1650	1837
1650	1880
1650	1918
1651	1795
1651	1969
1652	1793
1652	1837
1652	1938
1653	1845
1653	1900
1653	1931
1654	1665
1654	1722
1654	1806
1654	1964
1654	1992
1655	1671
1655	1699
1655	1963
1656	1718
1656	1861
1656	1890
1656	1927
1657	1783
1657	1938
1657	1991
1658	1750
1658	1837
1658	1858
1659	1683
1659	1803
1659	1804
1659	1833
1659	1881
1660	1664
1660	1769
1660	1916
1660	1952
1661	1784
1661	1899
1661	1996
1662	1711
1662	1851
1662	1961
1663	1834
1663	1878
1663	1919
1664	1694
1664	1758
1664	1764
1665	1781
1665	1862
1666	1795
1666	1930
1666	1940
1667	1821
1667	1947
1668	1795
1668	1800
1668	1818
1668	1912
1668	1957
1669	1691
1669	1705
1669	1778
1669	1845
1669	1871
1669	1908
1669	1918
1669	1970
1670	1722
1670	1926
1670	1928
1670	1932
1671	1695
1671	1973
1672	1691
1672	1762
1672	1865
1673	1700
1673	1741
1674	1774
1674	1847
1674	1849
1674	1886
1674	1897
1675	1677
1675	1726
1675	1824
1675	1991
1676	1682
1676	1803
1676	1860
1677	1732
1678	1687
1678	1712
1678	1901
1678	1921
1678	1990
1679	1861
1680	1868
1681	1728
1681	1783
1681	1907
1681	1910
1682	1891
1683	1805
1683	1938
1683	1977
1684	1707
1684	1709
1684	1730
1684	1819
1684	1940
1684	1961
1684	1991
1685	1768
1685	1913
1686	1752
1686	1829
1686	1832
1686	1933
1687	1930
1688	1708
1689	1769
1689	1807
1689	1851
1689	1967
1689	1975
1689	1993
1690	1797
1690	1830
1690	1924
1691	1692
1691	1699
1691	1732
1691	1756
1691	1759
1691	1764
1691	1840
1691	1858
1691	1989
1692	1755
1692	1777
1692	1833
1693	1709
1694	1716
1694	1877
1694	1995
1695	1768
1695	1809
1695	1837
1696	1754
1696	1758
1696	1836
1696	1863
1696	1952
1697	1724
1697	1758
1697	1829
1697	1997
1698	1719
1698	1893
1699	1783
1699	1822
1699	1833
1699	1929
1700	1975
1701	1723
1701	1791
1701	1830
1701	1855
1701	1909
1701	1930
1702	1841
1703	1772
1703	1827
1703	1915
1703	1954
1704	1946
1704	1971
1705	1877
1705	1984
1706	1737
1706	1793
1706	1904
1706	1943
1706	1972
1707	1718
1707	1728
1707	1735
1707	1796
1707	1992
1708	1712
1708	1761
1708	1899
1708	1901
1709	1784
1709	1968
1709	1995
1709	1999
1710	1909
1711	1889
1712	1944
1713	1722
1713	1778
1713	1815
1713	1915
1713	1937
1714	1793
1714	1817
1714	1822
1714	1877
1714	1887
1715	1738
1715	1905
1715	1937
1715	1945
1715	1987
1716	1803
1716	1855
1716	1885
1717	1739
1718	1777
1718	1892
1718	1910
1719	1766
1719	1785
1719	1854
1719	1865
1719	1891
1719	1995
1720	1732
1720	1743
1720	1900
1721	1727
1721	1817
1722	1787
1722	1821
1722	1838
1722	1970
1723	1848
1723	1857
1723	1976
1724	1729
1724	1779
1725	1775
1725	1797
1725	1881
1725	1983
1726	1844
1726	1911
1727	1785
1727	1819
1727	1959
1728	1820
1728	1869
1729	1816
1729	1898
1729	1908
1729	1936
1730	1780
1730	1898
1730	1921
1730	1948
1731	1741
1731	1745
1731	1761
1731	1844
1731	1872
1731	1909
1732	1786
1732	1819
1732	1873
1732	1920
1733	1954
1734	1745
1735	1856
1735	1864
1736	1766
1736	1904
1736	1933
1737	1760
1737	1925
1738	1923
1738	1947
1739	1842
1739	1848
1739	1888
1740	1944
1741	1826
1742	1777
1743	1777
1743	1915
1744	1760
1744	1792
1744	1813
1744	1860
1745	1963
1746	1757
1746	1966
1746	1974
1746	1995
1747	1758
1747	1930
1748	1753
1748	1849
1748	1895
1748	1961
1748	1987
1749	1823
1749	1909
1749	1954
1750	1875
1750	1947
1751	1811
1752	1782
1752	1784
1752	1850
1752	1886
1753	1828
1753	1905
1753	1968
1754	1986
1756	1767
1756	1876
1756	1983
1757	1786
1757	1806
1757	1812
1757	1876
1758	1819
1758	1920
1759	1878
1759	1939
1759	1986
1760	1906
1761	1766
1761	1791
1761	1860
1761	1939
1761	1940
1762	1897
1762	1995
1763	1778
1763	1844
1763	1902
1763	1919
1765	1934
1765	1998
1766	1855
1766	1887
1766	1938
1767	1859
1767	1880
1767	1983
1768	1842
1768	1940
1768	1959
1768	1996
1769	1787
1769	1912
1770	1898
1771	1869
1771	1924
1771	1984
1772	1797
1772	1841
1772	1903
1773	1807
1773	1925
1773	1966
1774	1802
1774	1832
1774	1924
1775	1907
1775	1940
1775	1989
1776	1806
1776	1834
1776	1876
1776	1900
1776	1961
1779	1980
1780	1924
1781	1812
1781	1893
1781	1897
1781	1995
1782	1803
1782	1892
1782	1969
1783	1788
1783	1817
1783	1822
1784	1809
1784	1873
1784	1895
1784	1903
1784	1934
1785	1820
1785	1880
1785	1928
1785	1982
1786	1800
1787	1828
1787	1850
1787	1895
1787	1952
1788	1822
1788	1937
1788	1972
1788	1994
1789	1827
1789	1884
1790	1889
1790	1938
1790	1958
1791	1851
1791	1945
1791	1983
1792	1935
1793	1811
1793	1906
1793	1929
1794	1980
1796	1865
1796	1915
1797	1821
1798	1810
1798	1835
1799	1825
1799	1934
1800	1866
1800	1899
1800	1943
1801	1939
1802	1901
1802	1913
1802	1969
1803	1880
1803	1887
1805	1957
1806	1852
1807	1825
1807	1898
1807	1958
1808	1865
1808	1906
1808	1979
1809	1853
1809	1884
1809	1899
1809	1919
1810	1839
1810	1927
1814	1870
1814	1871
1815	1954
1816	1823
1816	1828
1816	1847
1816	1852
1816	1908
1816	1925
1816	1932
1817	1836
1817	1840
1817	1849
1818	1867
1821	1902
1821	1916
1821	1960
1821	1993
1823	1920
1823	1968
1823	1989
1824	1892
1824	1933
1824	1957
1826	1872
1826	1910
1827	1841
1827	1855
1828	1874
1828	1903
1828	1905
1828	1916
1828	1940
1828	1972
1830	1913
1831	1836
1832	1882
1832	1917
1833	1915
1833	1921
1833	1982
1833	1997
1834	1878
1834	1920
1834	1976
1836	1864
1836	1944
1836	1992
1839	1965
1839	1996
1840	1865
1841	1966
1842	1860
1842	1911
1843	1941
1844	1892
1845	1910
1846	1867
1846	1980
1847	1883
1848	1867
1848	1894
1849	1884
1849	1923
1850	1938
1851	1886
1851	1908
1851	1983
1851	1987
1852	1869
1852	1947
1853	1973
1855	1936
1857	1983
1859	1963
1859	1977
1859	1988
1860	1899
1860	1983
1861	1902
1861	1931
1862	1978
1862	1993
1863	1923
1864	1878
1865	1915
1865	1936
1865	1999
1866	1875
1866	1982
1866	1997
1867	1872
1868	1917
1868	1980
1873	1906
1873	1915
1873	1992
1873	1995
1874	1892
1874	1919
1874	1995
1875	1998
1876	1995
1877	1947
1877	1999
1879	1920
1879	1926
1879	1953
1879	1988
1881	1913
1882	1939
1882	1973
1883	1960
1885	1988
1887	1948
1887	1969
1888	1913
1888	1945
1888	1984
1891	1900
1892	1965
1894	1999
1898	1914
1898	1920
1899	1912
1899	1934
1900	1956
1901	1944
1901	1992
1902	1958
1902	1971
1902	1991
1903	1920
1903	1971
1905	1909
1909	1988
1911	1958
1911	1987
1912	1976
1915	1960
1917	1950
1919	1940
1920	1951
1922	1928
1922	1979
1926	1949
1931	1947
1933	1944
1934	1947
1934	1955
1934	1988
1938	1963
1938	1979
1939	1947
1939	1999
1941	1982
1942	1974
1943	1979
1944	1954
1947	1989
1948	1988
1950	1980
1952	1990
1957	1991
1958	1980
1959	1975
1961	1975
1963	1989
1968	1998
1975	1987
1976	1980
1976	1982
1976	1985
1980	1983
1984	1997
