2000	0
0	51
0	74
0	84
0	213
0	225
0	396
0	520
0	601
0	622
0	632
0	738
0	846
0	876
0	960
0	990
1	72
1	153
1	258
1	378
1	546
1	554
1	656
1	689
1	762
1	943
1	954
2	17
2	128
2	183
2	274
2	309
2	639
2	774
2	952
3	6
3	435
3	562
3	582
3	842
3	869
3	954
3	993
4	6
4	27
4	130
4	191
4	387
4	447
4	477
4	504
4	560
4	588
4	613
4	778
4	868
4	882
4	958
4	1407
5	26
5	104
5	422
5	435
5	437
5	444
5	547
5	650
5	682
5	691
5	777
5	817
5	864
5	974
6	34
6	122
6	136
6	258
6	414
6	438
6	443
6	460
6	572
6	576
6	725
6	830
6	869
6	929
6	931
7	32
7	134
7	172
7	265
7	351
7	376
7	615
7	621
7	636
7	695
7	851
7	886
8	82
8	268
8	437
8	477
8	499
8	548
8	844
8	980
9	175
9	272
9	431
9	471
9	508
9	617
9	656
9	822
9	882
9	1302
10	101
10	120
10	159
10	204
10	486
10	564
10	859
10	935
10	949
11	73
11	324
11	484
11	761
11	962
12	300
12	301
12	391
12	510
12	539
12	621
12	640
12	642
12	680
12	762
12	945
13	60
13	79
13	201
13	360
13	477
13	567
13	621
13	622
13	627
13	751
13	765
13	885
13	944
14	18
14	143
14	191
14	251
14	561
14	604
14	711
14	812
14	838
14	916
15	46
15	104
15	181
15	301
15	304
15	389
15	426
15	455
15	674
15	783
15	797
15	877
15	900
15	915
15	963
15	965
15	992
15	1905
16	208
16	382
16	467
16	578
16	739
16	755
16	804
16	944
17	72
17	137
17	141
17	143
17	171
17	275
17	341
17	455
17	484
17	506
17	547
17	577
17	584
17	646
17	673
18	40
18	105
18	113
18	246
18	264
18	428
18	605
18	622
18	636
18	656
18	764
18	830
18	856
18	893
18	900
18	935
19	56
19	116
19	138
19	150
19	168
19	407
19	451
19	452
19	609
19	680
19	694
19	766
19	788
19	953
20	47
20	53
20	137
20	356
20	441
20	711
20	740
20	741
20	897
21	69
21	94
21	130
21	200
21	320
21	340
21	436
21	622
21	627
21	730
21	756
21	906
21	934
21	943
22	99
22	125
22	261
22	272
22	430
22	505
22	528
22	887
23	54
23	62
23	108
23	476
23	576
23	693
23	845
23	853
23	902
24	268
24	293
24	302
24	569
24	729
24	880
24	894
24	940
25	431
25	757
26	505
26	706
26	720
26	849
26	858
26	867
27	109
27	278
27	598
27	619
27	641
27	684
27	695
27	736
27	764
27	769
27	966
27	989
28	151
28	237
28	400
28	414
28	496
28	502
28	585
28	598
28	629
28	811
28	914
29	41
29	230
29	236
29	267
29	423
29	515
29	690
29	792
30	127
30	165
30	241
30	373
30	468
30	603
30	607
30	608
30	664
30	765
30	878
31	205
31	521
31	737
32	152
32	364
32	464
32	611
32	816
32	977
33	128
33	162
33	224
33	265
33	410
33	527
33	616
33	636
33	816
33	837
34	68
34	352
34	514
34	634
34	635
34	672
34	684
35	54
35	169
35	266
35	361
35	396
35	418
35	520
35	531
35	593
35	692
35	810
35	821
35	933
36	129
36	235
36	309
36	323
36	429
36	510
36	527
36	563
36	968
37	344
37	348
37	377
37	388
37	526
37	583
37	808
37	869
37	902
37	918
37	997
38	42
38	228
38	379
38	495
38	689
38	840
38	925
39	508
39	532
39	985
39	996
40	58
40	198
40	298
40	314
40	375
40	400
40	488
40	548
40	659
40	672
40	934
41	325
41	334
41	429
41	585
41	586
41	710
41	783
41	786
41	803
41	839
42	157
42	257
42	262
42	356
42	387
42	563
42	686
42	880
42	963
43	584
43	587
43	620
43	675
43	770
43	851
44	184
44	208
44	427
44	482
44	569
44	660
44	703
44	782
44	966
45	336
45	513
45	767
45	864
45	949
46	80
46	109
46	211
46	566
46	683
46	687
46	706
46	909
47	374
47	407
47	486
47	496
47	614
47	688
47	693
47	741
47	815
47	936
47	945
47	1574
48	92
48	127
48	330
48	396
48	505
48	851
48	1772
49	103
49	137
49	146
49	237
49	309
49	445
49	464
49	778
49	851
49	997
50	159
50	197
50	290
50	472
50	624
50	710
50	798
51	126
51	130
51	137
51	258
51	284
51	429
51	506
51	573
51	645
51	889
51	911
52	65
52	79
52	249
52	267
52	271
52	288
52	430
52	491
52	514
52	823
53	92
53	113
53	140
53	176
53	210
53	264
53	314
53	463
53	662
53	867
53	876
53	948
54	328
54	436
54	452
54	921
54	936
55	169
55	178
55	367
55	385
55	392
55	447
55	574
55	942
56	201
56	218
56	819
56	825
56	902
57	177
57	235
57	371
57	385
57	457
57	581
57	601
57	617
57	705
58	130
58	390
58	411
58	752
58	779
58	788
58	964
59	90
59	192
59	235
59	360
59	382
59	443
59	729
60	271
60	344
60	399
60	581
60	692
60	864
60	871
60	877
60	883
60	887
60	947
61	130
61	147
61	198
61	235
61	433
61	485
61	533
61	592
61	628
61	742
61	768
61	889
62	147
62	223
62	305
62	375
62	382
62	426
62	515
62	568
62	575
62	728
62	940
62	976
63	67
63	87
63	145
63	221
63	615
63	625
63	662
63	804
64	169
64	220
64	240
64	308
64	402
64	891
64	932
64	937
65	252
65	380
65	474
65	655
65	787
65	862
65	955
66	94
66	204
66	275
66	552
66	725
66	784
66	858
66	904
67	85
67	150
67	186
67	244
67	301
67	306
67	421
67	485
67	605
67	633
67	713
67	842
68	140
68	201
68	211
68	213
68	241
68	270
68	286
68	347
68	458
68	504
68	681
68	691
68	834
68	871
69	104
69	197
69	252
69	475
69	485
69	610
69	622
69	648
69	837
69	916
70	99
70	121
70	137
70	173
70	291
70	292
70	314
70	475
70	495
70	627
70	641
70	862
70	898
70	929
70	988
71	79
71	167
71	174
71	272
71	632
71	763
71	834
71	907
71	974
72	95
72	101
72	202
72	238
72	597
72	604
72	656
72	836
72	879
73	107
73	217
73	320
73	351
73	379
73	448
73	477
73	483
73	704
73	747
73	917
73	931
74	126
74	234
74	240
74	246
74	411
74	509
74	583
74	591
74	863
74	905
74	966
75	188
75	221
75	388
75	403
75	413
75	472
75	501
75	640
75	912
75	916
76	449
76	665
76	713
76	719
76	763
76	826
76	865
76	888
76	912
77	281
77	513
77	617
77	824
78	216
78	234
78	292
78	401
78	409
78	501
78	521
78	979
78	998
79	508
79	891
79	931
79	933
80	224
80	248
80	293
80	400
80	571
80	889
80	892
80	938
80	952
80	962
80	978
81	182
81	550
81	554
81	587
81	932
81	967
82	147
82	224
82	409
82	438
82	528
82	729
82	738
82	764
82	784
82	849
82	880
83	85
83	147
83	599
83	723
83	902
83	940
83	946
84	107
84	112
84	209
84	419
84	554
84	700
85	120
85	170
85	178
85	229
85	396
85	568
85	578
85	588
85	687
85	891
85	915
85	928
86	126
86	307
86	350
86	399
86	527
86	557
86	646
86	658
86	670
86	762
86	784
86	890
87	132
87	303
87	348
87	405
87	503
87	817
87	838
88	124
88	190
88	226
88	251
88	253
88	457
88	473
88	509
88	588
88	840
88	872
88	926
88	948
88	1536
89	95
89	158
89	213
89	248
89	301
89	404
89	443
89	466
89	700
89	1717
90	255
90	339
90	429
90	638
90	701
90	847
90	929
91	109
91	179
91	267
91	269
91	423
91	470
91	728
91	792
91	798
91	813
91	859
91	869
91	952
92	103
92	235
92	343
92	346
92	653
92	1309
93	190
93	202
93	248
93	343
93	392
93	566
93	721
93	783
93	818
93	888
93	914
94	176
94	596
94	678
94	808
94	872
94	909
94	936
94	1848
95	324
95	332
95	494
95	804
95	836
95	897
96	181
96	189
96	234
96	263
96	321
96	367
96	424
96	439
96	464
96	499
96	545
96	693
96	851
96	957
97	730
97	742
97	818
97	827
97	928
98	194
98	297
98	337
98	465
98	527
98	641
98	715
98	783
98	815
98	832
98	963
99	165
99	168
99	289
99	541
99	597
99	613
99	670
99	711
99	966
100	319
100	369
100	371
100	422
100	562
100	587
100	603
100	817
100	913
100	1650
101	219
101	570
101	646
101	654
101	686
101	951
102	227
102	261
102	545
102	546
102	706
102	737
102	763
102	855
102	861
103	159
103	162
103	596
103	742
103	748
104	260
104	861
105	268
105	305
105	367
105	381
105	412
105	413
105	417
105	506
105	516
105	652
105	721
105	724
105	797
105	899
105	913
106	209
106	298
106	432
106	466
106	625
106	664
106	746
106	872
106	947
106	982
107	141
107	500
107	612
107	691
107	854
107	936
107	976
108	117
108	186
108	585
108	611
108	710
108	786
108	981
108	992
109	117
109	134
109	437
109	593
109	643
109	655
109	887
109	935
110	128
110	217
110	322
110	446
110	473
110	524
110	739
110	750
110	978
110	1894
111	152
111	161
111	627
111	664
111	690
111	696
111	723
112	157
112	240
112	247
112	607
112	750
112	762
112	970
112	991
113	248
113	300
113	309
113	420
113	464
113	473
113	613
113	692
113	806
113	866
113	917
114	190
114	277
114	402
114	426
114	537
114	568
114	571
114	622
114	646
114	707
114	753
114	788
114	815
114	926
115	256
115	396
115	524
115	705
115	843
115	879
115	905
115	913
115	989
116	261
116	430
116	583
116	671
116	724
116	983
117	456
117	542
117	660
117	732
117	755
117	950
118	201
118	502
118	510
118	595
118	695
118	733
119	326
119	400
119	453
119	501
119	640
119	642
119	741
119	843
119	883
119	978
119	995
120	212
120	279
120	310
120	324
120	355
120	857
120	917
121	164
121	269
121	283
121	298
121	562
121	677
121	725
122	244
122	247
122	364
122	452
122	467
122	535
122	661
122	725
122	767
122	886
123	219
123	247
123	399
123	408
123	493
123	536
123	686
123	785
123	852
123	874
123	931
123	939
123	961
124	256
124	293
124	321
124	349
124	418
124	452
124	555
124	640
124	653
124	706
124	915
124	955
124	1685
125	230
125	275
125	338
125	352
125	361
125	384
125	463
125	624
125	690
125	732
125	756
125	801
125	878
126	219
126	397
126	494
126	696
126	699
126	920
127	294
127	302
127	338
127	347
127	349
127	364
127	389
127	459
127	657
127	705
127	770
127	833
128	330
128	386
128	437
128	588
128	609
128	760
128	780
128	878
128	977
129	524
129	556
129	581
129	649
129	678
129	718
129	778
129	846
130	312
130	362
130	467
130	705
130	747
130	752
131	205
131	394
131	440
131	633
131	682
132	135
132	213
132	301
132	520
132	538
132	699
132	707
132	709
132	879
132	892
133	436
133	731
133	732
133	834
133	935
133	954
134	237
134	291
134	355
134	508
134	564
134	801
134	843
134	955
135	320
135	345
135	364
135	498
135	510
135	555
135	766
135	897
135	955
136	182
136	218
136	263
136	267
136	313
136	352
136	424
136	501
136	623
136	642
137	200
137	217
137	412
137	439
137	493
137	797
137	839
138	140
138	180
138	185
138	253
138	304
138	383
138	577
138	613
138	675
138	734
138	788
138	801
138	812
139	230
139	447
139	677
139	812
139	999
140	501
140	630
140	711
140	727
140	814
140	825
140	934
141	213
141	225
141	760
141	762
141	905
141	944
141	997
142	183
142	428
142	536
142	589
142	642
142	827
143	311
143	329
143	497
143	703
143	819
143	906
143	920
143	996
144	304
144	335
144	495
144	877
144	902
145	193
145	308
145	399
145	425
145	517
145	595
145	605
145	681
145	694
145	810
145	892
145	939
145	983
145	989
146	400
146	436
146	470
146	519
146	691
146	860
146	903
146	988
147	165
147	279
147	300
147	509
147	518
147	600
147	992
148	497
148	547
148	558
148	598
148	599
148	605
148	710
148	836
148	990
149	177
149	445
149	650
149	679
149	781
149	820
149	841
150	157
150	213
150	238
150	247
150	434
150	486
150	605
151	241
151	466
151	509
151	553
151	726
151	796
151	815
151	881
152	265
152	385
152	459
152	465
152	624
152	742
152	819
152	831
152	859
152	907
152	971
152	992
153	206
153	214
153	260
153	401
153	430
153	825
153	932
153	970
153	976
154	190
154	204
154	238
154	431
154	614
154	685
154	714
154	753
155	237
155	243
155	261
155	302
155	313
155	392
155	459
155	674
155	735
155	768
155	776
155	863
155	973
155	999
156	353
156	389
156	465
156	471
156	490
156	846
156	922
156	928
156	970
157	184
157	301
157	345
157	453
157	482
157	652
157	989
158	239
158	254
158	314
158	387
158	499
158	545
158	756
158	834
158	986
159	391
159	402
159	433
159	440
159	514
159	612
159	815
159	878
159	951
160	594
160	750
160	836
160	843
160	879
160	939
161	240
161	467
161	542
161	807
161	918
162	266
162	290
162	327
162	484
162	529
162	693
162	749
162	850
162	941
162	970
163	196
163	252
163	292
163	358
163	436
163	496
163	620
163	771
163	823
163	896
163	913
164	321
164	410
164	458
164	664
164	728
164	734
164	931
165	274
165	291
165	294
165	367
165	374
165	454
165	706
165	731
165	867
165	921
166	191
166	299
166	371
166	381
166	637
166	645
166	704
166	974
167	323
167	329
167	406
167	430
167	466
167	469
167	515
167	551
167	647
167	658
167	672
167	746
167	811
167	879
168	293
168	361
168	440
168	582
168	779
168	847
168	978
169	508
169	524
169	559
169	917
169	921
169	998
170	332
170	341
170	372
170	573
170	598
170	663
170	689
170	712
170	1315
171	191
171	206
171	220
171	240
171	294
171	314
171	374
171	443
171	610
171	646
171	723
171	730
171	825
171	889
171	923
171	993
172	269
172	442
172	496
172	566
172	860
173	178
173	342
173	423
173	476
173	518
173	550
173	578
173	880
173	911
173	955
174	215
174	803
174	826
174	834
174	979
175	187
175	247
175	435
175	960
175	969
175	1470
176	267
176	677
176	856
177	221
177	243
177	500
177	522
177	834
177	930
177	944
178	305
178	363
178	687
178	946
178	969
179	190
179	221
179	259
179	261
179	331
179	476
179	506
180	316
180	380
180	498
180	689
180	714
180	764
180	1255
181	437
181	502
181	510
181	608
181	713
181	718
181	764
181	777
181	816
181	854
181	872
182	255
182	286
182	454
182	471
182	884
183	314
183	409
183	670
183	692
183	760
183	885
183	987
184	612
184	670
184	671
184	705
184	941
184	1565
185	433
185	435
185	455
185	467
185	630
185	646
185	779
185	793
185	794
185	803
185	916
186	361
186	548
186	838
186	866
187	207
187	226
187	241
187	289
187	480
187	545
187	621
187	650
187	662
187	827
187	931
188	299
188	478
188	553
188	561
188	591
188	873
188	949
188	962
189	219
189	236
189	256
189	339
189	350
189	500
189	558
189	610
189	621
189	659
189	731
190	217
190	243
190	306
190	437
190	455
190	517
190	619
190	709
190	810
190	857
191	212
191	247
191	291
191	328
191	388
191	465
191	473
191	758
191	764
191	813
191	912
191	996
192	455
192	516
192	612
192	623
192	839
192	866
192	898
192	953
193	346
193	596
193	641
193	650
193	710
193	782
193	810
193	984
194	207
194	256
194	302
194	337
194	362
194	413
194	479
194	717
194	743
194	867
194	872
195	304
195	331
195	337
195	368
195	374
195	446
195	514
195	516
195	574
195	578
195	594
195	611
195	655
195	670
195	778
195	815
195	873
195	971
196	353
196	568
196	583
196	783
197	578
197	827
197	831
197	841
198	302
198	313
198	326
198	473
198	516
198	561
198	690
198	758
198	759
199	202
199	347
199	418
199	451
199	458
199	477
199	542
199	712
199	738
199	881
199	883
200	206
200	255
200	367
200	557
200	678
200	702
200	714
200	829
200	991
201	390
201	423
201	590
201	659
201	705
201	777
201	802
201	829
201	859
202	364
202	451
202	563
202	651
202	778
203	245
203	275
203	486
203	583
203	709
203	793
203	969
204	286
204	420
204	422
204	425
204	697
204	793
204	841
204	855
205	365
205	431
205	513
205	601
205	665
205	679
206	288
206	347
206	450
206	520
206	612
206	722
206	772
206	899
207	351
207	463
207	494
207	510
207	586
207	608
207	920
207	945
208	209
208	216
208	298
208	372
208	425
208	497
208	527
208	587
208	652
208	663
208	694
208	975
208	996
209	518
209	572
209	902
209	957
209	963
209	971
209	974
210	220
210	345
210	401
210	573
210	597
210	752
211	393
211	487
211	503
211	682
211	827
211	849
211	883
211	978
211	994
212	476
212	481
212	525
212	814
212	901
212	908
212	956
213	242
213	267
213	321
213	397
213	620
213	622
213	898
213	935
214	509
214	564
214	581
214	699
214	746
214	794
214	815
215	411
215	495
215	729
215	756
215	896
216	586
216	726
216	970
217	221
217	437
217	589
217	767
217	846
217	919
217	988
218	255
218	267
218	456
218	541
218	580
218	676
218	755
218	768
218	876
219	296
219	482
219	596
219	637
219	676
219	812
219	834
219	839
219	1520
220	423
220	685
220	807
220	873
220	1756
221	269
221	393
221	444
221	527
221	578
221	709
221	743
221	863
221	882
221	990
222	347
222	351
222	361
222	399
222	565
222	790
222	835
222	891
222	917
222	944
223	313
223	412
223	596
223	711
224	297
224	554
224	558
224	701
224	763
224	813
224	928
225	485
225	636
225	691
225	736
225	753
225	993
226	361
226	568
226	657
226	708
226	778
226	836
226	852
226	866
226	873
226	952
227	446
227	627
227	692
227	851
227	854
228	289
228	364
228	460
228	546
228	553
228	602
228	783
229	373
229	376
229	378
229	393
229	532
229	625
229	805
229	880
229	905
229	913
229	963
230	401
230	501
230	502
230	526
230	788
230	792
230	976
231	370
231	460
231	732
231	753
232	650
232	673
232	915
232	966
232	971
233	322
233	395
233	551
233	616
233	661
233	799
233	917
233	942
233	1877
234	346
234	403
234	422
234	455
234	496
234	507
234	528
234	572
234	629
234	733
234	778
234	953
234	995
235	242
235	476
235	543
235	545
235	783
235	794
235	996
236	311
236	371
236	373
236	473
236	509
236	625
236	763
236	790
236	799
236	1607
237	239
237	275
237	349
237	451
237	663
237	709
237	851
238	266
238	516
238	572
238	645
238	938
238	951
239	461
239	504
239	624
239	711
239	733
239	865
240	255
240	609
240	621
240	634
240	735
240	755
240	981
241	409
241	650
241	820
242	784
242	801
242	851
242	870
242	942
243	329
243	414
243	490
243	509
243	599
243	859
243	953
243	965
244	494
244	592
244	754
244	863
244	945
244	984
245	285
245	317
245	408
245	828
245	898
245	973
246	315
246	327
246	349
246	515
246	537
246	688
246	718
247	370
247	382
247	476
247	733
248	304
248	460
248	592
248	619
248	892
248	966
249	280
249	339
249	493
249	544
249	561
249	567
249	693
249	872
249	889
249	982
250	256
250	318
250	357
250	369
250	487
250	596
250	740
250	812
250	914
250	922
250	972
251	288
251	501
251	540
251	598
251	647
251	713
251	816
251	854
251	897
252	261
252	353
252	357
252	431
252	656
252	693
252	726
252	837
252	845
253	565
253	573
253	648
253	688
253	735
253	879
253	905
253	945
253	959
253	995
254	323
254	402
254	527
254	681
254	839
254	854
254	942
255	266
255	370
255	398
255	442
255	487
255	506
255	721
255	926
255	1801
256	323
256	343
256	443
256	651
256	686
257	400
257	500
257	530
257	644
257	702
258	364
258	501
258	747
258	818
258	968
259	312
259	314
259	420
259	493
259	520
259	632
259	803
260	494
260	551
260	603
260	654
260	706
260	748
260	942
260	947
260	1572
261	284
261	285
261	299
261	335
261	442
261	600
261	678
261	807
261	902
262	263
262	338
262	369
262	382
262	536
262	744
262	759
262	996
263	409
263	555
263	570
263	605
263	640
263	770
263	785
263	800
263	892
263	925
264	311
264	379
264	405
264	467
264	485
264	489
264	671
264	779
264	792
264	928
265	289
265	445
265	537
265	676
265	712
265	825
265	985
266	275
266	282
266	401
266	427
266	469
266	584
266	684
266	746
266	921
266	939
266	956
266	965
267	286
267	380
267	413
267	578
267	633
267	679
267	716
267	727
267	790
267	898
268	401
268	429
268	535
268	837
268	864
268	895
269	384
269	406
269	933
270	407
270	658
270	951
271	292
271	320
271	432
271	461
271	596
271	715
271	964
272	424
272	445
272	742
272	871
272	880
272	999
273	425
273	543
273	695
273	814
273	834
273	995
274	402
274	583
274	688
274	827
274	904
274	922
275	346
275	561
275	567
275	802
275	876
275	968
275	1539
276	433
276	604
276	826
276	831
276	873
277	316
277	586
277	828
277	845
277	851
277	860
277	916
277	928
278	304
278	507
278	715
278	853
278	902
278	909
279	442
279	466
279	539
279	654
279	876
279	908
280	338
280	411
280	533
280	764
280	942
281	290
281	355
281	415
281	436
281	473
281	485
281	748
281	761
281	857
281	923
281	936
282	354
282	362
282	412
282	471
282	509
282	591
282	890
283	370
283	392
283	498
283	559
283	613
283	877
283	987
284	597
284	599
284	628
284	657
284	748
284	823
284	878
284	976
284	1141
285	350
285	465
285	611
285	642
285	685
285	910
285	963
286	291
286	408
286	773
286	803
286	805
286	830
286	921
287	470
287	499
287	515
287	524
287	533
287	888
287	970
287	983
288	851
289	365
289	535
289	562
289	580
289	600
289	782
289	853
289	898
289	952
290	312
290	324
290	399
290	464
290	540
290	587
290	668
290	718
290	954
291	428
291	444
291	484
291	556
291	633
291	656
291	988
292	336
292	498
292	579
292	604
292	619
292	630
292	920
293	381
293	412
293	530
293	552
293	571
293	751
293	759
293	760
294	359
294	499
294	592
294	597
294	627
294	874
294	875
294	888
294	930
294	939
294	950
295	388
295	498
295	550
295	568
295	951
295	973
296	660
296	689
296	744
296	776
296	969
296	1046
297	309
297	334
297	336
297	530
297	621
297	639
297	646
297	669
297	725
297	731
297	744
297	773
297	791
297	927
297	946
298	302
298	371
298	382
298	410
298	420
298	652
298	755
298	886
298	901
299	499
299	512
299	555
299	705
299	731
299	852
299	967
300	466
300	556
300	609
300	681
300	690
300	692
300	902
301	305
301	314
301	387
301	415
301	645
301	661
301	723
301	823
301	861
301	864
301	987
302	355
302	544
302	557
302	594
302	685
302	719
302	927
302	991
303	324
303	470
303	506
303	552
303	560
303	600
303	715
303	820
303	834
304	334
304	491
304	556
304	588
304	779
304	984
305	308
305	477
305	478
305	592
305	683
305	904
306	345
306	423
306	686
306	695
306	892
306	1720
307	374
307	422
307	544
307	661
307	714
307	717
307	774
308	354
308	745
308	889
309	446
309	522
309	603
309	618
309	625
309	933
309	941
310	459
310	536
310	598
310	616
310	762
310	840
310	960
311	384
311	569
311	711
311	756
311	865
311	966
312	675
312	772
312	819
312	835
312	885
312	892
312	990
313	579
313	591
313	741
313	816
313	876
313	912
313	953
314	373
314	484
314	625
314	653
314	660
314	667
314	688
314	753
314	800
314	850
314	938
314	939
314	967
314	1312
315	331
315	396
315	568
315	616
315	618
315	704
315	739
315	790
315	934
315	968
315	989
316	539
316	566
316	654
316	715
316	733
316	773
316	883
316	913
316	1294
317	386
317	774
318	399
318	436
318	609
318	611
318	746
319	333
319	349
319	628
319	641
319	815
319	968
319	983
320	404
320	410
320	536
320	563
320	636
320	688
320	712
320	878
321	375
321	420
321	433
321	532
321	710
321	732
321	763
321	881
321	887
321	894
321	1371
322	729
322	877
322	919
322	990
323	418
323	462
323	506
323	710
323	836
323	903
323	927
323	1161
324	465
324	516
324	521
324	559
324	588
324	849
325	349
325	416
325	427
325	443
325	842
325	881
325	960
326	380
326	561
326	849
327	362
327	468
327	495
327	718
327	774
327	878
327	972
328	449
328	452
328	473
328	475
328	536
328	561
328	596
328	680
328	794
329	337
329	494
329	800
329	884
329	986
329	1814
330	336
330	442
330	535
330	603
330	626
330	631
330	660
330	689
330	703
330	849
330	1495
331	336
331	399
331	432
331	545
331	638
331	646
331	658
331	734
331	879
332	365
332	475
332	536
332	561
332	659
333	373
333	485
333	670
333	834
333	862
333	924
334	357
334	376
334	533
334	564
334	749
334	765
335	421
335	444
335	449
335	581
335	637
335	652
335	704
335	972
335	999
336	420
336	558
336	573
336	608
336	745
336	809
336	925
337	339
337	371
337	416
337	437
337	563
337	891
338	390
338	533
338	606
338	662
338	732
338	751
338	767
338	861
338	910
339	564
339	622
339	635
339	689
339	828
339	865
339	899
339	987
340	486
340	572
340	742
340	970
341	343
341	453
341	469
341	568
341	671
341	709
341	851
342	431
342	464
342	509
342	562
342	567
342	592
342	679
342	710
342	746
342	771
342	894
342	951
342	992
343	384
343	513
343	514
343	703
343	743
344	399
344	408
344	427
344	457
344	579
344	740
344	747
344	815
344	992
345	353
345	561
345	616
345	746
345	847
345	859
345	914
345	930
345	963
346	366
346	677
346	743
346	795
346	883
346	995
347	520
347	609
347	624
347	630
347	666
347	878
347	894
347	978
348	403
348	404
348	467
348	527
348	545
348	646
348	673
348	677
348	692
348	848
348	909
348	941
349	352
349	646
349	716
349	882
349	922
350	381
350	497
350	581
350	616
350	633
350	732
350	900
351	430
351	452
351	534
351	746
351	794
351	801
351	860
351	940
352	433
352	537
352	545
352	576
352	738
352	803
352	806
352	1990
353	594
353	637
353	674
353	701
353	750
353	770
353	772
353	903
353	910
353	997
354	396
354	439
354	450
354	527
354	692
354	715
354	824
354	852
354	889
354	980
355	718
355	780
355	904
355	942
355	958
355	1322
356	643
356	710
356	821
356	963
356	977
357	418
357	504
357	514
357	620
357	917
357	930
358	362
358	426
358	432
358	456
358	468
358	498
358	509
358	518
358	537
358	611
358	632
358	680
358	688
358	841
358	863
359	615
359	804
360	597
360	665
360	772
361	485
361	522
361	547
361	560
361	610
361	823
361	866
361	984
362	504
362	757
362	894
362	915
362	937
363	372
363	486
363	572
363	586
363	649
363	809
363	888
363	903
364	419
364	689
364	830
365	627
365	669
365	712
365	779
365	919
366	393
366	423
366	514
366	516
366	560
366	652
366	657
366	937
366	986
367	630
367	940
367	951
367	966
368	437
368	511
368	693
368	869
368	975
369	427
369	510
369	671
370	377
370	544
370	647
370	830
371	488
371	535
371	540
371	645
371	652
371	716
371	726
372	705
373	714
373	728
373	883
373	934
374	493
374	607
374	812
374	863
374	924
374	933
375	397
375	451
375	487
375	518
375	698
375	775
375	786
375	801
375	810
375	986
375	993
376	511
376	634
376	809
376	812
377	424
377	486
377	636
377	686
377	745
377	918
378	520
378	628
378	725
378	731
378	827
378	959
379	551
379	567
379	650
379	819
379	840
379	841
380	418
380	526
380	560
380	633
380	679
380	978
381	451
381	488
381	553
381	668
381	823
381	1263
382	411
382	464
382	486
382	513
382	652
382	665
382	835
382	868
382	900
382	909
382	975
383	439
383	704
383	909
384	420
384	452
384	611
384	619
384	723
385	536
385	646
385	759
385	780
386	399
386	609
386	617
386	656
386	702
386	704
386	787
386	792
386	897
386	992
387	394
387	406
387	503
387	517
387	520
387	543
387	660
387	789
388	469
388	519
388	533
388	540
388	598
388	722
389	675
389	704
389	712
389	721
389	900
389	909
389	936
390	702
390	842
391	441
391	446
391	591
391	649
391	678
391	704
391	763
391	867
392	393
392	512
392	519
392	706
392	794
393	456
393	467
393	468
393	595
393	682
393	713
393	811
393	997
394	743
394	900
395	413
395	623
395	699
395	762
395	911
395	967
396	562
396	583
396	601
396	721
396	728
396	807
396	880
396	969
397	498
397	732
397	754
397	923
397	966
398	458
398	516
398	539
398	809
399	430
399	459
399	699
399	751
399	806
399	908
399	1727
400	630
400	733
400	846
400	994
400	1198
401	627
401	703
401	896
402	622
402	633
402	903
402	976
403	715
403	758
403	874
403	969
403	991
404	451
404	615
404	644
404	648
404	799
404	908
404	926
404	979
404	998
405	429
405	506
405	845
405	950
405	957
405	966
406	427
406	452
406	547
406	562
406	585
406	705
406	768
406	856
406	880
407	497
407	698
407	710
407	760
407	761
407	839
407	913
408	664
408	707
408	973
409	468
409	602
409	674
409	728
409	796
409	864
410	502
410	515
410	527
410	569
410	655
410	733
410	823
410	846
410	849
410	858
410	868
410	919
410	937
411	657
411	688
411	725
412	656
412	781
412	828
412	867
413	634
413	757
413	828
413	880
413	888
413	897
413	926
413	943
414	438
414	568
414	688
414	690
414	717
414	730
414	786
414	821
415	432
415	482
415	576
415	580
415	614
415	634
415	742
415	759
415	776
416	464
416	635
416	848
416	884
416	923
416	977
417	548
417	607
417	698
417	719
417	765
417	827
417	961
417	996
418	473
418	520
418	529
418	830
419	611
419	698
420	447
420	469
420	476
420	523
420	731
420	732
420	891
420	974
420	991
421	496
421	542
421	594
421	643
421	670
421	691
421	809
421	871
422	452
422	510
422	515
422	527
422	573
422	590
422	603
422	686
422	974
423	599
423	748
423	771
423	808
423	827
423	830
423	882
423	970
424	426
424	500
424	557
424	621
424	643
424	879
424	942
425	845
426	538
426	562
426	607
426	644
426	868
426	871
427	459
427	540
427	577
427	611
427	620
427	874
427	887
427	915
428	563
428	615
428	648
428	821
428	865
428	901
428	968
429	731
429	911
429	942
430	612
431	456
431	473
431	499
431	542
431	651
431	686
431	708
431	745
431	770
431	792
431	813
431	822
431	859
432	666
432	670
432	929
433	503
433	623
433	780
433	824
433	946
433	978
433	987
433	989
434	457
434	871
434	879
434	893
436	516
436	558
436	565
436	590
436	623
436	665
436	689
436	710
436	814
436	922
436	951
437	501
437	536
437	716
437	719
437	740
438	537
438	804
438	828
439	586
439	603
439	658
439	702
439	887
439	928
439	935
440	461
440	602
440	661
440	704
440	708
440	883
440	966
440	977
440	1735
441	471
441	564
441	581
441	698
441	756
441	903
442	641
442	712
442	717
442	804
442	907
443	490
443	638
443	649
443	697
443	751
443	898
443	953
444	480
444	641
444	682
444	775
444	790
444	846
444	916
444	1556
445	514
445	602
445	674
445	748
445	823
445	964
446	533
446	590
446	793
446	817
446	838
446	961
447	777
447	828
447	857
447	862
447	905
448	461
448	592
448	598
448	711
448	735
448	836
449	450
449	620
449	686
449	754
449	785
449	908
449	981
450	501
450	526
450	535
450	578
450	675
450	875
451	465
451	493
451	561
451	733
451	962
452	454
452	495
452	581
452	839
452	925
453	579
453	784
453	826
453	920
454	458
454	604
454	627
454	741
454	845
455	484
455	486
455	538
455	600
455	641
455	781
455	815
455	1581
456	656
456	715
456	734
456	827
456	840
456	851
456	996
457	512
457	533
457	617
457	714
457	766
458	556
458	781
458	954
458	1739
459	491
459	607
459	923
459	926
460	525
460	547
460	560
460	621
460	637
461	555
461	814
461	949
461	965
461	982
461	1278
462	489
462	626
462	648
462	697
462	711
462	739
462	840
462	848
462	853
463	689
463	745
463	749
463	756
463	814
464	539
464	572
464	621
464	689
464	713
464	771
464	930
465	498
465	627
465	786
465	895
465	939
466	503
466	784
466	820
466	910
467	490
467	498
467	514
467	693
467	702
467	706
467	795
467	894
467	999
468	554
468	834
468	885
469	554
469	675
469	796
469	805
469	874
469	955
470	812
470	868
470	881
471	592
471	594
471	733
471	832
471	896
471	945
472	576
472	625
472	660
472	718
472	766
472	865
472	981
473	649
473	797
474	528
474	529
474	543
474	699
474	738
474	782
475	680
475	754
475	798
476	484
476	537
476	731
476	947
476	950
477	497
477	705
477	795
477	900
478	920
478	933
478	967
479	501
479	569
479	617
479	664
479	684
479	736
479	788
479	843
479	886
479	896
479	942
479	952
479	978
480	761
480	772
480	782
480	874
480	953
481	484
481	527
481	572
481	748
481	892
482	556
482	559
482	631
482	653
482	851
482	945
482	963
483	585
483	601
483	833
483	918
483	946
484	568
484	613
484	913
485	549
485	565
485	608
485	651
485	832
485	920
486	846
486	870
487	571
487	584
487	660
488	611
488	619
489	490
489	498
489	542
489	745
489	1802
490	503
490	521
490	534
490	561
490	680
490	744
490	835
490	848
490	898
490	908
490	984
491	552
491	636
491	785
491	852
491	913
492	520
492	699
492	730
493	501
493	670
493	671
493	796
494	566
494	644
494	752
494	783
494	982
495	510
495	563
495	592
495	606
495	621
495	710
495	829
495	979
495	984
496	682
496	741
496	867
497	659
497	834
497	868
497	905
497	914
497	966
498	658
498	902
498	929
498	982
498	1938
499	583
499	599
499	638
499	679
499	934
499	951
499	960
499	971
500	548
500	609
500	731
500	774
500	968
500	988
500	1564
501	580
501	676
501	845
501	847
501	858
501	927
502	688
502	748
502	883
502	951
503	543
503	580
503	658
503	662
503	876
503	953
503	996
504	784
504	872
504	880
505	773
505	784
505	869
505	922
505	962
505	999
506	592
506	670
506	830
506	888
507	508
507	669
507	711
507	773
507	787
507	838
507	850
507	900
507	918
507	932
508	553
508	584
508	652
508	669
508	747
508	802
508	815
508	818
508	838
508	891
508	998
509	527
509	580
509	626
509	971
510	517
510	552
510	700
510	743
510	845
510	889
510	927
510	969
511	767
511	908
511	939
512	625
512	650
512	718
512	753
512	835
512	879
512	939
513	517
513	527
513	549
513	617
513	618
513	839
513	843
513	947
513	986
514	663
514	758
514	784
514	812
514	820
515	593
515	612
515	697
515	815
515	964
516	524
516	539
516	553
516	660
516	850
516	887
517	539
517	646
517	779
517	811
517	888
517	915
518	652
518	679
518	747
518	758
518	860
518	885
518	959
519	778
519	811
519	850
519	933
519	966
520	568
520	817
521	549
521	671
521	767
521	868
522	612
522	669
522	671
522	835
522	910
523	849
523	994
524	943
525	567
525	622
525	697
525	736
525	845
525	873
525	950
526	551
526	636
526	683
526	988
527	611
527	712
527	755
527	782
527	790
527	812
527	826
528	672
528	819
529	562
529	953
530	535
530	549
530	602
530	739
530	844
531	600
531	681
531	708
531	709
531	807
531	893
531	973
532	540
532	594
532	780
532	872
532	914
533	582
533	659
533	708
533	806
533	878
534	606
534	617
534	802
534	972
534	983
535	634
535	641
535	762
535	844
535	847
535	966
535	985
536	590
536	607
536	681
536	967
537	649
537	678
537	725
537	786
537	792
537	840
537	862
537	946
538	568
538	708
538	778
538	847
538	967
539	597
539	704
539	730
539	862
540	554
540	748
540	814
540	815
540	969
541	575
541	768
541	774
541	903
542	642
542	745
542	750
543	713
543	766
543	965
544	606
544	710
544	753
544	790
544	791
544	837
544	885
545	652
545	791
545	837
545	966
546	553
546	573
546	654
546	668
546	800
546	839
546	1023
547	620
548	630
548	678
548	748
548	797
548	845
548	957
548	976
549	612
549	648
549	705
549	712
549	760
549	774
549	782
549	806
549	945
551	653
551	684
551	850
551	890
551	922
552	654
552	812
552	827
552	828
552	859
552	908
553	602
553	616
553	628
553	681
553	872
553	976
554	571
554	580
554	784
554	988
554	991
555	585
555	657
555	727
555	772
555	842
555	995
556	615
556	647
556	673
556	773
556	862
556	865
557	656
557	790
557	867
557	929
557	961
557	1120
558	589
558	608
558	610
558	714
558	872
558	889
559	560
560	653
560	681
560	766
561	830
561	838
561	876
561	953
562	609
562	691
562	935
563	605
563	699
563	760
563	781
563	835
563	913
563	918
563	949
563	962
563	992
564	704
564	771
564	805
564	834
565	575
565	577
565	615
565	700
565	718
565	773
565	780
565	790
565	913
565	958
567	625
567	694
567	817
567	906
568	593
568	647
568	666
568	924
568	979
568	987
569	769
569	775
569	869
569	893
570	591
570	594
570	738
570	766
570	799
570	801
570	918
571	660
571	697
571	845
571	865
571	922
572	599
572	624
572	727
572	739
573	610
573	744
573	802
574	629
575	736
575	750
575	772
575	775
575	819
575	827
575	848
575	877
575	984
576	804
576	902
576	935
576	995
577	782
577	833
577	877
578	711
578	909
579	691
579	717
579	822
579	908
579	914
579	969
580	604
580	658
580	678
580	756
580	904
580	985
581	663
581	691
581	757
581	1217
582	683
582	703
582	731
582	839
582	868
582	905
582	975
582	1909
583	627
583	706
583	762
583	902
583	1035
584	593
584	598
584	673
584	689
585	613
585	858
585	942
585	973
586	760
586	841
586	975
587	752
587	787
587	797
587	801
588	800
588	826
588	940
588	941
588	997
588	1326
589	624
589	713
589	949
590	699
590	774
590	945
590	991
591	637
591	731
591	743
591	909
592	804
592	812
592	839
593	687
593	749
593	814
593	851
593	861
593	879
593	989
594	642
594	694
594	716
594	744
595	772
595	982
595	1480
596	769
596	880
596	924
596	928
597	848
597	880
597	918
598	601
598	604
598	737
598	906
598	917
598	941
599	773
599	861
599	978
600	742
600	952
601	734
601	859
601	966
602	654
602	745
602	765
602	952
603	607
603	619
603	653
603	771
603	921
604	619
604	816
604	835
604	966
604	991
605	750
605	786
605	845
605	947
606	789
606	887
606	925
606	958
607	608
607	687
607	848
607	869
607	923
608	891
609	836
609	977
609	999
610	644
610	655
610	820
610	832
610	877
610	995
611	632
611	714
611	748
611	797
612	656
612	693
612	877
612	889
613	674
613	709
613	904
614	649
614	695
614	867
614	948
615	747
616	774
616	812
616	993
616	1724
617	724
617	726
617	871
617	954
617	974
618	631
618	665
618	711
618	732
618	761
618	885
618	911
618	913
618	921
619	704
619	833
619	840
619	872
619	932
620	635
620	711
620	730
620	835
620	866
621	661
621	706
621	783
621	963
622	722
623	683
623	909
623	947
623	967
624	707
624	714
624	894
624	929
624	935
625	755
625	834
625	962
626	637
626	842
626	860
626	932
627	723
627	914
627	930
627	986
628	719
628	724
628	748
628	770
628	888
628	959
628	962
628	1547
629	637
629	639
629	693
629	814
629	954
629	956
630	680
630	773
630	872
630	940
631	679
631	744
631	786
631	844
631	928
631	1744
632	691
632	715
632	742
632	881
632	906
633	658
633	725
633	823
633	868
634	805
634	993
635	829
635	968
636	750
636	837
636	939
636	1526
637	639
637	660
637	696
637	752
637	772
638	641
638	777
638	828
638	857
638	964
638	977
639	849
639	871
639	914
639	934
639	994
640	647
640	680
640	765
640	809
641	660
641	745
641	769
641	851
641	871
641	1715
642	651
642	676
642	693
642	723
642	891
643	911
643	922
643	945
644	810
644	875
644	937
644	990
645	657
645	680
645	829
645	949
646	849
646	853
647	998
648	659
648	937
649	685
649	710
649	737
649	792
649	808
649	905
649	920
650	734
650	738
650	887
651	694
651	716
651	721
651	750
651	790
651	855
651	916
651	937
652	669
652	674
652	700
652	879
653	744
653	1392
654	927
654	942
655	801
655	898
655	976
657	719
657	798
657	823
657	913
657	986
658	773
658	782
658	965
659	871
659	877
659	988
660	821
660	988
661	765
661	841
661	863
661	889
661	926
661	959
662	825
663	714
663	750
663	813
663	857
663	967
664	711
664	748
664	764
665	696
665	836
665	900
665	916
665	917
665	958
665	972
666	819
666	850
666	979
666	982
667	806
668	711
668	759
668	819
669	780
670	685
670	716
670	790
670	838
671	807
671	845
672	921
672	957
672	997
673	725
673	979
674	714
674	830
674	857
674	962
675	928
676	680
676	722
676	758
676	760
676	824
677	702
677	751
677	776
677	871
678	691
678	694
678	698
678	782
678	1015
679	718
679	736
679	861
679	966
679	969
680	846
680	887
680	900
680	903
681	820
681	918
681	968
682	733
682	866
683	755
683	782
684	700
684	832
685	868
685	970
686	716
686	813
686	858
687	936
688	750
688	848
688	872
688	911
689	707
689	748
689	937
690	770
690	817
690	818
690	948
691	719
691	754
691	891
691	908
692	777
692	799
692	839
693	735
693	771
693	789
693	926
693	955
693	966
693	980
694	766
694	809
694	863
694	903
695	733
695	770
695	858
695	916
696	755
696	779
696	850
696	854
697	715
697	820
698	726
698	750
698	797
698	855
698	881
698	882
698	926
698	942
699	799
699	848
699	984
700	744
700	807
700	836
700	942
700	946
701	795
701	919
702	711
702	727
702	791
702	824
702	848
703	712
703	740
703	787
703	793
703	804
703	842
703	861
703	900
703	911
703	940
704	799
705	891
705	984
705	1480
706	1015
706	1128
707	727
707	809
708	727
708	733
708	832
708	834
708	840
708	856
708	960
709	854
709	914
710	860
710	888
710	993
711	805
711	973
712	791
712	870
712	994
713	870
713	887
713	893
713	896
713	963
714	782
714	1458
715	734
715	946
715	956
716	763
716	802
716	936
716	960
716	962
717	740
717	767
717	796
717	903
717	939
717	956
717	981
718	835
718	910
719	794
719	875
719	882
719	899
719	924
719	979
719	983
721	806
721	855
722	765
722	879
722	891
723	968
723	986
724	742
724	807
724	905
724	968
724	999
725	734
725	742
725	872
725	892
725	949
726	870
726	954
728	884
728	984
728	997
729	833
729	920
729	938
729	967
730	860
730	967
730	978
731	732
732	771
733	776
733	839
733	965
734	744
734	824
734	827
734	942
734	951
734	1492
735	895
736	774
736	790
737	764
737	883
738	892
738	904
738	920
738	959
739	770
739	883
739	933
739	971
740	782
742	749
742	853
742	855
742	936
743	753
743	829
743	911
743	945
743	962
743	978
743	1586
744	858
744	865
744	870
744	886
744	919
745	771
745	811
745	872
746	756
746	778
746	930
746	944
746	994
750	778
750	923
751	856
752	915
753	839
753	936
754	775
754	776
754	818
754	972
754	989
754	996
754	1104
755	883
755	998
756	866
757	809
757	903
757	942
757	977
758	818
758	903
758	922
758	953
758	968
759	863
759	896
759	904
759	977
759	993
759	995
760	764
760	903
761	764
761	925
762	843
762	894
762	903
763	767
763	773
763	802
763	926
764	792
765	861
765	978
765	980
765	993
765	998
766	905
766	941
766	976
766	990
767	833
767	921
767	980
769	795
769	866
769	906
770	822
771	822
772	809
773	794
773	900
774	792
775	819
775	860
775	887
775	1696
776	797
776	988
777	884
777	967
778	982
780	796
780	813
780	875
780	926
781	808
781	975
782	825
783	862
783	981
784	816
786	1409
787	846
787	854
787	1930
788	932
789	791
789	857
789	882
790	850
791	996
792	829
792	868
792	979
793	945
794	917
795	825
795	837
795	845
795	847
796	889
796	902
797	848
797	849
798	889
798	989
799	905
801	822
801	857
801	965
803	937
804	821
804	992
804	998
805	885
806	927
807	962
807	996
808	852
808	892
808	1925
810	939
810	951
811	852
812	852
812	892
812	973
813	871
813	929
813	946
814	885
814	900
814	933
814	934
814	950
814	951
815	948
815	961
815	967
815	971
816	1255
817	903
817	905
817	997
818	944
818	992
818	998
819	1404
821	827
821	888
821	978
822	903
822	994
823	943
825	846
825	884
826	836
826	881
826	926
828	851
828	917
828	952
829	887
830	834
831	857
831	928
833	952
834	844
834	894
834	897
834	908
834	910
834	980
835	937
835	991
836	881
836	935
838	910
838	930
839	850
840	894
840	959
841	876
841	923
841	938
841	940
841	992
843	862
843	903
844	890
844	916
845	945
846	870
846	899
846	952
846	993
846	1563
849	927
849	935
849	1861
850	884
850	943
851	889
852	971
853	981
854	962
855	909
855	993
856	909
856	950
857	870
857	883
857	945
857	951
858	981
864	908
865	913
865	998
866	916
866	934
866	973
869	885
869	1619
870	960
870	978
872	874
872	972
872	984
874	884
874	933
878	950
880	953
882	898
885	928
885	947
885	950
886	924
887	930
888	917
888	930
889	934
891	923
893	979
893	1130
898	930
898	941
898	957
898	982
899	931
901	936
901	964
903	945
903	973
904	945
905	926
905	949
905	993
906	939
906	994
907	1289
908	915
909	931
911	913
911	995
912	924
912	932
912	1527
913	962
914	977
917	944
917	946
918	919
919	928
920	957
920	1224
923	929
924	954
927	956
928	961
928	972
929	940
929	994
930	945
934	947
934	953
936	955
936	1748
937	993
941	976
942	963
945	956
945	983
947	972
947	1849
948	963
949	954
951	989
951	997
955	991
957	970
964	981
969	1539
973	1001
976	1067
980	981
981	1163
982	1380
986	1814
994	999
1000	1155
1000	1217
1000	1255
1000	1341
1000	1513
1000	1641
1000	1647
1000	1719
1000	1758
1001	1021
1001	1033
1001	1330
1001	1393
1001	1521
1001	1525
1001	1686
1001	1887
1001	1914
1001	1937
1002	1029
1002	1106
1002	1135
1002	1233
1002	1303
1002	1395
1002	1528
1002	1688
1002	1737
1002	1742
1002	1793
1002	1829
1002	1884
1002	1957
1002	1980
1002	1995
1003	1050
1003	1051
1003	1062
1003	1165
1003	1298
1003	1378
1003	1612
1003	1648
1003	1672
1003	1790
1003	1828
1003	1931
1003	1980
1004	1292
1004	1327
1004	1441
1004	1530
1004	1643
1004	1740
1004	1759
1004	1774
1004	1897
1005	1090
1005	1114
1005	1150
1005	1152
1005	1184
1005	1201
1005	1212
1005	1435
1005	1631
1005	1710
1005	1741
1005	1925
1005	1934
1005	1937
1006	1198
1006	1268
1006	1273
1006	1343
1006	1427
1006	1457
1006	1761
1006	1877
1007	1032
1007	1053
1007	1118
1007	1257
1007	1388
1007	1401
1007	1539
1007	1735
1007	1777
1007	1864
1008	1023
1008	1039
1008	1118
1008	1183
1008	1227
1008	1348
1008	1543
1008	1558
1008	1618
1008	1624
1008	1762
1008	1795
1008	1835
1008	1899
1008	1965
1009	1027
1009	1039
1009	1089
1009	1099
1009	1216
1009	1224
1009	1253
1009	1260
1009	1311
1009	1352
1009	1393
1009	1522
1009	1656
1009	1670
1010	1027
1010	1321
1010	1414
1010	1456
1010	1483
1010	1512
1010	1596
1010	1614
1010	1941
1011	1323
1011	1372
1011	1498
1011	1652
1011	1739
1011	1896
1011	1956
1012	1059
1012	1147
1012	1580
1012	1621
1012	1682
1012	1726
1012	1770
1012	1946
1013	1039
1013	1047
1013	1241
1013	1254
1013	1258
1013	1447
1013	1650
1013	1678
1013	1692
1013	1992
1014	1035
1014	1091
1014	1123
1014	1129
1014	1224
1014	1494
1014	1525
1014	1548
1014	1599
1014	1745
1014	1761
1014	1779
1014	1907
1014	1930
1015	1085
1015	1172
1015	1245
1015	1353
1015	1363
1015	1382
1015	1523
1015	1550
1015	1706
1016	1096
1016	1141
1016	1156
1016	1165
1016	1227
1016	1232
1016	1292
1016	1494
1016	1524
1016	1660
1016	1736
1016	1756
1016	1850
1017	1041
1017	1204
1017	1592
1017	1616
1017	1689
1017	1703
1017	1767
1017	1912
1017	1994
1018	1227
1018	1280
1018	1288
1018	1292
1018	1307
1018	1377
1018	1411
1018	1465
1018	1469
1018	1600
1018	1707
1018	1755
1018	1851
1019	1215
1019	1236
1019	1499
1019	1512
1019	1709
1019	1887
1020	1036
1020	1067
1020	1132
1020	1304
1020	1306
1020	1536
1020	1542
1020	1558
1021	1394
1021	1396
1021	1406
1021	1420
1021	1430
1021	1480
1021	1530
1021	1606
1021	1610
1021	1693
1021	1735
1021	1756
1021	1797
1021	1882
1021	1962
1022	1085
1022	1175
1022	1194
1022	1342
1022	1384
1022	1640
1022	1659
1022	1702
1022	1724
1022	1784
1022	1849
1022	1859
1022	1922
1022	1985
1023	1110
1023	1169
1023	1484
1023	1589
1023	1633
1023	1668
1023	1714
1023	1731
1023	1783
1024	1429
1024	1470
1024	1475
1024	1511
1024	1598
1024	1624
1024	1700
1024	1718
1024	1780
1024	1790
1024	1856
1024	1990
1025	1068
1025	1167
1025	1199
1025	1290
1025	1368
1025	1603
1025	1638
1025	1680
1025	1787
1025	1802
1026	1256
1026	1541
1026	1562
1026	1582
1026	1729
1026	1977
1027	1081
1027	1176
1027	1202
1027	1381
1027	1389
1027	1436
1027	1475
1027	1660
1027	1685
1027	1690
1027	1781
1027	1816
1027	1876
1027	1934
1028	1357
1028	1426
1028	1447
1028	1619
1028	1842
1028	1875
1028	1895
1029	1034
1029	1092
1029	1171
1029	1175
1029	1368
1029	1663
1029	1677
1029	1710
1029	1730
1029	1854
1030	1078
1030	1099
1030	1104
1030	1129
1030	1182
1030	1526
1030	1581
1030	1635
1030	1649
1030	1718
1030	1737
1030	1816
1030	1887
1031	1180
1031	1266
1031	1328
1031	1335
1031	1458
1031	1539
1031	1626
1031	1811
1031	1821
1031	1875
1032	1159
1032	1323
1032	1377
1032	1525
1032	1582
1032	1683
1032	1732
1032	1737
1032	1810
1032	1831
1032	1963
1032	1965
1033	1088
1033	1347
1033	1472
1033	1542
1033	1617
1033	1747
1033	1815
1033	1918
1033	1965
1034	1157
1034	1258
1034	1277
1034	1652
1034	1685
1034	1914
1035	1085
1035	1133
1035	1147
1035	1161
1035	1204
1035	1210
1035	1474
1035	1617
1035	1679
1035	1819
1035	1907
1036	1102
1036	1304
1036	1333
1036	1371
1036	1482
1036	1521
1036	1539
1036	1632
1036	1682
1036	1719
1036	1722
1036	1731
1036	1773
1036	1803
1036	1936
1037	1070
1037	1162
1037	1216
1037	1219
1037	1371
1037	1460
1037	1553
1037	1631
1037	1813
1037	1838
1037	1935
1037	1996
1038	1202
1038	1397
1038	1523
1038	1568
1038	1785
1039	1042
1039	1049
1039	1117
1039	1176
1039	1235
1039	1479
1039	1574
1039	1613
1039	1676
1039	1696
1039	1716
1039	1941
1039	1971
1039	1983
1040	1154
1040	1428
1040	1512
1040	1547
1040	1576
1040	1851
1041	1044
1041	1249
1041	1304
1041	1351
1041	1528
1041	1726
1041	1749
1041	1894
1041	1965
1041	1990
1042	1124
1042	1167
1042	1191
1042	1562
1042	1607
1042	1791
1043	1147
1043	1249
1043	1303
1043	1399
1043	1494
1043	1578
1043	1580
1043	1591
1043	1687
1043	1704
1043	1837
1043	1877
1044	1069
1044	1151
1044	1676
1044	1734
1044	1795
1044	1890
1045	1195
1045	1224
1045	1374
1045	1505
1045	1604
1045	1700
1045	1717
1045	1823
1045	1824
1045	1923
1045	1930
1046	1121
1046	1158
1046	1297
1046	1443
1046	1602
1046	1614
1046	1786
1046	1884
1046	1951
1046	1974
1047	1321
1047	1354
1047	1357
1047	1383
1047	1418
1047	1420
1047	1421
1047	1489
1047	1591
1047	1621
1047	1692
1047	1897
1048	1070
1048	1237
1048	1471
1048	1566
1048	1848
1049	1086
1049	1279
1049	1329
1049	1384
1049	1488
1049	1592
1049	1613
1049	1704
1049	1798
1049	1831
1049	1871
1049	1920
1050	1058
1050	1174
1050	1284
1050	1360
1050	1553
1050	1659
1050	1755
1050	1790
1050	1983
1051	1076
1051	1093
1051	1096
1051	1254
1051	1304
1051	1476
1051	1575
1051	1847
1052	1057
1052	1065
1052	1113
1052	1129
1052	1223
1052	1252
1052	1304
1052	1496
1052	1556
1052	1630
1052	1721
1052	1871
1052	1934
1052	1985
1053	1102
1053	1284
1053	1331
1053	1355
1053	1434
1053	1529
1053	1733
1053	1857
1054	1082
1054	1084
1054	1294
1054	1328
1054	1534
1054	1559
1054	1577
1054	1639
1054	1771
1054	1802
1054	1921
1054	1924
1054	1996
1055	1177
1055	1178
1055	1189
1055	1320
1055	1441
1055	1881
1055	1900
1056	1179
1056	1277
1056	1452
1056	1530
1056	1541
1056	1764
1056	1772
1056	1965
1057	1426
1057	1462
1057	1549
1057	1618
1057	1915
1057	1923
1058	1405
1058	1455
1058	1485
1058	1550
1058	1571
1058	1650
1058	1896
1058	1902
1058	1991
1059	1083
1059	1108
1059	1159
1059	1202
1059	1243
1059	1251
1059	1294
1059	1598
1059	1622
1059	1628
1059	1663
1059	1758
1059	1901
1060	1147
1060	1367
1060	1373
1060	1391
1060	1541
1060	1583
1060	1657
1060	1791
1060	1806
1060	1822
1060	1832
1060	1854
1060	1986
1060	1998
1061	1101
1061	1431
1061	1606
1061	1736
1061	1756
1061	1855
1061	1975
1062	1220
1062	1232
1062	1273
1062	1455
1062	1526
1062	1587
1062	1637
1062	1642
1062	1718
1062	1781
1062	1830
1062	1874
1063	1181
1063	1245
1063	1538
1063	1670
1064	1252
1064	1536
1064	1671
1064	1721
1064	1859
1064	1904
1065	1068
1065	1133
1065	1154
1065	1265
1065	1318
1065	1489
1065	1518
1065	1652
1066	1070
1066	1306
1066	1425
1066	1435
1066	1629
1066	1671
1066	1690
1066	1719
1066	1783
1066	1843
1066	1972
1067	1186
1067	1862
1068	1291
1068	1346
1068	1389
1068	1543
1068	1566
1068	1590
1068	1644
1068	1782
1068	1832
1068	1839
1069	1131
1069	1308
1069	1331
1069	1376
1069	1681
1069	1688
1069	1963
1070	1190
1070	1217
1070	1294
1070	1373
1070	1487
1070	1520
1070	1555
1070	1558
1070	1576
1070	1622
1070	1627
1070	1715
1070	1744
1070	1933
1071	1108
1071	1151
1071	1231
1071	1405
1071	1505
1071	1666
1071	1778
1071	1878
1071	1942
1072	1323
1072	1364
1072	1729
1072	1735
1072	1806
1072	1825
1073	1218
1073	1224
1073	1280
1073	1284
1073	1548
1073	1573
1073	1843
1073	1947
1074	1137
1074	1261
1074	1513
1074	1566
1074	1628
1074	1730
1074	1774
1075	1204
1075	1229
1075	1403
1075	1459
1075	1603
1075	1816
1075	1851
1075	1975
1076	1099
1076	1892
1076	1900
1076	1921
1077	1360
1077	1595
1077	1701
1077	1940
1077	1954
1078	1214
1078	1309
1078	1396
1078	1562
1078	1699
1078	1772
1079	1235
1079	1346
1079	1443
1079	1587
1079	1709
1079	1765
1080	1180
1080	1220
1080	1298
1080	1361
1080	1392
1080	1409
1080	1415
1080	1544
1080	1583
1080	1589
1080	1647
1080	1660
1080	1792
1080	1863
1080	1903
1081	1176
1081	1216
1081	1404
1081	1527
1081	1663
1081	1724
1081	1773
1081	1797
1082	1119
1082	1377
1082	1413
1082	1464
1082	1477
1082	1558
1082	1633
1082	1647
1082	1846
1082	1931
1082	1977
1083	1302
1083	1388
1083	1576
1083	1629
1083	1706
1083	1768
1083	1966
1084	1120
1084	1277
1084	1294
1084	1665
1084	1784
1084	1838
1084	1859
1084	1964
1084	1977
1085	1462
1085	1473
1085	1572
1085	1637
1085	1679
1085	1825
1085	1876
1086	1111
1086	1188
1086	1191
1086	1369
1086	1602
1086	1620
1086	1683
1086	1741
1086	1787
1087	1126
1087	1483
1087	1586
1087	1720
1087	1838
1087	1936
1087	1979
1087	1984
1088	1091
1088	1134
1088	1251
1088	1417
1088	1443
1088	1494
1088	1511
1088	1540
1088	1630
1088	1698
1088	1856
1088	1868
1088	1976
1088	1989
1089	1135
1089	1246
1089	1278
1089	1349
1089	1475
1089	1603
1089	1712
1089	1773
1089	1888
1090	1237
1090	1486
1090	1510
1090	1526
1090	1612
1090	1744
1090	1853
1090	1991
1091	1108
1091	1140
1091	1141
1091	1235
1091	1430
1091	1673
1091	1689
1091	1902
1092	1096
1092	1124
1092	1269
1092	1472
1092	1511
1092	1664
1092	1665
1092	1668
1093	1193
1093	1401
1093	1635
1093	1646
1093	1659
1093	1758
1093	1776
1093	1787
1093	1939
1094	1191
1094	1232
1094	1352
1094	1430
1094	1437
1094	1475
1094	1581
1094	1583
1094	1895
1094	1977
1095	1241
1095	1503
1095	1611
1095	1623
1095	1745
1095	1790
1095	1841
1095	1953
1096	1180
1096	1473
1096	1559
1096	1681
1096	1963
1097	1193
1097	1539
1097	1541
1097	1542
1097	1560
1097	1591
1097	1721
1097	1838
1097	1967
1097	1992
1098	1196
1098	1197
1098	1246
1098	1386
1098	1426
1098	1731
1098	1735
1098	1832
1098	1906
1098	1933
1098	1941
1098	1970
1099	1185
1099	1250
1099	1495
1099	1526
1099	1642
1099	1660
1099	1712
1099	1860
1100	1158
1100	1209
1100	1248
1100	1400
1100	1434
1100	1445
1100	1671
1100	1686
1100	1774
1100	1798
1100	1882
1100	1963
1101	1134
1101	1294
1101	1658
1101	1677
1101	1827
1101	1895
1102	1155
1102	1166
1102	1397
1102	1444
1102	1503
1102	1756
1102	1807
1102	1858
1103	1186
1103	1435
1103	1450
1103	1543
1103	1659
1103	1947
1104	1135
1104	1142
1104	1300
1104	1547
1104	1931
1105	1211
1105	1316
1105	1373
1105	1461
1105	1494
1105	1575
1105	1787
1105	1892
1105	1904
1105	1924
1105	1967
1106	1168
1106	1337
1106	1400
1106	1459
1106	1510
1106	1543
1106	1616
1106	1649
1106	1887
1106	1992
1107	1349
1107	1442
1107	1525
1107	1542
1107	1560
1107	1768
1107	1786
1107	1789
1107	1956
1108	1159
1108	1184
1108	1215
1108	1532
1108	1850
1109	1191
1109	1228
1109	1379
1109	1398
1109	1412
1109	1451
1109	1585
1109	1610
1109	1665
1110	1260
1110	1298
1110	1361
1110	1421
1110	1434
1110	1577
1110	1978
1111	1217
1111	1253
1111	1338
1111	1342
1111	1464
1111	1647
1111	1918
1112	1131
1112	1296
1112	1319
1112	1524
1112	1635
1112	1644
1112	1708
1112	1720
1112	1725
1112	1740
1113	1153
1113	1169
1113	1184
1113	1277
1113	1315
1113	1354
1113	1378
1113	1397
1113	1485
1113	1487
1113	1841
1113	1918
1113	1934
1113	1981
1114	1165
1114	1197
1114	1230
1114	1372
1114	1533
1114	1617
1114	1627
1114	1633
1114	1720
1114	1761
1114	1819
1115	1176
1115	1430
1115	1457
1115	1570
1115	1641
1115	1684
1115	1699
1115	1810
1115	1812
1115	1962
1115	1968
1115	1986
1116	1254
1116	1423
1116	1432
1116	1478
1116	1486
1116	1502
1116	1541
1116	1591
1116	1701
1116	1708
1116	1821
1116	1850
1116	1891
1117	1200
1117	1235
1117	1518
1117	1563
1117	1647
1117	1680
1117	1913
1118	1119
1118	1227
1118	1264
1118	1378
1118	1582
1118	1711
1118	1747
1118	1760
1118	1764
1119	1173
1119	1538
1119	1674
1119	1760
1119	1840
1119	1868
1119	1922
1120	1150
1120	1183
1120	1189
1120	1205
1120	1414
1120	1526
1120	1544
1120	1634
1120	1737
1120	1757
1120	1944
1121	1257
1121	1278
1121	1317
1121	1355
1121	1360
1121	1378
1121	1461
1121	1522
1121	1713
1121	1776
1121	1836
1122	1150
1122	1305
1122	1339
1122	1355
1122	1476
1122	1698
1122	1731
1122	1755
1122	1776
1122	1814
1122	1859
1123	1221
1123	1299
1123	1368
1123	1387
1123	1442
1123	1470
1123	1517
1123	1617
1123	1679
1123	1753
1123	1925
1123	1966
1124	1195
1124	1287
1124	1406
1124	1449
1124	1613
1124	1760
1124	1902
1124	1943
1124	1972
1125	1240
1125	1511
1125	1692
1125	1694
1125	1738
1125	1756
1125	1840
1125	1873
1125	1877
1125	1922
1125	1935
1125	1973
1125	1996
1126	1189
1126	1208
1126	1227
1126	1514
1126	1636
1126	1646
1126	1808
1127	1218
1127	1223
1127	1225
1127	1446
1127	1485
1127	1561
1127	1636
1127	1810
1128	1236
1128	1445
1128	1448
1128	1705
1128	1814
1128	1848
1128	1945
1129	1271
1129	1335
1129	1388
1129	1437
1129	1507
1129	1588
1129	1712
1129	1781
1129	1985
1130	1217
1130	1243
1130	1461
1130	1627
1130	1654
1130	1704
1130	1828
1130	1835
1130	1986
1131	1544
1131	1616
1131	1803
1131	1864
1131	1907
1132	1300
1132	1491
1132	1601
1132	1920
1133	1248
1133	1318
1133	1360
1133	1843
1133	1850
1133	1852
1134	1214
1134	1225
1134	1272
1134	1362
1134	1369
1134	1469
1134	1680
1134	1739
1134	1991
1135	1234
1135	1377
1135	1455
1135	1526
1135	1597
1135	1704
1135	1850
1135	1871
1135	1939
1136	1263
1136	1265
1136	1295
1136	1331
1136	1676
1136	1823
1137	1184
1137	1322
1137	1332
1137	1440
1137	1582
1137	1698
1137	1712
1137	1721
1137	1818
1137	1909
1138	1194
1138	1219
1138	1268
1138	1597
1138	1623
1138	1857
1138	1897
1139	1203
1139	1262
1139	1273
1139	1351
1139	1684
1139	1723
1139	1797
1139	1804
1139	1868
1140	1444
1140	1513
1140	1538
1140	1572
1140	1674
1140	1751
1141	1152
1141	1158
1141	1190
1141	1200
1141	1209
1141	1229
1141	1344
1141	1393
1141	1493
1141	1646
1141	1648
1141	1676
1141	1737
1141	1787
1141	1911
1141	1946
1141	1957
1141	1972
1142	1163
1142	1297
1142	1455
1142	1554
1142	1614
1142	1628
1142	1634
1142	1693
1142	1746
1142	1753
1142	1932
1143	1349
1143	1598
1143	1639
1143	1686
1143	1698
1143	1806
1143	1822
1143	1908
1144	1493
1144	1496
1144	1572
1144	1700
1144	1701
1144	1718
1144	1738
1144	1827
1144	1892
1144	1904
1144	1905
1144	1947
1145	1219
1145	1247
1145	1260
1145	1282
1145	1405
1145	1555
1145	1697
1145	1753
1145	1993
1145	1995
1146	1277
1146	1309
1146	1415
1146	1702
1146	1870
1147	1160
1147	1226
1147	1368
1147	1414
1147	1544
1147	1684
1147	1712
1147	1813
1147	1934
1148	1194
1148	1495
1148	1506
1148	1582
1148	1704
1148	1727
1148	1994
1149	1217
1149	1282
1149	1348
1149	1375
1149	1526
1149	1683
1149	1698
1149	1808
1149	1825
1149	1936
1150	1290
1150	1410
1151	1170
1151	1300
1151	1317
1151	1687
1151	1880
1151	1927
1151	1937
1152	1256
1152	1289
1152	1416
1152	1613
1152	1853
1152	1948
1152	1997
1153	1247
1153	1282
1153	1339
1153	1454
1153	1635
1153	1737
1153	1861
1153	1872
1153	1938
1154	1178
1154	1306
1154	1380
1154	1551
1154	1633
1154	1640
1155	1403
1155	1508
1155	1555
1155	1646
1155	1651
1155	1772
1155	1803
1155	1809
1156	1238
1156	1241
1156	1386
1156	1450
1156	1456
1156	1527
1156	1684
1156	1704
1157	1163
1157	1197
1157	1367
1157	1377
1157	1379
1157	1447
1157	1521
1157	1611
1157	1712
1157	1835
1157	1870
1157	1886
1157	1970
1158	1220
1158	1311
1158	1321
1158	1348
1158	1380
1158	1497
1158	1677
1158	1940
1158	1988
1159	1189
1159	1774
1159	1777
1160	1166
1160	1222
1160	1264
1160	1354
1160	1368
1160	1448
1160	1465
1160	1625
1160	1786
1160	1826
1161	1312
1161	1373
1161	1452
1161	1554
1161	1675
1161	1740
1161	1973
1162	1436
1162	1477
1162	1479
1162	1550
1162	1639
1162	1641
1162	1764
1162	1810
1162	1932
1162	1981
1162	1997
1163	1252
1163	1507
1163	1764
1163	1855
1164	1170
1164	1262
1164	1319
1164	1347
1164	1596
1164	1597
1164	1830
1164	1833
1164	1856
1165	1192
1165	1212
1165	1214
1165	1313
1165	1417
1165	1484
1165	1569
1165	1658
1165	1714
1165	1891
1166	1272
1166	1470
1166	1896
1166	1926
1167	1204
1167	1263
1167	1438
1167	1513
1167	1514
1167	1611
1167	1637
1167	1922
1167	1995
1168	1345
1168	1361
1168	1425
1168	1427
1168	1437
1168	1614
1168	1828
1168	1983
1169	1197
1169	1234
1169	1394
1169	1449
1169	1663
1169	1685
1169	1714
1169	1725
1169	1803
1169	1896
1169	1981
1170	1276
1170	1481
1170	1825
1171	1174
1171	1338
1171	1406
1171	1432
1171	1466
1171	1603
1171	1671
1171	1685
1171	1727
1171	1795
1171	1857
1171	1889
1171	1985
1172	1234
1172	1250
1172	1565
1172	1612
1172	1663
1172	1704
1172	1827
1172	1904
1173	1177
1173	1196
1173	1262
1173	1518
1173	1644
1173	1710
1173	1801
1174	1434
1174	1497
1174	1927
1175	1230
1175	1239
1175	1252
1175	1525
1175	1577
1175	1623
1175	1631
1175	1749
1175	1871
1175	1925
1175	1932
1175	1957
1175	1967
1176	1239
1176	1346
1176	1452
1176	1453
1176	1460
1176	1505
1176	1525
1176	1596
1176	1624
1176	1679
1176	1784
1176	1892
1176	1896
1177	1195
1177	1212
1177	1275
1177	1309
1177	1382
1177	1415
1177	1484
1177	1618
1177	1718
1177	1747
1177	1944
1178	1256
1178	1379
1178	1400
1178	1435
1178	1464
1178	1528
1178	1556
1178	1712
1178	1882
1178	1973
1179	1394
1179	1426
1179	1841
1179	1877
1179	1908
1179	1926
1179	1962
1180	1312
1180	1353
1180	1363
1180	1391
1180	1393
1180	1396
1180	1421
1180	1471
1180	1561
1180	1773
1181	1187
1181	1203
1181	1719
1181	1741
1182	1195
1182	1296
1182	1366
1182	1499
1182	1529
1182	1576
1182	1623
1182	1882
1182	1890
1182	1892
1183	1208
1183	1269
1183	1295
1183	1362
1183	1389
1183	1515
1183	1563
1183	1595
1183	1700
1183	1821
1183	1986
1184	1276
1184	1283
1184	1390
1184	1468
1184	1540
1184	1611
1184	1622
1184	1645
1184	1646
1184	1850
1184	1939
1185	1222
1185	1861
1185	1910
1185	1928
1186	1296
1186	1473
1186	1502
1186	1532
1186	1667
1186	1712
1186	1896
1187	1206
1187	1304
1187	1350
1187	1440
1187	1689
1187	1777
1187	1871
1187	1967
1188	1193
1188	1262
1188	1386
1188	1388
1188	1399
1188	1449
1188	1629
1188	1674
1188	1693
1188	1698
1188	1733
1188	1737
1188	1819
1188	1898
1188	1923
1188	1981
1189	1407
1189	1519
1189	1637
1189	1787
1189	1851
1189	1862
1189	1864
1189	1951
1189	1952
1190	1277
1190	1327
1190	1408
1190	1549
1190	1624
1190	1696
1190	1699
1190	1717
1190	1902
1190	1927
1191	1206
1191	1303
1191	1410
1191	1439
1191	1456
1191	1634
1191	1720
1191	1746
1191	1903
1192	1230
1192	1291
1192	1362
1192	1492
1192	1517
1192	1983
1192	1992
1193	1360
1193	1371
1193	1472
1193	1581
1193	1605
1193	1857
1193	1999
1194	1313
1194	1314
1194	1325
1194	1344
1194	1666
1194	1809
1194	1852
1194	1895
1194	1896
1194	1979
1194	1996
1195	1243
1195	1273
1195	1406
1195	1543
1195	1658
1195	1939
1196	1250
1196	1383
1196	1530
1196	1560
1196	1644
1196	1653
1196	1683
1196	1742
1196	1819
1196	1929
1196	1930
1197	1423
1197	1478
1197	1493
1197	1686
1197	1742
1197	1743
1197	1750
1197	1751
1197	1859
1198	1317
1198	1341
1198	1547
1198	1870
1199	1243
1199	1261
1199	1283
1199	1384
1199	1468
1199	1601
1199	1709
1199	1735
1199	1808
1199	1866
1199	1960
1199	1980
1200	1208
1200	1302
1200	1368
1200	1431
1200	1547
1200	1664
1200	1851
1201	1245
1201	1623
1201	1657
1201	1668
1201	1752
1201	1762
1201	1819
1201	1877
1202	1271
1202	1539
1202	1625
1202	1728
1202	1734
1202	1740
1202	1942
1203	1218
1203	1410
1203	1531
1203	1589
1203	1666
1203	1729
1203	1730
1203	1806
1203	1842
1203	1855
1204	1352
1204	1459
1204	1605
1204	1754
1204	1778
1204	1872
1204	1916
1204	1973
1205	1280
1205	1343
1205	1396
1205	1597
1205	1700
1205	1728
1205	1795
1205	1975
1206	1244
1206	1293
1206	1300
1206	1335
1206	1393
1206	1582
1206	1677
1206	1791
1207	1246
1207	1341
1207	1491
1207	1563
1208	1598
1208	1609
1208	1747
1208	1764
1208	1772
1208	1964
1209	1294
1209	1320
1209	1475
1209	1500
1209	1674
1209	1847
1209	1972
1209	1981
1209	1994
1210	1411
1210	1602
1210	1611
1210	1720
1210	1824
1211	1391
1211	1440
1211	1477
1211	1924
1212	1217
1212	1223
1212	1238
1212	1292
1212	1490
1212	1614
1212	1637
1212	1724
1212	1763
1212	1796
1212	1898
1212	1944
1213	1287
1213	1321
1213	1330
1213	1417
1213	1441
1213	1517
1213	1573
1213	1839
1214	1243
1214	1280
1214	1344
1214	1480
1214	1498
1214	1537
1214	1552
1214	1577
1214	1595
1214	1620
1214	1686
1214	1727
1214	1751
1214	1883
1214	1936
1215	1280
1215	1300
1215	1385
1215	1436
1215	1570
1215	1600
1215	1700
1215	1701
1215	1800
1215	1818
1216	1258
1216	1290
1216	1336
1216	1426
1216	1470
1216	1898
1217	1336
1217	1494
1217	1670
1217	1763
1217	1853
1218	1248
1218	1447
1218	1690
1218	1697
1218	1857
1219	1398
1219	1462
1219	1591
1219	1658
1219	1992
1220	1286
1220	1327
1220	1498
1220	1588
1220	1641
1220	1658
1220	1677
1220	1683
1220	1795
1221	1255
1221	1374
1221	1496
1221	1564
1221	1585
1221	1720
1221	1946
1222	1363
1222	1390
1222	1412
1222	1430
1222	1507
1222	1556
1222	1762
1222	1773
1222	1871
1222	1910
1222	1985
1223	1248
1223	1284
1223	1291
1223	1324
1223	1344
1223	1373
1223	1430
1223	1489
1223	1838
1223	1865
1223	1942
1224	1356
1224	1387
1224	1417
1224	1485
1224	1547
1224	1562
1224	1717
1224	1728
1224	1734
1224	1896
1224	1941
1225	1232
1225	1454
1225	1516
1225	1590
1225	1740
1225	1839
1225	1846
1225	1875
1225	1928
1225	1946
1225	1993
1226	1240
1226	1241
1226	1261
1226	1579
1226	1600
1226	1631
1226	1697
1226	1762
1226	1898
1227	1228
1227	1246
1227	1385
1227	1533
1227	1539
1227	1741
1227	1964
1228	1298
1228	1311
1228	1343
1228	1390
1228	1462
1228	1496
1229	1497
1229	1501
1229	1626
1229	1642
1229	1698
1229	1915
1229	1962
1229	1984
1230	1258
1230	1269
1230	1445
1230	1495
1230	1498
1230	1705
1230	1835
1230	1890
1230	1947
1231	1233
1231	1381
1231	1494
1231	1525
1231	1639
1231	1895
1232	1324
1232	1359
1232	1388
1232	1405
1232	1538
1232	1554
1232	1684
1232	1834
1232	1970
1232	1976
1232	1985
1233	1320
1233	1491
1233	1498
1233	1535
1233	1582
1233	1588
1233	1641
1233	1693
1233	1707
1233	1756
1233	1968
1233	1998
1234	1256
1234	1300
1234	1600
1234	1610
1234	1725
1234	1919
1234	1951
1235	1360
1235	1382
1235	1391
1236	1276
1236	1450
1236	1924
1237	1259
1237	1329
1237	1444
1237	1476
1237	1691
1237	1885
1237	1996
1238	1404
1238	1670
1238	1751
1238	1817
1238	1823
1239	1385
1239	1472
1239	1539
1239	1553
1239	1754
1239	1927
1240	1243
1240	1250
1240	1381
1240	1384
1240	1483
1240	1516
1240	1607
1240	1649
1240	1655
1240	1676
1240	1745
1240	1772
1240	1774
1240	1777
1240	1822
1240	1924
1241	1355
1241	1391
1241	1467
1241	1758
1241	1877
1241	1895
1241	1984
1242	1246
1242	1397
1242	1528
1242	1763
1243	1564
1243	1669
1243	1679
1243	1797
1243	1898
1243	1928
1243	1984
1244	1266
1244	1423
1244	1452
1244	1519
1244	1543
1244	1545
1244	1546
1244	1842
1244	1944
1245	1352
1245	1431
1245	1586
1245	1688
1245	1710
1245	1769
1245	1822
1245	1868
1245	1925
1245	1997
1246	1342
1246	1346
1246	1361
1246	1535
1246	1729
1246	1746
1246	1754
1246	1831
1246	1844
1246	1893
1247	1372
1247	1686
1247	1726
1247	1875
1247	1926
1247	1943
1248	1268
1248	1355
1248	1367
1248	1565
1249	1257
1249	1526
1249	1703
1249	1713
1249	1865
1249	1879
1249	1921
1249	1937
1250	1255
1250	1291
1250	1465
1250	1604
1250	1966
1251	1261
1251	1349
1251	1392
1251	1492
1251	1532
1251	1535
1251	1769
1252	1300
1252	1364
1252	1435
1252	1492
1252	1675
1252	1687
1252	1867
1252	1882
1252	1959
1253	1275
1253	1287
1253	1350
1253	1370
1253	1432
1253	1576
1253	1874
1253	1950
1254	1634
1254	1797
1254	1830
1254	1899
1254	1912
1254	1945
1255	1256
1255	1308
1255	1473
1256	1289
1256	1300
1256	1373
1256	1423
1256	1490
1256	1567
1256	1603
1256	1972
1257	1320
1257	1434
1257	1474
1257	1743
1257	1860
1257	1938
1257	1972
1258	1305
1258	1406
1258	1498
1258	1773
1258	1875
1258	1928
1259	1520
1259	1536
1259	1576
1260	1310
1260	1356
1260	1373
1260	1384
1260	1619
1260	1658
1260	1736
1260	1919
1260	1968
1260	1994
1261	1375
1261	1460
1261	1518
1261	1639
1261	1709
1261	1756
1261	1759
1261	1798
1261	1800
1262	1286
1262	1300
1262	1468
1262	1609
1262	1682
1262	1825
1262	1856
1262	1911
1263	1312
1263	1647
1263	1854
1264	1272
1264	1435
1264	1486
1264	1729
1264	1749
1264	1893
1264	1987
1265	1310
1265	1334
1265	1366
1265	1430
1265	1449
1265	1483
1265	1948
1265	1957
1265	1973
1265	1982
1265	1992
1266	1487
1266	1534
1266	1622
1266	1753
1266	1765
1266	1807
1266	1875
1267	1349
1267	1366
1267	1488
1267	1787
1267	1850
1267	1975
1268	1269
1268	1363
1268	1367
1268	1405
1268	1422
1268	1518
1268	1606
1268	1694
1268	1999
1269	1288
1269	1342
1269	1344
1269	1389
1269	1401
1269	1617
1269	1786
1269	1877
1269	1899
1270	1427
1270	1651
1270	1730
1270	1831
1270	1894
1270	1957
1271	1520
1271	1658
1271	1853
1271	1912
1271	1942
1271	1952
1272	1386
1272	1419
1272	1439
1272	1500
1272	1620
1272	1705
1272	1749
1272	1846
1272	1861
1273	1292
1273	1372
1273	1441
1273	1518
1273	1522
1273	1694
1273	1798
1273	1887
1273	1914
1274	1458
1274	1539
1274	1575
1274	1680
1274	1693
1274	1736
1274	1739
1274	1758
1275	1414
1275	1421
1275	1447
1275	1492
1275	1506
1275	1584
1275	1626
1275	1679
1275	1878
1275	1880
1275	1931
1276	1538
1276	1615
1276	1711
1276	1801
1276	1903
1276	1904
1276	1906
1276	1937
1277	1462
1277	1535
1277	1554
1277	1684
1277	1802
1277	1926
1278	1345
1278	1363
1278	1408
1278	1645
1278	1880
1278	1926
1278	1934
1279	1379
1279	1396
1279	1640
1279	1750
1279	1844
1279	1964
1280	1309
1280	1325
1280	1392
1280	1465
1280	1539
1280	1541
1280	1581
1280	1643
1280	1716
1280	1735
1280	1914
1280	1960
1281	1321
1281	1468
1281	1608
1281	1660
1281	1709
1281	1788
1281	1898
1282	1339
1282	1429
1282	1474
1282	1792
1282	1842
1282	1849
1282	1914
1282	1935
1282	1949
1282	1954
1283	1296
1283	1409
1283	1423
1283	1508
1283	1520
1283	1546
1283	1834
1283	1967
1283	1987
1284	1422
1284	1489
1284	1538
1284	1684
1284	1865
1284	1910
1285	1338
1285	1541
1285	1542
1285	1612
1285	1766
1286	1301
1286	1403
1286	1504
1286	1535
1286	1981
1287	1409
1287	1582
1287	1736
1287	1818
1287	1843
1287	1928
1288	1392
1288	1512
1288	1573
1288	1616
1288	1694
1288	1740
1288	1968
1289	1409
1289	1648
1289	1757
1289	1862
1289	1945
1290	1299
1290	1331
1290	1418
1290	1750
1290	1782
1290	1888
1290	1990
1291	1312
1291	1330
1291	1578
1291	1615
1291	1647
1291	1763
1291	1900
1291	1914
1292	1299
1292	1315
1292	1325
1292	1478
1292	1509
1292	1522
1292	1612
1292	1820
1292	1911
1292	1912
1292	1915
1293	1564
1293	1628
1293	1715
1293	1740
1293	1815
1293	1925
1294	1334
1294	1500
1294	1538
1294	1568
1294	1743
1294	1873
1294	1945
1295	1446
1295	1453
1295	1467
1295	1478
1295	1493
1295	1828
1295	1909
1296	1404
1296	1666
1296	1696
1296	1959
1297	1450
1297	1480
1297	1493
1297	1560
1297	1568
1297	1671
1297	1777
1297	1869
1297	1971
1298	1390
1298	1471
1298	1566
1298	1632
1298	1674
1298	1770
1298	1956
1299	1363
1299	1442
1299	1596
1299	1603
1299	1633
1299	1676
1299	1687
1299	1703
1299	1704
1299	1857
1299	1910
1299	1926
1300	1303
1300	1379
1300	1432
1300	1434
1300	1571
1300	1583
1300	1668
1300	1850
1300	1901
1300	1914
1301	1335
1301	1409
1301	1426
1301	1650
1301	1675
1301	1842
1301	1909
1301	1954
1301	1982
1302	1397
1302	1408
1302	1435
1302	1477
1302	1479
1302	1583
1302	1661
1302	1685
1302	1762
1302	1929
1303	1349
1303	1375
1303	1387
1303	1934
1304	1432
1304	1646
1304	1729
1304	1884
1304	1918
1304	1960
1305	1330
1305	1345
1305	1405
1305	1408
1305	1436
1305	1446
1305	1576
1305	1669
1305	1990
1306	1566
1306	1849
1306	1909
1307	1342
1307	1471
1307	1493
1307	1529
1307	1641
1308	1487
1308	1578
1308	1587
1308	1945
1308	1996
1309	1320
1309	1372
1309	1721
1309	1807
1310	1320
1310	1412
1310	1419
1310	1534
1310	1566
1310	1569
1310	1648
1310	1691
1310	1809
1311	1483
1311	1523
1311	1585
1311	1717
1311	1735
1312	1411
1312	1437
1312	1509
1312	1612
1312	1746
1312	1748
1312	1960
1312	1966
1313	1437
1313	1560
1313	1588
1313	1596
1313	1863
1314	1449
1314	1468
1314	1800
1314	1891
1315	1378
1315	1401
1315	1459
1315	1482
1315	1627
1315	1706
1315	1776
1315	1819
1316	1392
1316	1424
1316	1477
1316	1575
1316	1589
1316	1726
1316	1751
1316	1830
1317	1557
1317	1631
1317	1670
1317	1761
1317	1991
1318	1344
1318	1388
1318	1475
1318	1533
1318	1573
1318	1776
1318	1876
1319	1395
1319	1596
1319	1775
1319	1780
1319	1847
1319	1906
1320	1830
1320	1895
1320	1897
1320	1919
1321	1366
1321	1461
1321	1639
1321	1686
1322	1357
1322	1558
1322	1705
1322	1768
1322	1770
1322	1774
1323	1410
1323	1481
1323	1548
1323	1554
1323	1607
1323	1838
1323	1983
1324	1403
1324	1466
1324	1660
1324	1679
1324	1763
1324	1862
1324	1879
1324	1900
1324	1933
1324	1947
1325	1350
1325	1383
1325	1519
1325	1788
1325	1882
1325	1884
1325	1906
1326	1657
1326	1715
1326	1810
1326	1819
1326	1827
1326	1971
1327	1544
1327	1687
1327	1732
1327	1883
1327	1943
1328	1379
1328	1401
1328	1445
1328	1488
1328	1493
1328	1505
1328	1552
1328	1568
1328	1592
1328	1612
1328	1663
1328	1813
1328	1881
1328	1995
1329	1335
1329	1603
1329	1621
1329	1668
1329	1738
1329	1768
1330	1412
1330	1452
1330	1629
1330	1665
1330	1682
1330	1705
1331	1434
1331	1476
1331	1620
1331	1672
1331	1806
1331	1874
1331	1940
1331	1942
1331	1989
1331	1997
1332	1345
1332	1455
1332	1512
1332	1631
1332	1761
1333	1345
1333	1486
1333	1541
1333	1614
1333	1876
1333	1905
1334	1588
1334	1603
1334	1631
1334	1729
1334	1761
1334	1781
1334	1813
1334	1818
1334	1833
1334	1952
1335	1440
1335	1457
1335	1597
1335	1625
1335	1693
1335	1813
1335	1838
1335	1880
1335	1992
1336	1461
1336	1487
1336	1570
1336	1626
1336	1671
1336	1751
1336	1769
1336	1882
1336	1884
1337	1449
1337	1988
1338	1416
1338	1427
1338	1465
1338	1497
1338	1548
1338	1645
1338	1849
1338	1968
1339	1387
1339	1415
1339	1431
1339	1494
1339	1502
1339	1621
1339	1624
1339	1660
1339	1678
1339	1691
1339	1788
1339	1939
1339	1984
1339	1999
1340	1487
1340	1498
1340	1543
1340	1705
1340	1736
1340	1764
1340	1941
1341	1431
1341	1593
1341	1603
1341	1745
1341	1802
1341	1855
1341	1968
1342	1444
1342	1542
1342	1545
1342	1642
1342	1764
1342	1878
1342	1889
1342	1921
1343	1351
1343	1538
1343	1635
1343	1848
1343	1911
1343	1964
1344	1504
1344	1589
1344	1616
1344	1619
1344	1628
1344	1768
1344	1786
1344	1899
1345	1410
1345	1518
1345	1582
1345	1586
1345	1641
1345	1703
1346	1467
1346	1529
1346	1722
1346	1874
1347	1387
1347	1414
1347	1533
1347	1559
1347	1597
1347	1631
1347	1830
1347	1939
1348	1428
1348	1503
1348	1521
1348	1619
1348	1713
1348	1851
1348	1962
1349	1351
1349	1446
1349	1553
1349	1954
1350	1355
1350	1364
1350	1463
1350	1639
1351	1441
1351	1449
1351	1525
1351	1543
1351	1638
1351	1644
1351	1763
1351	1776
1351	1834
1351	1838
1351	1856
1351	1960
1351	1980
1352	1558
1352	1624
1352	1646
1352	1692
1352	1733
1352	1786
1352	1793
1352	1914
1352	1960
1353	1470
1353	1598
1353	1649
1354	1359
1354	1577
1354	1646
1355	1390
1355	1481
1355	1773
1355	1786
1355	1821
1356	1518
1356	1576
1356	1613
1356	1661
1356	1673
1356	1757
1356	1780
1356	1804
1356	1947
1356	1960
1356	1978
1357	1408
1357	1550
1357	1978
1358	1653
1358	1687
1358	1750
1358	1933
1358	1996
1358	1997
1359	1445
1359	1631
1359	1689
1359	1694
1359	1778
1359	1779
1359	1782
1359	1808
1359	1831
1359	1897
1360	1419
1360	1426
1360	1445
1360	1451
1360	1481
1360	1528
1360	1610
1360	1662
1360	1955
1360	1996
1361	1529
1361	1574
1361	1869
1362	1523
1362	1554
1362	1656
1362	1663
1362	1671
1362	1749
1362	1986
1363	1560
1363	1657
1363	1678
1363	1770
1363	1785
1363	1954
1364	1414
1364	1628
1364	1630
1364	1691
1364	1787
1364	1940
1365	1593
1365	1737
1365	1765
1365	1805
1365	1892
1365	1983
1366	1458
1366	1461
1366	1467
1366	1496
1366	1523
1366	1577
1366	1584
1366	1765
1366	1799
1366	1838
1366	1929
1367	1558
1367	1610
1367	1836
1367	1875
1367	1892
1367	1935
1368	1376
1368	1616
1368	1689
1368	1871
1368	1915
1368	1980
1369	1571
1369	1757
1369	1886
1369	1960
1369	1972
1370	1407
1370	1469
1370	1576
1370	1614
1370	1750
1370	1773
1370	1842
1370	1873
1370	1892
1370	1932
1370	1978
1371	1478
1371	1490
1371	1704
1371	1877
1371	1954
1372	1479
1372	1582
1372	1659
1372	1660
1372	1683
1372	1794
1372	1861
1372	1914
1372	1955
1373	1545
1373	1560
1373	1649
1373	1742
1373	1791
1373	1923
1374	1423
1374	1559
1374	1845
1374	1993
1375	1481
1375	1548
1375	1635
1375	1851
1376	1570
1376	1753
1377	1391
1377	1466
1377	1623
1377	1652
1377	1770
1377	1867
1377	1998
1378	1529
1378	1603
1378	1659
1378	1750
1378	1939
1379	1675
1379	1691
1379	1801
1379	1967
1380	1437
1380	1591
1380	1714
1380	1726
1380	1886
1380	1888
1380	1910
1380	1937
1380	1975
1381	1464
1381	1491
1381	1505
1381	1640
1381	1691
1381	1966
1382	1568
1382	1594
1382	1642
1382	1947
1382	1962
1383	1394
1383	1453
1383	1814
1383	1818
1383	1840
1383	1844
1383	1885
1383	1894
1383	1958
1384	1433
1384	1615
1384	1637
1384	1792
1384	1828
1385	1524
1385	1540
1385	1640
1385	1854
1385	1869
1385	1897
1385	1921
1385	1956
1386	1420
1386	1610
1386	1765
1386	1868
1386	1886
1386	1920
1387	1446
1387	1465
1387	1669
1387	1751
1387	1804
1387	1814
1387	1967
1388	1447
1388	1737
1388	1819
1388	1854
1388	1916
1389	1667
1389	1745
1389	1797
1389	1818
1389	1880
1390	1771
1391	1788
1391	1932
1391	1997
1392	1506
1392	1507
1392	1657
1392	1795
1392	1837
1392	1941
1393	1457
1393	1478
1393	1538
1393	1582
1393	1695
1393	1713
1393	1742
1393	1824
1393	1995
1394	1403
1394	1581
1394	1795
1394	1833
1394	1886
1394	1898
1394	1946
1394	1974
1395	1503
1395	1755
1395	1789
1395	1993
1396	1568
1396	1845
1397	1427
1397	1679
1397	1912
1397	1992
1398	1487
1398	1752
1399	1518
1399	1605
1399	1905
1400	1567
1400	1662
1400	1770
1400	1825
1400	1882
1400	1947
1400	1961
1401	1420
1401	1487
1401	1845
1401	1903
1402	1414
1402	1531
1402	1613
1402	1732
1402	1955
1402	1971
1403	1584
1403	1644
1403	1671
1403	1762
1403	1848
1404	1416
1404	1527
1404	1606
1404	1671
1404	1901
1404	1923
1404	1931
1405	1436
1405	1820
1406	1421
1406	1624
1406	1652
1406	1689
1406	1761
1406	1830
1406	1858
1406	1897
1407	1436
1407	1455
1407	1507
1407	1614
1407	1679
1407	1784
1407	1809
1407	1865
1407	1882
1407	1914
1407	1931
1407	1976
1408	1568
1408	1747
1408	1803
1408	1823
1408	1863
1408	1902
1409	1443
1409	1464
1409	1476
1409	1567
1409	1725
1410	1620
1410	1861
1411	1447
1411	1509
1411	1573
1411	1744
1411	1819
1411	1897
1411	1914
1412	1434
1412	1519
1412	1683
1413	1817
1414	1582
1414	1683
1414	1874
1415	1539
1415	1566
1415	1603
1415	1732
1415	1769
1415	1772
1415	1775
1416	1526
1416	1536
1416	1554
1416	1672
1416	1770
1416	1877
1416	1930
1417	1779
1417	1829
1417	1843
1418	1419
1418	1430
1418	1436
1418	1545
1418	1634
1419	1485
1419	1681
1419	1685
1419	1719
1420	1512
1420	1560
1420	1900
1420	1912
1420	1929
1420	1991
1421	1511
1421	1555
1421	1664
1421	1725
1421	1757
1421	1795
1421	1821
1421	1854
1421	1888
1421	1892
1421	1942
1422	1445
1422	1511
1422	1819
1422	1999
1423	1686
1423	1768
1423	1874
1424	1466
1424	1502
1424	1738
1424	1741
1424	1866
1424	1915
1424	1931
1424	1965
1424	1988
1425	1474
1425	1612
1425	1651
1425	1748
1425	1752
1425	1787
1425	1813
1425	1814
1425	1910
1425	1984
1426	1461
1426	1549
1426	1550
1426	1600
1426	1625
1426	1784
1426	1805
1426	1982
1427	1434
1427	1618
1427	1624
1427	1683
1427	1729
1427	1733
1427	1789
1427	1904
1428	1434
1428	1576
1428	1655
1428	1691
1428	1696
1428	1729
1428	1835
1428	1949
1428	1989
1429	1481
1429	1653
1429	1716
1429	1793
1429	1978
1429	1981
1430	1496
1430	1561
1430	1725
1430	1806
1430	1829
1430	1898
1430	1964
1431	1584
1431	1590
1431	1778
1432	1529
1432	1618
1432	1751
1432	1839
1432	1868
1433	1447
1433	1522
1433	1700
1433	1765
1433	1944
1433	1976
1434	1453
1434	1469
1434	1980
1434	1984
1435	1524
1435	1646
1435	1767
1435	1925
1436	1622
1436	1908
1437	1866
1438	1462
1438	1531
1438	1581
1438	1706
1438	1716
1438	1729
1438	1850
1438	1992
1438	1998
1439	1489
1439	1526
1439	1673
1439	1847
1439	1873
1439	1890
1439	1911
1439	1948
1439	1957
1440	1502
1440	1599
1440	1715
1440	1758
1440	1810
1440	1866
1440	1969
1441	1445
1441	1495
1441	1776
1441	1927
1441	1947
1441	1965
1441	1991
1442	1496
1442	1593
1442	1615
1442	1620
1442	1638
1442	1674
1442	1688
1442	1932
1443	1457
1443	1564
1443	1651
1443	1708
1443	1809
1443	1855
1443	1992
1444	1499
1444	1588
1444	1705
1444	1726
1444	1752
1444	1786
1444	1992
1445	1949
1445	1950
1445	1986
1446	1502
1446	1658
1446	1750
1446	1769
1446	1798
1446	1882
1446	1920
1446	1932
1446	1945
1446	1999
1447	1634
1447	1654
1447	1669
1447	1707
1447	1750
1447	1831
1447	1952
1448	1483
1448	1693
1448	1827
1448	1902
1449	1629
1449	1728
1450	1677
1450	1728
1450	1805
1450	1852
1450	1869
1450	1979
1451	1612
1451	1636
1451	1723
1451	1805
1451	1873
1451	1888
1452	1494
1452	1615
1452	1937
1452	1984
1453	1710
1453	1838
1453	1905
1454	1545
1454	1607
1454	1632
1454	1676
1454	1923
1455	1481
1455	1546
1455	1581
1455	1693
1455	1848
1455	1894
1456	1544
1456	1594
1456	1657
1456	1810
1456	1832
1457	1725
1457	1893
1457	1938
1457	1994
1458	1533
1458	1550
1458	1849
1458	1886
1458	1894
1458	1932
1458	1976
1459	1812
1459	1854
1460	1679
1460	1687
1460	1699
1460	1786
1461	1811
1461	1859
1461	1905
1461	1917
1462	1481
1462	1511
1462	1551
1462	1711
1462	1902
1463	1642
1463	1673
1463	1771
1463	1782
1464	1528
1464	1651
1464	1705
1465	1825
1465	1836
1465	1854
1466	1504
1466	1610
1466	1692
1466	1714
1466	1755
1466	1800
1466	1891
1467	1768
1467	1787
1468	1546
1468	1631
1468	1700
1468	1757
1469	1503
1469	1512
1469	1597
1469	1622
1469	1647
1469	1993
1469	1998
1470	1932
1471	1644
1472	1509
1472	1618
1472	1662
1472	1670
1472	1920
1473	1497
1473	1586
1473	1607
1473	1648
1473	1756
1473	1793
1473	1849
1474	1488
1475	1542
1475	1691
1475	1760
1475	1827
1475	1876
1475	1926
1475	1941
1476	1559
1476	1777
1476	1794
1476	1816
1477	1804
1477	1821
1477	1858
1477	1925
1478	1731
1478	1842
1478	1890
1478	1984
1479	1494
1479	1817
1479	1824
1479	1946
1479	1982
1480	1620
1480	1648
1480	1755
1480	1861
1480	1959
1481	1751
1481	1869
1481	1873
1481	1877
1481	1958
1481	1968
1482	1493
1482	1558
1482	1856
1482	1870
1482	1910
1483	1885
1483	1907
1484	1866
1484	1893
1484	1948
1485	1487
1485	1498
1485	1615
1485	1616
1485	1628
1485	1684
1485	1702
1485	1747
1485	1781
1485	1886
1485	1961
1485	1963
1486	1569
1486	1581
1486	1638
1487	1543
1487	1793
1487	1819
1487	1859
1487	1945
1487	1958
1488	1559
1488	1607
1488	1683
1488	1956
1489	1503
1489	1605
1489	1705
1489	1718
1489	1772
1489	1800
1489	1987
1490	1514
1490	1546
1490	1620
1490	1783
1490	1836
1490	1897
1490	1901
1491	1512
1491	1731
1491	1824
1492	1575
1492	1591
1492	1656
1492	1799
1493	1519
1493	1702
1493	1749
1493	1954
1493	1966
1494	1904
1494	1937
1495	1592
1495	1650
1495	1697
1495	1729
1495	1796
1495	1829
1495	1902
1496	1663
1496	1706
1496	1976
1497	1630
1497	1724
1497	1787
1498	1528
1498	1571
1498	1638
1498	1650
1498	1721
1498	1759
1498	1820
1498	1897
1499	1525
1499	1549
1499	1570
1499	1716
1499	1739
1499	1747
1499	1763
1500	1628
1500	1772
1500	1790
1500	1833
1500	1948
1501	1632
1501	1644
1501	1654
1501	1864
1501	1891
1502	1515
1502	1786
1502	1788
1502	1845
1502	1997
1503	1539
1503	1901
1503	1913
1504	1529
1504	1578
1504	1582
1505	1644
1505	1752
1505	1781
1505	1825
1505	1921
1505	1923
1506	1664
1506	1785
1506	1931
1506	1975
1508	1516
1508	1653
1508	1834
1508	1871
1509	1639
1509	1711
1509	1773
1509	1903
1509	1953
1510	1602
1510	1647
1510	1690
1510	1877
1511	1528
1511	1608
1511	1659
1511	1842
1511	1951
1511	1980
1512	1588
1512	1755
1513	1545
1513	1606
1513	1803
1513	1839
1514	1521
1514	1578
1514	1894
1515	1544
1515	1639
1515	1804
1515	1896
1515	1950
1516	1713
1516	1715
1516	1789
1516	1836
1516	1867
1516	1881
1516	1902
1516	1986
1517	1535
1517	1635
1517	1646
1517	1674
1517	1854
1517	1882
1517	1894
1518	1588
1518	1629
1518	1657
1518	1739
1518	1750
1518	1769
1518	1805
1518	1839
1519	1603
1519	1617
1519	1667
1519	1684
1519	1767
1519	1969
1520	1868
1520	1992
1521	1560
1521	1620
1521	1737
1521	1766
1521	1825
1522	1582
1522	1746
1522	1828
1522	1880
1522	1960
1523	1550
1523	1582
1523	1649
1523	1899
1524	1556
1524	1620
1524	1904
1525	1645
1525	1843
1525	1916
1525	1929
1526	1546
1526	1654
1526	1693
1526	1706
1526	1728
1526	1779
1526	1833
1526	1876
1526	1927
1527	1622
1527	1650
1527	1691
1527	1863
1528	1544
1528	1605
1528	1638
1528	1752
1529	1591
1529	1609
1529	1645
1529	1943
1530	1745
1530	1873
1530	1913
1530	1951
1531	1699
1531	1766
1531	1886
1531	1909
1531	1970
1532	1587
1532	1676
1532	1827
1532	1837
1532	1842
1532	1942
1533	1665
1533	1696
1533	1912
1533	1948
1534	1669
1534	1897
1534	1898
1535	1600
1535	1618
1535	1673
1535	1715
1535	1822
1535	1998
1536	1585
1536	1621
1536	1676
1536	1679
1536	1892
1537	1554
1537	1555
1537	1603
1537	1678
1537	1711
1537	1727
1537	1782
1537	1791
1537	1935
1538	1568
1538	1595
1538	1702
1538	1731
1538	1760
1538	1859
1538	1905
1538	1994
1539	1557
1539	1590
1539	1680
1539	1796
1540	1904
1540	1914
1540	1945
1541	1765
1541	1957
1542	1543
1542	1638
1542	1736
1543	1560
1543	1598
1543	1609
1543	1648
1543	1679
1543	1735
1543	1818
1543	1928
1543	1936
1544	1654
1544	1763
1544	1858
1544	1930
1545	1803
1545	1806
1545	1898
1545	1920
1545	1949
1545	1987
1546	1641
1546	1798
1546	1827
1546	1841
1546	1996
1547	1582
1547	1590
1547	1778
1548	1584
1548	1698
1548	1768
1548	1929
1548	1957
1548	1968
1549	1588
1549	1696
1549	1860
1550	1687
1550	1747
1550	1808
1550	1912
1550	1928
1550	1935
1550	1989
1551	1569
1551	1790
1551	1958
1552	1601
1552	1790
1552	1937
1552	1989
1553	1560
1553	1598
1553	1719
1553	1751
1553	1752
1554	1568
1554	1628
1554	1645
1554	1664
1554	1682
1554	1710
1554	1757
1554	1761
1554	1961
1555	1694
1555	1749
1555	1992
1556	1562
1556	1625
1556	1662
1556	1816
1556	1953
1556	1984
1557	1594
1557	1854
1557	1899
1557	1951
1557	1955
1557	1963
1558	1771
1559	1620
1559	1672
1559	1742
1559	1881
1559	1968
1560	1575
1560	1638
1560	1641
1560	1821
1561	1622
1561	1767
1561	1775
1561	1861
1561	1881
1561	1885
1561	1948
1561	1958
1561	1987
1562	1611
1562	1912
1563	1642
1563	1725
1563	1748
1563	1986
1563	1991
1564	1628
1564	1669
1564	1822
1564	1890
1565	1687
1566	1592
1566	1703
1566	1772
1566	1807
1566	1850
1566	1914
1566	1952
1567	1928
1567	1954
1567	1965
1567	1980
1567	1995
1568	1889
1569	1612
1569	1627
1569	1728
1569	1729
1569	1789
1569	1920
1569	1949
1570	1591
1570	1642
1570	1651
1570	1885
1570	1889
1571	1674
1571	1684
1571	1688
1571	1725
1571	1726
1571	1828
1571	1842
1571	1996
1572	1793
1572	1930
1572	1975
1572	1996
1573	1665
1573	1689
1573	1816
1574	1617
1574	1719
1574	1872
1574	1900
1574	1926
1574	1973
1575	1686
1575	1882
1575	1976
1576	1589
1576	1616
1576	1733
1576	1779
1576	1879
1577	1843
1578	1632
1578	1683
1578	1799
1578	1905
1578	1929
1578	1977
1579	1582
1579	1643
1579	1650
1579	1870
1579	1882
1579	1955
1580	1656
1580	1703
1580	1710
1580	1883
1581	1765
1581	1781
1581	1872
1581	1949
1582	1691
1582	1744
1582	1790
1582	1989
1583	1683
1583	1688
1583	1768
1583	1777
1583	1840
1584	1599
1584	1871
1584	1901
1585	1633
1585	1815
1585	1871
1586	1621
1586	1798
1586	1949
1587	1647
1587	1846
1588	1608
1588	1697
1588	1919
1589	1725
1589	1894
1589	1898
1589	1922
1589	1928
1589	1974
1590	1627
1590	1668
1590	1702
1590	1755
1590	1757
1590	1815
1590	1849
1591	1722
1591	1836
1591	1877
1591	1950
1592	1635
1592	1679
1592	1792
1592	1840
1592	1997
1593	1659
1593	1796
1595	1708
1596	1644
1596	1687
1596	1713
1596	1747
1596	1788
1596	1890
1596	1914
1596	1947
1596	1995
1597	1624
1597	1632
1597	1805
1597	1836
1597	1924
1598	1646
1598	1677
1598	1762
1598	1820
1598	1884
1598	1961
1599	1677
1599	1730
1599	1780
1599	1825
1599	1882
1599	1912
1600	1818
1600	1823
1600	1993
1601	1611
1601	1632
1601	1638
1601	1876
1601	1896
1601	1918
1601	1922
1601	1995
1602	1603
1602	1701
1602	1819
1602	1833
1602	1922
1602	1994
1603	1655
1603	1872
1603	1893
1603	1939
1603	1950
1603	1952
1604	1632
1604	1634
1604	1790
1604	1888
1604	1925
1605	1623
1605	1689
1605	1787
1605	1807
1605	1811
1605	1839
1605	1917
1606	1674
1606	1845
1606	1976
1607	1724
1607	1803
1608	1811
1608	1851
1608	1869
1609	1635
1609	1700
1609	1854
1609	1990
1610	1651
1610	1927
1611	1661
1611	1885
1612	1662
1612	1865
1613	1696
1613	1796
1613	1811
1613	1844
1613	1875
1613	1904
1613	1934
1614	1663
1614	1680
1614	1732
1614	1792
1614	1841
1614	1848
1615	1688
1615	1787
1615	1979
1616	1635
1616	1708
1616	1860
1616	1888
1616	1970
1617	1627
1617	1777
1618	1681
1618	1871
1619	1832
1619	1898
1619	1899
1619	1915
1619	1948
1619	1963
1619	1982
1620	1654
1620	1766
1620	1916
1621	1709
1621	1713
1621	1914
1621	1964
1622	1635
1622	1831
1622	1936
1622	1998
1623	1708
1623	1709
1623	1949
1623	1953
1623	1965
1624	1723
1624	1730
1624	1734
1624	1749
1624	1943
1625	1638
1625	1750
1625	1994
1626	1764
1627	1634
1627	1643
1627	1646
1627	1873
1627	1910
1627	1991
1628	1634
1628	1757
1628	1821
1629	1693
1630	1889
1631	1962
1632	1923
1633	1723
1633	1999
1634	1886
1635	1896
1635	1939
1635	1989
1636	1749
1636	1769
1636	1786
1636	1928
1636	1978
1636	1997
1637	1643
1637	1748
1637	1941
1637	1958
1637	1985
1638	1750
1638	1988
1639	1658
1639	1819
1639	1824
1639	1883
1640	1797
1641	1688
1641	1709
1641	1792
1641	1888
1642	1814
1642	1870
1642	1933
1642	1983
1643	1655
1643	1699
1643	1732
1643	1741
1643	1843
1643	1987
1644	1749
1644	1951
1645	1914
1645	1928
1646	1736
1646	1782
1646	1794
1646	1799
1646	1812
1646	1896
1646	1907
1646	1910
1647	1687
1647	1714
1647	1787
1647	1817
1648	1716
1648	1749
1648	1756
1648	1779
1648	1785
1648	1851
1649	1939
1650	1676
1650	1710
1650	1728
1650	1732
1650	1781
1650	1967
1651	1700
1651	1747
1651	1785
1651	1822
1651	1867
1651	1891
1651	1892
1652	1860
1653	1661
1653	1930
1653	1948
1653	1977
1654	1716
1654	1780
1654	1919
1655	1663
1655	1714
1655	1718
1655	1756
1655	1816
1656	1731
1656	1751
1656	1789
1656	1834
1657	1673
1657	1705
1657	1709
1657	1877
1657	1992
1659	1676
1659	1794
1659	1851
1659	1889
1659	1936
1661	1686
1661	1812
1662	1928
1663	1701
1663	1992
1664	1690
1664	1789
1665	1974
1666	1923
1666	1999
1667	1698
1667	1725
1667	1850
1668	1796
1668	1842
1668	1847
1668	1874
1668	1987
1669	1807
1670	1743
1670	1800
1670	1814
1670	1826
1671	1801
1671	1878
1672	1707
1672	1765
1672	1892
1672	1938
1673	1730
1673	1771
1673	1803
1673	1861
1673	1874
1673	1933
1673	1989
1674	1680
1674	1716
1674	1966
1675	1753
1675	1835
1675	1875
1676	1734
1676	1762
1676	1894
1676	1898
1676	1903
1677	1737
1677	1820
1678	1893
1678	1925
1679	1705
1680	1683
1680	1758
1680	1782
1681	1931
1682	1772
1683	1876
1684	1792
1684	1794
1685	1730
1685	1781
1685	1942
1685	1994
1686	1847
1686	1958
1686	1984
1686	1998
1687	1936
1687	1950
1687	1951
1687	1969
1687	1980
1688	1730
1688	1807
1688	1809
1688	1848
1688	1951
1688	1968
1690	1702
1690	1835
1690	1868
1690	1957
1691	1769
1691	1882
1692	1729
1692	1735
1692	1801
1692	1877
1692	1893
1692	1945
1693	1704
1693	1839
1694	1719
1694	1761
1694	1775
1694	1821
1694	1889
1694	1983
1695	1709
1695	1880
1695	1952
1695	1962
1695	1990
1696	1723
1696	1735
1696	1878
1696	1879
1696	1931
1697	1795
1697	1924
1698	1817
1698	1860
1698	1928
1699	1702
1699	1712
1699	1838
1700	1752
1701	1782
1701	1805
1701	1807
1702	1956
1703	1812
1703	1846
1704	1823
1704	1979
1705	1831
1707	1798
1707	1845
1707	1883
1707	1981
1708	1802
1708	1832
1708	1867
1708	1887
1708	1933
1708	1945
1709	1747
1709	1825
1709	1852
1709	1878
1710	1747
1710	1793
1710	1887
1711	1743
1711	1811
1711	1855
1711	1922
1711	1928
1711	1950
1713	1997
1715	1798
1715	1865
1715	1889
1715	1987
1716	1831
1716	1879
1716	1937
1717	1759
1717	1827
1717	1841
1717	1845
1717	1909
1717	1967
1718	1847
1718	1865
1719	1839
1719	1966
1720	1721
1720	1744
1720	1964
1721	1839
1721	1896
1722	1787
1722	1789
1723	1767
1723	1943
1724	1846
1724	1877
1724	1886
1724	1903
1724	1906
1725	1741
1725	1770
1725	1833
1725	1834
1725	1867
1725	1978
1726	1932
1726	1935
1727	1777
1727	1892
1727	1996
1728	1820
1728	1906
1728	1933
1729	1769
1730	1931
1730	1954
1730	1988
1731	1759
1731	1810
1731	1877
1731	1942
1732	1874
1732	1934
1733	1878
1734	1773
1734	1830
1734	1861
1734	1969
1734	1979
1735	1835
1735	1934
1735	1958
1737	1895
1737	1935
1738	1779
1738	1831
1739	1879
1740	1890
1740	1951
1740	1994
1741	1843
1741	1896
1741	1942
1741	1965
1742	1802
1742	1813
1742	1978
1743	1813
1743	1815
1743	1967
1744	1768
1744	1807
1744	1822
1744	1851
1745	1758
1745	1792
1745	1806
1745	1894
1746	1771
1746	1870
1747	1771
1748	1844
1749	1993
1750	1755
1750	1781
1750	1825
1751	1906
1751	1918
1751	1953
1752	1761
1752	1771
1752	1797
1753	1892
1753	1929
1753	1974
1754	1839
1755	1771
1757	1847
1757	1910
1758	1762
1758	1881
1759	1855
1760	1823
1760	1974
1760	1985
1760	1991
1762	1873
1762	1915
1762	1962
1762	1993
1763	1969
1763	1981
1764	1776
1764	1785
1764	1807
1764	1872
1764	1924
1765	1809
1765	1943
1765	1954
1768	1845
1769	1792
1769	1823
1769	1994
1770	1804
1771	1785
1771	1850
1771	1918
1771	1920
1772	1869
1772	1884
1772	1935
1772	1944
1772	1984
1774	1920
1774	1948
1774	1971
1774	1999
1775	1778
1775	1990
1776	1990
1777	1870
1778	1896
1778	1940
1779	1993
1780	1894
1780	1965
1780	1993
1781	1784
1781	1862
1781	1891
1781	1943
1782	1956
1782	1988
1783	1812
1783	1858
1783	1936
1783	1958
1784	1869
1785	1809
1785	1850
1786	1887
1786	1969
1788	1836
1788	1954
1789	1835
1789	1856
1790	1794
1790	1863
1790	1979
1791	1869
1791	1992
1791	1993
1794	1799
1794	1818
1794	1849
1794	1942
1794	1983
1794	1997
1796	1817
1796	1862
1796	1934
1796	1953
1797	1805
1797	1915
1797	1919
1797	1937
1797	1952
1797	1981
1799	1829
1800	1882
1800	1929
1801	1926
1801	1928
1802	1824
1802	1829
1802	1999
1803	1840
1803	1883
1803	1983
1804	1827
1804	1857
1804	1863
1804	1954
1805	1900
1805	1910
1805	1966
1806	1999
1807	1861
1807	1877
1808	1924
1808	1998
1809	1879
1809	1898
1809	1984
1810	1824
1810	1893
1810	1961
1810	1967
1810	1970
1810	1979
1810	1988
1811	1883
1811	1897
1811	1980
1812	1815
1812	1912
1813	1998
1815	1895
1816	1854
1816	1855
1817	1951
1817	1998
1818	1882
1819	1861
1819	1907
1819	1982
1820	1878
1820	1895
1820	1975
1820	1987
1822	1871
1824	1976
1824	1978
1825	1865
1825	1931
1825	1985
1826	1910
1826	1919
1827	1885
1827	1910
1828	1894
1829	1918
1829	1985
1830	1866
1832	1864
1832	1900
1832	1937
1832	1947
1832	1964
1833	1835
1833	1858
1833	1885
1833	1994
1834	1840
1834	1977
1835	1850
1835	1955
1837	1842
1837	1855
1839	1874
1840	1864
1840	1911
1840	1947
1841	1901
1841	1978
1842	1843
1844	1892
1845	1858
1845	1937
1845	1959
1848	1913
1850	1943
1851	1903
1852	1924
1853	1910
1855	1962
1856	1863
1856	1933
1856	1995
1857	1985
1858	1870
1858	1979
1859	1892
1859	1970
1859	1980
1859	1981
1860	1880
1860	1910
1861	1949
1862	1924
1862	1990
1863	1979
1863	1991
1865	1968
1866	1944
1867	1884
1867	1902
1867	1935
1867	1966
1868	1915
1868	1969
1868	1970
1869	1951
1869	1975
1870	1919
1872	1925
1876	1965
1877	1907
1877	1956
1877	1962
1877	1972
1881	1883
1883	1891
1883	1915
1884	1963
1884	1985
1887	1925
1887	1984
1888	1979
1893	1956
1895	1957
1898	1921
1898	1949
1900	1968
1901	1945
1902	1971
1902	1977
1903	1912
1906	1959
1908	1983
1909	1983
1911	1928
1911	1991
1912	1927
1912	1975
1914	1945
1914	1952
1914	1954
1915	1928
1915	1972
1916	1935
1916	1940
1917	1930
1917	1981
1918	1943
1919	1972
1920	1999
1921	1979
1922	1926
1922	1956
1923	1949
1924	1964
1926	1952
1927	1988
1928	1988
1929	1957
1930	1951
1931	1963
1932	1949
1932	1988
1933	1988
1934	1960
1934	1977
1934	1980
1935	1937
1936	1951
1936	1985
1938	1995
1941	1942
1942	1956
1951	1971
1956	1975
1957	1962
1960	1961
1960	1999
1961	1981
1966	1977
1967	1992
1968	1988
1971	1975
1988	1994
