2000	0
0	348
0	366
0	428
0	775
0	877
0	933
0	962
1	311
1	408
1	707
2	80
2	255
2	354
2	457
2	494
2	719
2	770
2	784
2	800
2	823
2	830
2	849
2	891
2	949
3	110
3	128
3	183
3	237
3	490
3	518
3	583
3	876
3	948
3	957
4	32
4	231
4	266
4	480
4	648
4	660
4	749
4	810
5	96
5	319
5	404
5	419
5	559
5	694
5	699
5	768
6	18
6	30
6	123
6	338
6	353
6	531
6	620
6	889
7	55
7	338
7	497
7	574
7	649
7	799
7	933
7	977
8	87
8	111
8	558
8	894
8	953
9	169
9	354
9	481
9	541
9	842
9	845
9	928
9	963
9	970
10	46
10	82
10	123
10	150
10	235
10	430
10	453
10	507
10	512
10	514
10	592
10	606
10	885
10	909
11	96
11	117
11	174
11	240
11	311
11	761
11	871
11	905
12	42
12	76
12	187
12	312
12	424
12	482
12	492
12	768
12	774
13	59
13	82
13	369
13	423
13	431
13	577
13	738
13	816
13	902
13	920
13	930
14	154
14	247
14	268
14	280
14	286
14	403
14	429
14	448
14	507
14	536
14	651
14	756
14	882
14	910
15	61
15	69
15	249
15	465
15	583
15	711
15	717
15	741
15	768
15	791
15	819
15	896
15	918
15	970
16	57
16	376
16	457
16	675
16	865
17	39
17	60
17	113
17	215
17	242
17	307
17	361
17	453
17	456
18	26
18	156
18	262
18	312
18	413
18	785
18	1587
19	349
19	671
19	698
19	963
19	993
19	1546
20	87
20	178
20	251
20	260
20	323
20	595
20	607
20	623
20	739
20	871
21	109
21	112
21	173
21	189
21	267
21	290
21	393
21	407
21	474
21	488
21	628
21	654
21	881
21	903
21	918
21	980
22	28
22	93
22	126
22	127
22	154
22	260
22	347
22	615
22	759
22	892
23	33
23	102
23	103
23	125
23	129
23	301
23	317
23	339
23	411
23	535
23	755
23	850
23	918
23	929
23	968
24	514
24	647
24	741
25	91
25	183
25	217
25	226
25	266
25	337
25	378
25	393
25	454
25	485
25	544
25	547
25	561
25	826
25	989
26	176
26	196
26	281
26	358
26	421
26	522
26	570
26	758
26	826
26	956
26	994
27	840
27	847
27	865
28	234
28	362
28	438
28	749
28	750
28	826
28	834
28	961
29	39
29	61
29	135
29	295
29	303
29	378
29	410
29	508
29	642
29	811
29	894
29	1170
30	102
30	250
30	310
30	332
30	496
30	750
30	834
30	874
31	41
31	65
31	235
31	340
31	451
31	535
31	732
31	925
31	950
31	989
32	111
32	125
32	262
32	265
32	370
32	628
32	666
32	899
33	47
33	155
33	210
33	242
33	283
33	397
33	455
33	591
33	643
33	759
33	809
33	863
33	893
34	58
34	90
34	126
34	165
34	789
34	798
34	871
35	40
35	116
35	501
35	729
35	738
35	976
35	1541
36	60
36	163
36	200
36	327
36	329
36	374
36	379
36	517
36	603
36	617
36	686
36	706
36	743
36	805
36	816
36	850
37	114
37	148
37	225
37	539
37	571
37	616
37	662
37	738
37	771
37	775
37	776
37	921
38	49
38	161
38	278
38	579
38	711
38	919
39	229
39	464
39	479
39	513
39	687
39	787
39	896
39	898
40	157
40	179
40	195
40	527
40	765
40	915
40	947
40	951
41	79
41	516
41	521
41	550
41	657
41	711
41	778
41	921
42	51
42	59
42	201
42	231
42	240
42	255
42	403
42	429
42	585
42	653
42	772
43	112
43	136
43	159
43	189
43	442
43	446
43	473
43	537
43	539
43	583
43	786
43	892
43	1976
44	100
44	145
44	210
44	242
44	344
44	442
44	452
44	456
44	474
44	560
44	761
44	809
45	331
45	355
45	402
45	460
45	462
45	502
45	724
45	745
45	792
46	703
46	736
46	785
46	847
46	893
46	1907
47	73
47	85
47	250
47	261
47	304
47	334
47	434
47	484
47	689
47	735
47	750
47	751
47	896
47	937
48	371
48	428
48	459
48	542
48	560
48	590
48	757
48	962
49	133
49	204
49	295
49	372
49	417
49	445
49	624
49	656
49	777
49	876
49	975
50	140
50	379
50	388
50	641
50	668
50	702
50	932
51	193
51	258
51	261
51	323
51	343
51	354
51	455
51	887
52	77
52	105
52	322
52	385
52	430
52	813
52	884
52	939
53	168
53	179
53	227
53	253
53	352
53	362
53	478
53	628
53	636
53	660
53	802
53	867
54	83
54	108
54	122
54	191
54	270
54	304
54	448
54	652
54	696
54	761
54	887
54	999
55	56
55	96
55	245
55	405
55	576
55	689
55	759
56	139
56	325
56	413
56	447
56	992
57	110
57	122
57	207
57	275
57	295
57	311
57	332
57	411
57	487
57	558
57	588
57	649
57	698
58	118
58	301
58	350
58	381
58	394
58	576
58	710
58	747
58	785
58	948
59	240
59	288
59	405
59	579
59	654
59	674
59	704
59	793
59	940
60	205
60	362
60	523
60	596
60	808
60	828
60	832
60	863
61	73
61	94
61	171
61	576
61	846
61	887
61	903
62	127
62	215
62	340
62	516
62	592
62	627
62	635
62	660
62	731
62	801
62	815
63	100
63	156
63	212
63	227
63	278
63	344
63	467
63	583
63	701
63	748
63	880
63	973
63	978
64	67
64	112
64	158
64	365
64	374
64	541
64	546
64	572
64	620
64	706
64	795
64	840
64	853
64	856
64	916
64	960
65	192
65	220
65	467
65	957
66	67
66	172
66	188
66	237
66	238
66	288
66	292
66	328
66	413
66	761
66	785
66	825
66	846
66	998
66	1117
67	99
67	194
67	228
67	274
67	379
67	380
67	408
67	418
67	430
67	553
67	718
67	847
67	925
67	1872
68	262
68	491
68	504
68	507
68	540
68	605
68	695
68	723
68	740
68	1927
69	97
69	102
69	242
69	521
69	569
69	649
69	661
69	840
69	983
70	75
70	99
70	139
70	149
70	153
70	711
70	712
70	815
70	857
70	918
70	1581
71	111
71	113
71	154
71	209
71	302
71	520
71	535
71	556
71	571
71	651
72	99
72	107
72	275
72	380
72	465
73	228
73	245
73	356
73	594
73	653
73	740
73	816
74	171
74	192
74	417
74	594
74	605
74	693
74	796
74	885
74	940
74	981
75	133
75	156
75	466
75	479
75	725
75	767
75	799
75	880
75	963
75	969
76	478
76	553
76	662
76	674
76	720
76	734
76	773
76	816
76	969
77	153
77	380
77	711
77	804
77	856
77	896
77	958
78	95
78	113
78	386
78	507
78	523
78	953
79	401
79	452
79	479
79	501
79	559
79	575
79	581
79	600
79	626
79	653
79	654
79	822
79	948
80	156
80	197
80	251
80	393
80	536
80	547
80	637
80	687
80	939
81	249
81	305
81	493
81	575
81	590
81	617
82	275
82	382
82	394
82	534
82	540
82	585
82	695
82	824
82	935
82	949
82	986
83	169
83	345
83	493
83	566
83	891
84	285
84	900
84	912
84	972
84	980
85	140
85	565
85	585
85	609
85	637
85	663
85	685
85	987
86	286
86	586
86	685
86	693
86	740
86	981
87	108
87	147
87	281
87	534
87	605
87	612
87	649
87	659
88	222
88	254
88	259
88	305
88	348
88	428
88	437
88	467
88	577
88	661
88	677
88	746
88	806
88	809
88	828
88	896
88	934
88	1817
89	140
89	257
89	624
89	677
89	709
89	726
89	796
89	867
89	992
90	143
90	518
90	583
90	612
90	672
90	710
91	131
91	181
91	287
91	303
91	441
91	505
91	554
91	635
92	179
92	660
92	688
92	744
92	757
93	127
93	156
93	165
93	482
93	728
93	747
93	803
93	836
93	875
93	889
93	916
93	989
94	99
94	180
94	313
94	482
94	486
94	546
94	578
94	640
94	681
94	990
95	152
95	167
95	221
95	222
95	435
95	580
95	791
95	829
95	855
95	901
95	909
95	996
96	177
96	286
96	344
96	409
96	416
96	452
96	958
97	154
97	331
97	482
97	509
97	514
97	659
97	717
97	768
97	793
98	193
98	206
98	225
98	355
98	384
98	467
98	626
98	676
98	697
98	876
98	989
99	113
99	157
99	175
99	206
99	220
99	284
99	324
99	350
99	365
99	480
99	524
99	559
99	721
99	785
100	192
100	336
100	415
100	518
100	598
100	742
100	808
100	857
101	172
101	184
101	406
101	504
101	559
101	617
101	635
101	738
101	897
102	287
102	359
102	442
102	729
102	766
102	822
102	878
102	946
102	976
102	994
103	154
103	416
103	421
103	599
103	757
103	912
104	225
104	329
104	507
104	912
105	149
105	171
105	273
105	686
105	745
105	786
105	836
105	850
105	894
106	128
106	347
106	412
106	578
106	646
106	648
106	764
106	922
106	961
107	234
107	585
107	866
107	914
108	168
108	361
108	402
108	749
108	769
108	867
108	887
108	891
109	110
109	280
109	295
109	381
109	448
109	467
109	582
109	733
109	807
110	154
110	235
110	281
110	385
110	640
110	794
110	865
110	920
110	939
110	986
111	445
111	460
111	771
111	836
111	901
111	936
112	167
112	365
112	399
112	406
112	494
112	508
112	519
112	556
112	592
112	760
112	763
112	895
112	909
112	986
113	114
113	244
113	302
113	309
113	364
113	475
113	518
113	534
113	885
114	218
114	238
114	247
114	261
114	380
114	535
114	637
114	645
114	675
114	704
114	756
114	871
114	954
114	987
115	160
115	227
115	263
115	272
115	286
115	454
115	497
115	715
115	858
115	895
115	912
115	917
115	933
115	939
116	349
116	594
116	718
116	749
116	802
116	903
116	991
117	175
117	227
117	244
117	384
117	385
117	423
117	622
117	685
117	714
117	793
117	878
118	139
118	371
118	404
118	526
118	619
118	777
118	813
119	150
119	176
119	215
119	290
119	300
119	311
119	370
119	485
119	592
119	716
119	980
120	163
120	168
120	182
120	371
120	374
120	412
120	419
120	601
120	604
120	871
120	904
121	126
121	150
121	346
121	371
121	387
121	430
121	616
121	781
121	841
121	866
121	888
122	138
122	162
122	342
122	437
122	772
122	853
122	949
123	220
123	281
123	405
123	416
123	419
123	423
123	440
123	532
123	550
123	561
123	564
123	602
123	636
123	637
123	674
123	794
124	576
124	623
124	671
124	814
124	996
125	325
125	618
125	652
125	896
126	146
126	205
126	370
126	440
126	608
126	609
126	826
126	852
127	359
127	476
127	624
127	1693
128	277
128	463
128	544
128	645
128	698
128	790
128	874
128	937
129	202
129	358
129	552
129	769
129	782
129	823
129	825
129	869
130	138
130	166
130	457
130	481
130	502
130	609
130	615
130	638
130	744
130	749
130	782
130	803
130	827
130	954
131	200
131	214
131	261
131	356
131	606
131	622
131	626
131	898
131	914
132	151
132	272
132	312
132	323
132	502
132	698
132	779
132	791
132	842
132	856
132	891
132	913
133	143
133	400
133	451
133	477
133	582
133	674
133	723
133	784
133	807
134	247
134	327
134	380
134	400
134	430
134	612
134	708
134	732
134	858
134	872
135	277
135	324
135	327
135	357
135	567
135	586
135	960
135	977
136	141
136	203
136	224
136	421
136	452
136	522
136	591
136	598
136	611
136	664
136	673
136	758
136	987
136	1980
137	182
137	193
137	577
137	691
137	817
137	858
137	915
138	193
138	236
138	284
138	309
138	541
138	652
138	659
138	716
138	989
139	364
139	546
139	602
139	798
139	977
140	177
140	463
140	602
140	698
140	783
140	854
140	887
141	223
141	244
141	257
141	259
141	288
141	403
141	495
141	589
141	612
141	632
141	728
141	807
141	819
141	902
141	963
142	151
142	361
142	417
142	526
142	653
142	699
142	742
143	234
143	501
143	737
143	752
143	975
144	279
144	329
144	343
144	429
144	488
144	530
144	718
144	724
144	793
144	1872
145	260
145	503
145	528
145	605
145	712
145	897
146	203
146	453
146	492
146	624
146	816
146	920
146	1581
147	338
147	364
147	366
147	502
147	506
147	591
147	776
147	916
147	960
148	181
148	241
148	269
148	428
148	522
148	827
148	915
148	989
148	1993
149	362
149	475
149	562
149	574
149	656
149	838
149	863
149	864
150	176
150	303
150	388
150	508
150	622
150	661
150	787
150	791
150	806
150	881
150	896
150	999
150	1200
151	223
151	517
151	587
151	653
151	761
151	853
151	914
151	950
151	979
152	258
152	283
152	386
152	417
152	734
152	876
152	940
153	233
153	285
153	297
153	301
153	536
153	539
153	771
153	841
154	347
154	393
154	682
154	688
154	794
154	866
154	922
154	968
155	245
155	273
155	540
155	800
155	839
155	904
156	357
156	364
156	401
156	680
156	728
156	828
156	907
156	997
157	174
157	241
157	364
157	365
157	462
157	552
157	588
157	643
157	834
157	907
158	163
158	304
158	341
158	708
158	825
158	981
158	1294
159	247
159	399
159	497
159	554
159	584
159	712
159	728
159	878
160	346
160	474
160	660
160	691
160	981
161	188
161	192
161	398
161	421
161	517
161	588
161	653
161	789
161	856
161	993
162	181
162	264
162	424
162	566
162	582
162	628
162	633
162	634
162	808
162	922
163	402
163	526
163	549
163	660
163	772
163	925
164	253
164	401
164	560
164	754
164	779
164	850
164	894
164	899
164	951
164	986
165	244
165	267
165	413
165	424
165	671
165	773
165	810
165	928
165	946
165	1083
166	294
166	349
166	479
166	556
166	639
166	810
166	834
167	186
167	554
167	641
167	687
168	274
168	372
168	453
168	468
168	563
168	698
168	699
168	996
169	289
169	392
169	491
169	492
169	561
169	628
169	756
169	807
169	814
169	846
169	903
170	210
170	247
170	409
170	485
170	492
170	635
170	641
170	657
170	680
170	733
170	856
171	283
171	299
171	333
171	483
171	517
171	699
171	853
171	967
172	413
172	424
172	513
172	539
172	540
172	560
172	598
172	611
172	627
172	671
172	681
172	693
172	763
172	904
172	957
173	345
173	748
173	863
173	867
173	892
173	958
174	360
174	510
174	602
174	751
174	845
174	882
174	961
174	963
175	356
175	705
175	926
176	218
176	952
176	965
176	992
177	414
177	554
177	590
177	896
178	338
178	471
178	691
178	720
178	738
178	752
179	213
179	287
179	431
179	652
179	810
180	182
180	227
180	272
180	497
180	512
180	733
180	753
180	800
180	912
180	945
181	279
181	293
181	415
181	538
181	624
181	814
182	201
182	228
182	276
182	338
182	386
182	947
183	368
183	555
183	597
183	618
183	628
183	939
183	984
184	297
184	437
184	455
184	476
184	486
184	575
184	609
184	715
184	764
184	808
184	985
185	268
185	275
185	353
185	485
185	488
185	505
185	531
185	677
185	819
185	848
186	234
186	239
186	275
186	413
186	468
186	565
186	652
186	679
186	704
187	190
187	232
187	270
187	381
187	419
187	458
187	460
187	504
187	572
187	587
187	739
187	792
187	838
188	192
188	356
188	471
188	530
188	599
188	624
188	625
188	943
189	298
189	322
189	326
189	378
189	516
189	581
189	593
189	611
189	688
189	710
189	762
189	816
189	825
189	888
189	935
190	337
190	341
190	409
190	475
190	595
190	767
190	972
190	999
191	337
191	372
191	439
191	799
191	839
191	918
191	1054
192	361
192	385
192	652
192	654
192	700
192	810
192	821
192	982
192	984
192	1202
193	297
193	369
193	899
193	931
193	962
193	999
194	345
194	419
194	603
194	782
194	979
194	993
195	436
195	483
195	509
195	573
195	671
195	753
195	765
195	867
196	202
196	310
196	354
196	393
196	490
196	610
196	648
196	659
196	750
196	771
196	811
196	813
196	828
196	846
196	898
196	905
196	926
197	388
197	447
197	448
197	550
197	642
197	722
197	732
197	889
198	348
198	439
198	533
198	538
199	229
199	249
199	396
199	492
199	499
199	579
199	619
199	641
199	668
199	700
199	764
199	874
199	880
200	789
200	790
200	860
200	995
201	277
201	422
201	645
201	660
201	794
201	885
201	954
202	459
202	649
202	713
203	227
203	526
203	743
203	848
203	880
203	935
203	953
203	955
203	973
203	977
204	210
204	378
204	447
204	463
204	497
204	506
204	606
204	618
204	770
204	828
204	837
204	848
204	910
204	913
205	341
205	435
205	439
205	482
205	485
205	488
205	510
205	527
205	580
205	634
205	787
205	809
205	837
206	236
206	426
206	546
206	792
206	905
206	921
207	283
207	335
207	385
207	422
207	735
208	214
208	248
208	443
208	554
208	559
208	576
208	715
208	726
208	836
208	884
208	950
209	450
209	482
209	508
209	521
209	721
209	982
210	343
210	820
210	889
210	1254
211	234
211	277
211	290
211	294
211	615
211	693
211	813
211	864
211	874
212	251
212	309
212	431
212	502
212	538
212	598
212	654
212	934
212	1784
213	244
213	413
213	437
213	516
213	549
213	551
213	568
213	587
213	612
213	640
213	716
213	949
214	313
214	326
214	836
214	847
214	916
215	221
215	308
215	505
215	536
215	554
215	754
216	255
216	391
216	394
216	599
216	600
216	624
216	879
216	989
217	637
217	841
218	323
218	472
218	666
218	671
218	822
218	835
218	926
218	936
218	972
219	240
219	419
219	710
220	342
220	354
220	386
220	588
220	656
220	669
220	874
220	906
221	283
221	313
221	401
221	502
221	566
221	878
222	238
222	327
222	387
222	733
222	798
222	814
222	944
222	1163
223	255
223	424
223	654
223	706
223	725
223	733
223	787
223	904
223	1306
224	286
224	337
224	361
224	450
224	550
224	638
224	672
225	330
225	417
225	805
225	817
225	850
225	894
225	933
226	256
226	257
226	408
226	549
226	594
226	602
226	782
226	800
226	812
226	896
227	426
227	484
227	625
227	905
228	261
228	436
228	793
228	812
228	827
228	913
229	260
229	261
229	403
229	547
229	631
229	774
229	799
229	937
230	338
230	434
230	467
230	583
230	589
230	605
230	616
230	751
230	773
230	788
230	901
231	275
231	320
231	355
231	421
231	595
231	724
231	729
231	792
232	321
232	421
232	589
232	599
232	603
232	857
232	890
233	456
233	559
233	605
233	689
233	779
233	838
234	387
234	439
234	508
234	538
234	582
234	593
234	739
234	760
234	771
234	803
234	845
234	895
234	927
235	358
235	571
235	692
235	937
235	954
236	418
236	503
236	553
236	711
237	274
237	312
237	469
237	487
237	567
237	640
237	771
237	883
237	1440
238	365
238	521
238	813
238	860
238	867
238	955
239	627
239	639
239	649
239	686
239	804
239	835
239	874
240	285
240	328
240	426
240	526
240	724
240	754
240	798
240	799
241	339
241	478
241	499
241	518
241	648
241	903
241	946
242	333
242	479
242	540
243	285
243	680
243	710
243	789
243	910
243	975
244	284
244	339
244	411
244	421
244	571
244	620
244	671
244	875
244	914
245	361
245	437
245	568
245	613
245	671
245	720
245	831
245	864
245	876
246	252
246	329
246	431
246	447
246	459
246	557
246	765
246	783
246	878
247	600
247	850
247	922
247	979
247	987
248	280
248	289
248	314
248	583
248	596
248	653
248	771
248	839
249	341
249	372
249	377
249	521
249	599
249	634
249	824
249	930
249	962
250	254
250	356
250	418
250	423
250	530
250	531
250	705
250	730
250	734
250	756
250	981
251	280
251	393
251	464
251	568
251	668
251	701
251	829
251	1170
252	396
252	810
252	855
252	970
252	996
253	285
253	473
253	517
253	563
253	608
253	619
253	623
253	750
253	779
253	861
253	906
253	998
254	297
254	375
254	441
254	473
254	477
254	514
254	596
254	617
254	638
254	818
254	887
255	262
255	311
255	316
255	373
255	393
255	463
255	567
255	615
255	741
255	947
255	996
255	1094
256	507
256	730
256	738
256	755
257	406
257	509
257	574
257	671
257	780
257	857
258	398
258	451
258	522
258	618
258	739
258	804
258	893
258	970
259	527
259	556
259	624
259	651
259	674
259	715
259	724
259	748
259	938
260	300
260	333
260	498
260	534
260	755
260	808
261	264
261	278
261	312
261	426
261	444
261	491
261	857
261	986
262	326
262	643
262	704
262	710
262	713
262	736
262	882
262	898
263	284
263	374
263	523
263	986
264	296
264	375
264	457
264	467
264	485
264	510
264	688
264	705
264	811
264	871
264	880
265	271
265	482
265	521
265	626
265	681
265	843
265	849
265	879
265	886
266	599
266	603
266	775
266	889
266	974
267	268
267	362
267	378
267	402
267	527
267	807
267	949
268	345
268	453
268	481
268	640
268	830
269	373
269	513
269	556
269	580
269	632
269	782
269	797
269	847
269	905
270	352
270	500
270	539
270	678
270	916
270	945
270	961
271	355
271	368
271	389
271	410
271	693
271	761
271	777
271	843
271	869
272	440
272	526
272	528
272	626
272	710
272	845
273	520
273	535
273	613
273	698
273	794
273	883
273	948
273	1534
274	455
274	542
274	743
274	1848
275	397
275	399
275	417
275	470
275	573
275	597
275	642
275	684
275	964
276	279
276	470
276	665
276	751
276	772
276	779
276	823
276	834
276	891
277	284
277	355
277	511
277	623
277	683
277	857
278	425
278	486
278	525
278	591
278	604
278	619
278	752
278	822
278	849
278	966
279	330
279	466
279	471
279	484
279	567
279	593
279	611
279	763
279	894
280	350
280	522
280	547
280	832
280	905
280	984
281	647
281	653
281	691
281	813
281	940
282	315
282	324
282	519
282	549
282	554
282	558
282	714
282	726
282	794
282	811
282	853
282	865
283	304
283	426
283	604
283	643
283	706
283	808
283	853
283	860
283	881
283	978
284	347
284	403
284	433
284	468
284	629
284	698
284	949
284	966
285	291
285	350
285	490
285	844
285	889
285	987
286	287
286	482
286	606
286	630
286	685
286	857
286	910
286	999
287	349
287	382
287	403
287	510
287	772
288	682
288	871
288	914
289	364
289	400
289	589
289	695
289	725
289	773
290	422
290	456
290	592
290	626
290	673
290	693
290	705
290	786
290	919
291	373
291	908
291	954
292	339
292	519
292	618
292	761
292	793
293	481
293	489
293	496
293	567
293	698
293	819
294	305
294	306
294	409
294	719
294	750
294	862
294	962
295	317
295	483
295	549
295	566
295	895
295	952
295	977
296	384
296	544
296	652
296	821
296	825
296	854
297	385
297	471
297	618
297	655
297	683
297	712
297	837
297	874
297	902
298	323
298	454
298	535
298	627
298	643
298	793
298	889
298	973
298	982
299	557
299	611
299	678
299	760
299	815
299	1445
300	324
300	394
300	590
300	592
300	627
300	677
300	738
300	752
300	933
301	325
301	360
301	524
301	643
301	948
302	843
303	415
303	458
303	491
303	516
303	698
303	758
303	965
304	382
304	383
304	385
304	447
304	644
304	653
304	661
304	825
304	872
304	906
304	987
304	1258
305	389
305	538
305	623
305	677
305	740
305	898
305	999
306	319
306	358
306	428
306	838
306	940
306	992
306	996
306	1299
307	355
307	639
307	727
307	891
307	930
307	960
308	396
308	809
308	851
308	919
308	931
309	418
309	438
309	836
309	859
309	872
310	467
310	564
310	760
310	973
311	368
311	636
311	643
311	842
311	849
311	891
312	421
312	527
312	555
312	570
312	615
312	641
312	650
312	855
312	971
312	1113
313	359
313	394
313	462
313	464
313	529
313	608
313	650
313	823
313	962
314	455
314	486
314	587
314	635
314	945
314	972
315	324
315	348
315	405
315	434
315	632
315	666
315	675
315	703
315	808
315	813
316	523
316	569
316	604
316	627
316	647
316	824
316	903
316	940
317	333
317	425
317	428
317	494
317	522
317	587
317	618
317	631
317	656
317	709
317	721
317	757
317	829
317	893
318	339
318	425
318	531
318	552
318	565
318	639
319	494
319	541
319	793
319	814
319	837
319	845
319	879
319	903
319	948
320	392
320	559
320	764
320	799
320	821
320	911
321	420
321	454
321	515
321	545
321	595
321	602
321	613
321	623
321	729
321	799
322	419
322	443
322	459
322	593
322	613
322	731
322	871
322	936
323	328
323	345
323	398
323	427
323	435
323	512
323	611
323	695
323	698
323	773
323	812
323	823
323	890
323	983
323	991
324	326
324	616
324	679
324	706
324	836
324	880
324	941
324	964
324	997
325	348
325	625
325	715
325	880
325	941
326	517
326	651
326	841
326	950
326	953
326	1617
327	489
327	555
327	576
327	649
327	664
327	927
328	359
328	378
328	410
328	423
328	497
328	613
328	685
329	345
329	357
329	500
329	849
329	948
329	990
330	401
330	446
330	513
330	536
330	542
330	586
330	663
330	698
330	797
330	905
331	449
331	564
331	742
331	745
331	747
331	855
332	353
332	387
332	428
332	491
332	513
332	541
332	777
332	904
332	949
332	981
333	375
333	453
333	532
333	557
333	654
333	668
333	750
334	422
334	437
334	502
334	643
334	672
334	741
334	772
334	823
334	861
334	894
334	924
334	938
334	999
335	495
335	513
335	867
335	883
335	963
336	351
336	666
336	671
336	731
336	939
336	989
337	347
337	481
337	497
337	788
337	916
337	938
338	495
338	637
338	649
338	871
338	891
338	947
338	965
339	366
339	372
339	541
339	745
339	863
339	877
340	341
340	423
340	430
340	486
340	613
340	627
340	688
340	883
340	893
340	965
341	408
341	416
341	463
341	602
341	812
341	833
341	992
342	390
342	428
342	552
342	854
342	867
342	886
342	928
342	935
342	1187
343	354
343	489
343	514
343	765
343	814
343	881
343	895
343	925
344	400
344	460
344	574
344	597
344	667
344	684
344	822
345	445
345	597
346	433
346	477
346	552
346	631
346	880
346	900
346	923
347	447
347	545
347	614
347	632
347	715
347	771
347	874
347	977
347	1423
348	417
348	439
348	545
348	572
348	589
348	719
348	896
348	900
348	905
348	957
348	959
349	368
349	484
349	522
349	614
349	740
349	741
349	803
349	804
349	840
349	904
350	388
350	435
350	774
350	798
350	820
351	418
351	429
351	436
351	478
351	783
351	795
352	511
352	566
353	401
353	416
353	743
353	797
354	395
354	459
354	529
354	667
354	789
354	874
354	980
355	516
355	522
355	836
355	977
356	410
356	505
356	684
356	763
356	823
356	907
357	408
357	447
357	646
357	686
357	746
357	751
357	765
357	827
357	863
357	935
357	964
357	968
357	980
358	371
358	533
358	577
358	745
358	843
358	942
359	364
359	411
359	427
359	441
359	455
359	677
359	688
359	894
359	978
360	450
360	626
360	845
361	426
361	449
361	619
361	746
361	984
362	472
362	482
362	604
362	638
362	843
362	852
363	716
363	723
363	815
363	851
363	902
363	992
363	1958
364	421
364	533
364	568
364	586
364	774
364	861
365	435
365	583
365	711
365	957
365	992
366	505
366	553
366	692
366	792
366	829
367	392
367	489
367	496
367	784
367	843
367	846
367	964
368	457
368	474
368	742
368	778
368	968
369	590
369	726
369	788
369	954
369	976
370	579
370	664
371	452
371	513
371	538
371	595
372	383
372	451
372	497
373	379
373	437
373	463
373	609
373	614
373	665
373	712
373	777
373	837
373	850
374	383
374	411
374	528
374	562
374	592
374	634
374	652
374	933
375	398
375	409
375	550
375	757
375	819
375	886
375	900
376	491
376	681
376	710
376	716
376	740
376	762
376	821
377	443
377	463
377	507
377	714
377	727
377	918
378	395
378	607
378	678
378	746
378	766
378	772
378	995
378	1699
379	498
379	618
379	629
379	695
380	474
380	748
380	787
380	966
381	507
381	520
381	665
381	777
381	954
381	977
381	984
382	410
382	436
382	547
382	593
382	706
382	802
382	869
382	872
382	903
382	919
382	974
382	975
383	547
383	555
383	796
383	833
383	902
383	920
384	571
384	626
384	641
384	760
384	761
384	768
384	942
384	965
385	399
385	522
385	532
385	711
385	824
385	831
385	931
385	1385
386	394
386	480
386	520
386	708
386	786
387	392
387	532
387	596
387	739
387	820
387	912
387	954
388	585
388	611
388	646
388	817
388	908
388	912
388	970
389	474
389	553
389	808
389	820
389	856
389	892
390	868
390	879
391	393
391	460
391	494
391	528
391	619
391	657
391	675
392	441
392	486
392	608
392	646
392	684
392	721
392	769
392	923
393	406
393	410
393	431
393	470
393	645
393	708
393	756
393	797
393	939
393	973
394	400
394	501
394	523
394	577
394	595
394	876
394	968
395	504
395	517
395	542
395	673
395	742
395	757
396	424
396	425
396	463
396	498
396	541
396	618
396	625
396	703
396	909
397	460
397	522
397	588
397	750
397	793
397	867
398	490
398	691
398	713
398	846
399	420
399	436
399	448
399	449
399	566
399	623
399	718
399	756
399	767
399	769
399	790
399	809
399	818
399	918
399	938
400	496
400	579
400	651
400	655
400	676
400	873
400	964
401	414
401	539
401	574
401	691
401	817
401	987
402	440
402	462
402	522
402	546
402	831
402	886
402	962
402	970
403	901
403	902
403	918
404	405
404	547
404	680
404	728
404	924
405	417
405	464
405	601
405	605
405	609
405	631
405	711
405	768
405	794
405	848
405	949
405	985
406	449
406	501
406	605
406	811
406	867
406	877
407	484
407	640
407	719
407	921
407	956
408	536
408	568
408	624
408	806
408	872
408	947
409	465
409	721
409	753
409	892
409	897
409	976
410	445
410	485
410	597
410	602
410	805
410	836
410	863
410	869
410	909
411	535
411	805
411	814
411	910
411	938
412	433
412	617
412	854
412	999
413	477
413	625
413	640
413	838
414	503
414	679
414	696
414	723
414	898
414	959
414	978
415	557
415	620
415	628
415	711
415	837
416	418
416	435
416	453
416	957
416	1587
417	707
417	743
417	785
417	979
418	508
418	666
418	760
418	800
419	665
419	985
420	571
420	616
420	658
420	822
420	843
421	448
421	479
421	544
421	738
421	747
421	864
421	998
422	461
422	489
422	509
422	532
422	606
422	758
422	808
422	878
422	901
422	903
423	770
423	950
424	471
424	605
424	736
424	970
424	1953
425	447
425	491
425	564
425	852
425	986
426	587
426	887
426	889
427	444
427	448
427	462
427	488
427	579
427	647
427	836
427	839
427	906
427	907
427	930
428	850
428	858
429	542
429	550
429	654
429	699
429	723
429	727
429	874
429	905
429	953
430	725
430	743
430	781
430	849
430	954
431	504
431	563
431	650
431	741
431	759
431	799
431	823
431	932
431	954
432	436
432	462
432	496
432	668
432	742
432	855
433	624
433	633
433	950
433	964
434	580
434	592
434	725
434	794
434	843
435	440
435	461
435	471
435	482
435	729
435	953
436	447
436	470
436	529
436	547
436	572
436	604
436	667
436	672
436	831
437	545
437	595
437	667
437	668
437	669
437	861
437	870
438	495
438	571
438	635
438	718
438	851
439	469
439	590
439	759
439	862
439	895
439	898
439	959
440	472
440	602
440	637
440	760
441	443
441	511
441	549
441	603
441	693
441	782
442	566
442	576
442	844
442	991
443	520
443	526
443	538
443	672
443	789
443	835
443	915
443	1815
444	504
444	523
444	553
444	570
444	850
444	872
445	454
445	558
445	812
445	883
445	952
446	518
446	627
446	719
446	906
446	911
446	942
447	541
447	562
447	598
447	855
448	711
448	776
448	824
448	919
449	517
449	570
449	614
449	695
449	736
449	804
449	819
449	861
450	495
450	519
450	654
450	665
450	672
450	807
450	897
450	986
451	454
451	475
451	503
451	590
451	671
451	752
451	775
451	932
452	459
452	567
452	610
452	823
452	840
453	545
453	608
453	663
453	675
453	723
453	756
453	786
453	800
453	946
453	962
454	612
454	682
454	687
454	906
454	936
455	513
455	660
455	712
455	743
455	806
455	814
456	624
456	659
456	694
456	704
456	888
456	928
456	956
456	1547
457	526
457	622
457	634
457	680
458	500
458	530
458	534
458	664
458	702
458	882
458	933
458	984
459	525
459	571
459	590
459	616
459	643
459	823
459	868
460	467
460	479
460	524
460	574
460	656
460	665
460	704
460	714
460	751
460	779
460	815
460	842
461	688
461	690
461	939
461	985
461	1388
462	463
462	886
462	916
462	920
463	503
463	752
463	863
463	977
464	649
464	700
464	748
464	816
464	843
464	869
464	968
464	988
465	499
465	695
465	741
465	765
465	809
465	820
465	872
465	981
465	1704
466	543
466	570
466	594
466	688
466	797
466	883
466	954
467	574
467	582
467	682
467	817
467	914
467	938
467	975
467	979
468	842
468	936
468	999
469	883
470	670
470	702
470	765
470	835
470	994
471	480
471	493
471	642
471	761
471	766
471	895
471	900
472	476
472	579
472	582
472	648
472	724
472	766
472	767
472	824
472	906
473	577
473	609
473	705
473	927
474	629
474	823
474	989
475	497
475	504
476	628
476	728
476	733
476	888
476	917
476	957
477	509
477	807
477	922
478	775
478	798
478	801
478	875
478	966
479	514
479	584
479	621
479	943
480	545
480	646
480	704
480	731
480	887
480	935
480	939
480	950
481	505
481	597
481	604
481	759
481	917
482	736
482	740
482	818
482	845
483	737
483	929
483	942
484	517
484	880
485	571
485	594
485	657
485	820
485	936
486	577
486	782
486	816
486	880
486	907
486	966
486	999
487	497
487	625
487	893
488	639
488	662
488	905
488	940
488	965
489	665
489	666
489	699
489	870
491	611
491	684
491	721
491	751
491	892
491	970
492	553
492	640
492	679
492	811
492	864
492	954
492	1015
493	565
493	604
493	682
493	733
493	852
493	868
494	858
494	906
494	1522
495	557
495	573
495	729
495	975
496	588
496	936
498	579
498	637
498	782
498	955
499	677
499	862
499	873
499	924
499	950
500	527
500	622
500	877
500	927
501	592
502	1758
503	590
503	655
503	746
503	832
504	571
504	716
504	763
504	805
504	822
504	973
505	603
505	618
505	849
505	879
506	710
506	778
507	576
507	578
507	602
507	638
507	650
507	841
507	854
507	875
507	916
507	917
508	525
508	580
508	654
508	752
508	854
508	884
508	947
508	972
509	567
509	714
509	1677
510	543
510	552
510	775
510	870
510	948
510	961
511	512
512	576
512	695
512	896
512	939
513	688
513	819
513	930
513	982
513	1581
514	850
514	885
515	526
515	612
515	696
515	787
515	826
515	871
515	883
516	601
516	648
516	704
516	776
516	822
516	971
517	590
517	954
517	1102
518	534
518	703
519	536
519	688
519	808
519	816
520	626
520	684
520	734
520	816
520	913
520	921
521	573
521	588
521	715
521	731
521	759
521	873
521	877
521	889
522	855
522	861
522	973
523	623
523	674
523	707
524	576
524	606
524	646
524	678
524	704
524	791
524	842
524	886
524	942
524	991
525	620
525	738
525	816
525	921
526	624
526	664
526	766
526	841
526	857
526	916
526	922
526	957
527	536
527	567
527	688
527	969
528	534
528	756
528	831
529	556
529	608
529	642
529	749
529	764
529	892
530	711
530	717
530	859
531	663
531	746
532	732
533	592
533	607
533	687
533	691
533	710
533	756
534	536
534	610
534	642
534	707
534	814
535	596
535	847
535	994
536	617
536	651
536	711
536	888
537	575
537	696
537	740
537	741
537	779
537	862
537	887
537	945
538	557
538	627
538	638
538	768
538	771
538	799
538	844
538	977
539	567
539	710
539	721
539	915
540	678
540	693
540	787
540	937
540	1459
541	544
541	625
541	784
542	590
542	683
542	696
542	754
542	764
542	805
542	850
542	968
543	578
543	610
543	637
543	693
543	697
543	790
543	817
543	856
543	876
544	553
544	564
544	660
544	687
544	708
544	719
544	724
544	776
544	783
544	875
544	969
545	633
545	672
545	698
545	722
545	795
545	844
545	971
545	985
546	547
546	575
546	592
546	658
546	737
546	855
547	563
547	845
547	861
547	938
547	1368
548	582
548	800
548	840
548	858
548	864
548	886
548	914
548	931
549	564
549	641
549	671
549	839
549	906
550	562
550	782
550	802
550	831
551	581
551	635
551	778
552	647
552	668
552	800
552	942
553	896
553	975
554	740
554	869
554	902
554	913
554	980
555	660
555	767
555	896
556	584
556	585
556	606
556	636
556	679
556	693
556	734
556	749
557	561
557	590
557	676
557	907
557	981
558	913
558	915
559	581
559	617
559	766
559	923
560	584
560	670
560	672
560	735
560	777
560	809
561	573
561	577
561	709
561	804
562	666
562	676
562	716
562	770
562	845
562	906
563	625
563	672
563	896
563	987
564	648
564	671
564	972
565	584
565	634
566	678
566	724
566	764
566	918
566	930
566	951
566	991
567	604
567	878
568	696
568	709
568	819
568	848
568	905
568	940
568	1308
569	866
569	962
570	643
570	690
570	694
570	750
570	924
570	958
570	1496
571	578
571	587
571	659
571	669
572	590
572	667
572	696
572	910
572	980
573	671
573	792
573	825
573	846
574	631
574	683
574	912
574	939
574	989
575	733
575	773
575	995
576	650
576	697
577	593
577	643
577	726
577	744
577	778
577	831
577	863
577	980
577	1089
578	772
578	861
578	986
579	585
579	604
579	686
579	951
579	988
580	704
580	707
580	742
580	837
580	902
580	940
581	607
581	916
582	663
582	904
583	649
583	652
583	667
583	671
583	705
583	812
583	948
584	645
584	654
584	656
584	910
584	964
585	873
585	930
585	984
586	893
586	928
586	1381
587	629
587	756
587	820
587	916
587	972
588	727
588	814
588	827
588	831
588	889
588	905
588	908
588	919
588	993
589	593
589	650
589	883
589	891
590	820
590	1610
591	728
591	1714
592	601
592	670
592	682
592	804
592	817
593	665
593	773
593	813
593	833
593	932
593	941
593	996
594	844
594	900
594	905
594	950
595	606
595	664
595	725
595	805
595	937
596	827
596	947
597	603
598	664
598	795
599	829
599	925
600	611
600	614
600	798
600	977
600	1551
601	654
601	881
601	1918
602	705
602	718
602	754
602	775
602	953
603	909
603	982
604	711
604	803
604	903
604	953
604	1472
605	671
605	854
605	1933
606	635
606	792
606	810
606	985
607	681
607	716
607	899
608	616
608	773
608	878
608	892
608	981
608	982
609	778
609	917
610	691
610	711
610	727
610	828
610	879
610	908
610	955
611	806
611	811
611	870
611	928
611	1707
612	672
612	674
612	720
612	959
613	626
613	642
613	746
613	795
614	651
615	635
615	763
615	775
615	906
615	969
615	980
615	1843
616	669
616	745
616	766
616	826
616	870
616	948
616	1320
617	807
617	976
617	989
618	906
619	741
619	756
619	839
620	625
620	703
620	755
620	826
620	848
620	926
620	937
621	744
621	762
621	803
621	997
622	801
622	806
622	813
622	865
622	1444
623	694
623	728
623	900
624	681
624	724
624	833
624	866
625	646
625	749
625	769
625	847
626	751
626	835
626	860
627	804
628	659
629	649
629	678
629	821
630	674
630	737
630	768
630	785
630	818
630	838
631	673
631	747
632	647
632	673
632	830
632	977
633	726
633	761
633	895
633	1131
634	765
634	997
635	666
635	705
635	740
635	836
635	902
635	925
636	718
636	757
636	785
636	917
637	688
637	702
637	725
637	841
638	808
638	840
638	962
639	686
639	702
639	711
639	946
639	991
640	971
641	668
641	754
641	847
641	913
642	761
642	812
642	830
642	933
643	713
643	780
643	846
643	980
644	647
644	747
644	949
644	954
645	712
645	898
645	915
646	679
646	727
646	766
646	793
646	812
646	835
646	941
646	982
646	990
647	709
647	794
647	850
647	855
647	893
648	875
648	910
649	658
649	714
649	728
650	683
650	827
650	955
651	772
651	959
651	967
651	985
652	723
652	741
652	890
652	972
653	694
653	732
653	788
653	829
653	893
654	690
654	702
654	750
654	813
654	997
655	782
655	803
655	805
655	990
656	694
656	713
656	881
656	951
656	1860
657	692
657	742
657	767
658	825
659	663
659	757
659	790
659	869
659	879
659	994
660	734
660	884
661	789
661	794
661	824
661	837
662	685
662	748
662	949
663	676
663	681
663	782
663	835
663	854
663	924
664	712
665	714
665	726
665	760
665	767
665	769
665	876
665	905
666	711
666	714
666	777
666	808
666	915
667	680
667	681
667	764
667	768
667	888
667	981
667	990
668	687
668	764
668	866
668	930
668	944
669	688
669	689
669	871
670	916
670	921
670	979
671	717
671	737
671	882
672	902
672	927
672	949
672	967
672	1813
673	811
674	811
674	852
675	810
675	924
676	735
676	764
677	737
677	822
677	827
677	950
678	933
678	950
679	697
679	769
679	957
679	995
680	795
680	797
680	950
681	791
682	696
682	757
682	820
682	850
683	799
683	894
683	972
684	818
684	860
684	962
685	689
685	765
685	859
685	888
685	972
686	840
686	889
686	940
686	986
686	993
687	697
687	751
687	878
688	772
688	892
688	947
689	994
690	756
690	794
690	795
690	942
692	716
692	745
692	832
692	977
693	870
693	875
693	886
693	916
693	948
694	955
695	791
695	1316
696	777
696	788
696	810
696	893
697	706
697	722
697	786
697	818
697	891
697	980
698	751
698	944
699	791
700	842
700	884
700	909
700	954
701	750
701	751
701	866
701	950
702	778
702	859
702	869
702	870
702	957
702	958
702	976
702	999
703	738
703	942
703	948
704	764
704	828
704	918
704	1185
705	927
706	799
706	924
707	787
707	808
708	716
708	772
708	902
709	727
709	800
709	824
709	888
709	894
710	716
710	752
710	838
710	899
711	755
711	761
711	764
711	982
712	759
712	787
712	837
712	841
712	848
712	931
712	941
713	911
713	988
714	870
714	967
715	873
715	938
716	838
716	954
717	758
717	868
717	886
717	938
717	976
717	982
717	983
718	741
718	918
719	798
719	839
719	879
719	1214
720	819
720	948
721	830
721	885
722	789
722	819
722	827
722	885
723	754
723	770
723	834
723	865
723	919
723	940
725	726
725	851
725	990
726	841
726	844
726	950
726	963
727	787
727	791
727	802
727	823
727	963
728	775
728	808
728	872
729	769
729	875
729	921
729	941
729	956
730	780
730	912
731	985
732	788
732	789
732	792
732	804
733	830
733	852
733	855
733	906
733	917
734	789
734	938
735	931
735	937
735	953
736	786
736	852
736	902
736	943
737	796
737	846
737	951
738	941
739	791
739	821
739	904
739	941
739	951
739	984
740	774
740	801
740	833
740	889
740	904
740	924
740	956
740	965
741	926
741	960
741	978
742	921
742	957
743	995
744	794
744	876
745	787
745	855
745	881
745	910
745	979
745	993
746	862
746	966
747	755
747	765
747	798
747	844
747	913
747	967
747	979
748	899
748	947
748	980
750	772
750	889
750	921
750	999
751	801
752	757
752	852
753	881
753	991
754	766
754	772
754	876
754	911
754	969
754	993
755	985
756	1646
757	908
757	945
758	837
758	865
759	970
760	795
760	872
760	942
760	948
760	962
761	775
761	778
761	805
761	866
761	986
761	992
762	891
762	896
763	869
763	942
763	986
764	984
764	992
765	864
765	976
765	996
765	1568
766	828
766	890
766	949
766	1930
767	1106
768	839
768	912
768	932
768	1534
769	811
769	886
769	971
771	820
772	921
773	780
773	851
773	894
774	899
774	974
775	824
775	986
775	1661
776	900
777	813
777	957
777	984
779	845
779	954
779	988
780	815
780	878
781	913
781	950
782	847
783	936
783	1632
784	953
785	920
785	987
786	863
786	914
786	1973
787	848
787	950
788	826
788	831
788	946
789	835
790	851
791	961
792	923
792	935
792	967
793	905
794	896
794	923
794	949
795	844
795	895
796	1199
797	840
797	935
797	977
798	876
799	989
800	817
801	821
801	865
802	875
802	890
802	923
803	910
803	926
803	987
804	849
806	840
806	943
806	983
807	870
810	930
811	881
811	975
811	984
812	948
812	987
814	917
815	819
815	860
815	979
817	820
818	879
818	935
818	957
820	917
820	953
820	965
821	864
821	954
821	984
821	1227
822	826
822	932
823	853
823	944
824	828
824	925
824	928
824	942
825	884
825	1979
826	842
826	898
826	931
828	903
829	858
829	860
829	1433
830	843
830	916
830	958
830	967
831	836
832	844
833	890
833	907
833	997
834	976
835	838
835	844
835	925
835	935
835	960
835	1956
836	970
837	990
838	953
839	930
839	961
840	846
841	906
841	964
843	894
843	940
843	971
845	856
845	999
846	880
847	884
847	927
848	946
849	889
849	898
849	902
850	924
850	1901
851	870
851	948
853	997
856	906
856	985
857	870
857	962
858	938
859	941
860	870
860	960
860	971
861	925
861	930
861	991
862	938
862	944
863	896
863	905
863	915
864	921
864	964
865	929
867	933
869	996
870	873
870	891
870	940
870	1256
870	1509
871	881
872	889
872	955
873	877
873	925
873	973
874	946
875	901
875	925
875	939
875	977
877	928
877	1697
879	921
881	892
881	916
881	960
882	904
882	965
883	939
883	991
884	979
885	963
885	980
885	985
885	988
886	946
886	1389
887	895
888	892
888	990
889	990
891	904
891	994
892	996
895	995
897	953
897	1970
898	936
898	984
901	942
902	906
902	950
903	924
904	935
908	972
908	993
908	1162
909	928
911	926
914	989
914	994
915	960
916	961
917	919
917	930
919	929
919	949
919	960
921	1144
924	965
926	940
930	943
930	997
931	942
931	944
931	959
931	978
935	940
935	988
936	962
938	956
938	998
940	960
941	949
945	996
946	957
947	959
947	975
947	1180
947	1355
948	989
951	973
952	1909
957	992
958	1037
965	988
965	997
966	997
970	1049
973	978
974	996
975	978
977	987
980	989
994	1196
1000	1069
1000	1092
1000	1242
1000	1261
1000	1399
1000	1629
1000	1791
1000	1968
1000	1984
1001	1064
1001	1074
1001	1290
1001	1453
1001	1474
1001	1790
1002	1169
1002	1185
1002	1358
1002	1421
1002	1604
1002	1729
1002	1747
1002	1806
1002	1891
1003	1046
1003	1271
1003	1412
1003	1531
1003	1537
1003	1548
1003	1614
1003	1670
1003	1716
1003	1790
1003	1836
1003	1907
1004	1014
1004	1134
1004	1191
1004	1199
1004	1216
1004	1223
1004	1267
1004	1295
1004	1432
1004	1504
1004	1533
1004	1551
1004	1609
1004	1649
1004	1792
1004	1841
1004	1868
1004	1890
1004	1947
1004	1949
1005	1163
1005	1216
1005	1439
1005	1492
1005	1518
1005	1612
1005	1650
1005	1665
1005	1701
1005	1751
1005	1753
1005	1908
1006	1059
1006	1179
1006	1194
1006	1224
1006	1227
1006	1336
1006	1378
1006	1446
1006	1456
1006	1509
1006	1581
1006	1633
1006	1749
1006	1973
1007	1207
1007	1222
1007	1448
1007	1525
1007	1708
1007	1725
1007	1806
1007	1991
1008	1030
1008	1186
1008	1498
1008	1547
1008	1668
1008	1986
1009	1182
1009	1185
1009	1527
1009	1534
1009	1535
1009	1567
1009	1681
1009	1753
1009	1809
1009	1865
1010	1014
1010	1203
1010	1225
1010	1305
1010	1334
1010	1345
1010	1350
1010	1489
1010	1533
1010	1644
1010	1685
1010	1781
1011	1208
1011	1243
1011	1271
1011	1416
1011	1755
1011	1875
1011	1967
1012	1080
1012	1099
1012	1203
1012	1223
1012	1300
1012	1412
1012	1496
1012	1519
1012	1645
1012	1820
1012	1867
1012	1930
1012	1991
1013	1156
1013	1171
1013	1481
1013	1627
1013	1628
1013	1852
1013	1958
1013	1976
1014	1033
1014	1256
1014	1318
1014	1324
1014	1336
1014	1429
1014	1459
1014	1490
1014	1518
1014	1720
1014	1769
1014	1894
1014	1902
1014	1946
1014	1978
1015	1046
1015	1069
1015	1116
1015	1196
1015	1475
1016	1044
1016	1046
1016	1080
1016	1116
1016	1175
1016	1195
1016	1548
1016	1553
1016	1588
1016	1650
1016	1945
1016	1970
1017	1301
1017	1383
1017	1640
1017	1682
1017	1722
1017	1793
1017	1897
1017	1915
1017	1963
1018	1079
1018	1389
1018	1478
1018	1480
1018	1583
1018	1634
1018	1891
1018	1924
1019	1069
1019	1090
1019	1099
1019	1161
1019	1257
1019	1346
1019	1369
1019	1551
1019	1803
1019	1825
1020	1021
1020	1214
1020	1275
1020	1338
1020	1349
1020	1444
1020	1587
1020	1627
1020	1672
1020	1678
1020	1838
1020	1855
1020	1862
1020	1902
1020	1965
1020	1969
1021	1180
1021	1343
1021	1466
1021	1506
1021	1644
1021	1705
1021	1826
1021	1827
1021	1956
1021	1974
1021	1994
1022	1079
1022	1198
1022	1242
1022	1324
1022	1493
1022	1631
1022	1858
1023	1490
1023	1797
1023	1836
1023	1995
1024	1062
1024	1149
1024	1155
1024	1170
1024	1187
1024	1489
1024	1552
1024	1857
1024	1964
1025	1335
1025	1395
1025	1399
1025	1435
1025	1671
1025	1704
1025	1815
1025	1964
1026	1068
1026	1076
1026	1093
1026	1263
1026	1264
1026	1278
1026	1330
1026	1331
1026	1332
1026	1399
1026	1675
1026	1699
1026	1741
1026	1824
1026	1883
1027	1167
1027	1314
1027	1381
1027	1454
1027	1484
1027	1513
1027	1542
1028	1122
1028	1181
1028	1400
1028	1502
1028	1588
1028	1683
1028	1847
1029	1214
1029	1253
1029	1336
1029	1409
1029	1439
1029	1506
1029	1620
1029	1699
1029	1739
1029	1812
1029	1849
1029	1866
1029	1871
1030	1249
1030	1267
1030	1592
1030	1661
1030	1679
1030	1686
1031	1044
1031	1063
1031	1156
1031	1232
1031	1249
1031	1317
1031	1404
1031	1478
1031	1575
1031	1641
1031	1699
1031	1811
1031	1839
1031	1953
1032	1137
1032	1373
1032	1463
1032	1567
1033	1146
1033	1170
1033	1398
1033	1428
1033	1440
1033	1461
1033	1607
1033	1631
1033	1965
1034	1129
1034	1219
1034	1311
1034	1434
1034	1510
1034	1569
1034	1875
1035	1046
1035	1089
1035	1112
1035	1113
1035	1296
1036	1257
1036	1340
1036	1353
1036	1396
1036	1407
1036	1413
1036	1712
1036	1740
1036	1802
1036	1966
1037	1492
1037	1551
1037	1672
1037	1837
1037	1839
1038	1064
1038	1246
1038	1408
1038	1422
1038	1544
1038	1679
1038	1737
1038	1999
1039	1046
1039	1260
1039	1285
1039	1572
1039	1662
1039	1753
1039	1760
1039	1779
1039	1783
1039	1821
1039	1909
1039	1925
1040	1181
1040	1282
1040	1426
1040	1478
1040	1570
1040	1589
1040	1591
1040	1718
1040	1860
1040	1987
1041	1066
1041	1157
1041	1298
1041	1548
1041	1671
1041	1873
1041	1921
1041	1934
1041	1936
1042	1170
1042	1255
1042	1327
1042	1375
1042	1462
1042	1534
1042	1657
1042	1745
1042	1774
1042	1800
1042	1922
1042	1923
1042	1985
1042	1993
1043	1199
1043	1379
1043	1410
1043	1616
1043	1666
1043	1737
1043	1832
1044	1105
1044	1135
1044	1138
1044	1162
1044	1185
1044	1424
1044	1427
1044	1497
1044	1502
1044	1609
1044	1655
1044	1664
1044	1784
1044	1873
1044	1922
1045	1123
1045	1161
1045	1186
1045	1555
1045	1558
1045	1805
1045	1902
1045	1905
1046	1061
1046	1229
1046	1239
1046	1443
1046	1510
1046	1564
1046	1594
1046	1623
1046	1774
1046	1913
1047	1611
1047	1859
1048	1219
1048	1270
1048	1365
1048	1398
1048	1692
1048	1799
1048	1917
1048	1931
1048	1936
1048	1961
1049	1207
1049	1431
1049	1451
1049	1488
1049	1530
1049	1634
1049	1902
1049	1949
1050	1246
1050	1276
1050	1640
1050	1698
1050	1748
1050	1868
1050	1917
1050	1958
1051	1211
1051	1622
1051	1808
1051	1876
1052	1184
1052	1388
1052	1694
1053	1080
1053	1128
1053	1160
1053	1209
1053	1244
1053	1390
1053	1494
1053	1504
1053	1693
1053	1721
1053	1761
1054	1066
1054	1082
1054	1093
1054	1269
1054	1293
1054	1540
1054	1545
1054	1557
1054	1686
1054	1961
1055	1521
1055	1550
1055	1631
1055	1784
1056	1139
1056	1151
1056	1272
1056	1279
1056	1318
1056	1738
1056	1853
1056	1976
1056	1985
1057	1245
1057	1404
1057	1439
1057	1458
1057	1544
1057	1575
1057	1621
1057	1625
1057	1639
1057	1839
1057	1875
1058	1070
1058	1124
1058	1133
1058	1270
1058	1467
1058	1531
1058	1739
1058	1780
1058	1788
1058	1800
1059	1255
1059	1412
1059	1474
1059	1488
1059	1720
1059	1795
1059	1834
1059	1932
1059	1990
1060	1169
1060	1325
1060	1359
1060	1529
1060	1629
1060	1878
1061	1133
1061	1365
1061	1537
1061	1556
1061	1590
1061	1619
1061	1703
1061	1887
1061	1959
1062	1319
1062	1414
1062	1555
1062	1590
1062	1653
1062	1888
1062	1956
1062	1962
1063	1111
1063	1233
1063	1355
1063	1373
1063	1694
1063	1869
1063	1901
1063	1944
1064	1077
1064	1320
1064	1368
1064	1423
1064	1478
1064	1614
1064	1892
1065	1553
1065	1604
1065	1911
1065	1996
1066	1333
1066	1400
1066	1843
1067	1227
1067	1297
1067	1329
1067	1343
1067	1376
1067	1519
1067	1766
1067	1892
1068	1106
1068	1117
1068	1152
1068	1153
1068	1197
1068	1329
1068	1456
1068	1799
1068	1842
1068	1902
1069	1187
1069	1313
1069	1440
1069	1472
1069	1507
1070	1205
1070	1285
1070	1403
1070	1498
1070	1567
1070	1821
1070	1887
1071	1087
1071	1155
1071	1240
1071	1444
1071	1485
1071	1561
1071	1605
1071	1627
1071	1700
1071	1703
1071	1778
1071	1801
1071	1823
1072	1143
1072	1461
1072	1503
1072	1842
1072	1934
1072	1935
1073	1094
1073	1101
1073	1239
1073	1361
1073	1471
1073	1731
1073	1813
1073	1816
1073	1819
1073	1998
1074	1078
1074	1141
1074	1219
1074	1248
1074	1813
1074	1917
1074	1991
1075	1172
1075	1364
1075	1725
1075	1777
1076	1146
1076	1154
1076	1170
1076	1440
1076	1473
1076	1562
1076	1585
1076	1624
1076	1828
1077	1093
1077	1131
1077	1557
1077	1749
1077	1780
1077	1908
1077	1924
1078	1309
1078	1358
1078	1477
1078	1521
1078	1637
1078	1992
1079	1114
1079	1386
1079	1401
1079	1435
1079	1466
1079	1488
1079	1489
1079	1574
1079	1656
1079	1759
1079	1976
1080	1190
1080	1274
1080	1600
1080	1708
1080	1751
1080	1784
1080	1823
1080	1994
1081	1110
1081	1113
1081	1234
1081	1357
1081	1513
1081	1529
1081	1533
1081	1589
1081	1604
1081	1671
1081	1716
1081	1820
1081	1850
1082	1243
1082	1412
1082	1421
1082	1817
1082	1843
1082	1958
1082	1977
1083	1124
1083	1360
1083	1449
1083	1618
1083	1647
1083	1657
1083	1794
1083	1826
1083	1930
1083	1945
1083	1989
1084	1482
1084	1739
1084	1823
1084	1892
1084	1895
1084	1956
1085	1091
1085	1331
1085	1359
1085	1537
1085	1698
1085	1818
1085	1926
1085	1936
1086	1170
1086	1291
1086	1402
1086	1507
1086	1611
1086	1840
1086	1876
1086	1940
1086	1952
1087	1532
1087	1679
1087	1824
1087	1846
1088	1148
1088	1239
1088	1243
1088	1365
1088	1511
1088	1562
1088	1659
1088	1679
1088	1763
1088	1771
1088	1805
1088	1847
1088	1984
1089	1214
1089	1604
1089	1687
1089	1746
1089	1768
1089	1909
1090	1192
1090	1352
1090	1370
1090	1372
1090	1620
1090	1638
1090	1687
1090	1730
1090	1797
1090	1864
1091	1119
1091	1137
1091	1312
1091	1377
1091	1391
1091	1437
1091	1460
1091	1527
1091	1650
1091	1655
1092	1213
1092	1261
1092	1327
1092	1347
1092	1435
1092	1478
1092	1489
1092	1590
1092	1597
1092	1673
1092	1887
1092	1908
1092	1942
1092	1989
1093	1096
1093	1176
1093	1180
1093	1187
1093	1189
1093	1203
1093	1316
1093	1392
1093	1419
1093	1423
1093	1493
1093	1622
1093	1631
1093	1787
1093	1839
1093	1872
1094	1192
1094	1213
1094	1314
1094	1336
1094	1356
1094	1500
1094	1616
1094	1739
1094	1937
1095	1178
1095	1181
1095	1401
1095	1428
1095	1632
1095	1740
1095	1829
1096	1247
1096	1428
1096	1433
1096	1492
1096	1508
1096	1513
1096	1521
1096	1592
1096	1731
1096	1737
1096	1758
1096	1793
1096	1804
1096	1890
1097	1290
1097	1315
1097	1484
1097	1627
1097	1836
1097	1851
1097	1914
1097	1915
1097	1934
1097	1956
1098	1462
1098	1477
1098	1509
1098	1531
1098	1782
1098	1827
1098	1904
1098	1927
1099	1195
1099	1245
1099	1267
1099	1294
1099	1356
1099	1410
1099	1588
1099	1963
1099	1995
1100	1107
1100	1213
1100	1428
1100	1515
1100	1595
1100	1636
1100	1669
1100	1735
1100	1772
1100	1944
1101	1108
1101	1198
1101	1276
1101	1369
1101	1879
1101	1917
1101	1957
1102	1142
1102	1298
1102	1314
1102	1323
1102	1358
1102	1366
1102	1431
1102	1439
1102	1544
1102	1637
1102	1689
1102	1715
1102	1719
1102	1794
1102	1846
1103	1121
1103	1192
1103	1284
1103	1353
1103	1389
1103	1436
1103	1514
1103	1649
1103	1701
1103	1769
1103	1871
1103	1996
1104	1114
1104	1180
1104	1215
1104	1310
1104	1367
1104	1493
1104	1542
1104	1544
1104	1558
1104	1610
1104	1634
1104	1820
1104	1928
1105	1250
1105	1260
1105	1303
1105	1317
1105	1318
1105	1350
1105	1445
1105	1753
1105	1760
1105	1836
1105	1851
1105	1941
1106	1115
1106	1121
1106	1247
1106	1432
1106	1529
1106	1575
1106	1577
1106	1716
1106	1824
1106	1981
1107	1130
1107	1152
1107	1294
1107	1313
1107	1331
1107	1339
1107	1420
1107	1552
1107	1629
1107	1688
1107	1721
1107	1790
1107	1869
1108	1143
1108	1277
1108	1314
1108	1391
1108	1589
1108	1744
1108	1783
1109	1116
1109	1156
1109	1176
1109	1367
1109	1528
1109	1567
1109	1686
1109	1820
1109	1853
1110	1134
1110	1197
1110	1349
1110	1354
1110	1582
1110	1663
1110	1684
1110	1713
1111	1119
1111	1165
1111	1396
1111	1560
1111	1597
1111	1599
1111	1826
1112	1142
1112	1159
1112	1190
1112	1213
1112	1534
1112	1577
1112	1781
1112	1819
1112	1844
1112	1851
1112	1879
1112	1944
1112	1985
1113	1151
1113	1155
1113	1207
1113	1284
1113	1473
1113	1500
1113	1527
1113	1716
1113	1989
1114	1161
1114	1326
1114	1490
1114	1596
1114	1607
1114	1730
1114	1773
1114	1865
1114	1868
1114	1880
1115	1125
1115	1180
1115	1183
1115	1188
1115	1249
1115	1388
1115	1439
1115	1508
1115	1516
1115	1563
1115	1626
1115	1840
1115	1848
1116	1301
1116	1441
1116	1597
1116	1603
1116	1623
1116	1882
1116	1949
1116	1981
1117	1138
1117	1213
1117	1362
1117	1585
1117	1632
1117	1695
1117	1717
1117	1787
1117	1868
1118	1572
1118	1645
1118	1851
1119	1189
1119	1208
1119	1462
1119	1613
1119	1815
1119	1835
1119	1865
1119	1907
1119	1963
1119	1974
1120	1381
1120	1400
1120	1438
1120	1470
1120	1527
1120	1705
1120	1908
1120	1936
1121	1123
1121	1141
1121	1149
1121	1176
1121	1255
1121	1319
1121	1341
1121	1408
1121	1421
1121	1448
1121	1501
1121	1611
1121	1615
1121	1724
1121	1850
1121	1976
1122	1136
1122	1442
1122	1470
1122	1484
1122	1624
1122	1668
1122	1735
1122	1802
1123	1124
1123	1297
1123	1308
1123	1475
1123	1647
1123	1776
1123	1887
1123	1928
1124	1253
1124	1318
1124	1330
1124	1355
1124	1524
1124	1620
1124	1646
1124	1773
1124	1918
1124	1952
1124	1957
1125	1172
1125	1522
1125	1637
1125	1727
1125	1911
1126	1172
1126	1190
1126	1272
1126	1320
1126	1341
1126	1388
1126	1457
1126	1636
1126	1733
1126	1898
1126	1953
1127	1195
1127	1206
1127	1476
1127	1624
1127	1655
1127	1699
1127	1853
1127	1943
1128	1181
1128	1252
1128	1291
1128	1297
1128	1323
1128	1421
1128	1486
1128	1497
1128	1558
1128	1711
1129	1144
1129	1329
1129	1701
1129	1724
1129	1799
1129	1912
1130	1254
1130	1260
1130	1269
1130	1277
1130	1309
1130	1318
1130	1327
1130	1480
1130	1583
1130	1733
1131	1211
1131	1303
1131	1470
1131	1576
1131	1611
1131	1756
1131	1841
1131	1847
1131	1871
1132	1269
1132	1355
1132	1467
1132	1689
1132	1836
1132	1851
1132	1852
1132	1853
1132	1872
1133	1162
1133	1233
1133	1265
1133	1470
1133	1560
1133	1564
1133	1641
1133	1648
1133	1692
1133	1716
1133	1845
1133	1860
1133	1925
1134	1318
1134	1335
1134	1377
1134	1493
1134	1577
1134	1579
1134	1585
1134	1635
1134	1882
1134	1895
1135	1162
1135	1213
1135	1230
1135	1283
1135	1289
1135	1487
1135	1504
1135	1652
1135	1921
1135	1939
1135	1999
1136	1158
1136	1185
1136	1208
1136	1213
1136	1235
1136	1373
1136	1429
1136	1477
1136	1558
1136	1650
1136	1723
1136	1737
1136	1911
1136	1961
1137	1159
1137	1282
1137	1355
1137	1535
1137	1680
1137	1721
1137	1847
1137	1890
1137	1951
1138	1326
1138	1346
1138	1812
1138	1885
1138	1886
1139	1379
1139	1416
1139	1564
1139	1567
1139	1680
1139	1733
1139	1746
1139	1799
1139	1836
1139	1848
1139	1996
1140	1141
1140	1418
1140	1611
1140	1627
1141	1182
1141	1269
1141	1437
1141	1554
1141	1582
1141	1980
1142	1458
1142	1666
1142	1790
1142	1960
1143	1304
1143	1366
1143	1534
1143	1553
1143	1554
1143	1561
1143	1638
1143	1835
1143	1988
1144	1170
1144	1289
1144	1428
1144	1431
1144	1526
1144	1636
1144	1715
1144	1841
1144	1857
1144	1888
1144	1933
1145	1315
1145	1428
1145	1482
1145	1577
1145	1579
1145	1666
1145	1739
1145	1742
1145	1756
1146	1220
1146	1423
1146	1471
1146	1509
1146	1714
1146	1852
1146	1871
1146	1930
1146	1967
1147	1206
1147	1232
1147	1272
1147	1308
1147	1488
1148	1299
1148	1458
1148	1514
1148	1648
1148	1714
1148	1796
1148	1860
1148	1993
1149	1223
1149	1261
1149	1330
1149	1352
1149	1365
1149	1487
1150	1216
1150	1248
1150	1299
1150	1333
1150	1415
1150	1516
1150	1543
1150	1642
1150	1921
1151	1179
1151	1261
1151	1383
1151	1477
1151	1495
1151	1542
1151	1588
1151	1636
1151	1691
1151	1734
1151	1751
1151	1892
1152	1167
1152	1188
1152	1406
1152	1431
1152	1439
1152	1517
1152	1533
1152	1543
1152	1696
1152	1706
1152	1719
1152	1793
1152	1853
1152	1858
1152	1922
1152	1973
1153	1232
1153	1264
1153	1344
1153	1370
1153	1474
1153	1595
1153	1795
1153	1839
1154	1171
1154	1206
1154	1305
1154	1486
1154	1538
1154	1591
1154	1686
1154	1751
1154	1758
1154	1835
1154	1841
1155	1320
1155	1321
1155	1333
1155	1439
1155	1474
1155	1992
1156	1253
1156	1270
1156	1329
1156	1397
1156	1436
1156	1642
1156	1718
1156	1865
1156	1909
1157	1380
1157	1451
1157	1548
1157	1609
1157	1685
1157	1779
1157	1796
1158	1471
1158	1586
1158	1653
1158	1698
1158	1720
1158	1726
1158	1784
1158	1787
1158	1846
1158	1850
1158	1926
1158	1968
1159	1184
1159	1242
1159	1590
1159	1704
1159	1710
1159	1721
1159	1733
1160	1410
1160	1462
1160	1509
1160	1531
1160	1532
1160	1922
1161	1178
1161	1332
1161	1433
1161	1529
1161	1587
1161	1640
1161	1673
1161	1677
1161	1900
1161	1902
1161	1906
1162	1273
1162	1278
1162	1291
1162	1340
1162	1430
1162	1461
1162	1658
1162	1844
1163	1202
1163	1389
1163	1499
1163	1538
1163	1542
1163	1589
1163	1650
1163	1877
1164	1187
1164	1244
1164	1350
1164	1374
1164	1378
1164	1382
1164	1403
1164	1463
1164	1506
1164	1545
1164	1750
1165	1175
1165	1265
1165	1500
1165	1532
1165	1543
1165	1934
1166	1306
1166	1324
1166	1480
1166	1530
1166	1535
1166	1693
1166	1709
1166	1777
1166	1922
1167	1179
1167	1591
1167	1628
1167	1715
1167	1732
1167	1770
1167	1928
1168	1215
1168	1339
1168	1413
1168	1675
1168	1741
1168	1823
1168	1911
1169	1187
1169	1318
1169	1458
1169	1466
1169	1506
1169	1528
1170	1197
1170	1296
1170	1523
1170	1553
1170	1996
1171	1183
1171	1234
1171	1254
1171	1300
1171	1351
1171	1405
1171	1594
1171	1961
1172	1224
1172	1353
1172	1557
1172	1562
1172	1637
1172	1693
1172	1708
1172	1751
1172	1811
1172	1878
1172	1901
1173	1582
1173	1587
1173	1589
1173	1793
1173	1845
1174	1180
1174	1492
1174	1647
1174	1723
1174	1767
1174	1989
1175	1324
1175	1657
1175	1740
1175	1805
1175	1901
1175	1926
1176	1243
1176	1329
1176	1358
1176	1563
1176	1682
1176	1843
1176	1883
1177	1258
1177	1282
1177	1339
1177	1355
1177	1619
1177	1770
1177	1943
1177	1962
1177	1986
1178	1621
1178	1649
1178	1715
1178	1808
1178	1908
1178	1974
1179	1194
1179	1218
1179	1463
1179	1688
1179	1758
1179	1845
1179	1896
1179	1941
1180	1305
1180	1571
1180	1605
1180	1606
1180	1621
1180	1625
1180	1880
1180	1987
1180	1990
1181	1318
1181	1378
1181	1489
1181	1593
1181	1673
1181	1714
1181	1809
1181	1978
1182	1404
1182	1420
1182	1558
1182	1560
1182	1824
1182	1931
1183	1248
1183	1482
1183	1643
1183	1699
1183	1821
1183	1838
1183	1960
1184	1321
1184	1334
1184	1431
1184	1820
1185	1305
1185	1337
1185	1426
1185	1532
1185	1570
1185	1583
1185	1873
1185	1990
1186	1207
1186	1344
1186	1378
1186	1678
1186	1774
1186	1932
1187	1375
1187	1574
1187	1806
1187	1968
1188	1233
1188	1322
1188	1329
1188	1380
1188	1569
1188	1603
1188	1951
1188	1973
1189	1335
1189	1504
1189	1628
1189	1954
1190	1209
1190	1218
1190	1234
1190	1266
1190	1418
1190	1558
1190	1639
1190	1698
1190	1743
1190	1850
1191	1255
1191	1296
1191	1356
1191	1497
1191	1516
1191	1618
1191	1786
1191	1824
1191	1897
1191	1964
1192	1220
1192	1250
1192	1297
1192	1442
1192	1449
1192	1506
1192	1716
1192	1807
1192	1815
1193	1252
1193	1313
1193	1365
1193	1526
1193	1718
1193	1919
1194	1323
1194	1333
1194	1366
1194	1423
1194	1538
1194	1564
1194	1591
1194	1774
1194	1849
1194	1912
1195	1260
1195	1360
1195	1483
1195	1713
1195	1996
1196	1295
1196	1335
1196	1554
1196	1661
1196	1772
1196	1868
1196	1914
1197	1304
1197	1386
1197	1392
1197	1428
1197	1443
1197	1471
1197	1533
1197	1664
1197	1777
1197	1878
1197	1904
1197	1953
1198	1396
1198	1474
1198	1481
1198	1512
1198	1685
1198	1737
1198	1752
1198	1778
1198	1830
1199	1386
1199	1436
1199	1438
1199	1569
1199	1598
1199	1612
1199	1639
1199	1652
1199	1696
1199	1801
1199	1975
1200	1496
1200	1518
1200	1570
1200	1738
1200	1807
1200	1813
1200	1818
1201	1296
1201	1319
1201	1335
1201	1339
1201	1412
1201	1480
1201	1505
1201	1623
1201	1668
1201	1734
1202	1211
1202	1275
1202	1279
1202	1386
1202	1521
1202	1589
1202	1637
1202	1696
1202	1800
1202	1880
1202	1916
1203	1455
1203	1626
1203	1630
1203	1746
1203	1821
1204	1283
1204	1325
1204	1346
1204	1673
1204	1688
1204	1788
1204	1935
1205	1226
1205	1317
1205	1345
1205	1346
1205	1586
1205	1625
1205	1902
1205	1942
1206	1370
1206	1439
1206	1452
1206	1566
1206	1786
1206	1800
1206	1926
1207	1339
1207	1478
1207	1689
1207	1832
1208	1301
1208	1406
1208	1449
1208	1605
1208	1643
1208	1864
1208	1998
1209	1326
1209	1495
1209	1650
1209	1680
1209	1831
1209	1960
1209	1984
1210	1211
1210	1275
1210	1396
1210	1496
1210	1500
1210	1534
1210	1602
1210	1744
1210	1927
1210	1935
1210	1985
1211	1239
1211	1359
1211	1392
1211	1495
1211	1665
1211	1721
1211	1766
1211	1782
1211	1872
1212	1417
1212	1460
1212	1540
1212	1569
1212	1754
1212	1769
1212	1881
1212	1940
1212	1955
1213	1260
1213	1512
1213	1582
1213	1622
1213	1814
1213	1841
1213	1848
1213	1925
1214	1293
1214	1353
1214	1389
1214	1392
1214	1653
1214	1672
1214	1763
1214	1865
1214	1966
1215	1333
1215	1393
1215	1405
1215	1529
1215	1676
1215	1679
1215	1680
1215	1720
1215	1766
1215	1767
1215	1900
1216	1287
1216	1406
1216	1450
1216	1475
1216	1572
1216	1695
1216	1709
1216	1733
1216	1747
1216	1761
1216	1800
1216	1954
1217	1223
1217	1253
1217	1322
1217	1466
1217	1542
1217	1641
1217	1647
1217	1707
1217	1984
1218	1306
1218	1412
1218	1564
1218	1616
1218	1708
1218	1765
1218	1848
1219	1255
1219	1353
1219	1505
1219	1519
1219	1564
1219	1644
1219	1905
1220	1347
1220	1348
1220	1405
1220	1437
1220	1529
1220	1533
1220	1564
1220	1685
1220	1812
1220	1860
1220	1893
1221	1507
1221	1644
1221	1772
1221	1845
1221	1952
1222	1353
1222	1380
1222	1564
1222	1639
1222	1698
1222	1900
1222	1906
1222	1994
1223	1328
1223	1613
1223	1622
1223	1722
1223	1753
1223	1817
1223	1913
1223	1920
1224	1324
1224	1369
1224	1649
1224	1809
1224	1888
1225	1236
1225	1303
1225	1356
1225	1416
1225	1467
1225	1602
1225	1612
1225	1627
1225	1809
1226	1291
1226	1394
1226	1424
1226	1481
1226	1574
1226	1683
1226	1765
1226	1785
1226	1893
1226	1917
1227	1256
1227	1271
1227	1328
1227	1461
1227	1504
1227	1517
1227	1531
1227	1552
1227	1671
1227	1845
1228	1300
1228	1311
1228	1532
1228	1684
1228	1781
1228	1909
1229	1476
1229	1482
1229	1508
1229	1556
1229	1931
1230	1424
1230	1761
1230	1876
1231	1335
1231	1562
1231	1755
1231	1807
1231	1891
1231	1923
1231	1948
1232	1446
1232	1492
1232	1613
1232	1691
1232	1815
1232	1827
1232	1874
1233	1244
1233	1255
1233	1706
1233	1981
1234	1238
1234	1259
1234	1268
1234	1339
1234	1355
1234	1437
1234	1579
1234	1645
1234	1773
1234	1931
1235	1295
1235	1299
1235	1387
1235	1451
1235	1531
1235	1567
1235	1602
1235	1672
1235	1844
1235	1924
1236	1409
1236	1416
1236	1419
1236	1447
1236	1580
1236	1652
1236	1708
1236	1730
1236	1781
1236	1881
1237	1253
1237	1355
1237	1401
1237	1414
1237	1588
1237	1656
1237	1717
1237	1787
1237	1794
1237	1799
1237	1872
1237	1895
1237	1981
1238	1268
1238	1278
1238	1367
1238	1436
1238	1470
1238	1665
1238	1727
1238	1732
1238	1761
1238	1895
1238	1907
1239	1565
1239	1833
1239	1844
1240	1255
1240	1336
1240	1755
1240	1770
1240	1807
1240	1816
1240	1997
1241	1245
1241	1266
1241	1514
1241	1567
1241	1637
1241	1655
1241	1660
1241	1747
1241	1778
1241	1796
1241	1815
1241	1819
1241	1839
1241	1849
1242	1247
1242	1344
1242	1511
1242	1650
1242	1791
1242	1815
1242	1826
1242	1890
1243	1307
1243	1552
1243	1565
1243	1617
1243	1635
1243	1681
1243	1733
1243	1818
1244	1290
1244	1444
1244	1732
1244	1757
1244	1766
1244	1806
1244	1996
1245	1435
1245	1477
1245	1579
1245	1633
1245	1642
1245	1990
1246	1306
1246	1450
1246	1617
1246	1686
1246	1692
1246	1785
1246	1862
1246	1929
1247	1426
1247	1549
1247	1550
1247	1780
1247	1861
1248	1372
1248	1445
1248	1531
1248	1568
1248	1607
1248	1642
1248	1968
1249	1312
1249	1314
1249	1317
1249	1361
1249	1510
1249	1669
1249	1677
1249	1703
1249	1758
1249	1867
1249	1993
1250	1342
1250	1357
1250	1387
1250	1416
1250	1417
1250	1429
1250	1485
1250	1611
1250	1796
1250	1921
1250	1985
1251	1317
1251	1323
1251	1334
1251	1339
1251	1603
1251	1684
1251	1688
1251	1717
1251	1751
1252	1495
1252	1659
1252	1766
1252	1830
1252	1860
1252	1861
1253	1408
1253	1432
1253	1452
1253	1984
1254	1512
1254	1680
1254	1684
1254	1695
1254	1797
1254	1965
1255	1272
1255	1595
1255	1606
1255	1710
1255	1741
1255	1771
1255	1848
1255	1921
1256	1260
1256	1343
1256	1593
1256	1603
1256	1612
1256	1727
1256	1738
1256	1751
1256	1801
1256	1835
1256	1845
1256	1983
1257	1290
1257	1318
1257	1346
1257	1589
1257	1893
1257	1906
1258	1353
1258	1379
1258	1391
1258	1396
1258	1397
1258	1532
1258	1691
1258	1752
1258	1893
1258	1944
1259	1287
1259	1354
1259	1372
1259	1433
1259	1615
1259	1842
1260	1492
1260	1502
1260	1648
1260	1724
1260	1735
1260	1789
1261	1299
1261	1328
1261	1397
1261	1402
1261	1573
1261	1704
1261	1762
1261	1823
1262	1268
1262	1386
1262	1519
1262	1550
1262	1616
1262	1822
1262	1868
1262	1900
1263	1307
1263	1392
1263	1507
1263	1514
1263	1523
1263	1644
1263	1650
1263	1775
1263	1781
1263	1814
1264	1368
1264	1575
1264	1909
1264	1959
1265	1502
1265	1512
1265	1525
1266	1396
1266	1417
1266	1418
1266	1513
1266	1586
1266	1616
1266	1891
1267	1386
1267	1568
1267	1730
1267	1776
1267	1856
1267	1946
1267	1960
1267	1985
1268	1377
1268	1378
1268	1414
1268	1445
1268	1585
1268	1736
1268	1905
1268	1941
1269	1396
1269	1420
1269	1431
1269	1524
1269	1550
1269	1918
1269	1924
1269	1977
1270	1790
1270	1945
1271	1279
1271	1366
1271	1863
1271	1920
1272	1382
1272	1450
1272	1451
1272	1452
1272	1481
1272	1566
1272	1582
1272	1586
1272	1788
1272	1891
1272	1901
1273	1318
1273	1634
1273	1761
1273	1829
1274	1397
1274	1414
1274	1431
1274	1491
1274	1600
1274	1610
1274	1740
1274	1882
1274	1900
1274	1932
1275	1413
1275	1471
1275	1599
1275	1621
1275	1652
1275	1824
1275	1919
1275	1974
1275	1975
1276	1401
1276	1485
1276	1665
1276	1798
1276	1858
1277	1676
1277	1767
1277	1849
1277	1891
1277	1896
1277	1974
1278	1291
1278	1406
1278	1441
1278	1529
1278	1624
1278	1930
1278	1995
1279	1281
1279	1407
1279	1445
1279	1742
1279	1848
1279	1861
1279	1874
1279	1919
1280	1304
1280	1456
1280	1596
1280	1703
1280	1745
1280	1929
1281	1306
1281	1403
1281	1404
1281	1429
1281	1466
1281	1511
1281	1800
1281	1960
1282	1474
1282	1494
1282	1838
1282	1907
1282	1954
1283	1291
1283	1492
1283	1578
1283	1632
1283	1643
1283	1716
1283	1723
1283	1830
1283	1978
1284	1344
1284	1379
1284	1418
1284	1475
1284	1838
1284	1954
1285	1416
1285	1683
1285	1804
1285	1913
1285	1921
1286	1379
1286	1502
1286	1567
1286	1581
1286	1602
1286	1739
1286	1836
1286	1863
1287	1343
1287	1433
1287	1440
1287	1463
1287	1537
1287	1539
1287	1763
1287	1939
1287	1957
1288	1468
1288	1550
1288	1576
1288	1598
1288	1636
1288	1769
1288	1912
1289	1408
1289	1413
1289	1568
1289	1726
1289	1893
1289	1899
1290	1316
1290	1350
1290	1518
1290	1662
1290	1787
1290	1796
1290	1870
1290	1898
1291	1401
1291	1473
1291	1656
1291	1702
1292	1338
1292	1473
1292	1531
1292	1751
1292	1822
1292	1963
1293	1306
1293	1331
1293	1376
1293	1402
1293	1741
1293	1862
1293	1872
1293	1885
1294	1423
1294	1435
1294	1500
1294	1600
1294	1610
1294	1640
1294	1761
1294	1918
1294	1943
1295	1393
1295	1430
1295	1558
1295	1562
1295	1692
1295	1709
1295	1774
1295	1871
1295	1874
1296	1331
1296	1342
1296	1389
1296	1423
1296	1433
1296	1467
1296	1576
1296	1678
1296	1715
1296	1783
1296	1869
1296	1976
1296	1990
1297	1303
1297	1307
1297	1366
1297	1399
1297	1401
1297	1447
1297	1597
1297	1794
1298	1301
1298	1480
1298	1726
1298	1739
1298	1905
1299	1472
1299	1480
1299	1588
1299	1681
1299	1815
1299	1853
1299	1895
1299	1983
1300	1316
1300	1412
1300	1572
1300	1592
1300	1605
1300	1712
1300	1879
1301	1466
1301	1468
1301	1575
1301	1911
1302	1396
1302	1746
1302	1788
1302	1807
1302	1911
1302	1914
1302	1915
1302	1969
1303	1461
1303	1518
1303	1639
1303	1750
1304	1405
1304	1521
1304	1530
1304	1929
1305	1661
1305	1708
1305	1771
1306	1397
1306	1414
1306	1502
1306	1527
1306	1702
1306	1749
1306	1816
1306	1818
1306	1862
1306	1877
1306	1999
1307	1329
1307	1488
1307	1844
1307	1938
1307	1944
1308	1349
1308	1539
1308	1658
1308	1837
1308	1843
1308	1926
1308	1946
1309	1390
1309	1476
1309	1496
1309	1511
1309	1552
1309	1599
1309	1669
1309	1682
1309	1721
1309	1781
1309	1888
1309	1920
1309	1947
1310	1385
1310	1733
1310	1787
1310	1914
1310	1922
1311	1436
1311	1513
1311	1515
1311	1548
1311	1653
1311	1755
1311	1979
1312	1316
1312	1381
1312	1420
1312	1490
1312	1722
1312	1787
1312	1791
1312	1822
1313	1318
1313	1348
1313	1355
1313	1505
1313	1515
1313	1580
1313	1601
1313	1779
1313	1850
1313	1898
1313	1915
1314	1500
1314	1610
1314	1730
1314	1980
1315	1366
1315	1581
1315	1591
1315	1680
1315	1686
1315	1788
1315	1922
1315	1985
1316	1317
1316	1522
1316	1641
1316	1676
1316	1813
1316	1849
1316	1851
1316	1927
1317	1348
1317	1557
1317	1627
1317	1630
1317	1695
1317	1786
1317	1831
1317	1867
1317	1941
1318	1354
1318	1384
1318	1494
1318	1658
1318	1824
1318	1887
1319	1421
1319	1488
1319	1580
1320	1371
1320	1439
1320	1461
1320	1477
1320	1607
1320	1654
1320	1747
1320	1808
1321	1333
1321	1563
1321	1622
1321	1873
1322	1494
1322	1605
1322	1670
1322	1776
1322	1794
1323	1363
1323	1419
1323	1432
1323	1451
1323	1499
1323	1695
1324	1366
1324	1732
1324	1742
1324	1745
1324	1758
1325	1328
1325	1365
1325	1445
1325	1500
1325	1595
1325	1771
1325	1844
1325	1873
1326	1436
1326	1471
1326	1666
1326	1800
1326	1819
1326	1925
1326	1945
1327	1432
1327	1479
1327	1568
1327	1868
1328	1382
1328	1606
1328	1612
1328	1646
1328	1732
1328	1736
1328	1794
1328	1831
1328	1854
1329	1425
1329	1505
1329	1512
1329	1612
1329	1827
1329	1897
1329	1909
1329	1973
1329	1989
1330	1530
1330	1538
1330	1603
1330	1684
1330	1704
1330	1970
1331	1337
1331	1359
1331	1458
1331	1830
1331	1988
1332	1479
1332	1790
1332	1880
1332	1904
1332	1922
1333	1340
1333	1378
1333	1444
1333	1479
1333	1650
1333	1658
1333	1814
1334	1559
1334	1633
1334	1650
1334	1811
1335	1421
1335	1427
1335	1461
1335	1518
1335	1574
1335	1620
1335	1652
1335	1860
1335	1972
1336	1542
1336	1557
1336	1594
1336	1667
1336	1723
1336	1792
1337	1477
1337	1629
1337	1663
1337	1776
1337	1872
1337	1886
1338	1363
1338	1380
1338	1389
1338	1410
1338	1453
1338	1653
1338	1661
1338	1828
1338	1972
1339	1526
1339	1538
1339	1560
1340	1406
1340	1656
1340	1686
1340	1689
1340	1877
1340	1917
1340	1992
1341	1638
1341	1765
1341	1800
1341	1805
1341	1958
1342	1438
1342	1443
1342	1594
1342	1749
1342	1767
1342	1768
1342	1773
1342	1816
1342	1824
1342	1927
1343	1384
1343	1393
1343	1509
1343	1583
1343	1591
1343	1731
1343	1849
1343	1925
1343	1935
1344	1346
1344	1443
1344	1630
1344	1648
1344	1793
1344	1807
1344	1862
1344	1989
1345	1423
1345	1470
1345	1489
1345	1518
1345	1542
1345	1653
1345	1662
1345	1771
1345	1844
1345	1858
1345	1862
1346	1421
1346	1653
1346	1683
1346	1983
1347	1356
1347	1431
1347	1445
1347	1491
1347	1647
1347	1702
1347	1761
1347	1899
1347	1933
1347	1981
1348	1353
1348	1372
1348	1529
1348	1606
1348	1641
1348	1755
1348	1839
1348	1867
1349	1450
1349	1451
1349	1609
1349	1690
1349	1801
1349	1839
1349	1895
1349	1899
1350	1401
1350	1531
1350	1677
1350	1732
1350	1747
1350	1780
1351	1672
1351	1682
1351	1706
1351	1729
1351	1786
1351	1930
1352	1406
1352	1419
1352	1435
1352	1564
1352	1624
1352	1664
1352	1942
1352	1975
1353	1359
1353	1375
1353	1391
1353	1605
1353	1797
1353	1826
1353	1941
1354	1413
1354	1528
1354	1685
1354	1737
1354	1776
1354	1779
1354	1845
1354	1860
1354	1930
1354	1967
1354	1971
1355	1503
1355	1590
1355	1652
1355	1657
1355	1736
1355	1749
1355	1839
1355	1888
1355	1894
1356	1380
1356	1394
1356	1458
1356	1930
1357	1429
1357	1439
1357	1528
1357	1539
1357	1560
1357	1704
1357	1726
1357	1741
1357	1780
1357	1978
1358	1492
1358	1566
1358	1569
1358	1682
1358	1730
1358	1771
1359	1438
1359	1444
1359	1475
1359	1558
1359	1563
1359	1653
1359	1848
1359	1924
1360	1429
1360	1611
1360	1684
1360	1937
1361	1506
1361	1540
1361	1607
1361	1616
1361	1670
1361	1726
1361	1826
1361	1930
1362	1771
1362	1804
1362	1818
1362	1877
1362	1994
1363	1681
1363	1701
1363	1825
1363	1869
1363	1880
1363	1927
1363	1943
1364	1378
1364	1442
1364	1526
1364	1558
1364	1563
1365	1379
1365	1420
1365	1458
1365	1654
1365	1703
1365	1734
1365	1774
1365	1837
1365	1941
1365	1983
1366	1455
1366	1795
1366	1811
1366	1833
1366	1935
1367	1507
1367	1530
1367	1674
1367	1767
1367	1839
1367	1913
1367	1929
1368	1515
1368	1538
1368	1705
1368	1745
1368	1826
1368	1903
1368	1947
1368	1981
1369	1781
1369	1835
1369	1917
1369	1919
1369	1964
1369	1973
1369	1991
1370	1414
1370	1638
1370	1783
1370	1859
1370	1862
1370	1957
1370	1970
1371	1650
1371	1665
1371	1791
1372	1582
1372	1593
1372	1852
1372	1918
1372	1998
1373	1647
1373	1682
1373	1809
1373	1883
1373	1947
1374	1473
1374	1655
1374	1737
1374	1782
1374	1952
1375	1436
1375	1476
1375	1662
1375	1721
1375	1747
1375	1906
1375	1938
1375	1945
1376	1590
1376	1781
1376	1839
1376	1879
1376	1927
1377	1453
1377	1717
1377	1809
1378	1427
1378	1501
1378	1546
1378	1551
1378	1787
1379	1471
1379	1501
1379	1598
1379	1719
1379	1792
1379	1799
1379	1804
1379	1913
1380	1506
1380	1520
1380	1586
1380	1609
1380	1789
1380	1919
1380	1953
1381	1887
1381	1906
1381	1936
1382	1383
1382	1486
1382	1490
1382	1518
1382	1860
1382	1941
1382	1944
1383	1552
1383	1560
1383	1636
1383	1669
1383	1712
1383	1799
1383	1813
1384	1425
1384	1682
1384	1697
1384	1735
1384	1954
1384	1994
1385	1471
1385	1481
1385	1500
1385	1600
1385	1676
1385	1720
1385	1904
1385	1906
1385	1912
1385	1917
1385	1991
1386	1491
1386	1598
1386	1673
1386	1746
1386	1803
1386	1883
1386	1896
1386	1916
1386	1958
1387	1448
1387	1454
1387	1536
1387	1779
1387	1852
1387	1900
1387	1922
1387	1925
1387	1991
1388	1613
1388	1854
1389	1447
1389	1472
1389	1516
1389	1541
1389	1674
1389	1811
1389	1928
1390	1394
1390	1741
1390	1817
1390	1921
1390	1934
1390	1998
1391	1607
1391	1804
1392	1435
1392	1766
1392	1805
1392	1846
1392	1907
1392	1951
1392	1962
1393	1443
1393	1450
1393	1522
1393	1587
1393	1694
1393	1778
1393	1946
1393	1994
1394	1419
1394	1432
1394	1517
1394	1525
1394	1617
1394	1625
1394	1946
1394	1985
1395	1487
1395	1530
1395	1551
1395	1602
1395	1650
1395	1712
1395	1958
1396	1461
1396	1629
1396	1776
1396	1786
1396	1840
1396	1859
1396	1938
1397	1487
1397	1714
1397	1821
1397	1850
1397	1925
1397	1970
1398	1408
1398	1421
1398	1546
1398	1551
1398	1619
1398	1995
1399	1439
1399	1453
1399	1587
1399	1627
1399	1823
1399	1953
1400	1437
1400	1709
1400	1894
1401	1576
1401	1589
1401	1614
1401	1673
1401	1701
1401	1744
1401	1771
1401	1957
1402	1607
1403	1489
1403	1531
1403	1568
1403	1581
1403	1881
1404	1510
1404	1570
1404	1619
1405	1507
1405	1639
1405	1677
1405	1737
1405	1762
1405	1860
1405	1975
1406	1483
1406	1519
1406	1671
1406	1829
1406	1858
1407	1487
1407	1509
1407	1539
1407	1594
1407	1630
1407	1639
1407	1717
1407	1835
1407	1903
1407	1916
1408	1471
1408	1483
1408	1538
1408	1636
1408	1742
1408	1901
1409	1453
1409	1549
1409	1697
1409	1778
1409	1854
1410	1433
1410	1588
1410	1593
1410	1887
1410	1896
1410	1944
1411	1468
1411	1540
1411	1686
1411	1784
1411	1788
1411	1883
1411	1900
1411	1925
1411	1972
1412	1537
1412	1560
1412	1723
1412	1832
1412	1901
1412	1924
1412	1959
1412	1980
1413	1421
1413	1475
1413	1572
1413	1590
1413	1592
1413	1648
1413	1947
1414	1591
1414	1667
1414	1829
1414	1842
1414	1872
1414	1973
1415	1518
1415	1719
1415	1775
1416	1475
1416	1504
1416	1514
1416	1811
1416	1860
1416	1970
1417	1539
1417	1567
1417	1655
1417	1734
1417	1757
1417	1766
1417	1786
1417	1825
1417	1873
1417	1947
1418	1440
1418	1484
1418	1567
1418	1648
1418	1655
1418	1658
1418	1717
1418	1728
1418	1844
1419	1603
1419	1951
1420	1555
1420	1630
1420	1677
1420	1706
1420	1781
1420	1949
1421	1429
1421	1486
1421	1492
1421	1602
1421	1614
1421	1766
1421	1847
1422	1487
1422	1488
1422	1526
1422	1578
1422	1642
1422	1664
1422	1877
1422	1884
1423	1619
1423	1667
1423	1714
1423	1744
1423	1830
1423	1916
1423	1921
1423	1923
1424	1433
1424	1462
1424	1479
1424	1523
1424	1531
1424	1662
1424	1855
1424	1910
1424	1959
1425	1639
1425	1889
1426	1491
1426	1527
1426	1699
1426	1784
1426	1862
1426	1915
1426	1936
1426	1954
1426	1977
1427	1470
1427	1565
1427	1664
1427	1719
1427	1728
1427	1734
1427	1944
1428	1683
1428	1741
1428	1914
1428	1965
1429	1517
1429	1518
1429	1553
1429	1637
1430	1447
1430	1570
1430	1785
1430	1974
1431	1474
1431	1496
1431	1552
1431	1620
1431	1644
1431	1664
1431	1723
1431	1763
1431	1965
1432	1535
1432	1553
1432	1591
1433	1442
1433	1488
1433	1505
1433	1551
1433	1728
1433	1772
1433	1783
1434	1478
1434	1516
1434	1556
1434	1614
1434	1684
1434	1706
1434	1745
1434	1789
1434	1791
1434	1822
1434	1831
1434	1875
1434	1939
1434	1970
1434	1978
1435	1439
1435	1459
1435	1515
1435	1550
1435	1678
1435	1702
1435	1785
1435	1920
1435	1949
1435	1978
1436	1473
1436	1689
1436	1756
1436	1759
1436	1890
1437	1545
1437	1679
1437	1704
1437	1705
1437	1738
1437	1778
1437	1949
1437	1963
1438	1644
1438	1699
1438	1792
1438	1821
1438	1825
1438	1874
1438	1936
1439	1555
1439	1611
1439	1772
1439	1781
1439	1819
1439	1939
1440	1639
1440	1835
1440	1909
1441	1450
1441	1528
1441	1660
1441	1696
1442	1522
1442	1607
1442	1691
1442	1888
1442	1931
1443	1530
1443	1570
1443	1871
1443	1931
1443	1978
1444	1574
1444	1612
1444	1680
1444	1714
1444	1859
1444	1894
1444	1949
1445	1474
1445	1475
1445	1523
1445	1946
1446	1635
1448	1488
1448	1619
1448	1715
1448	1734
1448	1738
1448	1919
1448	1920
1448	1921
1448	1962
1448	1965
1449	1461
1449	1568
1449	1569
1449	1591
1449	1618
1449	1956
1450	1528
1450	1732
1450	1836
1450	1843
1450	1913
1450	1978
1451	1488
1451	1497
1451	1674
1451	1704
1451	1855
1451	1943
1452	1461
1452	1489
1452	1519
1452	1758
1452	1810
1452	1843
1452	1859
1452	1950
1453	1482
1453	1721
1453	1818
1453	1819
1453	1879
1453	1989
1454	1484
1454	1506
1454	1572
1454	1724
1454	1774
1454	1891
1454	1906
1454	1915
1455	1540
1455	1770
1455	1788
1455	1810
1455	1867
1455	1903
1455	1927
1455	1972
1456	1504
1456	1518
1456	1785
1456	1828
1457	1640
1457	1748
1457	1779
1457	1823
1457	1838
1457	1881
1457	1944
1457	1999
1458	1712
1458	1809
1458	1882
1459	1700
1459	1834
1459	1875
1459	1886
1459	1929
1459	1956
1460	1548
1460	1627
1460	1655
1460	1795
1460	1856
1461	1635
1461	1657
1461	1739
1462	1540
1462	1595
1462	1611
1463	1502
1463	1585
1463	1883
1464	1496
1464	1624
1464	1821
1464	1886
1464	1997
1465	1564
1465	1872
1466	1597
1466	1764
1467	1534
1467	1540
1467	1634
1467	1654
1467	1746
1467	1929
1467	1971
1468	1744
1468	1883
1469	1685
1469	1773
1469	1950
1470	1586
1470	1743
1470	1777
1470	1814
1470	1882
1470	1907
1470	1984
1471	1678
1471	1717
1471	1783
1471	1818
1471	1852
1472	1488
1472	1726
1472	1823
1472	1912
1473	1823
1473	1900
1473	1936
1473	1975
1473	1985
1474	1491
1474	1509
1474	1527
1474	1574
1474	1590
1474	1631
1474	1770
1474	1979
1475	1740
1475	1822
1475	1908
1475	1964
1476	1514
1476	1647
1476	1917
1477	1540
1477	1562
1477	1632
1477	1715
1477	1773
1477	1786
1477	1821
1477	1966
1477	1970
1478	1486
1478	1661
1478	1697
1478	1811
1479	1484
1479	1509
1479	1602
1479	1739
1479	1911
1479	1966
1480	1645
1480	1657
1480	1843
1480	1914
1480	1946
1481	1563
1481	1691
1481	1703
1482	1623
1482	1771
1482	1772
1482	1954
1483	1650
1483	1708
1483	1864
1483	1954
1484	1638
1484	1833
1484	1976
1485	1529
1485	1693
1485	1762
1485	1879
1486	1491
1486	1751
1486	1784
1486	1969
1487	1594
1487	1777
1487	1875
1487	1947
1488	1674
1488	1689
1488	1778
1488	1966
1489	1504
1489	1539
1489	1850
1489	1909
1489	1988
1490	1917
1490	1972
1491	1964
1492	1697
1492	1718
1492	1761
1492	1831
1493	1496
1493	1622
1493	1758
1493	1816
1493	1989
1494	1508
1494	1730
1494	1803
1494	1813
1494	1865
1495	1613
1495	1833
1496	1538
1496	1916
1496	1975
1497	1668
1497	1879
1497	1883
1498	1664
1498	1681
1498	1720
1498	1783
1498	1943
1499	1633
1499	1722
1499	1795
1499	1808
1499	1863
1500	1588
1500	1610
1500	1784
1500	1941
1500	1965
1501	1503
1501	1518
1501	1602
1501	1633
1501	1708
1501	1898
1501	1930
1501	1999
1502	1546
1502	1631
1502	1727
1502	1924
1503	1526
1503	1536
1503	1605
1503	1637
1503	1990
1504	1557
1504	1571
1504	1579
1504	1756
1504	1837
1505	1555
1505	1589
1505	1680
1505	1713
1505	1879
1505	1965
1506	1674
1506	1693
1506	1705
1506	1713
1506	1844
1507	1621
1508	1627
1508	1795
1508	1812
1508	1868
1508	1874
1508	1875
1509	1554
1509	1591
1509	1779
1509	1861
1509	1879
1509	1998
1510	1618
1510	1748
1510	1768
1510	1792
1510	1802
1510	1894
1511	1607
1511	1738
1511	1969
1512	1590
1512	1639
1512	1646
1512	1708
1512	1723
1512	1743
1512	1792
1513	1522
1513	1572
1513	1934
1514	1633
1514	1717
1514	1758
1515	1531
1515	1536
1515	1650
1515	1903
1515	1985
1516	1659
1516	1698
1516	1776
1516	1924
1517	1877
1518	1657
1518	1840
1518	1933
1519	1864
1519	1981
1520	1729
1520	1854
1520	1908
1521	1558
1521	1562
1521	1697
1521	1699
1521	1878
1522	1691
1522	1706
1522	1746
1522	1812
1523	1627
1523	1766
1523	1863
1523	1877
1523	1950
1524	1543
1524	1546
1524	1625
1524	1645
1524	1658
1524	1685
1525	1530
1525	1559
1525	1578
1525	1584
1525	1725
1525	1751
1525	1772
1525	1789
1526	1567
1526	1743
1526	1801
1526	1811
1526	1962
1526	1983
1527	1612
1527	1628
1527	1707
1527	1916
1527	1922
1528	1634
1528	1706
1528	1739
1528	1835
1528	1880
1529	1651
1529	1717
1529	1857
1529	1861
1529	1870
1529	1937
1530	1599
1530	1773
1530	1835
1530	1959
1531	1549
1531	1601
1531	1648
1531	1957
1531	1996
1532	1537
1532	1662
1532	1754
1532	1854
1532	1898
1532	1961
1533	1664
1533	1895
1534	1619
1534	1764
1534	1928
1534	1932
1535	1617
1535	1768
1535	1820
1536	1607
1536	1691
1536	1768
1536	1884
1536	1890
1536	1902
1536	1914
1536	1921
1536	1924
1536	1963
1537	1578
1537	1642
1537	1923
1537	1948
1538	1977
1538	1984
1539	1870
1540	1549
1540	1625
1540	1704
1540	1730
1540	1766
1541	1580
1541	1701
1541	1777
1541	1869
1541	1910
1541	1920
1542	1554
1543	1991
1544	1655
1544	1790
1544	1930
1545	1559
1545	1568
1545	1599
1545	1932
1545	1994
1546	1592
1546	1679
1546	1694
1546	1763
1546	1787
1547	1812
1547	1916
1548	1550
1548	1552
1548	1565
1548	1605
1548	1630
1548	1633
1548	1661
1548	1789
1548	1791
1548	1795
1548	1871
1548	1955
1549	1747
1549	1755
1549	1971
1550	1564
1550	1660
1550	1766
1550	1908
1551	1593
1551	1768
1551	1806
1551	1975
1551	1976
1552	1671
1552	1771
1553	1603
1553	1652
1553	1699
1553	1726
1553	1759
1553	1891
1554	1765
1555	1569
1555	1668
1555	1745
1555	1783
1555	1860
1555	1927
1555	1950
1556	1723
1556	1804
1556	1889
1557	1701
1557	1736
1557	1841
1557	1953
1558	1773
1558	1843
1558	1846
1558	1952
1558	1976
1559	1997
1560	1600
1560	1859
1560	1972
1561	1584
1561	1593
1561	1684
1561	1729
1561	1776
1561	1829
1562	1627
1562	1656
1562	1659
1562	1906
1562	1944
1562	1950
1563	1578
1563	1670
1563	1795
1563	1982
1564	1779
1564	1824
1564	1936
1564	1958
1565	1877
1565	1901
1565	1921
1565	1927
1566	1577
1566	1611
1566	1629
1566	1657
1566	1696
1566	1710
1566	1790
1566	1823
1566	1893
1567	1831
1567	1933
1567	1948
1568	1933
1569	1721
1569	1746
1569	1793
1569	1923
1570	1641
1570	1664
1570	1677
1570	1941
1570	1943
1571	1656
1571	1662
1571	1950
1571	1956
1571	1995
1572	1599
1572	1716
1572	1731
1572	1770
1572	1996
1573	1851
1573	1887
1574	1619
1574	1661
1574	1802
1574	1823
1574	1893
1575	1746
1575	1752
1575	1798
1575	1988
1576	1732
1576	1931
1577	1705
1577	1756
1577	1778
1577	1920
1578	1639
1578	1724
1578	1848
1578	1917
1578	1998
1579	1648
1579	1859
1579	1907
1580	1694
1581	1611
1581	1718
1581	1775
1581	1782
1581	1862
1581	1981
1582	1658
1582	1724
1582	1745
1582	1901
1582	1998
1583	1622
1583	1653
1583	1752
1583	1796
1583	1844
1584	1590
1584	1684
1584	1878
1584	1931
1584	1933
1584	1936
1585	1610
1585	1724
1585	1736
1585	1779
1585	1795
1586	1642
1586	1889
1586	1916
1586	1929
1587	1712
1587	1838
1587	1846
1587	1853
1587	1903
1587	1947
1588	1672
1588	1932
1588	1989
1589	1685
1589	1712
1589	1736
1589	1743
1590	1614
1590	1763
1590	1863
1591	1611
1591	1630
1591	1632
1591	1794
1592	1629
1592	1672
1592	1745
1592	1759
1592	1798
1592	1846
1593	1786
1593	1870
1594	1653
1594	1658
1594	1697
1594	1937
1595	1904
1595	1910
1596	1669
1596	1673
1596	1678
1596	1695
1597	1647
1597	1651
1598	1735
1599	1690
1599	1753
1600	1654
1600	1714
1600	1839
1601	1636
1601	1783
1601	1827
1601	1889
1602	1755
1602	1762
1602	1767
1602	1819
1602	1893
1603	1723
1603	1795
1603	1934
1604	1607
1604	1609
1604	1638
1604	1781
1605	1763
1605	1876
1605	1919
1605	1951
1606	1653
1606	1670
1606	1972
1606	1980
1607	1690
1607	1698
1607	1771
1607	1833
1607	1958
1607	1974
1608	1807
1608	1939
1609	1793
1610	1685
1610	1743
1610	1807
1610	1831
1610	1865
1611	1672
1611	1675
1611	1774
1611	1810
1611	1985
1612	1765
1612	1766
1612	1930
1613	1644
1613	1658
1613	1750
1613	1810
1613	1833
1613	1872
1613	1902
1614	1668
1614	1753
1614	1918
1614	1999
1615	1647
1615	1770
1615	1870
1615	1934
1616	1620
1616	1770
1616	1874
1617	1619
1617	1711
1617	1748
1617	1772
1617	1929
1618	1785
1618	1835
1618	1912
1619	1632
1619	1746
1619	1757
1619	1786
1620	1675
1620	1711
1620	1974
1621	1631
1621	1779
1621	1807
1621	1940
1622	1659
1622	1734
1622	1773
1622	1796
1622	1909
1623	1764
1623	1776
1623	1794
1623	1826
1623	1999
1624	1639
1624	1759
1624	1824
1624	1897
1625	1655
1625	1680
1625	1694
1625	1841
1625	1897
1625	1914
1626	1760
1626	1799
1626	1804
1626	1822
1626	1883
1627	1809
1627	1901
1627	1916
1627	1924
1628	1717
1628	1754
1629	1659
1629	1721
1629	1834
1630	1898
1630	1900
1630	1973
1631	1657
1631	1658
1631	1676
1631	1688
1631	1690
1631	1934
1631	1970
1632	1742
1633	1650
1633	1679
1633	1830
1633	1995
1634	1661
1634	1882
1634	1925
1634	1968
1634	1992
1635	1667
1635	1874
1635	1888
1635	1923
1635	1927
1635	1935
1635	1977
1635	1998
1636	1772
1636	1947
1636	1958
1636	1973
1637	1703
1637	1745
1637	1863
1637	1997
1638	1924
1638	1926
1639	1679
1639	1802
1640	1845
1640	1859
1640	1979
1641	1669
1641	1728
1642	1737
1642	1883
1642	1896
1642	1901
1643	1770
1643	1773
1643	1872
1643	1905
1643	1946
1644	1666
1644	1953
1644	1982
1645	1678
1645	1771
1645	1819
1646	1678
1646	1818
1646	1932
1646	1951
1646	1984
1647	1734
1647	1775
1647	1835
1647	1873
1647	1880
1647	1917
1647	1978
1648	1662
1648	1739
1648	1962
1648	1983
1649	1834
1649	1844
1649	1966
1650	1695
1650	1911
1650	1959
1650	1978
1651	1690
1651	1705
1651	1747
1651	1800
1651	1812
1651	1930
1651	1948
1652	1977
1653	1767
1653	1835
1653	1859
1653	1961
1654	1720
1654	1862
1654	1871
1654	1923
1654	1999
1655	1765
1656	1761
1656	1792
1656	1808
1656	1870
1656	1908
1656	1944
1657	1678
1657	1738
1657	1815
1657	1998
1658	1690
1658	1870
1659	1704
1659	1705
1659	1755
1659	1890
1659	1931
1660	1737
1660	1884
1660	1996
1661	1781
1661	1817
1661	1851
1661	1886
1661	1915
1662	1754
1662	1956
1662	1976
1663	1707
1663	1712
1663	1851
1663	1952
1664	1698
1664	1795
1664	1815
1665	1711
1665	1757
1665	1772
1665	1780
1665	1793
1666	1720
1666	1806
1666	1843
1666	1946
1666	1958
1667	1712
1667	1771
1667	1924
1667	1931
1668	1729
1668	1822
1668	1896
1668	1943
1669	1748
1669	1782
1669	1797
1669	1806
1669	1858
1669	1887
1669	1946
1669	1956
1670	1768
1670	1827
1670	1907
1670	1966
1670	1970
1670	1991
1671	1751
1671	1756
1671	1771
1671	1853
1671	1884
1671	1909
1671	1920
1672	1727
1672	1769
1673	1689
1673	1798
1673	1879
1673	1899
1673	1920
1674	1758
1674	1823
1675	1682
1675	1728
1676	1694
1676	1727
1676	1757
1676	1860
1676	1934
1676	1950
1676	1965
1677	1901
1677	1969
1678	1713
1678	1739
1678	1889
1678	1968
1679	1728
1679	1833
1679	1875
1681	1746
1681	1764
1681	1790
1682	1732
1682	1733
1682	1796
1682	1849
1682	1941
1683	1748
1683	1757
1683	1857
1683	1922
1683	1951
1684	1704
1684	1723
1684	1839
1684	1841
1684	1846
1684	1880
1684	1881
1684	1918
1685	1709
1685	1732
1685	1935
1686	1705
1686	1865
1687	1868
1688	1724
1688	1728
1688	1731
1689	1812
1689	1890
1689	1952
1690	1748
1690	1782
1690	1927
1690	1986
1691	1761
1691	1774
1691	1785
1692	1718
1692	1728
1692	1828
1692	1857
1692	1900
1692	1994
1693	1751
1693	1922
1693	1925
1693	1973
1693	1997
1694	1740
1694	1850
1695	1883
1695	1887
1695	1893
1695	1903
1696	1729
1696	1801
1697	1717
1697	1722
1697	1777
1697	1847
1697	1940
1698	1699
1698	1890
1698	1904
1698	1980
1699	1749
1699	1765
1699	1833
1700	1759
1700	1797
1700	1934
1700	1973
1700	1987
1701	1715
1701	1826
1702	1821
1703	1802
1703	1909
1704	1778
1704	1804
1704	1978
1705	1808
1705	1980
1706	1755
1706	1797
1707	1795
1707	1829
1707	1974
1708	1728
1708	1916
1708	1980
1709	1833
1710	1783
1710	1852
1710	1970
1710	1992
1711	1784
1711	1808
1711	1902
1712	1717
1712	1794
1712	1856
1713	1753
1713	1934
1713	1973
1713	1988
1713	1998
1714	1832
1714	1952
1715	1734
1715	1747
1715	1869
1715	1961
1715	1969
1716	1769
1716	1816
1716	1838
1716	1918
1716	1980
1717	1754
1717	1767
1717	1780
1717	1785
1718	1737
1718	1966
1719	1792
1719	1843
1719	1879
1719	1946
1719	1982
1720	1730
1720	1745
1720	1817
1720	1829
1720	1954
1721	1851
1722	1837
1723	1883
1723	1926
1723	1933
1724	1811
1724	1929
1724	1980
1725	1915
1726	1915
1727	1780
1727	1815
1727	1817
1728	1785
1728	1861
1728	1920
1730	1897
1730	1952
1731	1807
1731	1874
1731	1914
1732	1829
1732	1830
1732	1834
1732	1861
1734	1805
1734	1839
1734	1937
1734	1976
1735	1737
1735	1744
1735	1869
1735	1952
1736	1859
1737	1762
1737	1815
1737	1886
1737	1904
1738	1763
1738	1979
1739	1753
1739	1816
1739	1917
1739	1938
1740	1867
1740	1887
1741	1775
1742	1775
1742	1888
1742	1946
1743	1776
1743	1853
1743	1863
1743	1929
1744	1772
1744	1940
1744	1991
1745	1820
1745	1841
1746	1782
1746	1817
1747	1867
1747	1897
1747	1993
1748	1793
1748	1862
1748	1880
1748	1933
1748	1995
1749	1805
1749	1985
1750	1752
1750	1836
1751	1892
1751	1955
1751	1986
1751	1995
1752	1871
1753	1843
1753	1920
1753	1966
1753	1977
1754	1774
1754	1862
1754	1864
1754	1974
1754	1993
1755	1827
1756	1978
1757	1826
1758	1839
1759	1820
1759	1855
1759	1863
1760	1790
1760	1838
1760	1886
1761	1873
1762	1770
1763	1940
1763	1967
1763	1993
1764	1821
1764	1922
1764	1966
1764	1999
1765	1844
1765	1868
1765	1996
1766	1862
1766	1901
1766	1955
1766	1991
1766	1997
1767	1819
1767	1895
1768	1871
1768	1874
1768	1893
1769	1835
1769	1893
1769	1913
1769	1972
1769	1995
1771	1946
1771	1969
1771	1989
1772	1842
1773	1779
1773	1892
1774	1826
1775	1799
1775	1876
1776	1820
1776	1861
1777	1822
1778	1796
1778	1860
1778	1958
1779	1828
1779	1865
1779	1906
1779	1948
1780	1949
1781	1802
1781	1840
1781	1906
1782	1841
1784	1823
1784	1889
1784	1964
1784	1967
1785	1879
1785	1887
1785	1907
1785	1960
1786	1793
1786	1804
1786	1842
1786	1878
1786	1996
1787	1920
1787	1958
1788	1815
1788	1860
1788	1879
1788	1893
1789	1803
1789	1908
1790	1945
1791	1904
1792	1879
1792	1909
1792	1941
1793	1802
1793	1811
1793	1906
1793	1994
1794	1931
1795	1883
1797	1814
1797	1873
1797	1884
1798	1939
1798	1989
1799	1859
1800	1906
1800	1986
1802	1838
1802	1871
1802	1985
1803	1857
1803	1942
1804	1895
1805	1905
1805	1934
1805	1962
1805	1976
1806	1848
1806	1869
1806	1923
1808	1960
1808	1986
1809	1952
1810	1860
1810	1959
1811	1868
1811	1898
1811	1984
1812	1908
1813	1855
1813	1897
1813	1982
1814	1907
1814	1925
1815	1965
1816	1826
1816	1941
1816	1951
1817	1837
1817	1914
1817	1986
1818	1826
1818	1842
1818	1891
1819	1827
1819	1862
1819	1876
1819	1915
1819	1934
1820	1844
1821	1894
1822	1831
1822	1891
1822	1893
1824	1902
1824	1914
1825	1841
1826	1909
1826	1926
1828	1841
1828	1914
1828	1927
1829	1843
1829	1845
1829	1883
1829	1969
1831	1884
1831	1984
1832	1837
1832	1897
1833	1875
1834	1869
1834	1891
1834	1984
1835	1848
1836	1894
1836	1900
1837	1909
1837	1926
1838	1874
1838	1985
1839	1966
1840	1967
1841	1918
1843	1847
1843	1857
1844	1882
1846	1917
1846	1959
1847	1972
1847	1973
1847	1979
1848	1875
1849	1862
1850	1990
1851	1889
1851	1972
1851	1993
1852	1984
1853	1862
1853	1901
1853	1921
1853	1928
1853	1944
1855	1878
1855	1885
1856	1961
1856	1986
1857	1981
1858	1888
1859	1941
1860	1895
1861	1976
1863	1934
1864	1871
1865	1964
1866	1887
1866	1953
1867	1910
1868	1912
1868	1971
1870	1949
1870	1991
1871	1877
1871	1935
1872	1905
1872	1924
1872	1946
1874	1893
1874	1929
1875	1992
1877	1908
1877	1918
1877	1952
1877	1956
1877	1970
1877	1992
1880	1884
1881	1961
1885	1905
1885	1913
1886	1889
1886	1911
1886	1926
1887	1915
1888	1892
1888	1955
1888	1969
1889	1960
1890	1899
1890	1935
1890	1940
1890	1977
1893	1997
1896	1927
1898	1918
1898	1970
1899	1911
1900	1904
1900	1910
1900	1928
1901	1914
1901	1949
1901	1977
1901	1993
1904	1944
1907	1927
1907	1999
1909	1960
1909	1973
1913	1934
1913	1947
1914	1945
1914	1995
1915	1981
1916	1997
1917	1994
1918	1927
1918	1974
1919	1966
1922	1943
1923	1934
1928	1971
1929	1939
1929	1951
1929	1995
1930	1972
1931	1961
1932	1982
1935	1936
1937	1954
1937	1971
1938	1978
1938	1996
1939	1950
1940	1948
1940	1967
1940	1977
1940	1993
1941	1988
1944	1972
1945	1979
1946	1964
1946	1990
1951	1997
1951	1999
1955	1958
1958	1980
1966	1968
1967	1971
1970	1985
1971	1991
1974	1976
1984	1995
1990	1992
1990	1997
1992	1993
