2000	0
0	640
0	645
0	699
0	745
0	772
0	801
0	958
0	1975
1	104
1	255
1	296
1	329
1	488
1	513
1	723
1	816
1	855
2	232
2	273
2	402
2	472
2	640
2	740
2	801
3	80
3	147
3	825
3	883
3	904
4	257
4	268
4	276
4	529
4	601
4	706
4	928
4	977
5	35
5	62
5	66
5	178
5	223
5	292
5	339
5	581
5	656
5	669
5	890
5	919
5	966
6	17
6	265
6	269
6	306
6	400
6	765
6	804
6	805
6	972
6	984
6	1835
7	39
7	88
7	126
7	221
7	224
7	241
7	348
7	402
7	823
8	27
8	97
8	173
8	200
8	245
8	458
8	488
8	551
8	575
8	651
8	679
8	802
8	863
8	871
8	951
9	115
9	206
9	246
9	375
9	403
9	505
9	579
9	638
9	701
9	725
9	727
9	737
9	801
9	956
10	88
10	104
10	106
10	250
10	262
10	271
10	306
10	404
10	467
10	525
10	560
10	936
10	984
11	66
11	72
11	322
11	422
11	448
11	530
11	658
11	759
11	801
11	834
12	95
12	178
12	189
12	260
12	333
12	414
12	500
12	705
12	826
12	853
12	946
13	88
13	117
13	273
13	429
13	454
13	476
13	557
13	615
13	784
13	814
13	975
14	126
14	192
14	261
14	297
14	384
14	409
14	499
14	537
14	581
14	703
14	831
14	836
14	933
14	968
15	119
15	351
15	541
15	933
16	29
16	136
16	191
16	293
16	343
16	516
16	583
16	636
16	708
16	790
16	812
16	813
16	853
16	967
17	51
17	218
17	223
17	257
17	443
17	457
17	610
17	918
18	355
18	370
18	444
18	480
18	532
18	563
18	700
18	724
18	899
18	943
18	1009
19	166
19	253
19	275
19	285
19	340
19	447
19	451
19	569
19	597
19	758
19	860
20	29
20	76
20	119
20	121
20	232
20	315
20	456
20	533
20	838
21	52
21	165
21	238
21	410
21	441
21	512
21	641
21	697
21	870
21	917
22	135
22	234
22	368
22	392
22	537
22	549
22	669
22	749
22	755
22	842
22	887
22	950
23	367
23	383
23	442
23	540
23	546
23	849
24	190
24	597
24	795
25	35
25	62
25	189
25	226
25	288
25	302
25	412
25	707
25	782
25	864
25	872
26	52
26	98
26	134
26	182
26	266
26	347
26	788
26	829
27	58
27	72
27	226
27	374
27	482
27	500
27	557
27	636
27	744
27	937
27	992
28	40
28	62
28	483
28	675
28	695
28	794
28	907
29	166
29	242
29	267
29	317
29	341
29	733
29	838
29	855
29	871
29	881
29	889
29	989
30	103
30	175
30	277
30	394
30	460
30	661
30	772
30	786
30	793
30	836
30	839
30	906
31	90
31	195
31	210
31	310
31	374
31	408
31	616
31	652
31	708
31	903
31	907
31	1630
32	109
32	145
32	239
32	265
32	325
32	392
32	429
32	454
32	474
32	561
32	571
32	692
32	836
32	923
32	1773
33	183
33	318
33	510
33	621
34	47
34	164
34	400
34	423
34	565
34	679
34	781
34	925
35	138
35	192
35	196
35	288
35	320
35	359
35	370
35	620
35	640
35	649
35	675
35	939
36	257
36	333
36	340
36	341
36	369
36	427
36	510
36	839
36	872
36	877
37	432
37	489
37	788
37	846
37	866
37	911
37	918
38	43
38	53
38	143
38	447
38	576
38	628
38	839
38	881
38	910
39	71
39	278
39	296
39	355
39	357
39	434
39	526
39	600
39	609
39	625
39	685
39	734
40	43
40	56
40	99
40	292
40	417
40	454
40	492
40	860
40	934
40	971
41	166
41	244
41	308
41	317
41	424
41	555
41	829
41	909
42	160
42	167
42	542
42	682
42	684
42	880
42	894
42	983
43	415
43	520
43	604
43	615
43	697
43	725
43	833
43	983
44	90
44	204
44	376
44	521
44	712
44	772
44	814
44	840
45	130
45	306
45	329
45	380
45	885
45	943
46	62
46	214
46	256
46	301
46	477
46	502
46	575
46	590
46	692
46	725
46	728
47	121
47	191
47	216
47	245
47	318
47	383
47	459
47	478
47	694
47	789
47	939
47	945
48	51
48	176
48	250
48	260
48	503
48	577
48	625
48	772
48	922
49	145
49	187
49	217
49	295
49	394
49	444
49	503
49	539
49	603
49	993
50	239
50	329
50	360
50	382
50	444
50	530
50	537
50	560
50	622
50	653
50	820
51	66
51	227
51	357
51	598
51	626
51	739
51	947
52	91
52	183
52	213
52	264
52	321
52	589
52	604
52	629
52	932
53	57
53	151
53	530
53	696
54	62
54	88
54	286
54	674
54	714
54	720
54	880
55	200
55	205
55	240
55	246
55	279
55	330
55	678
55	721
55	754
55	812
56	229
56	277
56	286
56	307
56	323
56	403
56	432
56	507
56	910
56	926
57	311
57	314
57	430
57	575
57	664
57	687
57	758
57	779
57	888
58	305
58	483
58	693
59	238
59	294
59	298
59	359
59	437
59	455
59	480
59	517
59	546
59	568
59	625
59	626
59	853
59	956
60	82
60	151
60	304
60	309
60	357
60	401
60	487
60	521
60	591
60	655
60	764
60	770
60	886
60	922
60	992
61	97
61	129
61	150
61	188
61	256
61	375
61	419
61	481
61	638
61	727
61	794
61	873
61	922
62	206
62	456
62	464
62	543
62	547
62	600
62	688
62	747
62	827
62	932
63	354
63	466
63	489
63	524
63	599
63	620
63	623
63	639
63	877
64	729
64	823
64	846
65	174
65	182
65	212
65	290
65	733
65	889
65	969
65	986
66	124
66	212
66	616
66	670
66	755
66	854
66	1542
67	151
67	300
67	379
67	382
67	551
67	610
67	867
68	303
68	398
68	444
68	484
68	503
68	523
68	528
68	636
68	677
68	717
68	723
68	738
68	771
68	783
68	832
68	985
69	114
69	187
69	330
69	990
70	127
70	168
70	283
70	377
70	453
70	541
70	632
70	666
70	769
70	987
71	106
71	323
71	500
71	713
71	808
71	857
71	947
71	971
71	989
72	132
72	358
72	503
72	531
72	578
72	756
73	133
73	574
73	626
73	772
73	779
73	816
73	847
74	112
74	159
74	200
74	222
74	228
74	355
74	602
74	646
74	750
74	950
75	232
75	361
75	365
75	390
75	423
75	600
75	720
75	749
75	833
75	922
75	933
76	183
76	281
76	790
76	895
76	1353
77	93
77	245
77	279
77	430
77	525
77	554
77	574
77	692
77	924
78	116
78	223
78	368
78	390
78	503
78	787
78	883
78	939
79	109
79	112
79	320
79	364
79	370
79	390
79	409
79	455
79	488
79	593
79	944
79	963
79	1353
80	85
80	153
80	225
80	496
80	587
80	609
80	663
80	707
80	760
80	775
80	813
80	942
81	85
81	152
81	267
81	943
81	984
81	995
82	158
82	335
82	568
82	572
82	634
82	648
82	833
82	940
83	112
83	195
83	201
83	357
83	385
83	387
83	520
83	819
84	102
84	103
84	127
84	310
84	525
84	546
84	570
84	658
84	666
84	755
84	899
85	237
85	263
85	866
85	971
86	142
86	197
86	232
86	330
86	351
86	387
86	466
86	485
86	835
86	871
86	896
86	899
86	942
86	957
87	146
87	269
87	369
87	385
87	402
87	555
87	658
87	894
87	918
87	942
87	1730
88	144
88	397
88	458
88	508
88	525
88	526
88	562
88	728
88	898
89	212
89	222
89	293
89	388
89	431
89	453
89	686
89	742
89	777
89	804
89	850
89	958
89	982
89	992
89	995
90	652
90	989
91	102
91	158
91	184
91	250
91	410
91	438
91	489
91	568
91	797
91	887
91	890
91	894
91	985
91	1448
92	237
92	300
92	414
92	447
92	610
92	776
92	896
93	157
93	209
93	742
93	856
94	266
94	324
94	382
94	403
94	421
94	629
94	636
95	100
95	205
95	535
95	656
95	715
95	775
95	927
95	996
96	113
96	167
96	186
96	257
96	334
96	394
96	557
96	577
96	600
96	695
96	703
97	156
97	176
97	459
97	510
97	573
98	163
98	181
98	377
98	389
98	473
98	485
98	519
98	569
98	577
98	628
99	270
99	273
99	320
99	344
99	484
99	489
99	601
99	755
99	830
99	1167
100	130
100	195
100	208
100	319
100	568
100	587
100	603
100	627
100	684
100	821
100	963
101	381
101	388
101	399
101	464
101	715
101	785
101	985
102	176
102	205
102	244
102	281
102	487
102	646
102	651
102	695
102	886
103	137
103	272
103	442
103	596
103	877
103	883
103	900
104	139
104	149
104	171
104	183
104	257
104	293
104	408
104	617
104	656
104	731
104	823
104	824
104	878
104	919
104	981
105	526
105	550
105	715
106	112
106	134
106	225
106	312
106	624
106	654
106	731
106	856
106	889
107	214
107	220
107	274
107	283
107	356
107	359
107	577
107	579
107	589
107	665
107	931
108	258
108	455
108	482
108	497
108	569
108	605
108	899
108	939
109	192
109	196
109	285
109	376
109	428
109	430
109	497
109	498
109	543
109	623
109	912
110	120
110	192
110	202
110	339
110	373
110	470
110	529
110	559
110	700
110	726
110	859
110	884
110	925
110	959
110	982
110	1835
111	143
111	185
111	511
111	537
111	683
111	696
111	736
111	791
111	991
111	1059
112	170
112	195
112	228
112	278
112	356
112	501
112	582
112	612
112	637
112	679
112	914
113	207
113	251
113	470
113	682
113	983
114	419
114	544
114	587
114	659
114	707
114	875
114	931
114	964
115	221
115	382
115	404
115	413
115	751
115	867
115	980
116	155
116	381
116	644
116	674
116	716
116	806
116	808
116	878
117	242
117	338
117	427
117	443
117	461
117	753
117	758
117	817
117	882
117	908
118	120
118	141
118	179
118	359
118	403
118	419
118	669
118	783
118	821
118	890
118	995
119	186
119	333
119	360
119	506
119	552
119	674
119	682
119	708
119	716
119	812
119	896
119	927
119	949
119	967
120	269
120	360
120	421
120	517
120	637
120	732
120	835
120	985
120	999
121	290
121	337
121	400
121	604
121	789
121	810
122	152
122	239
122	471
122	592
122	642
122	685
122	785
122	838
123	301
123	368
123	494
123	520
123	576
123	654
123	891
123	942
123	991
124	140
124	454
124	511
124	628
124	692
124	719
125	145
125	179
125	321
125	351
125	401
125	521
125	570
125	692
125	730
125	811
125	895
125	936
125	986
125	993
126	131
126	202
126	223
126	310
126	487
126	624
126	703
126	709
126	887
126	920
126	1021
127	300
127	407
127	412
127	415
127	557
127	659
127	672
127	681
127	711
127	736
127	812
127	844
127	876
127	996
128	132
128	282
128	376
128	623
128	691
128	821
129	142
129	143
129	210
129	279
129	335
129	406
129	488
129	556
129	737
129	779
129	923
129	941
129	952
130	289
130	435
130	481
130	590
130	598
130	723
130	753
130	812
130	916
131	167
131	183
131	189
131	241
131	483
131	489
131	501
131	682
131	958
132	157
132	197
132	210
132	431
132	526
132	552
132	609
132	853
132	931
133	150
133	186
133	375
133	382
133	639
133	649
133	739
133	746
133	864
133	874
133	891
134	240
134	251
134	263
134	560
134	586
134	690
134	704
134	826
134	894
134	919
135	355
135	448
135	486
135	495
135	543
135	732
135	828
135	869
135	880
135	934
135	948
136	254
136	329
136	435
136	440
136	468
136	651
136	657
136	714
137	256
137	355
137	532
137	581
137	650
137	779
137	780
137	933
137	997
138	151
138	296
138	427
138	626
138	632
138	892
138	929
139	279
139	422
139	490
139	721
139	844
139	870
139	872
139	942
139	983
140	297
140	379
140	404
140	579
140	712
140	823
140	827
140	842
140	918
141	164
141	236
141	406
141	560
141	600
141	736
141	843
141	865
141	889
141	933
141	1322
142	167
142	198
142	275
142	279
142	341
142	565
142	634
142	788
142	828
142	912
142	986
142	998
143	281
143	293
143	295
143	329
143	450
143	682
143	727
143	882
144	162
144	214
144	276
144	394
144	436
144	500
144	706
144	737
144	754
144	784
145	181
145	232
145	309
145	493
145	515
145	533
145	556
145	655
145	661
145	825
145	841
145	987
146	167
146	347
146	451
146	467
146	476
146	524
146	666
146	751
146	826
147	189
147	252
147	366
147	475
147	629
147	740
147	822
148	152
148	269
148	364
148	448
148	573
148	818
148	865
148	891
148	982
148	1776
149	256
149	270
149	385
149	408
149	515
149	583
149	827
149	862
150	271
150	350
150	383
150	544
150	619
150	631
150	809
150	848
151	277
151	299
151	371
151	388
151	500
151	567
151	653
151	792
151	899
151	965
151	980
151	989
151	1123
152	157
152	192
152	329
152	748
152	816
153	303
153	306
153	361
153	417
153	461
153	480
153	515
153	624
153	676
153	743
154	222
154	244
154	266
154	292
154	459
154	699
154	735
154	757
154	919
155	193
155	241
155	705
155	787
155	800
155	820
155	861
155	958
156	316
156	340
156	506
156	522
156	545
156	558
156	778
156	874
156	913
156	937
157	461
157	531
157	575
157	625
157	726
157	859
158	380
158	410
158	610
158	634
158	681
158	713
158	728
158	785
158	786
158	836
158	878
158	962
158	995
159	349
159	354
159	696
159	881
160	227
160	386
160	448
160	459
160	574
160	600
160	639
160	644
160	792
160	803
160	900
160	961
160	979
160	984
161	445
161	686
161	739
161	742
161	746
161	866
161	939
161	945
162	269
162	354
162	404
162	444
162	486
162	526
162	545
162	549
162	555
162	618
162	640
162	725
162	751
162	775
162	837
162	867
162	948
163	662
163	726
163	901
164	194
164	226
164	423
164	733
164	807
164	832
164	862
164	983
165	271
165	278
165	386
165	397
165	470
165	576
165	613
165	699
165	809
165	813
165	820
165	863
165	969
165	997
166	250
166	294
166	342
166	432
166	527
166	588
166	697
166	861
166	900
166	911
166	949
167	380
167	396
167	403
167	462
167	617
167	886
167	978
168	214
168	295
168	428
168	474
168	500
168	566
168	635
168	697
168	762
169	258
169	281
169	348
169	381
169	383
169	695
169	790
169	834
169	958
169	960
169	965
170	237
170	310
170	339
170	398
170	458
170	467
170	537
170	792
170	993
171	410
171	460
171	571
171	572
172	268
172	352
172	524
172	611
172	732
172	830
172	840
172	915
173	290
173	340
173	551
173	833
173	980
174	272
174	380
174	386
174	658
175	591
175	658
175	976
175	988
175	999
176	251
176	262
176	290
176	339
176	358
176	407
176	728
176	732
176	737
176	758
176	993
177	253
177	358
177	414
177	584
177	754
177	803
177	968
178	534
178	809
178	865
179	209
179	230
179	281
179	309
179	327
179	564
179	583
179	690
179	837
179	857
179	887
179	1927
180	225
180	247
180	293
180	320
180	383
180	395
180	594
180	713
180	974
181	182
181	204
181	247
181	263
181	323
181	338
181	459
181	473
181	499
181	866
181	869
182	199
182	334
182	341
182	372
182	411
182	590
182	650
182	875
182	890
182	894
182	953
182	969
182	984
183	272
183	405
183	614
183	657
183	836
184	186
184	353
184	553
184	638
184	766
184	774
184	999
185	267
185	310
185	374
185	414
185	449
185	531
185	815
185	869
185	980
186	202
186	209
186	277
186	282
186	399
186	402
186	521
186	594
186	620
186	937
186	977
186	992
186	1990
187	253
187	269
187	329
187	360
187	417
187	436
187	604
187	779
187	793
188	336
188	345
188	437
188	558
188	565
188	739
188	839
188	940
189	270
189	295
189	298
189	444
189	528
189	643
189	809
190	192
190	301
190	470
190	528
190	529
190	618
190	626
190	765
190	815
190	905
190	1384
191	228
191	303
191	322
191	336
191	637
191	843
191	861
191	962
192	335
192	447
192	611
192	669
192	679
192	763
192	908
193	246
193	395
193	399
193	428
193	954
194	381
194	589
194	858
194	910
194	953
195	210
195	324
195	388
195	548
195	560
195	619
195	695
195	1617
196	239
196	532
196	574
196	674
196	729
197	235
197	353
197	522
197	581
197	698
198	355
198	371
198	487
198	937
198	1079
199	400
199	558
199	596
199	599
199	683
199	913
199	945
199	986
200	250
200	269
200	314
200	607
200	687
200	769
200	781
200	890
200	909
201	272
201	355
201	559
201	593
201	989
202	221
202	375
202	614
202	660
202	764
202	876
202	941
203	207
203	240
203	348
203	514
203	595
203	688
203	735
203	802
203	951
204	238
204	299
204	407
204	440
204	481
204	692
204	760
204	854
204	890
205	278
205	309
205	335
205	791
205	844
205	906
205	945
205	997
206	336
206	418
206	559
206	561
206	700
206	803
207	274
207	428
207	522
207	743
207	747
207	764
207	881
207	896
208	467
208	586
208	762
208	818
208	852
208	946
208	990
209	244
209	279
209	320
209	367
209	375
209	574
209	581
209	622
209	673
209	753
209	783
209	871
209	882
209	1108
209	1397
210	373
210	466
210	610
210	741
210	861
210	888
210	982
210	998
211	317
211	454
211	550
211	561
211	570
211	571
211	589
211	659
212	245
212	249
212	429
212	447
212	532
212	538
212	600
212	616
212	691
212	773
212	815
212	845
213	270
213	349
213	448
213	478
213	567
213	582
213	902
213	988
214	440
214	476
214	495
214	496
214	526
214	589
214	753
214	765
214	785
214	790
214	858
215	405
215	473
215	631
215	646
215	797
215	811
215	825
215	938
215	1462
216	222
216	439
216	459
216	493
216	533
216	643
216	713
216	955
217	512
217	515
217	746
217	865
217	968
218	309
218	378
218	464
218	538
218	580
218	651
218	883
218	917
219	229
219	324
219	364
219	590
219	664
219	753
219	950
219	972
220	222
220	265
220	643
220	689
220	719
220	744
220	771
220	799
220	803
220	809
220	846
220	986
221	416
221	526
221	528
221	534
221	556
221	577
221	935
222	372
222	385
222	387
222	500
222	755
222	912
222	932
223	227
223	509
223	533
223	550
223	554
223	702
223	711
223	740
223	968
224	230
224	244
224	714
224	744
224	796
224	807
224	834
224	870
224	967
225	261
225	284
225	353
225	390
225	466
225	588
225	629
225	846
226	249
226	259
226	376
226	481
226	529
226	586
226	627
226	886
226	934
226	986
227	290
227	351
227	353
227	406
227	425
227	533
227	537
227	539
227	677
227	701
227	899
227	946
227	988
228	529
228	557
228	639
229	251
229	384
229	462
229	680
229	717
229	919
229	971
230	254
230	442
230	698
230	729
230	736
230	845
231	251
231	254
231	291
231	323
231	343
231	391
231	682
231	738
231	751
231	787
231	985
232	485
232	560
232	565
232	570
232	583
232	892
232	938
233	244
233	609
233	810
233	948
233	968
234	350
234	446
234	635
234	691
234	927
234	1062
235	267
235	279
235	646
235	822
235	837
235	893
236	297
236	386
236	398
236	635
236	671
236	745
236	816
237	287
237	300
237	353
237	371
237	435
237	556
237	612
237	669
237	999
238	341
238	478
238	485
238	562
238	596
238	598
238	779
238	802
238	952
238	969
239	431
239	734
239	795
239	840
239	891
239	933
240	308
240	388
240	522
240	585
240	826
240	863
241	278
241	286
241	305
241	537
241	638
241	685
241	845
241	876
241	910
241	963
241	964
242	302
242	343
242	517
242	772
242	822
242	874
242	962
242	974
243	246
243	691
243	717
243	794
243	996
243	1597
244	371
244	781
244	802
244	944
245	274
245	726
245	942
246	284
246	529
246	771
246	786
246	843
246	845
246	995
247	283
247	289
247	521
247	612
247	907
247	915
248	334
248	420
248	582
248	651
248	738
248	786
248	803
248	974
249	410
249	418
249	419
249	447
249	465
249	583
249	593
249	650
249	741
249	831
250	451
250	555
250	728
250	811
251	427
251	594
251	724
251	795
251	930
251	937
252	441
252	466
252	499
252	507
252	644
252	726
252	860
252	906
253	545
253	557
253	561
253	598
253	631
253	637
253	763
253	771
253	824
253	828
253	965
254	346
254	375
254	614
254	715
254	744
254	878
254	961
255	533
255	683
255	753
255	769
255	803
255	827
255	830
256	272
256	276
256	374
256	437
256	543
256	558
256	590
256	934
257	547
257	585
257	588
257	605
257	615
257	710
257	772
257	788
258	266
258	270
258	471
258	731
258	793
258	933
259	333
259	421
259	453
259	538
259	556
259	704
259	830
259	865
259	1876
260	354
260	437
260	517
260	646
260	657
260	779
260	815
260	902
260	970
261	538
261	627
261	664
261	673
261	810
261	838
261	874
261	935
262	263
262	321
262	348
262	424
262	480
262	566
262	608
262	615
262	663
262	669
262	775
262	923
262	963
263	384
263	385
263	436
263	617
263	649
263	660
263	768
263	789
264	283
264	445
264	508
264	572
264	717
264	830
264	900
264	915
265	278
265	378
265	450
265	593
265	663
265	787
265	836
265	856
265	899
265	967
266	341
266	478
266	486
266	623
266	657
266	671
266	764
266	825
266	905
267	378
267	494
267	669
267	722
267	789
267	905
267	978
268	311
268	575
268	582
268	804
269	295
269	351
269	480
269	662
269	683
269	697
269	785
269	819
269	873
269	891
269	940
270	294
270	334
270	535
270	632
270	635
270	744
270	781
270	831
270	961
271	818
271	893
271	950
271	973
271	1573
272	335
272	478
272	486
272	532
272	566
272	774
272	882
273	295
273	316
273	344
273	361
273	451
273	506
273	566
273	631
273	642
273	714
273	750
273	767
273	977
273	1090
274	410
274	463
274	669
274	767
274	777
274	781
274	845
274	852
274	920
274	962
275	289
275	308
275	428
275	453
275	554
275	582
275	997
276	793
277	358
277	415
277	785
277	1651
278	406
278	410
278	426
278	853
278	865
278	869
279	328
279	343
279	467
279	499
279	502
279	614
279	740
279	743
279	773
279	906
280	392
280	438
280	495
280	975
281	531
281	766
281	820
281	833
282	346
282	741
282	749
282	830
282	844
282	876
282	930
282	936
282	996
283	420
283	426
283	444
283	478
283	658
283	855
283	857
283	917
284	547
284	589
284	697
284	724
284	755
284	881
284	966
285	384
285	446
285	767
285	822
285	841
286	301
286	540
286	664
286	719
286	799
287	297
287	527
287	639
287	657
287	677
287	806
287	919
287	989
287	999
288	353
288	591
288	628
288	670
288	884
289	464
289	516
289	519
289	547
289	560
289	987
289	990
289	1396
290	309
290	345
290	359
290	387
290	517
290	687
290	809
290	896
290	938
291	356
291	402
291	493
291	729
291	741
291	809
291	872
291	929
291	994
292	392
292	489
292	599
292	754
293	346
293	568
293	581
293	621
293	680
293	763
293	926
294	390
294	478
294	521
294	598
294	629
294	655
294	688
294	779
294	868
294	873
294	882
295	725
295	833
295	849
295	929
296	473
296	496
296	536
296	651
296	803
296	832
297	342
297	421
298	305
298	439
298	508
298	600
298	650
298	749
299	307
299	373
299	536
299	559
299	712
299	900
299	934
300	356
300	466
300	566
300	662
300	690
300	773
300	943
301	322
301	406
301	581
301	795
301	857
301	863
301	980
301	993
302	356
302	429
302	492
302	736
302	777
302	790
302	863
302	969
302	993
302	1831
303	348
303	426
303	542
303	696
303	731
303	798
303	940
303	965
304	343
304	363
304	456
304	471
304	574
304	594
304	723
304	739
304	785
304	895
304	1625
305	362
305	515
305	592
305	603
305	658
305	787
305	832
305	975
306	315
306	580
306	594
306	632
306	702
306	814
306	898
307	350
307	534
307	638
307	950
307	1143
308	311
308	512
308	788
308	897
308	950
309	322
309	330
309	362
309	586
310	380
310	414
310	456
310	485
310	533
310	607
310	713
310	723
310	908
311	557
311	562
311	844
312	347
312	468
312	479
312	508
312	608
312	626
312	814
312	887
312	909
313	326
313	402
313	438
313	555
313	638
313	680
313	735
313	821
314	415
314	496
314	708
314	773
314	989
315	688
315	757
315	906
315	908
315	980
316	697
316	759
316	805
316	816
316	947
316	971
316	992
317	348
317	457
317	463
317	668
317	704
317	735
317	807
317	902
317	903
317	910
317	914
317	957
318	396
318	408
318	428
318	745
318	759
318	842
318	857
319	351
319	794
319	951
319	995
320	353
320	493
320	677
320	775
320	779
320	836
321	377
321	597
321	745
321	754
321	897
321	989
322	324
322	491
322	521
322	562
323	364
323	378
323	401
323	560
323	603
323	635
323	777
323	913
323	985
324	396
324	399
324	435
324	459
324	532
324	635
324	661
324	708
324	900
324	990
325	374
325	605
325	666
325	703
325	754
325	833
325	842
325	908
326	411
326	452
326	625
326	640
326	843
326	845
326	1522
327	481
327	513
327	528
327	545
327	623
327	718
327	762
327	766
327	781
327	824
327	827
327	855
327	881
327	932
327	933
328	351
328	392
328	507
328	911
329	437
329	454
329	504
329	544
329	838
329	924
330	432
330	761
330	784
330	815
330	933
331	392
331	470
331	514
331	607
331	784
332	453
332	470
332	496
332	547
332	600
332	746
332	817
332	862
333	504
333	663
333	783
333	853
333	992
334	617
334	808
334	955
334	975
335	380
335	442
335	566
335	710
335	758
335	787
335	818
335	878
335	971
335	1049
335	1997
336	366
336	420
336	470
336	867
336	920
337	358
337	415
337	419
337	425
337	448
337	628
337	635
337	717
337	809
337	942
337	1298
338	403
338	406
338	445
338	489
338	762
338	888
339	421
339	555
339	596
339	614
339	690
339	709
339	750
339	940
340	350
340	693
340	753
340	832
340	839
340	840
341	465
341	612
341	617
341	737
341	912
341	948
341	1236
342	596
342	784
342	827
342	945
342	1952
343	395
343	501
343	772
343	869
343	890
344	553
344	636
344	644
344	696
344	784
344	938
345	350
345	738
346	593
346	730
346	909
346	914
346	949
346	952
347	762
347	772
347	885
347	915
347	980
347	998
347	1273
348	807
348	842
348	950
348	972
349	370
349	513
349	528
349	593
349	594
349	622
349	701
349	912
350	365
350	525
350	567
350	637
350	682
350	703
350	884
350	926
351	354
351	510
351	578
351	677
351	898
351	947
352	450
352	480
352	508
352	555
352	582
352	712
352	762
353	530
353	640
353	645
353	689
353	696
353	736
353	745
354	386
354	395
354	554
354	608
354	710
354	736
354	858
354	900
354	910
354	994
355	453
355	657
355	678
355	834
355	875
355	939
356	396
356	562
356	593
356	641
356	765
356	781
356	879
356	905
356	991
357	376
357	599
357	611
357	647
357	816
357	824
357	848
357	890
358	385
358	413
358	748
358	895
359	466
359	578
359	581
359	611
359	649
359	699
360	627
361	556
361	602
362	374
362	547
362	598
363	478
363	540
363	584
363	656
363	687
363	746
363	799
363	800
364	397
364	509
364	635
364	694
364	721
364	744
364	769
364	850
364	864
365	370
365	476
365	483
365	512
365	538
365	809
365	906
365	910
366	461
366	489
366	500
366	540
366	569
366	607
366	650
366	748
366	847
367	666
367	668
367	779
367	807
367	884
367	980
368	464
368	479
368	542
368	579
368	695
368	727
368	884
368	978
369	450
369	752
369	784
369	847
369	940
369	993
370	529
370	582
370	652
370	657
370	723
370	745
370	753
370	873
370	881
370	894
370	967
370	999
371	568
371	639
371	655
371	705
371	832
371	860
371	924
371	967
372	386
372	411
372	421
372	703
372	883
372	952
372	982
373	460
373	683
373	747
373	759
373	769
374	573
374	759
374	765
374	811
374	866
374	970
375	384
375	532
375	543
375	832
375	886
376	507
376	508
376	518
376	531
376	564
376	683
376	730
376	883
376	911
376	950
377	475
377	563
377	747
377	792
377	824
377	883
377	919
378	579
378	803
378	816
378	818
378	965
378	983
379	479
379	840
380	416
380	424
380	437
380	587
380	638
380	659
380	683
380	740
380	822
380	870
380	986
381	561
381	637
381	648
381	698
381	978
381	1616
382	534
382	560
382	988
383	472
383	670
383	692
383	821
383	882
383	893
383	947
384	507
384	528
384	551
384	589
384	728
384	756
384	845
385	789
385	842
385	844
385	875
385	959
385	963
386	408
386	462
386	483
386	888
387	711
387	755
388	624
388	631
388	659
388	763
388	855
388	984
389	846
389	887
390	573
390	581
390	590
390	621
390	644
390	743
390	745
390	818
390	992
391	508
391	546
391	582
392	430
392	439
392	491
392	529
392	605
392	700
392	707
392	728
392	815
392	940
393	588
393	656
393	770
393	794
393	797
393	823
393	856
393	910
394	447
394	550
394	583
394	766
394	952
395	413
395	880
396	425
396	503
396	881
396	1013
396	1521
397	516
397	596
397	729
397	783
397	904
398	458
398	555
398	560
398	617
398	678
398	693
398	703
398	824
398	858
398	919
398	977
398	988
398	999
399	400
399	555
399	605
399	684
400	464
400	506
400	606
400	668
400	679
400	735
400	738
400	997
401	457
401	700
401	763
401	771
401	800
401	876
402	490
402	710
402	890
403	544
403	569
403	643
403	649
403	675
403	837
403	910
403	952
403	971
403	990
404	430
404	504
404	519
404	647
404	699
404	756
404	790
404	803
404	844
405	412
405	502
405	984
405	996
406	467
406	480
406	620
406	712
406	850
406	869
406	897
406	925
407	419
407	449
407	710
407	764
407	843
407	847
407	929
407	941
407	972
408	634
408	652
408	801
408	829
408	1514
409	663
409	667
409	814
409	866
410	548
410	554
410	575
410	731
410	769
410	924
410	945
410	956
410	1699
411	432
411	569
411	576
411	708
411	752
411	982
412	420
412	479
412	667
412	780
413	502
413	599
413	653
413	807
413	929
413	1934
414	482
414	717
414	855
415	606
415	688
415	703
415	739
416	452
416	523
416	851
416	946
416	996
417	456
417	734
417	804
417	979
418	433
418	437
418	660
419	463
419	574
420	430
420	588
420	659
420	672
420	821
420	956
420	986
421	530
421	828
422	432
422	442
422	554
422	556
422	645
422	767
422	833
422	874
422	941
423	540
423	581
423	699
423	833
423	915
424	432
424	516
424	552
425	507
425	511
425	603
425	619
425	629
425	844
425	888
425	913
426	532
427	430
427	610
427	925
427	949
427	954
428	505
428	635
428	702
428	813
428	906
429	576
429	777
429	807
429	854
429	872
429	877
429	889
429	960
429	987
430	577
430	693
430	715
430	759
430	1125
431	609
431	699
431	773
431	850
431	857
432	473
432	662
432	757
432	878
432	888
433	558
433	770
433	774
433	822
433	940
433	996
434	456
434	511
434	535
434	560
434	581
434	792
434	802
434	814
434	927
435	584
435	642
435	789
435	893
435	972
436	599
436	809
437	482
437	510
437	781
438	519
438	543
438	677
438	741
438	840
438	915
438	950
439	485
439	831
440	697
440	812
440	988
441	444
441	478
441	517
441	521
441	578
441	838
441	883
442	543
442	659
442	713
442	816
442	823
442	1594
443	687
443	838
443	843
443	870
443	895
443	921
443	968
444	520
444	721
444	767
444	809
444	872
445	587
445	608
445	671
445	771
445	800
445	884
445	981
446	595
446	931
446	974
447	491
447	701
447	802
447	864
447	918
448	516
448	760
448	813
448	887
448	919
448	976
448	988
449	522
449	554
449	704
449	723
449	750
449	906
449	925
450	580
450	662
450	790
451	515
451	539
451	565
451	693
451	810
451	813
451	866
452	471
452	482
452	483
452	765
452	770
452	804
452	810
452	894
452	899
452	925
452	954
452	1234
453	629
453	750
453	929
454	477
454	497
454	625
454	731
455	458
455	528
455	571
455	573
455	941
455	966
455	968
456	520
456	523
456	835
456	879
456	946
456	1232
457	515
457	639
457	726
457	820
457	1600
458	472
458	639
458	724
459	567
459	721
459	830
459	857
460	559
460	641
460	666
460	857
460	899
461	466
461	773
461	812
461	827
461	957
462	523
462	610
462	908
463	470
463	524
463	723
463	778
464	522
464	531
465	501
465	561
465	567
465	746
465	786
465	816
465	868
465	955
466	521
466	528
466	580
466	609
466	620
466	754
466	811
466	888
466	907
466	938
467	527
467	563
467	609
467	668
467	676
467	709
467	915
467	1792
468	652
468	799
469	518
469	571
469	575
469	590
469	630
469	681
469	746
470	561
470	605
470	810
470	858
470	955
471	499
471	514
471	800
471	887
471	912
471	939
472	529
472	639
472	655
472	676
472	790
472	834
472	882
473	552
473	629
473	827
473	865
474	522
474	655
474	696
474	700
474	757
474	986
475	693
475	724
475	784
475	891
476	479
476	486
476	615
476	695
476	850
477	852
477	854
477	937
477	992
478	500
478	558
478	647
478	655
478	858
478	894
478	896
478	965
479	548
479	554
479	629
479	682
479	765
479	857
479	988
480	542
480	829
481	495
481	538
481	616
481	686
481	815
481	898
482	498
482	585
482	739
482	770
482	786
482	804
482	808
482	834
483	827
483	934
483	964
483	993
484	494
484	500
484	547
484	606
484	675
484	792
484	821
484	835
484	922
485	518
485	568
485	592
485	987
486	686
486	787
486	914
487	500
487	523
487	599
487	604
487	611
487	625
487	733
487	767
487	782
487	988
487	998
488	519
488	568
488	601
488	619
488	633
488	744
488	963
489	667
489	918
489	930
490	644
490	663
490	835
490	877
490	880
491	643
491	808
491	928
491	946
492	505
492	553
492	645
492	804
492	828
492	878
492	892
493	515
493	926
494	544
494	927
494	994
495	592
495	612
495	804
495	888
495	894
495	1078
496	570
496	602
496	604
496	661
496	700
496	1878
497	509
497	698
497	754
497	879
497	916
497	969
498	544
498	566
498	633
498	636
498	758
499	656
499	669
499	672
499	701
499	746
499	794
499	855
499	890
499	921
499	928
499	957
499	986
499	992
500	663
500	757
500	846
500	915
501	601
502	637
502	708
502	714
502	715
502	855
502	928
503	550
503	582
503	751
503	843
503	1692
504	576
504	585
504	716
504	909
504	995
505	512
505	540
505	551
505	630
505	684
505	704
505	886
505	904
505	979
505	1926
506	544
506	708
506	723
506	789
506	809
506	889
507	534
507	613
507	720
507	755
507	816
507	994
508	538
508	633
508	761
508	964
509	600
509	668
509	683
509	966
509	971
510	545
510	646
510	649
510	689
510	773
510	831
510	853
510	919
510	985
511	871
511	990
511	995
511	1750
512	528
512	559
512	598
512	620
512	822
512	827
512	840
512	846
513	621
513	702
513	971
514	558
514	576
514	759
514	777
514	948
515	541
515	559
515	694
515	886
515	917
516	556
516	562
516	580
516	617
516	746
516	844
516	924
516	941
516	960
517	521
517	679
517	695
517	899
517	918
517	954
518	647
518	1406
519	609
519	610
519	761
519	882
519	1722
520	549
520	726
520	841
520	902
521	614
521	655
521	753
521	835
521	934
522	613
522	659
523	527
523	687
524	671
524	720
524	736
524	955
525	530
525	684
526	575
526	618
526	767
527	549
527	628
527	678
527	718
527	866
528	628
528	632
528	792
529	619
529	771
530	847
530	932
531	533
531	578
531	666
531	693
531	802
531	808
532	643
532	644
532	999
532	1019
533	924
534	595
534	699
534	739
534	862
534	962
535	542
535	740
535	854
535	926
535	955
535	968
535	991
536	727
536	841
537	600
537	734
538	562
538	755
538	844
539	572
539	743
539	766
539	807
539	898
539	915
539	945
540	889
540	941
540	1217
541	562
541	573
541	750
541	781
541	815
541	842
541	871
541	886
541	978
541	984
542	635
542	725
542	765
542	821
542	891
542	984
542	1627
543	571
543	660
543	684
543	836
543	840
543	847
543	922
543	923
543	972
544	563
544	607
544	748
544	753
544	774
545	593
545	663
545	820
545	897
546	589
546	679
546	877
547	683
547	696
547	843
547	949
548	630
548	643
548	823
548	917
549	881
549	894
549	901
549	907
550	554
550	654
550	678
550	854
550	943
551	553
551	629
551	665
551	779
551	944
552	698
552	811
552	839
552	885
552	997
553	748
553	803
553	898
554	598
554	613
554	651
554	984
554	990
555	606
555	767
555	800
555	889
555	947
555	963
555	975
556	869
557	644
557	687
557	826
558	655
558	720
558	773
558	837
558	901
558	955
559	617
559	664
559	716
559	771
559	984
560	725
560	785
560	815
560	865
560	966
561	585
561	654
561	780
561	824
561	868
561	920
562	606
562	684
562	751
562	846
562	874
562	929
562	966
562	969
563	1027
564	754
564	773
564	804
564	927
565	618
565	727
565	746
565	815
565	836
566	656
566	712
566	745
566	825
566	962
566	1162
567	600
567	643
567	718
567	761
567	840
568	658
568	921
568	929
569	711
569	740
569	848
569	849
569	998
570	585
570	602
570	764
570	842
570	867
570	1131
571	631
571	640
571	720
571	781
571	829
571	832
571	843
571	908
571	997
572	579
572	838
572	844
573	651
573	730
573	741
573	758
573	844
574	605
574	663
574	789
574	813
574	938
575	609
575	630
575	647
575	656
575	993
575	1237
576	613
576	682
576	767
576	768
576	859
576	860
577	967
578	665
578	905
579	616
579	632
579	702
579	908
579	965
580	635
580	648
580	692
580	731
580	904
581	772
582	829
582	839
583	663
583	718
583	767
583	815
583	869
584	714
584	771
584	821
584	953
584	993
585	606
585	613
585	677
586	677
586	863
587	654
587	659
587	906
587	1635
588	649
588	689
588	932
588	962
589	635
589	817
589	924
590	647
590	789
590	811
590	838
590	934
591	630
591	717
591	755
592	609
592	701
592	725
592	839
592	922
593	629
594	646
594	736
594	818
594	826
594	832
594	856
595	677
595	748
595	837
596	703
596	879
596	973
597	713
597	764
597	964
598	735
599	628
599	774
599	945
600	622
600	729
600	879
600	942
601	653
601	708
601	926
601	927
601	946
602	606
602	718
602	785
602	881
603	710
603	818
603	852
604	799
605	661
605	785
605	855
605	867
605	960
605	972
606	807
606	825
606	885
607	708
607	751
607	795
607	830
607	834
607	854
607	908
607	921
607	962
608	820
608	869
609	642
609	942
610	794
610	939
610	975
610	994
611	729
611	809
611	889
611	994
612	619
612	621
612	625
612	700
612	770
612	811
612	1503
613	642
613	750
613	798
614	716
614	862
614	882
614	890
614	997
615	621
615	834
615	860
615	881
616	676
616	852
616	963
616	987
617	898
617	979
618	627
618	675
618	702
618	744
618	760
618	873
618	987
620	637
620	640
620	754
620	771
620	827
620	974
621	661
621	666
621	692
621	709
622	699
622	816
622	929
622	1452
623	751
623	817
623	851
623	869
623	964
624	653
624	693
624	705
625	650
625	705
625	756
625	773
625	898
625	942
625	999
626	631
626	659
626	750
626	837
627	647
627	688
627	731
627	792
627	888
627	944
627	958
628	722
628	749
628	761
628	849
628	900
628	908
628	959
628	995
628	996
629	919
629	978
630	997
631	636
631	816
631	954
632	736
633	774
633	791
633	817
633	836
633	914
634	787
634	872
635	711
635	742
635	1529
636	691
636	1663
637	642
637	662
637	682
637	709
637	713
637	737
637	790
637	801
637	902
638	648
638	919
639	671
639	710
639	809
639	827
639	1381
640	653
640	669
640	774
640	789
640	892
640	893
641	642
642	719
642	773
642	997
642	1511
643	671
643	790
643	867
644	697
644	844
644	943
644	972
645	819
645	849
645	889
645	981
646	757
646	872
646	920
646	938
646	940
647	706
647	940
647	963
647	966
648	672
648	727
648	853
648	918
648	926
648	959
649	767
649	929
650	657
651	704
651	730
652	757
652	943
653	721
653	968
654	713
654	757
654	841
654	900
654	928
654	943
655	719
655	739
655	745
655	789
655	809
655	856
655	962
655	967
656	673
656	699
656	722
656	763
656	827
657	848
657	864
657	880
657	959
657	963
658	946
658	982
659	828
659	832
659	886
659	973
660	784
660	797
660	824
660	869
660	928
660	1434
661	747
661	807
661	922
662	783
662	953
663	786
663	846
663	935
663	960
663	963
664	738
664	755
664	821
664	879
665	751
665	825
665	943
665	985
666	698
666	744
666	784
666	824
667	692
667	709
667	717
667	818
667	906
667	920
667	948
668	719
668	773
668	883
668	941
669	720
669	728
669	775
669	784
669	795
669	953
670	682
670	686
670	719
670	804
670	846
670	850
670	914
670	919
670	929
670	1667
671	739
671	786
671	826
671	838
671	917
672	794
672	976
673	791
673	815
673	838
674	689
674	723
674	739
674	767
675	720
675	807
675	842
675	968
676	713
676	740
676	951
677	696
677	852
677	916
677	969
678	814
678	821
678	926
678	973
679	952
679	975
680	763
681	746
681	943
682	783
682	809
682	854
682	860
683	739
683	854
683	872
684	746
684	907
685	857
685	860
685	862
685	922
685	965
686	919
687	837
687	852
687	912
688	833
688	945
688	992
689	830
689	852
689	890
689	937
689	956
690	702
690	841
690	879
690	931
690	975
691	862
692	716
692	840
692	992
693	699
693	810
693	870
693	991
694	857
694	886
695	701
695	802
695	973
695	1829
696	758
696	824
697	791
697	886
698	702
698	714
698	823
698	844
699	893
699	918
701	740
701	834
701	877
701	976
702	749
702	876
702	891
703	705
703	856
703	876
703	923
703	1322
704	719
704	791
704	948
704	964
705	729
705	779
705	921
705	946
706	733
706	760
708	762
708	992
709	854
710	926
710	980
711	747
711	845
711	858
711	867
712	769
712	856
712	934
712	943
713	841
713	856
714	721
714	793
714	889
714	913
715	837
716	773
716	835
717	726
717	837
717	901
717	905
717	934
718	814
718	816
718	983
719	805
719	860
719	877
719	936
720	897
720	927
720	974
721	847
721	882
721	971
721	997
721	998
722	754
722	931
723	852
723	898
723	943
724	816
725	763
725	957
726	951
727	793
727	889
727	906
727	909
728	736
728	752
728	921
729	755
730	800
730	811
730	855
730	992
732	786
732	998
733	774
734	830
736	816
737	744
737	833
738	759
738	915
738	994
739	740
739	863
739	903
740	823
740	882
740	905
740	999
741	756
742	901
742	979
742	990
743	991
746	754
746	839
746	846
746	991
746	996
747	789
747	831
747	873
747	908
747	1069
747	1669
748	829
750	863
750	910
750	931
750	990
751	909
752	834
752	858
752	976
752	988
754	777
754	813
754	817
754	899
754	937
755	834
755	923
755	941
755	973
756	810
756	826
756	865
756	887
756	946
756	961
756	977
757	760
757	917
757	962
758	762
758	799
758	802
758	962
759	847
759	948
759	982
760	818
760	819
760	846
760	874
760	989
761	857
762	784
762	930
762	988
763	777
763	890
764	937
765	833
765	918
765	983
767	860
768	827
768	930
768	956
768	971
768	987
769	781
769	856
769	910
769	912
769	927
770	782
770	856
770	917
770	930
771	787
771	1015
772	814
772	933
772	987
773	797
773	887
774	816
774	936
775	895
775	900
776	846
776	859
776	891
776	932
777	797
779	818
779	823
780	996
781	789
781	880
781	890
782	800
782	968
782	1649
783	872
783	885
783	928
783	942
784	910
784	953
785	804
785	887
786	793
786	919
786	956
786	994
788	802
789	929
789	960
789	1705
790	942
792	947
793	965
794	798
794	987
795	835
795	987
795	1759
795	1871
796	904
796	966
796	973
797	985
798	874
798	954
798	955
798	989
800	854
800	977
802	947
803	812
803	911
804	831
804	882
805	913
805	997
806	810
807	932
808	868
808	948
808	988
808	990
809	815
810	831
810	944
810	947
811	822
811	1884
812	913
812	957
813	936
814	859
814	862
814	973
815	829
815	924
815	941
816	884
816	1244
817	839
819	894
819	992
820	916
820	987
821	843
822	883
822	954
822	976
822	979
823	842
823	862
823	967
823	985
823	991
824	862
825	878
826	963
826	973
827	843
828	952
828	1800
829	835
829	893
829	929
829	995
830	860
830	887
831	844
832	1008
833	909
834	841
834	917
834	945
834	966
835	1344
836	856
837	924
837	957
838	902
838	937
838	945
838	949
839	902
839	960
840	901
842	981
843	887
844	847
844	882
845	870
846	910
846	939
847	1136
848	866
848	869
848	948
850	856
850	877
850	919
850	975
850	984
851	887
851	941
851	1367
852	895
852	956
852	957
853	958
853	971
854	868
854	874
855	860
855	967
855	996
856	869
856	891
857	966
860	997
860	1889
861	1394
862	899
862	921
862	958
863	899
863	902
863	934
863	996
864	999
867	879
869	877
869	953
870	892
870	896
870	908
870	952
870	1605
871	897
871	912
871	1893
872	964
874	891
875	942
877	972
879	981
879	989
880	927
881	918
881	924
881	947
883	916
884	980
887	935
887	945
887	948
890	930
890	983
890	1167
891	892
891	1981
892	959
892	983
893	905
893	921
894	898
894	910
894	925
894	929
898	935
898	937
899	952
901	907
901	912
901	948
901	979
902	938
902	983
902	991
903	915
904	959
905	942
906	915
906	956
907	971
908	962
909	993
910	961
911	987
911	1182
911	1644
912	933
912	940
913	979
914	991
916	975
918	925
922	1146
926	987
927	994
928	939
931	933
934	979
934	1854
934	1973
936	961
939	944
940	951
940	998
942	968
944	997
945	986
945	995
945	1897
950	963
950	976
950	983
951	960
951	970
951	979
952	975
955	1017
958	979
959	973
961	989
963	997
965	970
965	975
968	973
978	1141
982	1725
983	992
986	987
987	991
1000	1050
1000	1340
1000	1422
1000	1460
1000	1554
1000	1641
1000	1702
1000	1856
1000	1909
1001	1119
1001	1301
1001	1410
1001	1442
1001	1489
1001	1568
1001	1783
1001	1791
1001	1792
1001	1818
1001	1842
1001	1885
1002	1109
1002	1170
1002	1186
1002	1257
1002	1284
1002	1331
1002	1414
1002	1420
1002	1431
1002	1672
1002	1686
1002	1730
1002	1793
1002	1810
1003	1046
1003	1068
1003	1076
1003	1146
1003	1218
1003	1235
1003	1259
1003	1661
1003	1795
1003	1871
1003	1896
1003	1902
1003	1906
1003	1924
1004	1035
1004	1119
1004	1121
1004	1296
1004	1354
1004	1434
1004	1528
1004	1803
1004	1821
1005	1375
1005	1790
1005	1842
1005	1845
1005	1879
1006	1144
1006	1148
1006	1177
1006	1451
1006	1514
1006	1670
1006	1721
1006	1801
1006	1923
1006	1990
1007	1161
1007	1241
1007	1317
1007	1324
1007	1609
1007	1686
1007	1768
1007	1937
1008	1038
1008	1070
1008	1238
1008	1329
1008	1424
1008	1595
1008	1597
1008	1956
1008	1968
1009	1085
1009	1271
1009	1394
1009	1521
1009	1591
1009	1599
1009	1615
1009	1747
1009	1787
1009	1832
1009	1841
1009	1895
1009	1916
1009	1930
1009	1932
1010	1043
1010	1133
1010	1176
1010	1328
1010	1741
1010	1935
1010	1981
1011	1069
1011	1241
1011	1288
1011	1390
1011	1397
1011	1452
1011	1673
1011	1694
1011	1705
1011	1909
1011	1935
1011	1954
1011	1968
1012	1017
1012	1100
1012	1104
1012	1115
1012	1274
1012	1385
1012	1426
1012	1429
1012	1570
1012	1649
1012	1856
1013	1017
1013	1200
1013	1230
1013	1298
1013	1365
1013	1391
1013	1397
1014	1032
1014	1052
1014	1146
1014	1149
1014	1158
1014	1314
1014	1741
1015	1336
1015	1404
1015	1584
1015	1586
1015	1660
1015	1677
1015	1824
1016	1395
1016	1405
1016	1425
1016	1453
1017	1267
1017	1381
1017	1597
1017	1642
1017	1645
1017	1755
1017	1767
1017	1794
1017	1803
1017	1890
1017	1996
1018	1100
1018	1273
1018	1309
1018	1497
1018	1549
1018	1568
1018	1591
1018	1732
1018	1764
1018	1840
1018	1886
1018	1913
1018	1975
1019	1028
1019	1031
1019	1126
1019	1180
1019	1474
1019	1498
1019	1499
1019	1608
1019	1755
1019	1821
1019	1883
1019	1899
1020	1058
1020	1084
1020	1114
1020	1159
1020	1291
1020	1359
1020	1488
1020	1514
1020	1663
1020	1686
1020	1792
1020	1820
1020	1914
1021	1047
1021	1112
1021	1116
1021	1147
1021	1157
1021	1339
1021	1346
1021	1609
1021	1625
1021	1656
1021	1659
1021	1704
1021	1850
1021	1956
1022	1035
1022	1129
1022	1200
1022	1316
1022	1401
1022	1544
1022	1703
1022	1726
1022	1885
1022	1899
1022	1987
1023	1080
1023	1086
1023	1180
1023	1323
1023	1326
1023	1389
1023	1411
1024	1197
1024	1425
1024	1593
1024	1671
1024	1788
1024	1986
1024	1989
1025	1383
1025	1396
1025	1589
1025	1760
1025	1804
1025	1831
1025	1842
1025	1915
1025	1951
1026	1140
1026	1285
1026	1334
1026	1393
1026	1520
1026	1581
1026	1663
1027	1112
1027	1122
1027	1249
1027	1407
1027	1677
1027	1878
1028	1081
1028	1142
1028	1211
1028	1338
1028	1397
1028	1437
1028	1504
1028	1531
1028	1578
1028	1600
1028	1622
1028	1771
1028	1800
1029	1070
1029	1099
1029	1312
1029	1578
1029	1672
1029	1869
1029	1939
1029	1963
1030	1125
1030	1164
1030	1200
1030	1326
1030	1421
1030	1512
1030	1521
1030	1691
1030	1862
1030	1948
1030	1967
1031	1101
1031	1202
1031	1539
1031	1611
1031	1637
1031	1667
1031	1700
1031	1762
1031	1775
1031	1978
1032	1071
1032	1262
1032	1270
1032	1390
1032	1524
1032	1656
1032	1781
1032	1812
1033	1216
1033	1266
1033	1479
1033	1578
1033	1635
1033	1692
1033	1764
1033	1826
1034	1041
1034	1056
1034	1382
1034	1417
1034	1481
1034	1483
1034	1556
1034	1559
1034	1584
1034	1891
1034	1939
1034	1978
1035	1360
1035	1479
1035	1500
1035	1690
1035	1798
1035	1908
1036	1226
1036	1338
1036	1370
1036	1376
1036	1386
1036	1543
1036	1710
1036	1920
1037	1282
1037	1324
1037	1360
1037	1495
1037	1800
1037	1814
1037	1922
1038	1122
1038	1251
1038	1600
1038	1608
1039	1078
1039	1081
1039	1141
1039	1217
1039	1275
1039	1331
1039	1441
1039	1539
1039	1678
1039	1727
1039	1906
1040	1153
1040	1183
1040	1214
1040	1222
1040	1240
1040	1543
1040	1692
1040	1755
1040	1811
1040	1842
1040	1868
1040	1895
1040	1911
1040	1935
1040	1999
1041	1089
1041	1098
1041	1139
1041	1322
1041	1502
1041	1743
1041	1857
1042	1082
1042	1235
1042	1318
1042	1556
1042	1653
1042	1693
1042	1758
1042	1900
1042	1924
1043	1174
1043	1199
1043	1274
1043	1454
1043	1711
1043	1747
1043	1757
1043	1826
1043	1870
1044	1132
1044	1144
1044	1287
1044	1318
1044	1370
1044	1661
1044	1768
1044	1927
1044	1940
1045	1120
1045	1160
1045	1183
1045	1205
1045	1226
1045	1251
1045	1425
1045	1439
1045	1479
1046	1100
1046	1123
1046	1142
1046	1173
1046	1181
1046	1423
1046	1651
1046	1657
1046	1688
1046	1744
1046	1759
1046	1833
1046	1933
1047	1100
1047	1209
1047	1310
1047	1437
1047	1472
1047	1495
1047	1504
1047	1618
1047	1662
1047	1864
1047	1938
1048	1242
1048	1320
1048	1339
1048	1370
1048	1677
1049	1100
1049	1114
1049	1161
1049	1163
1049	1451
1049	1572
1049	1639
1049	1721
1049	1746
1049	1927
1050	1057
1050	1124
1050	1141
1050	1273
1050	1426
1050	1519
1050	1699
1050	1804
1050	1831
1050	1928
1050	1943
1050	1966
1051	1589
1051	1608
1051	1704
1051	1767
1051	1859
1051	1912
1052	1406
1052	1755
1052	1840
1053	1102
1053	1631
1053	1820
1053	1831
1053	1888
1054	1123
1054	1128
1054	1158
1054	1354
1054	1392
1054	1448
1054	1538
1054	1667
1054	1765
1054	1804
1054	1926
1054	1961
1055	1155
1055	1316
1055	1344
1055	1435
1055	1436
1055	1479
1055	1486
1055	1545
1055	1708
1055	1907
1055	1910
1056	1116
1056	1187
1056	1267
1056	1338
1056	1484
1056	1492
1056	1566
1056	1871
1057	1062
1057	1136
1057	1252
1057	1257
1057	1355
1057	1381
1057	1405
1057	1526
1057	1727
1057	1758
1057	1982
1057	1992
1058	1108
1058	1154
1058	1297
1058	1345
1058	1450
1058	1493
1058	1495
1058	1538
1058	1592
1058	1607
1058	1794
1058	1868
1058	1893
1059	1131
1059	1360
1059	1555
1059	1689
1059	1740
1060	1078
1060	1108
1060	1123
1060	1230
1060	1243
1060	1316
1060	1646
1060	1658
1060	1800
1060	1809
1060	1973
1061	1352
1061	1416
1061	1632
1061	1640
1061	1960
1062	1385
1062	1552
1062	1591
1062	1804
1063	1355
1063	1403
1063	1613
1064	1228
1064	1370
1064	1415
1064	1685
1065	1076
1065	1189
1065	1259
1065	1311
1065	1331
1065	1390
1065	1436
1065	1459
1065	1584
1065	1599
1065	1637
1065	1644
1065	1662
1065	1822
1066	1249
1066	1741
1066	1806
1066	1913
1066	1915
1067	1154
1067	1167
1067	1264
1067	1471
1067	1495
1067	1617
1067	1743
1067	1850
1067	1854
1067	1933
1068	1137
1068	1220
1068	1545
1068	1606
1068	1607
1068	1739
1068	1869
1068	1933
1068	1969
1068	1981
1069	1322
1069	1402
1069	1436
1069	1518
1069	1631
1069	1682
1069	1812
1069	1893
1070	1103
1070	1212
1070	1302
1070	1325
1070	1525
1070	1565
1070	1583
1070	1652
1070	1749
1070	1954
1071	1075
1071	1103
1071	1306
1071	1340
1071	1458
1071	1603
1071	1688
1071	1747
1071	1783
1071	1827
1071	1874
1071	1892
1071	1938
1072	1122
1072	1135
1072	1139
1072	1172
1072	1367
1072	1700
1072	1948
1073	1113
1073	1130
1073	1146
1073	1161
1073	1164
1073	1165
1073	1324
1073	1425
1073	1443
1073	1497
1073	1635
1073	1898
1074	1097
1074	1170
1074	1220
1074	1228
1074	1432
1074	1578
1074	1615
1074	1717
1074	1727
1074	1772
1074	1785
1074	1992
1075	1174
1075	1426
1075	1810
1075	1847
1075	1888
1075	1946
1076	1330
1076	1568
1076	1582
1076	1601
1076	1722
1076	1961
1077	1270
1077	1282
1077	1334
1077	1495
1077	1594
1077	1858
1077	1875
1077	1898
1077	1905
1077	1940
1078	1265
1078	1281
1078	1338
1078	1371
1078	1719
1078	1795
1078	1866
1078	1874
1078	1957
1079	1162
1079	1281
1079	1288
1079	1408
1079	1461
1079	1675
1079	1714
1079	1797
1079	1900
1079	1920
1079	1929
1080	1085
1080	1299
1080	1468
1080	1519
1080	1547
1080	1623
1080	1708
1080	1895
1081	1363
1081	1418
1081	1522
1081	1595
1081	1701
1081	1961
1081	1968
1082	1106
1082	1118
1082	1149
1082	1169
1082	1310
1082	1385
1082	1520
1082	1565
1082	1598
1082	1657
1082	1679
1082	1688
1082	1693
1082	1694
1082	1741
1082	1796
1082	1818
1082	1854
1083	1125
1083	1286
1083	1579
1083	1603
1083	1693
1084	1303
1084	1429
1084	1534
1084	1542
1084	1548
1084	1657
1084	1764
1084	1837
1085	1186
1085	1271
1085	1426
1085	1457
1085	1471
1085	1532
1085	1574
1085	1585
1085	1650
1086	1208
1086	1444
1086	1463
1086	1620
1086	1647
1086	1650
1086	1651
1086	1782
1087	1100
1087	1109
1087	1215
1087	1340
1087	1355
1087	1360
1087	1399
1087	1411
1087	1719
1087	1734
1087	1854
1087	1912
1088	1207
1088	1208
1088	1248
1088	1314
1088	1405
1088	1755
1088	1789
1088	1851
1088	1938
1088	1983
1089	1236
1089	1284
1089	1362
1089	1390
1089	1451
1089	1470
1089	1551
1089	1988
1090	1212
1090	1503
1090	1601
1090	1733
1090	1770
1091	1289
1091	1305
1091	1488
1091	1781
1091	1807
1091	1826
1091	1924
1091	1987
1092	1159
1092	1190
1092	1195
1092	1231
1092	1524
1092	1667
1092	1743
1092	1986
1093	1209
1093	1223
1093	1257
1093	1386
1093	1389
1093	1399
1093	1445
1093	1630
1093	1804
1093	1813
1093	1964
1094	1305
1094	1318
1094	1361
1094	1511
1094	1518
1094	1536
1094	1558
1094	1584
1094	1585
1094	1590
1094	1658
1094	1716
1094	1754
1094	1848
1095	1289
1095	1446
1095	1448
1095	1701
1096	1114
1096	1117
1096	1185
1096	1213
1096	1280
1096	1318
1096	1348
1096	1398
1096	1414
1096	1433
1096	1663
1096	1700
1096	1854
1097	1137
1097	1244
1097	1299
1097	1493
1097	1632
1097	1844
1097	1945
1097	1969
1098	1113
1098	1150
1098	1157
1098	1745
1098	1964
1098	1979
1099	1140
1099	1449
1099	1548
1099	1616
1099	1819
1100	1785
1100	1902
1100	1919
1100	1975
1101	1129
1101	1320
1101	1710
1101	1887
1101	1904
1101	1966
1102	1269
1102	1354
1102	1580
1102	1780
1102	1782
1102	1798
1103	1265
1103	1268
1103	1441
1103	1515
1104	1113
1104	1181
1104	1234
1104	1411
1104	1421
1104	1542
1104	1597
1104	1846
1104	1962
1105	1342
1105	1634
1105	1744
1105	1796
1105	1797
1105	1968
1105	1976
1106	1113
1106	1214
1106	1470
1106	1524
1106	1578
1106	1787
1106	1932
1107	1132
1107	1198
1107	1222
1107	1359
1107	1365
1107	1380
1107	1704
1107	1760
1107	1845
1107	1933
1107	1993
1108	1169
1108	1252
1108	1426
1108	1517
1108	1546
1108	1727
1108	1731
1108	1787
1108	1875
1108	1928
1108	1964
1109	1154
1109	1247
1109	1251
1109	1317
1109	1331
1109	1339
1109	1485
1109	1627
1109	1654
1109	1709
1109	1739
1109	1787
1109	1841
1109	1918
1110	1174
1110	1297
1110	1329
1110	1447
1110	1534
1110	1607
1110	1683
1110	1767
1110	1858
1110	1916
1110	1948
1111	1145
1111	1178
1111	1235
1111	1236
1111	1340
1111	1374
1111	1657
1111	1860
1111	1868
1111	1906
1111	1914
1112	1287
1112	1414
1112	1583
1112	1609
1112	1660
1112	1666
1112	1679
1112	1816
1112	1830
1112	1963
1112	1968
1113	1141
1113	1174
1113	1183
1113	1545
1113	1610
1113	1630
1113	1703
1113	1882
1113	1895
1113	1936
1114	1122
1114	1505
1114	1762
1114	1772
1114	1776
1114	1810
1114	1822
1114	1886
1115	1389
1115	1400
1115	1594
1115	1917
1115	1962
1116	1255
1116	1340
1116	1765
1117	1119
1117	1222
1117	1227
1117	1293
1117	1342
1117	1362
1117	1447
1117	1508
1117	1681
1117	1793
1117	1794
1117	1835
1118	1245
1118	1512
1118	1532
1118	1533
1118	1651
1118	1933
1118	1979
1119	1132
1119	1206
1119	1321
1119	1358
1119	1393
1119	1532
1119	1712
1120	1194
1120	1201
1120	1263
1120	1341
1120	1501
1120	1536
1120	1741
1120	1843
1120	1937
1120	1970
1121	1150
1121	1263
1121	1279
1121	1491
1121	1542
1121	1578
1122	1350
1122	1362
1122	1390
1122	1488
1122	1533
1123	1224
1123	1297
1123	1588
1123	1590
1123	1648
1123	1708
1123	1852
1123	1897
1123	1905
1123	1910
1123	1945
1124	1147
1124	1192
1124	1200
1124	1808
1125	1147
1125	1227
1125	1330
1125	1430
1125	1579
1125	1642
1125	1717
1125	1786
1125	1831
1125	1833
1125	1996
1126	1219
1126	1445
1126	1568
1126	1739
1126	1757
1126	1826
1127	1222
1127	1223
1127	1345
1127	1522
1127	1747
1127	1774
1127	1818
1127	1860
1127	1917
1128	1244
1128	1457
1128	1504
1128	1561
1128	1742
1128	1759
1128	1870
1128	1947
1129	1172
1129	1193
1129	1301
1129	1308
1129	1496
1129	1636
1129	1656
1129	1756
1129	1804
1129	1840
1129	1909
1129	1978
1130	1133
1130	1200
1130	1471
1130	1585
1130	1605
1130	1613
1130	1618
1130	1781
1130	1782
1130	1932
1131	1400
1131	1580
1131	1747
1131	1793
1131	1820
1131	1827
1131	1904
1131	1995
1132	1194
1132	1320
1132	1354
1132	1486
1132	1520
1132	1696
1132	1880
1132	1900
1133	1195
1133	1578
1133	1774
1133	1896
1133	1899
1134	1155
1134	1166
1134	1249
1134	1339
1134	1344
1134	1489
1134	1509
1134	1774
1134	1782
1134	1908
1135	1142
1135	1223
1135	1224
1135	1926
1136	1158
1136	1289
1136	1290
1136	1304
1136	1484
1136	1528
1136	1795
1137	1138
1137	1158
1137	1411
1137	1530
1137	1551
1137	1574
1137	1662
1137	1755
1137	1874
1137	1880
1137	1976
1138	1178
1138	1753
1139	1160
1139	1172
1139	1226
1139	1231
1139	1520
1139	1655
1139	1696
1139	1701
1139	1717
1139	1763
1139	1780
1140	1209
1140	1232
1140	1618
1140	1728
1141	1158
1141	1159
1141	1271
1141	1275
1141	1425
1141	1535
1141	1627
1141	1634
1141	1753
1141	1770
1141	1813
1141	1836
1141	1854
1141	1875
1141	1972
1142	1309
1142	1352
1142	1374
1142	1455
1142	1466
1142	1490
1142	1561
1142	1596
1142	1650
1142	1658
1142	1941
1143	1184
1143	1328
1143	1352
1143	1422
1143	1441
1143	1468
1143	1470
1143	1557
1143	1597
1143	1704
1143	1785
1143	1843
1143	1855
1143	1994
1144	1218
1144	1347
1144	1419
1144	1447
1144	1522
1144	1562
1144	1650
1144	1695
1144	1708
1144	1828
1144	1978
1145	1177
1145	1498
1145	1606
1145	1696
1145	1885
1145	1904
1146	1189
1146	1196
1146	1209
1146	1288
1146	1453
1146	1483
1146	1616
1146	1620
1146	1717
1146	1983
1147	1173
1147	1188
1147	1584
1147	1651
1147	1840
1147	1900
1147	1989
1148	1215
1148	1641
1148	1645
1148	1701
1148	1983
1149	1226
1149	1228
1149	1233
1149	1331
1149	1376
1149	1566
1149	1615
1150	1168
1150	1221
1150	1320
1150	1365
1150	1385
1150	1657
1150	1737
1150	1773
1150	1778
1151	1252
1151	1350
1151	1391
1151	1404
1151	1501
1151	1632
1151	1712
1152	1292
1152	1337
1152	1656
1152	1663
1152	1822
1152	1974
1152	1980
1153	1183
1153	1188
1153	1206
1153	1208
1153	1222
1153	1262
1153	1502
1153	1611
1153	1657
1153	1668
1153	1795
1153	1973
1154	1163
1154	1262
1154	1303
1154	1390
1154	1427
1154	1779
1154	1930
1155	1216
1155	1280
1155	1805
1155	1806
1155	1823
1155	1849
1155	1905
1156	1257
1156	1475
1156	1572
1156	1703
1156	1825
1157	1232
1157	1547
1157	1580
1157	1632
1157	1818
1157	1822
1157	1898
1157	1943
1157	1967
1158	1173
1158	1197
1158	1200
1158	1344
1158	1404
1158	1419
1158	1474
1158	1706
1158	1735
1158	1791
1158	1809
1158	1863
1158	1961
1158	1974
1159	1165
1159	1180
1159	1277
1159	1461
1159	1520
1159	1550
1159	1683
1159	1855
1159	1956
1160	1168
1160	1192
1160	1321
1160	1455
1160	1662
1161	1438
1161	1481
1161	1566
1161	1595
1161	1608
1161	1657
1161	1675
1161	1856
1161	1907
1162	1187
1162	1199
1162	1377
1162	1437
1162	1491
1162	1568
1162	1607
1162	1831
1162	1981
1163	1264
1163	1289
1163	1509
1163	1581
1163	1718
1163	1913
1164	1204
1164	1255
1164	1284
1164	1497
1164	1628
1164	1643
1164	1650
1164	1678
1164	1691
1164	1723
1164	1790
1164	1857
1165	1186
1165	1219
1165	1254
1165	1406
1165	1460
1165	1631
1165	1638
1165	1646
1165	1664
1165	1774
1165	1822
1166	1567
1166	1654
1166	1737
1166	1798
1166	1868
1166	1923
1166	1939
1167	1177
1167	1299
1167	1425
1167	1446
1167	1641
1167	1707
1167	1804
1168	1455
1168	1484
1168	1546
1168	1695
1168	1746
1168	1979
1169	1214
1169	1312
1169	1472
1169	1508
1169	1538
1169	1717
1169	1881
1170	1214
1170	1503
1170	1514
1170	1555
1170	1580
1170	1634
1170	1647
1170	1752
1170	1758
1170	1831
1170	1832
1170	1864
1170	1880
1170	1883
1170	1918
1170	1925
1170	1979
1171	1176
1171	1250
1171	1303
1171	1480
1171	1741
1171	1769
1171	1807
1171	1869
1172	1387
1172	1469
1172	1855
1173	1289
1173	1313
1173	1581
1173	1663
1174	1195
1174	1237
1174	1241
1174	1294
1174	1322
1174	1493
1174	1509
1174	1528
1174	1547
1174	1605
1174	1669
1174	1706
1174	1775
1174	1814
1174	1900
1174	1903
1175	1317
1175	1432
1175	1433
1175	1478
1175	1747
1175	1910
1176	1272
1176	1279
1176	1440
1176	1578
1176	1585
1176	1648
1176	1725
1176	1812
1176	1858
1176	1880
1176	1948
1177	1275
1177	1292
1177	1511
1177	1723
1177	1782
1177	1885
1178	1456
1178	1619
1178	1770
1178	1814
1178	1845
1178	1857
1179	1236
1179	1422
1179	1545
1179	1571
1179	1648
1179	1910
1179	1965
1179	1966
1179	1984
1180	1259
1180	1382
1180	1404
1180	1538
1180	1568
1180	1640
1181	1212
1181	1245
1181	1264
1181	1348
1181	1424
1181	1478
1181	1521
1181	1794
1181	1809
1181	1836
1181	1839
1181	1867
1181	1909
1182	1184
1182	1278
1182	1345
1182	1414
1182	1561
1182	1601
1182	1613
1182	1641
1182	1801
1182	1887
1182	1992
1183	1464
1183	1521
1183	1652
1183	1901
1184	1251
1184	1611
1184	1642
1184	1769
1184	1804
1184	1895
1185	1268
1185	1420
1185	1582
1185	1840
1186	1215
1186	1329
1186	1642
1186	1697
1186	1706
1186	1895
1186	1933
1187	1253
1187	1285
1187	1338
1187	1931
1187	1992
1188	1328
1188	1338
1188	1533
1188	1921
1189	1266
1189	1287
1189	1407
1189	1548
1189	1761
1189	1777
1190	1220
1190	1434
1190	1585
1190	1592
1190	1679
1190	1756
1190	1800
1190	1887
1190	1909
1190	1999
1191	1282
1191	1329
1191	1425
1191	1528
1191	1548
1191	1648
1191	1732
1191	1822
1191	1832
1191	1872
1191	1895
1191	1928
1192	1203
1192	1277
1192	1351
1192	1371
1192	1405
1192	1576
1192	1705
1192	1853
1192	1976
1192	1993
1193	1270
1193	1348
1193	1402
1193	1422
1193	1470
1193	1511
1193	1745
1193	1910
1194	1220
1194	1409
1194	1688
1194	1874
1194	1970
1194	1974
1195	1207
1195	1254
1195	1333
1195	1350
1195	1488
1195	1940
1195	1987
1196	1324
1196	1418
1196	1541
1196	1888
1196	1905
1197	1240
1197	1304
1197	1372
1197	1471
1197	1534
1197	1552
1197	1613
1197	1661
1197	1664
1197	1810
1198	1254
1198	1266
1198	1329
1198	1502
1198	1558
1198	1582
1198	1623
1198	1627
1198	1809
1198	1907
1198	1979
1199	1240
1199	1254
1199	1309
1199	1328
1199	1341
1199	1468
1199	1701
1199	1763
1199	1972
1199	1994
1200	1205
1200	1216
1200	1536
1200	1612
1200	1748
1200	1888
1200	1926
1201	1296
1201	1316
1201	1322
1201	1419
1201	1518
1201	1530
1201	1608
1201	1647
1201	1720
1201	1788
1201	1948
1202	1319
1202	1405
1202	1415
1202	1419
1202	1681
1202	1839
1202	1865
1203	1216
1203	1244
1203	1271
1203	1484
1203	1576
1203	1626
1203	1765
1203	1910
1203	1914
1203	1928
1203	1982
1203	1986
1204	1222
1204	1439
1204	1463
1204	1666
1204	1699
1204	1718
1204	1740
1204	1761
1205	1400
1205	1707
1205	1722
1205	1848
1205	1956
1206	1371
1206	1404
1206	1412
1206	1498
1206	1639
1206	1705
1206	1850
1206	1942
1207	1257
1207	1305
1207	1317
1207	1549
1207	1550
1207	1650
1207	1751
1207	1763
1207	1844
1207	1868
1208	1278
1208	1329
1208	1526
1208	1533
1208	1594
1208	1606
1208	1785
1208	1864
1208	1957
1209	1261
1209	1317
1209	1359
1209	1687
1209	1701
1209	1709
1209	1717
1209	1820
1209	1866
1209	1901
1209	1912
1209	1944
1209	1949
1209	1974
1210	1739
1210	1815
1210	1898
1211	1238
1211	1312
1211	1363
1211	1387
1211	1465
1211	1559
1211	1585
1211	1589
1211	1728
1211	1747
1211	1805
1211	1809
1211	1831
1211	1918
1212	1291
1212	1326
1212	1361
1212	1364
1212	1427
1212	1520
1212	1567
1212	1629
1212	1682
1212	1850
1213	1266
1213	1325
1213	1470
1213	1621
1213	1775
1213	1859
1213	1882
1213	1886
1213	1906
1213	1911
1213	1952
1214	1215
1214	1218
1214	1296
1214	1337
1214	1357
1214	1416
1214	1430
1214	1472
1214	1562
1214	1684
1214	1862
1215	1351
1215	1415
1215	1503
1215	1705
1215	1763
1215	1828
1215	1831
1215	1924
1216	1249
1216	1381
1216	1420
1216	1607
1216	1648
1216	1650
1216	1741
1216	1887
1216	1970
1217	1340
1217	1513
1217	1594
1217	1604
1217	1641
1217	1730
1217	1742
1217	1794
1218	1417
1218	1443
1218	1468
1218	1650
1218	1796
1218	1807
1218	1824
1218	1958
1219	1238
1219	1390
1219	1457
1219	1561
1219	1604
1219	1674
1219	1744
1219	1852
1219	1960
1220	1290
1220	1496
1220	1548
1220	1584
1220	1819
1220	1842
1220	1889
1220	1958
1221	1288
1221	1335
1221	1396
1221	1522
1221	1603
1221	1908
1221	1975
1222	1358
1222	1373
1222	1582
1222	1691
1222	1708
1222	1911
1222	1915
1222	1980
1223	1384
1223	1500
1223	1540
1223	1550
1223	1632
1223	1657
1223	1661
1223	1678
1223	1718
1223	1953
1223	1962
1224	1259
1224	1385
1224	1418
1224	1463
1224	1575
1224	1667
1224	1678
1224	1920
1225	1297
1225	1335
1225	1532
1225	1613
1226	1581
1226	1676
1226	1870
1226	1901
1226	1936
1227	1309
1227	1507
1227	1563
1227	1919
1227	1974
1228	1262
1228	1264
1228	1567
1228	1602
1228	1752
1228	1806
1228	1811
1228	1941
1229	1276
1229	1277
1229	1355
1229	1573
1229	1588
1229	1661
1229	1701
1229	1724
1229	1742
1229	1745
1229	1772
1229	1804
1229	1865
1230	1360
1230	1372
1230	1545
1230	1556
1230	1610
1230	1626
1230	1640
1230	1658
1231	1238
1231	1431
1231	1467
1231	1506
1231	1536
1231	1661
1231	1699
1231	1742
1231	1747
1231	1757
1232	1238
1232	1367
1232	1617
1232	1747
1232	1775
1232	1841
1232	1903
1232	1937
1233	1268
1233	1337
1233	1445
1233	1609
1233	1707
1233	1961
1233	1987
1233	1988
1234	1420
1234	1429
1234	1436
1234	1497
1234	1531
1234	1533
1234	1571
1234	1666
1234	1877
1234	1990
1235	1620
1235	1668
1235	1734
1235	1777
1236	1336
1236	1351
1236	1422
1236	1456
1236	1557
1236	1675
1236	1684
1236	1846
1236	1875
1236	1901
1237	1397
1237	1635
1237	1722
1237	1806
1237	1856
1237	1904
1237	1922
1237	1923
1238	1258
1238	1426
1238	1547
1238	1695
1238	1727
1238	1767
1238	1867
1239	1320
1239	1390
1239	1541
1239	1548
1239	1564
1239	1690
1239	1783
1239	1807
1239	1860
1239	1896
1239	1988
1240	1244
1240	1280
1240	1528
1240	1620
1240	1690
1240	1750
1240	1770
1240	1889
1241	1275
1241	1330
1241	1335
1241	1463
1241	1527
1241	1733
1241	1794
1241	1879
1242	1289
1242	1352
1242	1365
1242	1495
1242	1580
1242	1595
1242	1671
1242	1738
1242	1770
1242	1972
1243	1282
1243	1404
1243	1431
1243	1447
1243	1498
1243	1550
1243	1595
1243	1811
1243	1857
1244	1332
1244	1422
1244	1466
1244	1513
1244	1652
1244	1826
1244	1889
1244	1959
1245	1357
1245	1368
1245	1412
1245	1539
1245	1704
1245	1828
1245	1848
1245	1974
1246	1464
1246	1476
1246	1777
1246	1995
1247	1398
1247	1421
1247	1424
1247	1509
1247	1514
1247	1894
1247	1967
1248	1514
1248	1524
1248	1546
1248	1613
1248	1652
1248	1682
1248	1838
1249	1263
1249	1431
1249	1484
1249	1524
1249	1658
1249	1663
1249	1710
1249	1910
1249	1943
1249	1966
1249	1994
1250	1260
1250	1529
1250	1533
1250	1551
1250	1590
1250	1780
1250	1864
1251	1427
1251	1478
1251	1619
1251	1630
1251	1655
1251	1730
1251	1744
1252	1290
1252	1291
1252	1295
1252	1328
1252	1384
1252	1512
1252	1684
1252	1734
1252	1928
1253	1279
1253	1428
1253	1438
1253	1556
1253	1614
1253	1686
1253	1769
1254	1256
1254	1354
1254	1671
1254	1764
1254	1813
1254	1873
1255	1303
1255	1330
1255	1337
1255	1408
1255	1462
1255	1652
1256	1295
1256	1303
1256	1378
1256	1511
1256	1567
1256	1674
1256	1705
1256	1738
1256	1759
1257	1367
1257	1403
1257	1486
1257	1620
1257	1831
1258	1588
1258	1601
1258	1843
1258	1948
1259	1278
1259	1290
1259	1620
1259	1744
1259	1931
1260	1437
1260	1443
1260	1761
1260	1882
1261	1374
1261	1388
1261	1398
1261	1553
1261	1554
1261	1707
1261	1711
1261	1836
1261	1978
1262	1342
1262	1517
1262	1531
1262	1539
1262	1622
1263	1305
1263	1311
1263	1324
1263	1381
1263	1455
1263	1476
1263	1508
1263	1603
1263	1655
1263	1669
1263	1678
1263	1692
1263	1787
1263	1805
1263	1916
1264	1267
1264	1295
1264	1358
1264	1370
1264	1446
1264	1462
1264	1464
1264	1775
1264	1947
1265	1351
1265	1452
1265	1493
1265	1527
1265	1569
1265	1597
1265	1667
1265	1718
1265	1926
1265	1957
1266	1355
1266	1373
1266	1598
1266	1638
1266	1756
1266	1787
1266	1851
1266	1854
1266	1931
1267	1289
1267	1299
1267	1704
1267	1937
1268	1292
1268	1380
1268	1659
1269	1674
1269	1835
1269	1938
1270	1391
1270	1714
1270	1722
1270	1939
1270	1967
1270	1998
1271	1298
1271	1378
1271	1434
1271	1718
1271	1914
1271	1918
1271	1953
1272	1289
1272	1364
1272	1399
1272	1618
1272	1645
1272	1669
1272	1783
1272	1808
1272	1918
1273	1330
1273	1426
1273	1656
1273	1847
1273	1862
1273	1889
1273	1903
1273	1919
1274	1287
1274	1724
1274	1786
1274	1806
1274	1810
1274	1881
1274	1999
1275	1319
1275	1323
1275	1367
1275	1389
1275	1463
1275	1539
1275	1543
1275	1545
1275	1581
1275	1643
1275	1673
1275	1724
1275	1805
1275	1841
1275	1855
1275	1991
1276	1414
1276	1551
1276	1603
1276	1822
1276	1874
1276	1994
1277	1292
1277	1341
1277	1587
1277	1677
1277	1688
1277	1862
1278	1498
1278	1555
1278	1869
1279	1516
1279	1575
1279	1601
1279	1751
1279	1796
1279	1947
1279	1973
1280	1533
1280	1620
1280	1751
1280	1821
1281	1417
1281	1706
1281	1964
1281	1986
1281	1993
1282	1300
1282	1368
1282	1398
1282	1539
1282	1652
1282	1862
1282	1891
1282	1900
1283	1410
1283	1577
1283	1650
1283	1667
1283	1723
1283	1777
1283	1919
1283	1935
1283	1940
1283	1950
1284	1304
1284	1346
1284	1459
1284	1567
1284	1607
1284	1615
1284	1647
1284	1692
1284	1739
1284	1826
1285	1375
1285	1654
1285	1736
1285	1816
1285	1958
1285	1959
1285	1977
1286	1734
1286	1784
1286	1814
1286	1845
1286	1933
1287	1311
1287	1371
1287	1417
1287	1473
1287	1507
1287	1713
1287	1755
1287	1908
1288	1301
1288	1340
1288	1365
1288	1447
1288	1552
1288	1655
1288	1775
1288	1977
1289	1293
1289	1583
1289	1707
1289	1791
1289	1824
1289	1866
1289	1939
1289	1992
1290	1356
1290	1452
1290	1483
1290	1544
1290	1625
1290	1656
1290	1690
1290	1699
1291	1379
1291	1500
1291	1532
1291	1670
1291	1836
1291	1867
1292	1323
1292	1411
1292	1412
1292	1436
1292	1468
1292	1706
1292	1765
1293	1318
1293	1319
1293	1703
1293	1765
1294	1407
1294	1470
1294	1569
1294	1626
1294	1862
1295	1643
1295	1665
1295	1863
1295	1900
1295	1976
1296	1302
1296	1670
1296	1711
1296	1719
1296	1768
1296	1898
1297	1308
1297	1321
1297	1322
1297	1387
1297	1469
1297	1559
1297	1666
1297	1698
1297	1700
1297	1790
1297	1844
1297	1869
1297	1974
1298	1435
1298	1519
1298	1568
1298	1682
1298	1948
1298	1982
1299	1369
1299	1700
1299	1714
1299	1755
1299	1936
1299	1980
1300	1311
1300	1345
1300	1361
1300	1594
1300	1838
1300	1927
1300	1968
1301	1343
1301	1603
1301	1805
1301	1862
1301	1981
1302	1326
1302	1513
1302	1576
1302	1600
1302	1634
1302	1658
1302	1711
1302	1767
1302	1881
1303	1401
1303	1436
1303	1564
1303	1795
1303	1807
1303	1826
1303	1846
1303	1872
1304	1395
1304	1425
1304	1483
1304	1530
1304	1595
1304	1656
1304	1660
1304	1676
1304	1704
1304	1908
1304	1923
1304	1951
1304	1995
1305	1335
1305	1346
1305	1440
1305	1462
1305	1616
1305	1723
1305	1835
1305	1911
1305	1986
1306	1328
1306	1439
1306	1701
1306	1914
1306	1933
1306	1946
1306	1964
1307	1413
1307	1432
1307	1496
1307	1510
1307	1526
1307	1604
1307	1628
1307	1647
1307	1809
1308	1350
1308	1357
1308	1453
1308	1456
1308	1540
1308	1579
1308	1602
1308	1811
1308	1839
1308	1865
1308	1894
1309	1353
1309	1452
1309	1609
1309	1776
1309	1849
1309	1887
1310	1366
1310	1444
1310	1585
1310	1662
1310	1748
1310	1936
1311	1466
1311	1497
1311	1512
1311	1678
1312	1425
1312	1524
1312	1555
1312	1622
1312	1866
1312	1934
1313	1328
1313	1643
1313	1725
1313	1739
1313	1798
1313	1998
1314	1411
1314	1732
1314	1808
1314	1887
1314	1953
1314	1981
1315	1386
1315	1400
1315	1515
1315	1746
1315	1962
1315	1980
1316	1366
1316	1398
1316	1657
1316	1687
1316	1777
1316	1794
1316	1868
1316	1937
1316	1995
1317	1409
1317	1720
1317	1756
1317	1808
1318	1724
1318	1738
1319	1356
1319	1575
1319	1722
1319	1751
1319	1754
1319	1800
1320	1340
1320	1426
1320	1518
1320	1545
1320	1584
1320	1852
1320	1960
1321	1384
1321	1544
1321	1647
1321	1730
1321	1763
1321	1831
1321	1887
1321	1923
1322	1707
1322	1904
1323	1337
1323	1464
1323	1475
1323	1947
1324	1479
1324	1509
1324	1660
1324	1949
1324	1950
1325	1466
1325	1514
1325	1578
1325	1792
1325	1924
1326	1336
1326	1430
1326	1461
1326	1653
1326	1660
1326	1813
1326	1889
1327	1336
1327	1656
1327	1712
1327	1718
1327	1775
1327	1777
1327	1846
1327	1905
1327	1965
1328	1340
1328	1383
1328	1403
1328	1409
1328	1475
1328	1640
1328	1770
1328	1839
1328	1855
1329	1334
1329	1356
1329	1508
1329	1638
1329	1675
1329	1695
1329	1841
1329	1857
1329	1878
1330	1341
1330	1379
1330	1508
1330	1669
1330	1898
1330	1933
1331	1370
1331	1560
1331	1763
1332	1365
1332	1391
1332	1601
1332	1608
1332	1639
1332	1736
1333	1427
1333	1560
1333	1627
1333	1637
1333	1724
1333	1803
1333	1826
1334	1490
1334	1673
1334	1677
1334	1681
1334	1691
1334	1861
1334	1901
1335	1379
1335	1570
1335	1575
1335	1665
1335	1692
1335	1696
1335	1769
1335	1861
1335	1914
1336	1352
1336	1609
1336	1779
1336	1809
1336	1901
1336	1962
1337	1354
1337	1453
1337	1606
1337	1696
1337	1782
1338	1348
1338	1378
1338	1428
1338	1497
1338	1565
1338	1673
1338	1771
1338	1832
1339	1583
1339	1605
1339	1734
1339	1788
1339	1802
1339	1824
1339	1882
1340	1408
1340	1440
1340	1458
1340	1470
1340	1545
1340	1556
1340	1580
1340	1644
1340	1938
1341	1355
1341	1611
1341	1874
1341	1938
1342	1394
1342	1494
1342	1496
1342	1501
1342	1720
1342	1786
1343	1344
1343	1346
1343	1490
1343	1493
1343	1584
1343	1634
1343	1684
1343	1695
1343	1797
1343	1811
1343	1818
1343	1856
1343	1865
1344	1377
1344	1528
1344	1536
1344	1687
1344	1841
1344	1905
1344	1929
1345	1374
1345	1434
1345	1484
1345	1615
1345	1755
1345	1790
1345	1847
1345	1886
1345	1973
1346	1494
1346	1509
1346	1629
1346	1902
1347	1409
1347	1434
1347	1467
1347	1787
1348	1572
1348	1711
1348	1822
1348	1831
1349	1606
1349	1711
1349	1836
1349	1982
1350	1447
1350	1622
1350	1646
1350	1690
1350	1709
1350	1782
1350	1792
1350	1906
1350	1957
1351	1363
1351	1372
1351	1415
1351	1446
1351	1486
1351	1495
1351	1560
1351	1571
1351	1698
1351	1800
1351	1912
1351	1922
1352	1440
1352	1542
1352	1551
1352	1665
1352	1705
1352	1750
1352	1785
1352	1887
1353	1367
1353	1499
1353	1715
1353	1767
1353	1801
1353	1953
1354	1370
1354	1386
1354	1534
1354	1793
1354	1898
1354	1905
1354	1918
1354	1932
1354	1998
1355	1384
1355	1399
1355	1419
1355	1427
1355	1455
1355	1566
1355	1703
1355	1734
1355	1876
1356	1434
1356	1701
1356	1950
1357	1550
1357	1650
1357	1705
1357	1769
1357	1799
1357	1810
1357	1918
1357	1929
1357	1971
1358	1383
1358	1413
1358	1806
1358	1978
1359	1434
1359	1671
1359	1737
1359	1869
1359	1973
1360	1400
1360	1402
1360	1476
1360	1488
1360	1542
1360	1678
1360	1765
1360	1779
1360	1894
1360	1903
1360	1909
1361	1707
1361	1924
1362	1401
1362	1419
1362	1515
1362	1738
1362	1752
1362	1887
1363	1368
1363	1455
1363	1711
1363	1800
1363	1840
1364	1377
1364	1468
1364	1765
1364	1829
1365	1515
1365	1988
1366	1438
1366	1449
1366	1459
1366	1489
1366	1523
1366	1530
1366	1544
1366	1584
1366	1605
1366	1624
1366	1814
1366	1914
1366	1990
1367	1408
1367	1483
1367	1617
1367	1930
1367	1955
1368	1402
1368	1669
1368	1682
1368	1735
1368	1922
1368	1945
1369	1573
1369	1629
1369	1735
1369	1741
1369	1930
1370	1552
1370	1583
1370	1587
1370	1673
1371	1457
1371	1692
1371	1756
1371	1886
1371	1896
1371	1937
1372	1440
1372	1667
1372	1672
1372	1712
1372	1782
1372	1785
1372	1820
1372	1899
1373	1462
1373	1534
1373	1798
1373	1879
1374	1455
1374	1457
1374	1542
1374	1743
1374	1924
1375	1398
1375	1489
1375	1502
1375	1650
1375	1861
1375	1905
1376	1427
1376	1459
1376	1553
1376	1583
1376	1886
1376	1961
1376	1985
1377	1409
1377	1511
1377	1569
1377	1572
1377	1971
1377	1973
1378	1813
1378	1918
1378	1974
1379	1447
1379	1518
1379	1730
1379	1850
1380	1405
1380	1429
1380	1500
1380	1508
1380	1569
1380	1609
1380	1718
1380	1836
1380	1894
1380	1974
1380	1987
1381	1590
1381	1679
1381	1698
1382	1584
1382	1700
1382	1772
1382	1779
1382	1870
1382	1941
1382	1962
1382	1982
1383	1482
1383	1569
1383	1713
1383	1742
1383	1811
1383	1872
1383	1957
1384	1438
1384	1473
1384	1559
1384	1618
1384	1711
1384	1832
1384	1858
1385	1441
1385	1615
1385	1737
1385	1794
1385	1809
1385	1887
1386	1942
1387	1472
1387	1515
1387	1619
1387	1911
1387	1925
1387	1992
1388	1395
1388	1473
1388	1477
1388	1503
1388	1574
1388	1595
1388	1881
1388	1985
1389	1495
1389	1598
1389	1694
1389	1727
1389	1749
1389	1789
1389	1858
1390	1458
1390	1501
1390	1532
1390	1573
1390	1698
1390	1953
1391	1556
1391	1562
1391	1660
1392	1579
1392	1720
1393	1496
1393	1624
1393	1737
1393	1843
1393	1874
1393	1976
1394	1405
1394	1677
1394	1683
1394	1731
1394	1792
1394	1893
1394	1908
1394	1965
1395	1447
1395	1472
1395	1526
1395	1626
1395	1655
1395	1781
1395	1825
1395	1934
1395	1981
1395	1982
1396	1504
1396	1535
1396	1547
1396	1593
1396	1689
1396	1906
1397	1398
1397	1424
1397	1524
1398	1544
1398	1571
1398	1748
1398	1876
1399	1432
1399	1511
1399	1661
1399	1823
1399	1972
1400	1528
1400	1606
1400	1678
1400	1697
1400	1701
1400	1742
1400	1941
1400	1946
1401	1407
1401	1467
1401	1898
1401	1914
1401	1943
1402	1412
1402	1519
1402	1573
1402	1588
1402	1866
1402	1990
1403	1469
1403	1752
1403	1795
1403	1897
1404	1530
1404	1605
1404	1615
1404	1662
1405	1558
1405	1581
1405	1925
1406	1415
1406	1455
1406	1623
1406	1796
1406	1847
1406	1848
1406	1849
1407	1437
1407	1470
1407	1512
1407	1618
1407	1725
1408	1808
1408	1898
1409	1434
1409	1435
1409	1634
1410	1445
1410	1478
1410	1743
1410	1861
1410	1881
1410	1893
1410	1956
1411	1665
1412	1528
1412	1529
1412	1533
1412	1642
1412	1676
1412	1740
1412	1763
1412	1835
1412	1889
1412	1919
1412	1938
1413	1463
1413	1516
1413	1633
1413	1707
1413	1782
1413	1874
1413	1885
1413	1929
1413	1972
1414	1514
1414	1668
1414	1802
1414	1898
1414	1978
1415	1991
1416	1483
1416	1683
1416	1717
1416	1929
1417	1539
1417	1738
1417	1882
1418	1577
1418	1582
1418	1583
1418	1631
1418	1799
1418	1854
1419	1435
1419	1470
1419	1519
1419	1532
1419	1556
1419	1598
1419	1631
1419	1685
1419	1813
1419	1846
1419	1896
1419	1900
1419	1967
1420	1423
1420	1631
1420	1636
1420	1743
1420	1853
1421	1436
1421	1563
1421	1565
1422	1480
1422	1654
1422	1676
1422	1784
1422	1833
1423	1475
1423	1499
1423	1538
1423	1698
1423	1838
1423	1930
1424	1449
1424	1483
1424	1567
1424	1583
1424	1730
1424	1841
1424	1864
1424	1871
1425	1439
1425	1464
1425	1472
1425	1492
1425	1526
1425	1933
1426	1474
1426	1727
1426	1819
1426	1859
1426	1919
1426	1941
1427	1582
1427	1675
1427	1775
1427	1804
1427	1821
1428	1723
1428	1765
1428	1814
1428	1927
1429	1627
1429	1705
1429	1886
1430	1477
1430	1874
1431	1492
1431	1627
1431	1682
1431	1843
1431	1904
1431	1928
1431	1956
1432	1443
1432	1527
1432	1548
1432	1607
1432	1647
1432	1722
1432	1762
1432	1789
1432	1828
1433	1560
1433	1579
1433	1680
1433	1839
1433	1847
1433	1896
1434	1811
1434	1871
1434	1963
1434	1987
1435	1464
1435	1617
1435	1628
1435	1713
1435	1855
1436	1578
1436	1626
1436	1654
1436	1860
1436	1954
1437	1621
1437	1707
1437	1751
1437	1777
1437	1791
1437	1863
1437	1967
1437	1989
1438	1522
1438	1840
1438	1948
1439	1471
1439	1491
1439	1864
1439	1888
1440	1529
1440	1581
1440	1623
1440	1719
1440	1876
1441	1482
1441	1633
1441	1649
1441	1659
1441	1925
1441	1942
1441	1978
1442	1501
1442	1522
1442	1527
1442	1568
1442	1692
1442	1718
1442	1720
1442	1840
1443	1530
1443	1604
1443	1614
1443	1639
1443	1707
1443	1995
1444	1561
1444	1606
1444	1758
1444	1801
1444	1803
1444	1960
1445	1478
1445	1610
1445	1676
1445	1839
1445	1858
1446	1730
1446	1733
1447	1459
1447	1489
1447	1499
1447	1512
1447	1558
1447	1644
1447	1707
1447	1840
1447	1958
1448	1553
1448	1616
1448	1668
1448	1738
1448	1878
1448	1951
1449	1547
1449	1597
1449	1635
1449	1794
1449	1826
1450	1524
1450	1568
1450	1614
1450	1705
1450	1861
1450	1938
1451	1455
1451	1518
1451	1622
1451	1679
1451	1756
1451	1867
1451	1903
1451	1908
1451	1974
1451	1989
1452	1453
1452	1638
1452	1655
1452	1758
1452	1770
1452	1841
1452	1854
1452	1902
1452	1972
1453	1764
1453	1811
1453	1859
1453	1869
1453	1940
1454	1508
1454	1529
1454	1546
1454	1582
1454	1638
1454	1701
1454	1708
1454	1727
1454	1965
1455	1559
1455	1612
1455	1645
1455	1646
1455	1746
1455	1951
1456	1527
1456	1545
1456	1626
1456	1782
1456	1953
1457	1470
1457	1575
1457	1595
1457	1868
1457	1895
1458	1593
1458	1596
1458	1603
1458	1646
1458	1829
1458	1925
1459	1630
1459	1809
1459	1851
1459	1909
1460	1510
1460	1574
1460	1633
1460	1709
1460	1907
1461	1534
1461	1792
1461	1822
1461	1897
1462	1798
1462	1959
1462	1972
1463	1485
1463	1652
1463	1878
1464	1599
1464	1633
1464	1748
1464	1755
1464	1829
1464	1920
1465	1498
1465	1541
1465	1557
1465	1585
1465	1628
1465	1635
1465	1747
1466	1549
1466	1796
1466	1799
1467	1502
1467	1520
1467	1680
1467	1699
1467	1722
1467	1748
1467	1859
1467	1942
1468	1625
1468	1726
1468	1788
1468	1800
1469	1492
1470	1771
1471	1631
1471	1676
1471	1715
1471	1813
1472	1579
1472	1656
1472	1864
1472	1871
1472	1876
1473	1646
1473	1682
1473	1692
1473	1743
1473	1959
1474	1658
1474	1808
1474	1888
1474	1955
1475	1494
1475	1962
1475	1991
1476	1533
1476	1862
1476	1875
1476	1938
1476	1995
1477	1500
1477	1597
1477	1610
1477	1622
1477	1929
1477	1940
1478	1626
1478	1637
1478	1711
1478	1756
1478	1775
1478	1822
1479	1659
1479	1762
1479	1770
1479	1887
1480	1665
1480	1703
1480	1722
1480	1755
1481	1484
1481	1690
1481	1888
1481	1897
1481	1953
1481	1958
1482	1650
1482	1693
1482	1811
1482	1942
1482	1949
1482	1983
1483	1571
1483	1694
1483	1708
1483	1734
1483	1746
1483	1800
1483	1841
1483	1989
1484	1533
1484	1564
1484	1576
1484	1579
1484	1730
1485	1908
1486	1498
1486	1639
1486	1648
1486	1827
1486	1848
1486	1897
1487	1524
1487	1593
1487	1671
1487	1800
1487	1833
1487	1834
1487	1900
1487	1999
1488	1550
1488	1586
1488	1593
1488	1614
1488	1616
1488	1636
1488	1653
1488	1829
1488	1906
1489	1548
1489	1735
1489	1810
1490	1577
1490	1669
1490	1753
1490	1816
1491	1621
1491	1797
1491	1841
1491	1882
1491	1891
1491	1921
1492	1752
1492	1872
1492	1912
1493	1546
1493	1675
1493	1770
1493	1952
1493	1978
1493	1986
1494	1679
1494	1755
1494	1777
1494	1970
1495	1525
1495	1604
1495	1677
1495	1786
1495	1852
1495	1976
1496	1551
1496	1624
1496	1855
1496	1959
1497	1660
1497	1679
1497	1795
1497	1888
1497	1901
1497	1971
1498	1606
1498	1660
1498	1681
1498	1699
1498	1804
1498	1918
1498	1967
1499	1529
1499	1641
1499	1646
1500	1532
1500	1604
1500	1677
1500	1840
1500	1921
1500	1937
1501	1596
1501	1615
1501	1652
1501	1789
1501	1823
1501	1863
1502	1662
1502	1675
1502	1684
1502	1725
1502	1744
1502	1752
1502	1769
1502	1812
1502	1873
1502	1938
1502	1943
1502	1951
1502	1966
1503	1561
1503	1605
1503	1680
1503	1728
1503	1872
1503	1928
1503	1993
1504	1569
1504	1735
1504	1805
1504	1825
1504	1934
1504	1973
1505	1716
1505	1940
1505	1975
1506	1561
1506	1611
1506	1654
1506	1810
1506	1873
1507	1718
1507	1738
1507	1739
1507	1844
1507	1888
1508	1626
1508	1637
1508	1837
1508	1970
1508	1985
1509	1535
1509	1625
1509	1928
1509	1940
1510	1589
1511	1635
1511	1880
1511	1982
1512	1521
1512	1665
1512	1792
1512	1814
1512	1836
1512	1877
1512	1894
1513	1673
1513	1698
1513	1708
1513	1840
1514	1798
1515	1550
1515	1817
1515	1873
1515	1894
1515	1913
1516	1576
1516	1748
1516	1884
1517	1608
1517	1834
1518	1550
1518	1581
1518	1719
1518	1750
1518	1893
1518	1910
1518	1915
1518	1954
1519	1545
1519	1559
1519	1622
1519	1664
1519	1701
1519	1726
1519	1831
1519	1834
1519	1856
1519	1864
1519	1926
1519	1928
1519	1931
1519	1967
1520	1550
1520	1590
1520	1630
1520	1633
1520	1771
1520	1829
1521	1552
1521	1575
1521	1577
1521	1614
1521	1661
1521	1747
1521	1803
1521	1824
1521	1852
1521	1854
1522	1591
1522	1737
1522	1809
1522	1948
1523	1691
1523	1795
1523	1796
1523	1834
1524	1602
1524	1618
1524	1758
1524	1763
1524	1805
1524	1807
1525	1756
1525	1775
1525	1790
1525	1793
1525	1964
1526	1635
1526	1670
1526	1798
1526	1889
1526	1958
1527	1528
1527	1542
1527	1880
1527	1952
1528	1583
1528	1638
1528	1643
1528	1742
1528	1856
1528	1869
1528	1972
1528	1984
1529	1590
1529	1664
1529	1691
1529	1762
1529	1903
1529	1979
1530	1548
1530	1565
1530	1578
1530	1714
1530	1797
1530	1872
1530	1920
1530	1950
1530	1970
1531	1595
1531	1707
1531	1714
1531	1755
1531	1864
1531	1886
1531	1922
1532	1578
1532	1886
1532	1987
1533	1835
1533	1853
1533	1932
1534	1703
1534	1736
1534	1900
1534	1949
1534	1988
1535	1555
1535	1594
1535	1683
1535	1838
1536	1589
1536	1679
1536	1810
1536	1832
1536	1970
1537	1618
1537	1663
1537	1850
1537	1903
1538	1676
1538	1790
1538	1830
1538	1873
1538	1878
1538	1913
1539	1545
1539	1814
1539	1892
1539	1925
1540	1548
1540	1600
1540	1713
1540	1839
1540	1907
1540	1972
1541	1551
1541	1771
1541	1861
1541	1905
1542	1677
1542	1848
1542	1866
1543	1617
1543	1645
1543	1687
1543	1695
1543	1722
1543	1744
1543	1803
1543	1881
1543	1989
1544	1592
1544	1595
1544	1813
1544	1883
1544	1979
1545	1581
1545	1634
1545	1888
1545	1980
1545	1984
1546	1560
1546	1697
1546	1770
1546	1818
1546	1878
1546	1936
1547	1574
1547	1578
1547	1584
1547	1719
1547	1768
1547	1807
1548	1586
1548	1736
1548	1757
1548	1845
1548	1943
1549	1558
1549	1561
1549	1621
1549	1634
1549	1774
1549	1874
1549	1965
1549	1982
1550	1625
1550	1858
1550	1909
1551	1739
1551	1869
1551	1988
1552	1739
1553	1559
1553	1683
1553	1784
1554	1683
1554	1738
1554	1770
1554	1790
1554	1816
1555	1590
1555	1614
1555	1652
1555	1656
1555	1956
1556	1584
1556	1669
1556	1766
1556	1941
1557	1586
1557	1772
1557	1777
1557	1843
1557	1921
1557	1940
1558	1683
1558	1714
1558	1825
1558	1983
1559	1614
1559	1887
1560	1669
1560	1777
1560	1864
1560	1865
1560	1981
1561	1568
1561	1842
1561	1961
1561	1973
1562	1772
1562	1940
1563	1748
1563	1789
1563	1966
1564	1633
1564	1740
1564	1784
1564	1795
1565	1567
1565	1697
1565	1845
1566	1649
1566	1734
1566	1796
1567	1672
1567	1700
1567	1795
1568	1817
1568	1964
1568	1992
1570	1598
1570	1827
1570	1866
1571	1620
1571	1663
1571	1667
1571	1828
1572	1624
1572	1766
1572	1939
1572	1964
1573	1605
1573	1706
1573	1808
1573	1874
1573	1888
1573	1903
1574	1604
1574	1747
1574	1918
1574	1985
1575	1680
1575	1687
1575	1756
1575	1820
1575	1859
1575	1888
1576	1604
1576	1693
1576	1735
1577	1594
1577	1636
1577	1657
1577	1705
1577	1956
1578	1852
1578	1867
1579	1599
1579	1725
1579	1803
1579	1906
1579	1920
1579	1966
1580	1597
1580	1654
1580	1709
1580	1993
1581	1624
1581	1655
1581	1657
1581	1695
1581	1698
1582	1707
1582	1860
1582	1934
1583	1868
1583	1972
1583	1977
1584	1658
1584	1739
1584	1837
1584	1974
1584	1995
1585	1623
1585	1670
1585	1919
1586	1668
1586	1870
1586	1955
1587	1589
1587	1840
1587	1926
1587	1961
1588	1616
1588	1705
1588	1849
1589	1620
1589	1622
1589	1671
1589	1866
1589	1895
1590	1833
1590	1879
1590	1886
1590	1970
1591	1730
1591	1828
1591	1839
1591	1842
1592	1703
1592	1725
1592	1884
1592	1918
1593	1651
1593	1660
1593	1972
1593	1981
1594	1596
1594	1705
1594	1778
1594	1857
1594	1894
1595	1634
1595	1677
1595	1755
1595	1833
1595	1865
1595	1940
1595	1951
1595	1963
1595	1970
1596	1677
1597	1649
1597	1690
1597	1697
1597	1752
1598	1632
1598	1639
1598	1747
1598	1855
1599	1608
1599	1756
1599	1798
1599	1890
1599	1987
1600	1829
1600	1889
1601	1659
1601	1730
1601	1962
1602	1706
1602	1724
1602	1728
1602	1812
1602	1896
1602	1984
1603	1663
1603	1752
1603	1841
1603	1848
1604	1619
1604	1717
1604	1748
1605	1699
1605	1812
1605	1858
1606	1827
1606	1871
1606	1961
1607	1767
1607	1891
1608	1681
1608	1690
1608	1720
1608	1747
1608	1872
1608	1890
1608	1905
1609	1685
1609	1820
1609	1917
1609	1950
1609	1960
1610	1716
1610	1965
1611	1614
1611	1696
1611	1711
1611	1745
1611	1768
1611	1799
1611	1899
1611	1909
1612	1802
1612	1900
1612	1985
1613	1652
1613	1702
1613	1712
1613	1751
1613	1818
1613	1864
1613	1978
1614	1640
1614	1691
1614	1703
1614	1730
1614	1797
1614	1818
1614	1953
1614	1960
1614	1976
1615	1681
1615	1719
1615	1998
1616	1845
1616	1873
1617	1771
1617	1793
1617	1925
1617	1931
1618	1878
1618	1882
1618	1940
1618	1994
1619	1654
1619	1850
1620	1627
1620	1630
1620	1696
1620	1783
1620	1954
1621	1644
1621	1755
1621	1784
1621	1806
1621	1871
1621	1915
1622	1695
1622	1720
1622	1853
1622	1875
1623	1666
1623	1713
1623	1779
1623	1903
1624	1694
1624	1729
1624	1799
1624	1907
1625	1703
1625	1881
1626	1630
1626	1672
1626	1688
1626	1819
1626	1857
1626	1949
1626	1982
1627	1831
1627	1839
1627	1913
1627	1935
1628	1676
1628	1839
1629	1968
1629	1981
1630	1682
1630	1778
1630	1860
1630	1933
1631	1652
1631	1700
1631	1776
1631	1834
1631	1924
1631	1967
1632	1669
1632	1697
1632	1869
1632	1926
1632	1931
1632	1960
1632	1987
1633	1642
1633	1730
1633	1845
1633	1988
1634	1690
1636	1662
1637	1731
1637	1762
1637	1772
1637	1776
1637	1823
1637	1838
1637	1931
1637	1948
1637	1966
1638	1682
1638	1785
1638	1824
1639	1707
1639	1758
1639	1764
1639	1793
1640	1653
1640	1671
1640	1824
1640	1853
1640	1874
1641	1683
1642	1647
1642	1698
1642	1736
1642	1785
1642	1991
1643	1704
1643	1828
1644	1691
1644	1693
1644	1765
1645	1690
1645	1758
1645	1926
1645	1974
1646	1703
1646	1714
1646	1803
1646	1888
1646	1961
1647	1699
1647	1705
1648	1697
1648	1745
1648	1761
1648	1783
1648	1814
1649	1769
1649	1788
1649	1805
1649	1835
1649	1893
1649	1922
1649	1936
1649	1976
1650	1714
1650	1771
1650	1982
1651	1739
1651	1786
1651	1852
1651	1856
1652	1793
1652	1915
1652	1931
1653	1678
1653	1692
1653	1721
1653	1761
1653	1820
1653	1880
1653	1979
1654	1662
1654	1699
1654	1962
1655	1825
1655	1834
1656	1992
1657	1838
1657	1966
1657	1972
1657	1977
1658	1745
1658	1875
1658	1886
1659	1695
1659	1713
1659	1871
1659	1879
1660	1702
1660	1737
1660	1854
1661	1687
1661	1802
1661	1805
1662	1699
1662	1717
1662	1831
1662	1986
1663	1765
1664	1740
1664	1759
1664	1935
1664	1938
1664	1986
1665	1720
1666	1726
1666	1802
1666	1937
1666	1950
1667	1703
1667	1940
1668	1717
1668	1921
1668	1934
1669	1681
1669	1750
1669	1830
1669	1909
1669	1978
1670	1706
1670	1856
1670	1901
1670	1931
1670	1952
1671	1809
1671	1990
1672	1738
1672	1775
1672	1902
1673	1765
1673	1904
1673	1984
1674	1692
1674	1752
1674	1907
1675	1679
1675	1971
1676	1702
1676	1786
1676	1948
1676	1990
1677	1726
1677	1730
1677	1743
1677	1814
1677	1950
1678	1680
1678	1828
1678	1948
1679	1693
1679	1733
1679	1824
1679	1839
1679	1959
1680	1786
1680	1946
1680	1969
1681	1726
1681	1830
1681	1973
1681	1980
1682	1777
1683	1734
1683	1756
1683	1796
1683	1812
1683	1913
1683	1929
1684	1792
1684	1958
1685	1736
1685	1807
1685	1962
1686	1776
1686	1884
1686	1987
1687	1703
1687	1765
1687	1806
1687	1865
1687	1873
1688	1701
1688	1703
1688	1835
1688	1868
1689	1713
1689	1725
1689	1732
1689	1742
1689	1774
1690	1761
1690	1784
1690	1839
1690	1848
1690	1981
1691	1719
1691	1826
1691	1898
1691	1937
1692	1908
1692	1949
1693	1811
1695	1882
1695	1955
1696	1903
1697	1725
1697	1855
1698	1732
1698	1874
1699	1861
1699	1887
1700	1770
1700	1804
1701	1750
1701	1772
1702	1742
1702	1781
1702	1803
1702	1909
1703	1707
1703	1908
1703	1950
1704	1914
1704	1941
1704	1966
1705	1758
1705	1769
1705	1860
1705	1917
1706	1738
1706	1897
1706	1976
1706	1995
1707	1852
1707	1975
1708	1721
1708	1765
1709	1894
1709	1911
1709	1919
1710	1721
1710	1834
1710	1914
1711	1821
1711	1868
1711	1928
1711	1995
1712	1713
1712	1770
1712	1789
1712	1808
1712	1870
1712	1901
1713	1816
1713	1862
1713	1963
1714	1817
1714	1818
1714	1989
1715	1870
1716	1717
1716	1810
1716	1927
1717	1806
1717	1910
1717	1945
1718	1727
1718	1905
1718	1916
1718	1928
1718	1936
1718	1958
1718	1962
1718	1988
1719	1769
1719	1907
1719	1926
1720	1900
1720	1937
1720	1964
1721	1949
1721	1960
1722	1765
1722	1936
1722	1952
1722	1976
1724	1909
1725	1783
1725	1884
1727	1869
1727	1952
1728	1777
1728	1909
1728	1912
1728	1939
1729	1756
1729	1766
1729	1777
1729	1792
1729	1804
1729	1945
1730	1759
1730	1938
1731	1851
1731	1875
1732	1736
1732	1779
1733	1797
1733	1928
1734	1753
1734	1857
1734	1881
1735	1848
1735	1888
1735	1908
1735	1990
1735	1996
1736	1763
1736	1792
1736	1844
1736	1858
1736	1934
1736	1950
1737	1775
1737	1864
1738	1813
1738	1827
1738	1854
1738	1868
1739	1824
1739	1870
1739	1938
1740	1768
1740	1779
1740	1789
1740	1995
1741	1757
1741	1887
1741	1941
1741	1973
1742	1755
1742	1958
1743	1852
1743	1905
1743	1972
1743	1982
1744	1747
1744	1884
1745	1810
1745	1926
1745	1961
1746	1766
1746	1818
1746	1897
1747	1986
1748	1814
1748	1996
1749	1905
1749	1945
1750	1867
1750	1970
1751	1767
1751	1825
1752	1875
1753	1782
1754	1787
1754	1889
1754	1910
1754	1913
1755	1836
1755	1864
1756	1781
1756	1853
1756	1998
1757	1998
1758	1818
1758	1980
1758	1988
1759	1791
1759	1842
1759	1844
1759	1895
1759	1957
1759	1991
1760	1972
1760	1975
1761	1950
1762	1947
1763	1773
1763	1783
1763	1840
1763	1956
1763	1963
1764	1773
1764	1836
1764	1874
1764	1977
1766	1883
1767	1880
1767	1949
1768	1786
1768	1798
1768	1812
1768	1850
1769	1800
1769	1824
1769	1892
1769	1935
1770	1787
1770	1860
1770	1917
1771	1914
1771	1960
1772	1795
1772	1880
1772	1943
1772	1960
1773	1906
1774	1841
1774	1843
1774	1916
1774	1981
1776	1791
1776	1849
1776	1921
1776	1932
1777	1876
1777	1937
1778	1848
1778	1899
1779	1816
1779	1843
1779	1860
1779	1953
1779	1989
1780	1865
1780	1878
1780	1905
1781	1848
1781	1883
1781	1897
1781	1933
1782	1904
1783	1860
1783	1923
1783	1936
1784	1825
1784	1939
1785	1840
1785	1904
1786	1831
1787	1843
1787	1856
1787	1860
1787	1981
1788	1822
1788	1905
1789	1930
1789	1960
1790	1823
1790	1860
1790	1926
1791	1853
1791	1919
1791	1941
1791	1947
1791	1993
1793	1985
1793	1991
1794	1912
1794	1924
1796	1904
1796	1952
1796	1970
1797	1812
1797	1883
1798	1814
1798	1820
1798	1848
1800	1856
1800	1874
1801	1828
1801	1895
1801	1913
1801	1946
1802	1932
1804	1824
1804	1865
1804	1981
1805	1891
1805	1934
1806	1969
1807	1881
1807	1954
1807	1993
1808	1842
1808	1847
1808	1900
1808	1987
1809	1831
1809	1849
1809	1934
1809	1988
1810	1855
1810	1889
1810	1905
1811	1886
1811	1987
1812	1856
1812	1861
1812	1869
1812	1910
1812	1942
1814	1962
1815	1908
1815	1926
1818	1965
1819	1912
1819	1919
1819	1932
1819	1951
1819	1982
1820	1892
1821	1906
1821	1948
1821	1966
1821	1977
1822	1835
1822	1851
1822	1939
1822	1963
1822	1988
1824	1962
1825	1859
1826	1845
1826	1996
1827	1923
1827	1955
1827	1974
1828	1940
1828	1983
1829	1866
1829	1877
1830	1984
1832	1839
1832	1845
1832	1868
1832	1885
1833	1877
1833	1914
1835	1854
1838	1848
1838	1853
1838	1863
1838	1892
1839	1847
1839	1911
1839	1927
1839	1968
1839	1969
1839	1999
1840	1941
1841	1856
1841	1895
1841	1918
1841	1969
1842	1855
1843	1906
1843	1910
1844	1891
1844	1898
1845	1910
1846	1847
1846	1863
1847	1882
1847	1985
1849	1855
1849	1858
1851	1959
1853	1911
1853	1978
1855	1875
1858	1925
1858	1947
1859	1863
1859	1955
1860	1866
1860	1905
1861	1963
1862	1946
1863	1909
1864	1909
1865	1943
1870	1899
1870	1923
1870	1948
1870	1996
1871	1900
1872	1901
1872	1958
1873	1994
1874	1894
1874	1973
1876	1890
1876	1933
1876	1977
1876	1999
1878	1900
1878	1987
1878	1990
1880	1890
1883	1943
1883	1986
1884	1950
1884	1990
1885	1887
1887	1956
1889	1900
1889	1935
1889	1949
1891	1991
1893	1911
1893	1928
1894	1979
1895	1928
1895	1943
1898	1902
1900	1913
1900	1938
1900	1945
1900	1986
1901	1986
1903	1940
1904	1920
1904	1928
1905	1954
1906	1995
1907	1915
1907	1957
1908	1997
1909	1966
1909	1973
1911	1972
1913	1938
1913	1979
1917	1981
1918	1932
1919	1998
1920	1946
1922	1949
1925	1955
1926	1937
1926	1946
1928	1977
1931	1933
1932	1948
1937	1963
1943	1948
1944	1991
1945	1957
1946	1988
1947	1981
1950	1974
1951	1963
1953	1963
1955	1999
1957	1981
1977	1994
1981	1987
1988	1989
1989	1994
1992	1997
