0
103
726
783
922
1
85
269
608
910
2
69
587
676
917
3
288
371
771
955
1000
1780
1793
1977
1998
1001
1141
1346
1443
1919
4
450
1687
754
982
1002
1257
1290
1737
1958
1003
1005
1662
1775
1950
5
254
692
939
952
1004
1813
1945
1963
1985
6
15
745
923
994
7
834
839
987
997
1668
1819
1904
8
650
833
868
970
9
58
391
757
936
10
671
962
964
968
11
963
972
976
984
1006
1350
470
1828
1960
12
141
884
974
979
1007
1146
1586
1878
1905
1008
1501
1656
1686
1009
1312
1909
1966
1990
13
552
673
929
1010
1314
1942
1982
14
560
842
960
414
417
942
1011
1232
1473
1816
16
776
784
849
860
17
705
791
966
991
18
874
916
961
19
247
824
897
20
1842
900
1012
1137
1291
1563
1994
1013
1139
1242
1774
1939
21
657
940
983
996
22
436
447
724
986
23
102
173
941
995
24
27
736
846
25
604
607
691
908
26
493
720
909
198
829
1014
1310
1606
28
794
838
872
887
1015
1060
1272
1973
1996
1016
1449
1694
1767
29
644
733
969
985
30
93
785
821
843
1017
1436
1507
1565
1983
1018
1925
1974
31
187
413
748
802
1019
1169
1367
32
432
702
873
1020
1486
1920
1976
33
34
71
512
538
883
1021
1482
1679
1022
1288
1341
1821
1995
1023
1722
1777
1864
35
157
588
944
1024
1566
1770
1855
1025
1457
1761
1862
1026
1395
1827
1967
1986
36
547
848
930
938
37
112
281
957
1027
1152
1879
1934
1962
38
778
814
990
1028
1886
1889
1970
1029
1085
1666
1877
1959
1030
1716
1755
1890
39
890
919
965
1031
1510
1778
1845
1936
1032
1155
1386
1902
1971
40
194
612
652
1927
1033
1495
1809
1943
1952
1034
1582
1584
1651
1825
41
229
845
988
1035
1643
1752
1993
42
114
200
980
1036
1147
1161
1437
1785
1037
1736
1782
1830
1988
1038
1343
1603
1903
1989
1039
1426
1464
1810
1908
43
123
790
44
661
871
912
989
45
768
879
1040
1157
1854
1987
1041
1493
1895
1921
1948
1042
1117
1541
46
878
932
933
1043
1322
1496
1922
1956
47
171
274
584
993
1044
1796
1797
1880
943
48
430
956
49
744
914
1045
1788
1873
1930
1964
1046
1162
1478
1938
1047
419
1523
1781
50
251
483
568
1944
1048
1762
1953
1049
1100
1692
1772
1829
51
826
858
946
52
688
850
1050
1871
1051
1689
1697
53
444
819
981
1052
1892
1961
54
674
737
55
270
427
613
56
105
159
851
57
670
760
807
1053
1114
1558
1812
90
666
59
769
801
818
1054
1604
1739
1055
1479
1918
1969
60
758
852
61
586
881
62
383
920
1056
1110
1300
1526
1923
63
363
544
888
1057
1336
1972
1058
1441
1524
1935
1941
1059
1255
1714
1757
1915
1518
1529
1776
1061
1632
1997
64
680
798
822
1062
1377
1535
1652
1815
65
646
690
734
1063
1320
1424
1674
1713
66
927
1064
1200
1430
1698
67
156
175
393
68
749
924
977
665
844
70
132
700
703
1065
1323
1549
1680
139
663
1066
1067
1701
1978
1068
1388
1484
1676
1069
1376
1741
1792
72
575
653
718
1070
1297
1521
1540
1551
73
633
903
1071
1824
1955
1992
74
202
500
689
1072
1239
1900
1980
1073
1709
1746
1849
75
739
1074
1287
1505
1511
1965
1075
1546
1552
1718
1076
1590
1650
1702
1077
1591
1906
76
362
507
770
870
77
723
78
577
1078
1224
1881
1931
79
533
831
915
1079
1559
1804
1831
1857
80
374
81
463
492
82
506
687
1080
1104
1560
1081
1444
1791
1847
1876
83
165
610
667
756
1082
1835
84
669
708
875
479
86
161
719
87
410
812
88
1588
89
477
863
886
1083
1399
1744
486
91
759
949
92
992
1084
1750
1884
1913
1834
1932
1086
1302
1859
227
382
975
1087
1217
1802
1088
1434
1910
94
185
815
876
1089
1506
1538
1090
1282
1758
1875
1091
1786
1929
95
491
701
854
999
1092
1832
1893
1981
1093
1379
1576
1646
1094
1349
1949
1095
1655
1975
96
1605
684
1096
1313
1517
1779
97
264
277
98
255
609
761
99
792
1097
1597
1882
1098
1182
1727
1814
1099
1230
1901
100
866
101
364
808
441
856
1191
1555
1894
1101
1334
1387
1476
1102
1216
1254
1696
1700
1103
1316
1326
1867
1293
1852
1861
1105
1109
1417
1858
1999
321
740
104
153
582
727
1106
1557
1759
1769
971
106
675
1107
1571
1760
107
394
840
108
460
668
1108
1528
1765
1822
1575
1740
109
244
402
947
1111
1198
1868
1957
1112
110
516
1113
1494
1513
1743
1359
1818
111
188
330
935
241
862
113
704
806
1115
1382
1585
1730
115
273
397
618
857
116
168
832
855
117
540
732
118
471
595
119
170
1116
1307
1480
1547
120
628
948
121
899
1118
1500
1620
1947
122
136
401
570
934
1119
1594
1820
1120
1419
1742
1764
561
1121
1381
1412
1545
124
154
898
125
235
126
654
1122
1258
1784
1123
1396
127
308
379
128
294
531
1124
1142
1241
1580
1794
129
388
130
921
131
827
893
310
403
133
134
352
428
551
135
496
638
1125
1145
1126
1261
1790
1127
1294
1420
1839
865
1128
1853
1863
137
376
841
138
859
918
1129
1675
1912
1130
1202
1365
347
1131
359
140
752
1132
1787
1133
1389
1691
1748
1134
1615
1135
1304
1733
755
816
142
143
373
677
1136
1530
1803
1805
1914
144
880
895
902
1138
1271
1711
145
387
489
146
180
509
765
978
147
343
707
1394
1140
1458
1519
1543
1448
1732
148
298
149
381
150
315
787
907
151
624
967
1143
1658
1699
1833
1144
1550
1888
1340
1991
1621
1705
1907
1898
152
455
809
475
525
793
155
390
772
766
813
1148
1554
1872
1149
1917
1150
1623
1708
158
950
1151
1568
515
998
160
316
510
1153
1338
1634
1154
1467
240
504
162
725
1798
1156
1415
1525
1281
1348
1622
163
196
711
743
164
767
571
629
166
201
1158
1285
167
484
564
1899
905
169
323
698
926
1159
1372
828
1160
1600
639
861
172
911
174
307
603
817
901
714
731
176
231
810
177
440
892
178
299
945
179
437
712
953
959
1446
1163
1164
1672
1673
1165
1211
1225
1166
1826
1843
1167
1187
1402
1614
1896
1168
1260
1653
1170
1624
1645
1891
337
643
1171
1601
1729
1800
1933
181
182
713
885
183
1172
1475
1515
1173
1299
184
572
580
1174
1357
1369
576
1883
186
449
825
882
261
626
1175
1176
1725
1984
1177
1227
1951
189
1178
1841
190
554
1179
1979
1180
1192
1466
1181
1527
191
558
973
1183
1184
1408
1836
1865
192
408
836
193
305
562
1185
195
645
717
931
1186
1660
411
197
499
763
1188
1347
1469
1684
1189
1190
1206
1489
1544
1766
199
495
799
1721
1193
1398
1504
253
606
203
220
853
204
622
1194
205
206
867
1195
1520
1579
1642
1196
1678
1197
1277
207
951
208
1199
1542
1720
209
800
1451
210
211
328
779
212
706
1201
1319
1472
1537
1246
1361
1203
1265
1315
213
519
1204
1438
1509
1706
1205
1619
1629
214
217
322
716
1207
1267
1633
215
591
647
1208
1253
216
311
448
596
820
1209
1435
1508
412
530
1210
1712
1212
1856
1213
218
435
672
1214
1233
1401
1215
1355
1477
219
682
864
1587
1954
1384
1846
1218
331
1611
221
252
266
1219
1234
1503
222
623
678
1220
1221
1866
223
585
781
1222
1442
1723
224
395
1223
1595
225
226
429
660
1407
1850
738
1667
1226
1682
1238
228
1228
1229
1463
1707
398
958
230
565
342
789
232
406
233
473
742
234
517
617
1231
1874
1887
1339
1610
1870
236
327
1235
1704
237
545
238
353
534
1236
1371
1406
1771
1808
239
318
746
503
693
1237
456
1635
1626
242
396
1240
1657
1728
1751
1940
1298
1352
243
336
550
683
1243
1581
245
366
246
1244
1885
1245
1548
1719
1247
928
248
465
602
906
1248
1710
1731
249
804
250
795
1249
1654
1693
1806
1848
1250
1844
424
621
889
1251
1631
1661
439
728
256
1252
1573
1717
257
258
528
774
259
501
679
1421
1256
1536
260
420
1637
1924
1259
1481
355
904
262
494
502
1409
1753
1262
1968
263
1263
1284
1264
1556
344
265
1266
1641
1897
267
556
1268
1335
1570
268
1269
1325
1270
1303
593
1366
1783
1331
271
1273
1462
1274
1860
272
522
566
1275
1276
1502
1512
275
467
891
1278
1795
1279
276
1280
1738
278
348
1592
1840
1823
279
1283
280
681
1286
1397
1799
282
597
1289
1485
1405
1318
1292
283
780
284
811
285
1383
1295
1403
1636
1669
286
297
709
1296
1639
1450
287
291
1690
823
896
289
290
457
1301
1328
292
574
293
542
295
1801
296
655
664
445
434
589
786
300
581
1427
1305
1311
1306
1461
1628
301
625
302
555
1308
1734
1309
303
641
304
1492
306
773
592
309
1358
696
378
535
869
312
753
313
1317
314
1522
1534
1911
317
462
619
694
1321
1567
319
369
451
1459
1514
320
637
599
1324
1683
695
1380
1385
324
329
710
325
372
686
847
326
485
715
764
1665
594
549
1327
830
332
480
1329
1332
1330
1817
333
1745
1789
1333
1470
1838
334
1609
335
777
339
635
1735
338
543
563
1926
1337
1613
340
341
553
1440
351
1356
1589
454
1342
1695
1344
345
452
1345
346
518
642
648
349
524
631
729
1561
350
1649
354
356
1351
357
358
1374
1754
360
511
361
418
1353
1747
1354
1630
797
461
1648
365
367
1360
368
954
1362
1553
1946
1363
1433
1726
1851
1364
1574
598
656
370
877
1368
1618
1370
1373
1375
1400
407
1378
1453
1647
1869
375
481
569
615
377
385
835
1644
416
380
536
1640
1483
913
384
474
894
386
685
1390
1391
1599
1392
1749
1393
1703
1414
1928
1593
1608
389
1455
1811
498
636
1724
1763
392
1768
1468
1404
1937
1410
1837
1411
399
541
1413
1452
400
1416
482
573
751
1418
1533
1715
415
404
697
405
583
803
508
546
611
651
658
1422
1916
409
1423
1564
1578
1425
523
442
730
837
421
1428
1429
422
741
1431
1447
1671
1432
1532
423
527
1616
1454
425
1439
1531
426
476
1625
431
627
433
438
1756
513
1445
630
782
443
1577
446
747
1617
775
567
453
1456
1460
762
458
459
1497
1583
464
1465
640
1607
466
468
659
469
649
488
1471
1638
472
735
1474
925
478
662
750
937
487
1487
520
1488
1659
1685
1490
1612
1491
490
539
616
559
578
497
805
1498
1499
1670
601
634
788
1572
505
796
614
521
548
514
1516
1773
1677
526
529
1596
532
605
537
1664
1562
1539
721
1602
557
1807
1688
1663
579
1569
590
1681
600
722
1598
620
632
1627
699
