1000
1147
1185
1350
1501
1548
1594
1693
1731
1930
1958
1001
1205
1241
1251
1452
1489
1505
1538
1623
1633
1708
1002
1051
1110
212
1711
1807
1826
1856
1889
1934
1952
0
79
131
471
472
581
582
622
720
1842
988
1003
1310
1335
1571
1588
1735
1743
1814
1821
1850
1968
1
165
1438
826
878
881
903
923
977
983
992
2
43
125
1154
530
533
718
726
800
811
922
1004
1338
1353
1418
575
1661
1754
1852
1914
1944
1953
1005
1255
387
1496
1540
1603
1637
1704
1724
1820
1838
1006
1321
1469
1502
1521
1783
1863
1923
1932
1943
1966
3
48
269
305
541
571
584
739
918
953
970
4
76
434
641
1878
891
898
939
979
1007
1228
1358
1389
1476
1586
1686
1699
1781
1909
1961
5
229
688
747
759
1793
805
827
905
962
1008
1246
1250
265
1344
1474
1632
1722
1770
1843
1928
1009
1012
1060
1106
1407
1559
1615
1701
1915
1942
1971
6
33
364
375
456
469
566
717
872
955
7
168
219
511
573
750
858
879
897
964
1010
1204
1473
1494
1526
1536
1630
1673
1714
1802
8
239
349
369
451
623
725
781
920
948
994
9
215
383
410
497
603
633
694
884
971
984
1011
1412
1439
1694
1747
1789
1894
1947
1095
1126
1364
1404
1750
1799
1844
1922
10
149
263
459
473
544
658
693
708
767
854
11
39
330
574
602
630
1680
868
902
960
12
166
1256
346
771
780
821
865
906
916
990
13
267
350
683
841
851
853
885
969
14
141
198
361
550
712
789
869
926
954
15
382
397
1508
724
757
834
911
929
991
1013
1194
1484
1655
1785
1834
1925
1980
1999
1014
1151
1160
1303
607
1742
1804
1847
1884
1910
1015
36
1419
1451
1488
1727
1736
1769
1867
1881
1016
1217
1411
1595
1634
1684
1861
1954
16
310
1405
477
480
596
610
957
17
291
554
616
624
687
782
1893
914
968
18
500
506
651
928
936
973
19
75
171
439
513
864
896
932
999
1017
1050
1085
620
1721
1832
1871
1873
1916
20
509
691
728
730
737
814
904
933
944
1018
1049
53
1288
1455
1478
1577
1730
1945
1997
1019
1582
1753
1895
1906
1020
1346
1604
735
1808
1853
1865
1892
1946
1972
1976
21
153
261
370
385
438
614
1639
899
908
22
123
196
213
588
804
837
870
934
956
23
379
467
595
601
761
947
997
24
28
243
528
1543
638
863
882
974
25
111
727
779
842
1913
925
941
950
965
26
47
245
401
475
679
810
1021
1036
1299
1466
1745
1854
1890
1986
27
74
122
518
591
772
794
817
946
1022
1039
1089
1257
1324
1481
1640
1817
839
1981
1023
1337
1431
613
1627
1869
1880
1964
159
334
502
711
723
770
809
852
912
1024
1058
1254
1822
1849
1903
1921
1927
1957
1025
1096
1317
1372
1525
1677
1756
1836
1969
29
103
240
322
388
676
963
978
1026
1225
1269
1363
1503
1702
1741
1837
1868
1938
1027
271
1512
1546
1782
1801
1960
1994
30
66
302
788
833
886
1949
31
210
437
461
562
668
843
1951
32
193
463
619
752
816
995
1028
1220
1284
1381
1553
1565
1874
1886
1029
1076
1238
1564
1653
1669
1734
1772
1840
1955
211
652
701
706
1775
982
1030
1222
1271
1323
337
1569
1691
1860
1031
1375
1395
1427
626
1650
1707
1987
1032
1121
1566
1648
1672
1678
1825
1033
1248
1534
1600
1751
766
1988
1995
1034
1053
1099
1297
1635
1729
1749
1829
1831
34
199
548
642
729
731
815
1035
1111
1277
1311
1901
1924
35
542
605
648
715
1108
1283
1554
1647
921
1959
481
787
942
949
37
181
743
758
887
38
394
415
698
1774
831
894
1037
1272
1450
1504
1967
1989
1041
77
586
631
721
763
987
40
226
1325
521
722
803
847
873
1038
1810
1965
1978
1996
1318
1352
1388
1535
1609
611
1827
1963
1040
1173
1282
1591
1611
1697
1091
1289
1365
1430
1533
1845
1042
1196
247
1485
1561
1732
1991
1043
1181
1195
1361
1551
1738
1962
1044
1295
1301
1401
1408
1570
1748
41
71
659
705
1728
793
951
1045
1112
1319
1339
1379
546
1990
42
235
258
1421
764
799
802
1046
1086
1152
1187
1193
1453
1628
1846
1905
1908
1047
1088
1316
1378
1670
1726
1855
1048
1188
1366
1765
835
1875
1166
1550
1823
866
1970
1982
162
376
646
785
875
924
1066
1114
1803
1811
1917
1920
1374
1459
1771
1778
1839
1052
1137
1612
1279
1348
360
1689
1773
44
222
260
430
769
798
1054
1174
1183
1290
1495
1652
1757
1864
45
69
400
662
1760
895
917
1055
1744
1792
1812
1885
1937
1056
1274
1304
1359
1841
1858
1998
1057
1084
1189
1385
1766
1790
1872
1177
1426
1723
1739
46
221
499
1555
791
910
945
112
358
408
156
795
829
845
867
877
900
998
1059
1211
1638
1806
1436
1482
1490
1712
1061
1184
1468
1608
1706
1725
1062
876
1984
49
114
135
525
606
617
669
808
959
1063
1230
1399
1636
1663
1688
1876
1064
1432
857
1877
1911
1977
50
56
331
806
830
836
985
1065
1077
1090
1116
1416
1472
1592
1891
51
297
308
413
445
849
52
72
458
504
576
966
117
431
435
786
801
967
1117
1259
1606
1685
1791
1918
54
120
324
496
1067
1129
1278
1919
1983
1068
1425
1556
1610
1613
1870
55
534
644
784
1069
1424
1460
1515
1676
1780
1070
1119
1148
1336
1397
1926
191
592
653
828
862
1899
1071
1415
57
273
1396
409
470
508
568
741
986
993
1072
1531
1549
1796
1805
1073
1170
1332
1398
1510
1619
1859
1902
1074
296
1433
1500
1514
1717
1075
1136
537
1576
1643
1800
1888
58
359
580
665
909
1156
1127
1231
1296
1305
1349
1705
1948
1078
1645
1737
1936
1985
1079
1240
1498
589
1879
1979
59
423
710
1767
846
1080
1479
1517
1696
1776
1882
1907
60
190
567
1081
1190
1700
1763
1883
1082
1100
1233
1373
372
1956
61
107
552
733
812
855
62
396
563
822
1851
63
447
555
773
840
940
1083
1247
1442
64
138
357
454
657
738
65
98
512
535
704
813
106
742
67
314
340
493
618
637
765
958
68
128
175
460
516
228
654
656
754
892
931
1929
1950
1973
70
130
476
645
756
1133
1797
1824
1101
1149
1809
187
306
503
365
501
600
888
915
73
407
491
639
660
777
740
1087
1578
1940
419
1493
1795
253
457
464
1835
996
1342
1607
1710
1815
280
564
1118
1458
1377
1477
1975
1092
1298
1369
1758
78
115
526
531
612
907
519
848
1093
100
1341
1520
1558
1762
80
192
224
255
270
326
556
636
1094
206
1664
1720
81
233
82
85
374
402
818
83
146
184
1933
84
304
327
344
824
850
1115
1239
1683
1713
938
1263
1300
1445
86
177
272
569
883
975
1097
1330
1912
1992
1098
1212
1563
1833
1862
87
99
110
462
483
930
1410
1580
1618
1470
1180
1266
1644
88
540
797
89
139
680
713
825
1102
1171
1235
1939
90
355
608
762
776
1103
1157
338
1420
1104
1165
1215
1573
1828
901
91
290
1105
1158
1818
1443
1674
1681
861
1107
1347
1390
1654
1668
1313
1583
1974
1109
1788
92
203
244
748
952
448
1574
1682
1719
93
478
615
94
342
468
523
95
292
685
96
300
313
859
1186
1229
1590
1642
1752
97
565
860
161
393
1519
515
702
890
424
549
551
1306
1308
218
1113
1666
1900
1340
1465
1584
101
443
453
598
102
118
276
440
699
1601
1641
1897
227
736
104
466
527
1715
1786
1887
105
225
345
961
207
325
455
1275
1423
1464
792
132
796
919
108
1144
353
395
514
1120
1276
1422
1656
1755
1794
109
169
194
238
279
450
287
597
856
913
1198
1904
1122
1467
1541
282
381
889
989
1123
1461
1585
1124
1457
142
145
147
347
1125
1153
1380
1444
1507
1331
1414
980
113
157
231
587
844
121
195
749
753
927
1128
1145
1162
1172
1428
1993
116
585
405
981
543
119
317
362
446
640
746
1605
1649
1679
1709
1130
1199
1447
488
768
268
1131
1224
1384
484
1651
134
485
707
1132
1357
1621
871
943
1270
1286
1134
1667
124
201
392
560
590
634
692
1234
664
1135
1935
1941
1522
1163
1446
126
127
183
661
547
655
819
1138
1483
1492
1544
1687
1695
129
315
649
432
751
202
303
700
426
632
133
697
178
1139
1532
1597
790
1140
1394
1437
561
1141
709
136
719
972
137
266
1462
578
671
1142
1191
1322
1143
298
635
667
874
140
295
442
880
1402
783
197
404
1146
1237
1265
1527
1698
1454
143
312
1784
1617
755
1150
1528
1530
1367
1690
1761
144
449
937
248
604
703
1201
1312
1280
209
148
666
893
1560
1155
1370
150
1179
609
689
151
429
559
935
1448
1159
1334
1327
1557
1589
1161
1355
152
452
368
577
775
1568
154
536
627
155
164
384
489
529
1164
1292
377
1779
1167
1391
1168
1236
1169
1622
1658
1898
1245
1368
1429
1208
179
256
1848
158
328
1703
352
433
1665
1175
1480
1524
1813
160
205
524
336
163
356
417
593
495
319
333
583
1176
167
510
1798
1392
621
170
172
378
1393
1819
259
371
479
690
838
1178
1214
1264
1362
1403
173
214
539
628
1182
1518
1529
1333
174
339
599
1523
176
236
281
647
1718
1232
1746
286
1764
1463
774
1931
1660
684
1192
1328
807
1816
1567
1587
1499
1537
289
1197
1787
1487
1646
1624
1733
1200
1692
180
1202
1249
1203
1581
1740
1759
686
1206
1244
182
204
223
625
716
1662
976
1207
1593
1657
1675
220
351
745
1209
1210
1539
185
288
494
1497
186
1226
1417
1471
1213
1329
1716
1777
335
1371
1281
188
1216
1242
189
294
663
1218
1376
1219
1314
677
232
545
629
678
1221
1768
1223
1382
734
208
329
1315
1456
490
1227
1386
1475
200
274
373
498
507
1258
1449
778
1491
1516
283
321
418
1509
262
823
416
532
1659
320
436
520
714
343
422
820
411
487
341
474
1602
216
299
1356
217
278
650
832
1345
1625
284
1626
681
1243
399
1896
366
505
579
277
421
1260
1614
1830
230
1542
1552
1252
1598
420
1253
1307
557
558
234
1434
732
237
672
1294
1572
1511
246
428
522
1857
241
242
1268
1261
1562
1262
389
1629
1575
1267
391
425
249
307
744
250
332
251
1273
1513
252
696
1620
254
301
412
572
673
257
390
1285
1287
1441
311
682
760
318
444
264
398
1291
1506
1293
1440
1545
1547
482
275
348
367
594
670
675
1302
1309
1351
285
1631
674
1387
1413
293
354
1320
1326
1354
309
316
1406
1486
1343
1579
1866
323
386
570
695
1360
1671
538
465
363
553
1383
380
441
643
1400
1409
427
406
492
403
517
414
1599
1435
1616
486
1596
