0
28
49
472
518
529
1688
869
901
910
918
1000
1328
1508
1529
1664
1694
1715
1817
1836
1856
931
1
29
292
336
384
669
830
1859
876
895
941
1001
1439
1467
1515
1677
1846
1855
1926
1938
1942
1988
1002
1019
1161
1208
1559
1572
1625
1729
1763
1853
1906
1003
1134
1171
1288
1594
1752
1770
879
1917
1946
1995
1004
1022
1112
1587
1623
1716
726
1754
1841
1888
1985
1005
1079
1104
1159
1521
1539
1705
1726
1767
1981
1989
1006
1128
1488
1522
1732
1756
1804
1840
1880
1999
2
188
243
568
668
1686
812
822
853
899
947
3
10
1448
519
690
701
714
884
979
980
996
1007
1091
1202
1218
1509
1592
1826
1834
1851
1854
1914
4
245
360
390
562
591
643
799
871
968
5
156
566
596
685
815
857
896
942
981
1008
34
1072
1082
1088
1266
1459
1644
1679
1740
1865
6
315
1449
627
721
755
888
900
971
1009
179
1176
1380
1446
1585
1749
1874
1951
1010
1025
1406
1492
1605
1620
1701
1798
1011
1431
1483
1668
1733
766
1773
1858
1935
1961
7
104
176
236
1417
689
729
760
913
989
8
40
157
350
399
430
523
778
841
904
952
1012
1466
1610
1651
1687
1730
914
1940
1960
9
400
409
492
571
574
746
756
934
1013
1331
1579
1670
1704
1768
1943
1953
1964
1980
1983
1014
1109
1126
1130
1348
1427
1719
1761
1842
1955
1015
1299
1370
1402
452
1549
1673
1901
1968
1994
1016
1051
1265
1408
1717
1731
1870
1884
1949
1969
1991
1017
1710
1848
1904
1948
1952
1974
342
391
501
748
814
831
917
936
994
11
56
172
275
329
770
839
852
972
991
12
36
70
102
207
239
370
383
626
722
1724
13
96
259
262
341
604
658
863
960
983
14
33
442
625
649
732
835
867
926
949
15
164
331
490
553
745
759
819
957
999
1018
1461
1737
741
1774
1783
1813
1875
1972
1982
1479
1697
1784
1788
1818
1862
16
23
97
167
217
361
364
401
429
1801
845
17
134
219
1235
527
613
615
837
995
1020
1137
1520
1672
1734
1796
1845
1915
18
118
464
508
514
742
782
783
19
321
560
881
903
928
978
992
20
289
488
665
794
795
868
1021
1315
305
1396
1512
1787
1815
1823
1937
1966
1239
1418
1468
1516
1892
1979
1996
21
72
287
477
550
807
824
836
847
860
894
1023
1317
1352
500
1528
1540
1649
1987
1990
22
48
91
616
623
802
946
961
963
267
410
1547
777
798
908
962
976
1024
1094
1116
1292
522
1847
1881
1910
1954
24
133
389
507
651
718
897
998
25
396
773
803
1809
927
993
997
26
67
204
223
301
355
1494
872
932
55
1282
1392
1403
1416
1618
1894
1977
1026
1034
1071
1428
1526
1633
1785
1810
892
1984
27
138
205
241
540
551
605
635
796
948
951
1027
1077
107
1113
1131
1204
1270
1764
1897
1934
1028
1231
1354
1422
1692
1866
1871
1916
1029
1287
1338
1371
1444
1561
1564
1030
77
1166
1233
1349
1556
1666
214
277
327
381
767
937
371
375
703
965
30
165
174
474
582
662
1031
1608
1612
1720
1891
1930
1032
1437
462
1563
1638
1843
1986
31
80
82
95
272
296
593
600
829
866
1033
1089
1106
1237
1665
1735
1825
1911
32
249
475
609
709
849
898
958
1068
1145
1156
1365
1657
1786
1821
1957
293
620
793
842
865
1867
950
352
368
449
923
959
977
1035
1269
1619
1695
1707
1765
35
280
333
358
576
654
762
846
858
864
1036
1497
1758
1890
1945
460
744
1744
843
902
37
258
564
686
921
975
38
222
512
761
775
784
985
39
227
428
461
570
792
1037
1188
1272
1454
1537
727
1745
1905
1931
94
356
444
547
637
848
883
919
1038
1115
1226
1358
534
1557
1721
1829
1833
1912
1039
1346
1393
1542
1628
1844
1877
41
1195
467
691
816
854
905
1040
1070
1083
1318
1410
1663
1681
1779
1882
1908
42
74
473
1532
592
769
850
880
43
345
578
700
811
1041
432
1499
1800
1900
1924
1965
1042
1064
1271
1414
1469
1500
1750
1780
1794
1852
1997
1043
1683
1811
1837
1883
44
69
159
661
758
889
45
268
269
555
650
851
893
954
46
190
377
483
573
607
670
763
771
1044
1103
1386
1432
1541
1568
1611
1766
1923
47
417
418
439
479
922
966
1045
1142
1351
1551
1652
1046
1462
1481
1613
1647
1850
1896
1932
1975
142
162
303
359
367
916
1185
415
612
679
735
797
1047
1330
1355
1385
1394
1635
1976
1048
1835
1921
1936
50
52
313
372
611
696
723
754
51
1375
552
648
780
791
944
973
171
363
779
912
1049
1200
1307
1377
1808
53
149
273
366
520
953
1050
1219
1309
1316
1573
1596
1947
1959
1198
1350
1395
1425
1863
1963
54
181
388
392
890
986
376
380
447
532
629
734
878
1052
1101
1554
1583
1607
1711
1789
297
646
787
834
57
196
263
486
525
809
58
565
692
750
59
73
117
395
426
738
828
969
60
1626
786
877
955
982
61
445
466
630
716
737
790
933
62
113
597
63
220
482
513
624
676
840
924
984
64
1281
437
457
698
818
65
175
285
480
713
906
66
75
1129
195
505
516
675
768
680
788
974
1053
1247
1279
1379
1822
1054
1087
1157
1525
1533
1580
1640
1667
1699
1055
1246
1303
1433
1617
1739
1762
68
478
559
594
874
891
747
326
682
1056
1241
1421
1463
1600
821
1828
1944
71
186
271
386
1671
684
1057
1477
1604
1746
1792
1058
1630
1738
1832
1059
1372
1400
1507
1642
1685
1743
1876
1060
1513
1570
1806
1898
1927
1978
1061
1718
1919
1062
1108
1336
1419
1063
1312
1470
1609
1690
710
1747
1879
335
416
494
606
885
135
647
970
1154
1407
379
1658
1992
247
870
1065
1324
1440
1645
1857
1967
1066
618
1700
1067
1211
1487
1793
1118
1178
1339
1457
1534
1728
1069
1149
1322
1381
1382
1925
930
408
704
920
929
1170
1326
1597
695
76
304
344
425
155
235
270
78
340
664
940
79
1302
406
542
640
943
414
538
886
81
291
332
343
385
496
90
405
493
502
588
589
83
154
506
632
1253
1362
1712
84
103
116
282
397
598
85
311
535
678
86
254
290
324
1606
990
87
328
441
642
820
945
88
757
956
89
463
584
660
909
281
314
631
283
316
1098
1140
1397
1413
1939
92
177
210
743
833
1073
1510
1824
93
1641
1074
1122
1148
1814
393
694
739
141
211
423
440
907
98
128
253
319
887
1971
1075
1311
1343
1398
1486
1708
99
404
448
702
100
1544
608
719
1076
1117
1248
1374
1548
1643
1366
1589
1742
1795
826
1078
1308
1868
101
309
652
427
774
808
1240
1390
548
1941
1080
152
1627
1820
590
659
731
967
677
765
1899
105
194
202
1273
106
203
349
257
362
484
1081
1347
1453
1535
1581
1709
108
351
681
813
1210
1364
1614
1873
1163
1484
1546
1624
1084
1445
1465
1514
1727
1085
1107
1373
1676
1769
1086
1102
1409
1691
1878
109
485
583
1147
1872
110
198
354
517
1110
1411
1714
1252
1653
1090
1304
1455
1498
1405
1790
1838
1092
1201
1274
1524
1093
1264
1404
1629
111
127
487
939
112
182
469
697
1757
1839
1864
873
1095
1736
1096
1260
411
1772
1097
1162
1310
1755
114
144
628
115
1099
1177
1803
213
237
1388
421
724
733
1100
1220
1289
1849
764
856
1531
1759
337
491
510
580
599
825
119
120
374
988
121
251
422
531
639
122
260
261
298
123
699
800
124
238
279
424
1505
1885
1970
125
173
572
672
861
126
438
455
1660
740
749
801
1151
1314
1659
1797
1929
1105
1475
1741
226
1472
711
859
1441
1530
687
1192
1391
1567
1805
634
129
1902
1831
1574
1913
130
382
666
131
459
132
299
577
987
1111
1190
1423
1632
1698
1451
673
805
209
1114
1357
1387
1799
1165
1332
1602
1748
136
201
1399
1662
1306
1361
1903
137
451
1598
184
838
1230
1569
1893
1119
1132
1760
1775
1869
1922
139
325
524
638
1120
1478
1601
1819
1918
140
158
1436
655
1121
1476
1576
1268
1723
1802
1933
151
323
708
1123
1139
1511
1124
1125
1753
1228
1482
1127
1284
1501
1860
1415
1631
143
827
170
603
688
781
145
153
614
667
1267
1342
1562
1603
1169
1257
1703
1920
1962
1221
1285
1329
1669
1675
1928
1133
1577
674
146
456
964
147
230
300
546
938
148
465
189
1135
1438
1771
1909
1136
1435
1518
1283
1334
1778
150
715
855
925
1138
1319
1553
1950
1998
515
1175
1276
1447
1491
1827
575
882
915
402
369
539
1141
1496
1639
499
1143
1179
1807
1144
1450
1536
1236
1298
1552
1146
246
1367
1830
412
436
644
656
161
322
720
705
191
1582
1150
1956
160
543
810
1648
1152
497
1153
266
1490
544
587
832
1678
1155
1160
1217
1621
1158
1193
1229
1196
1575
1725
1684
1722
1751
1887
1958
1164
1661
1776
1254
1550
163
621
785
586
717
1907
1167
1412
1168
1215
419
458
736
166
233
168
1225
169
407
1584
1791
581
671
357
334
431
526
178
1172
1424
1560
1599
1173
1429
1443
1816
1973
1174
1503
875
1889
1895
636
248
728
180
1209
1344
1460
1781
183
228
530
567
1886
1180
394
185
1181
1301
1713
1182
1197
1452
1655
187
216
862
1183
1250
1184
1186
1189
1187
1259
511
585
683
1242
1517
1191
1263
1222
1474
1555
1194
1206
1993
192
641
657
193
712
789
387
1578
595
274
693
197
450
549
1291
1320
1244
1278
1199
1656
1442
1489
1593
1861
1203
1504
1566
199
200
468
1205
1369
536
1637
1207
1356
1368
1480
1245
1340
1616
1693
569
221
453
206
619
208
563
1212
1243
1249
1622
435
602
509
1213
1471
1674
1214
1216
1256
1325
1389
1255
1321
413
212
521
533
215
252
1223
318
1615
218
653
1224
1227
1275
707
1234
1376
330
454
1464
1523
1545
1588
1251
1696
365
224
320
225
806
911
1232
1305
1384
1702
308
1591
1565
346
1238
229
1646
338
398
231
232
753
1571
1296
1590
1262
1636
1277
256
310
234
312
935
556
1558
433
244
339
240
725
804
242
561
823
1345
1430
495
617
1434
1782
307
557
752
1258
1293
1383
1493
1261
250
537
255
601
776
1327
1519
1363
1812
446
1333
1335
317
1689
264
348
265
378
610
633
1280
817
443
1359
1485
1286
481
1502
276
1337
663
278
545
489
1290
470
1680
284
622
1294
286
353
1295
1378
1473
1297
541
558
1300
1654
1543
1706
288
420
1595
498
294
403
295
1313
306
1634
1401
1426
1456
645
1323
302
1458
730
554
1538
1527
706
772
1341
751
1506
1353
528
1360
1650
844
503
347
1586
373
579
471
504
1682
1420
1777
476
434
1495
