2000	0
0	9
0	27
0	58
0	133
0	144
0	202
0	293
0	323
0	340
0	374
0	425
0	712
0	736
0	926
0	965
0	987
1	5
1	119
1	133
1	203
1	209
1	270
1	717
1	763
1	916
2	26
2	414
2	513
2	858
2	864
2	1517
3	67
3	206
3	270
3	408
3	435
3	692
3	782
3	808
3	925
4	129
4	260
4	266
4	319
4	474
4	478
4	504
4	509
4	690
4	716
4	729
4	793
4	817
4	965
5	85
5	114
5	139
5	335
5	471
5	713
5	782
5	891
6	108
6	125
6	150
6	296
6	470
6	576
6	726
6	903
6	911
6	950
7	18
7	104
7	105
7	127
7	204
7	494
7	508
7	511
7	526
7	624
7	912
7	934
8	121
8	123
8	587
8	848
8	915
9	107
9	145
9	367
9	439
9	444
9	524
9	739
9	803
9	829
9	868
10	174
10	740
10	974
11	165
11	201
11	280
11	415
11	608
11	614
11	641
11	729
11	770
11	959
11	981
12	182
12	534
12	609
12	655
12	687
12	729
12	782
12	869
12	919
13	121
13	613
13	667
13	985
14	229
14	279
14	573
14	693
15	28
15	45
15	74
15	90
15	95
15	122
15	211
15	323
15	387
15	394
15	454
15	661
15	699
15	745
16	40
16	66
16	346
16	362
16	467
16	507
16	560
17	34
17	49
17	113
17	225
17	249
17	319
17	429
17	458
17	598
17	852
17	878
17	932
18	64
18	65
18	131
18	165
18	182
18	227
18	246
18	310
18	377
18	436
18	547
18	601
18	618
18	634
18	742
18	796
18	836
18	838
18	998
19	237
19	278
19	464
19	465
19	486
19	548
19	574
19	927
19	947
20	24
20	40
20	121
20	630
20	746
20	778
20	972
21	66
21	71
21	374
21	485
21	494
21	544
21	637
21	730
21	807
21	891
21	969
21	1003
22	29
22	147
22	364
22	495
22	526
22	608
22	610
22	679
22	685
22	961
23	53
23	156
23	177
23	504
23	560
24	131
24	218
24	260
24	287
24	397
24	596
24	641
24	788
24	853
24	890
25	48
25	76
25	277
25	405
25	713
25	805
25	911
25	971
26	36
26	105
26	184
26	371
26	526
26	591
26	644
26	767
26	794
26	810
26	883
27	122
27	162
27	255
27	273
27	313
27	367
27	480
27	770
27	794
27	943
27	974
28	38
28	53
28	391
28	441
28	457
28	584
28	746
28	759
28	773
28	842
29	143
29	284
29	431
29	433
29	482
29	769
29	819
29	878
30	170
30	278
30	591
30	607
30	635
30	743
30	749
30	785
31	87
31	110
31	228
31	496
31	765
31	875
32	255
32	374
32	532
32	534
32	548
32	715
32	818
32	955
33	192
33	244
33	435
33	494
33	759
33	766
33	839
33	869
33	932
33	998
34	46
34	256
34	552
34	624
34	760
34	811
34	909
34	984
35	69
35	88
35	465
35	517
35	534
35	575
35	709
36	95
36	102
36	197
36	306
36	394
36	461
36	683
36	796
36	808
36	941
37	47
37	71
37	322
37	358
37	447
37	536
37	579
37	612
37	623
37	641
37	742
38	60
38	65
38	108
38	301
38	611
38	616
39	59
39	78
39	134
39	233
39	385
39	421
39	570
39	647
39	691
39	757
39	904
39	965
40	103
40	123
40	140
40	188
40	352
40	532
40	659
40	697
40	993
41	78
41	112
41	151
41	206
41	280
41	313
41	351
41	426
41	460
41	486
41	596
41	893
41	959
42	175
42	186
42	197
42	308
42	312
42	418
42	449
42	536
42	789
42	1884
43	80
43	82
43	114
43	237
43	315
43	485
43	504
43	540
43	547
43	595
43	701
43	782
43	871
43	874
44	139
44	337
44	456
44	523
44	550
44	580
44	709
44	785
44	819
44	835
44	886
45	278
45	430
45	719
45	813
45	846
45	892
46	107
46	108
46	249
46	314
46	363
46	510
46	544
46	547
46	552
46	676
46	779
46	892
46	896
47	98
47	194
47	369
47	435
47	461
47	599
47	629
47	935
48	142
48	413
48	619
48	764
48	905
48	907
48	978
49	65
49	91
49	556
49	701
49	792
49	848
50	57
50	313
50	319
50	366
50	436
50	523
50	720
50	827
50	942
50	972
51	102
51	125
51	219
51	597
51	604
51	642
51	797
52	92
52	104
52	173
52	177
52	245
52	254
52	358
52	411
52	427
52	483
52	510
52	583
52	677
52	757
52	861
52	913
52	928
52	977
53	223
53	243
53	311
53	332
53	490
53	510
53	579
53	639
53	686
53	785
53	866
54	104
54	179
54	566
54	585
54	653
54	813
54	877
54	888
54	955
55	252
55	331
55	365
55	366
55	410
55	446
55	447
55	532
55	632
55	833
55	879
56	173
56	547
56	631
56	697
56	815
56	980
57	205
57	207
57	236
57	328
57	369
57	544
57	553
57	582
57	948
58	74
58	127
58	345
58	357
58	474
58	528
58	722
58	818
58	878
58	921
58	978
58	985
58	998
59	73
59	185
59	291
59	449
59	501
59	589
59	868
59	998
59	1310
60	215
60	395
60	420
60	468
60	475
60	503
60	538
60	699
60	712
60	803
60	859
60	889
61	127
61	154
61	159
61	186
61	231
61	239
61	271
61	387
61	483
61	512
61	559
61	774
61	917
61	969
62	131
62	257
62	287
62	378
62	407
62	434
62	489
62	510
62	520
62	621
62	903
63	169
63	204
63	286
63	309
63	848
63	924
63	963
64	87
64	132
64	177
64	261
64	327
64	411
64	502
64	587
64	692
64	721
64	767
64	916
64	950
64	1781
65	250
65	305
65	529
65	647
65	658
65	729
65	789
66	71
66	147
66	179
66	194
66	202
66	219
66	319
66	330
66	494
66	530
66	588
66	631
66	667
66	670
66	716
66	750
66	817
67	81
67	166
67	330
67	466
67	502
67	577
67	586
67	640
67	641
67	688
67	853
67	941
67	1229
68	124
68	132
68	369
68	632
68	669
68	693
68	825
68	844
68	884
68	1819
69	108
69	464
69	556
69	668
69	696
69	723
69	814
70	93
70	126
70	156
70	162
70	218
70	221
70	254
70	382
70	485
70	544
70	596
70	622
70	936
71	155
71	171
71	175
71	288
71	297
71	529
71	546
71	596
71	637
71	762
71	769
71	770
71	841
71	857
71	932
72	185
72	202
72	318
72	514
72	537
72	858
73	118
73	153
73	157
73	161
73	293
73	480
73	582
73	683
73	887
73	994
73	1372
74	107
74	162
74	226
74	344
74	785
74	855
74	867
74	950
74	953
74	956
74	961
74	971
74	986
75	96
75	122
75	145
75	260
75	388
75	536
75	801
75	815
75	863
75	888
75	920
75	966
76	104
76	114
76	160
76	300
76	804
76	928
76	972
77	157
77	176
77	235
77	302
77	351
77	369
77	598
78	216
78	279
78	451
78	513
78	809
78	825
78	836
78	862
78	863
79	256
79	908
79	963
79	991
80	212
80	245
80	478
80	914
80	946
80	999
81	193
81	332
81	472
81	505
81	563
81	578
81	620
81	689
81	727
81	758
81	823
81	931
81	942
81	945
82	116
82	134
82	138
82	311
82	360
82	419
82	487
82	490
82	492
82	610
82	719
82	983
83	93
83	284
83	310
83	422
83	494
83	531
83	637
83	737
83	756
84	87
84	459
84	597
85	167
85	378
85	446
85	582
85	656
85	666
85	783
85	872
85	944
85	963
85	966
86	93
86	149
86	152
86	230
86	427
86	457
86	482
86	484
86	501
86	550
86	840
87	97
87	185
87	307
87	362
87	400
87	562
87	978
88	122
88	566
88	610
88	715
88	960
89	116
89	204
89	317
89	378
89	436
89	716
89	777
90	104
90	198
90	409
90	423
90	653
90	849
90	855
91	190
91	193
91	199
91	214
91	352
91	694
91	736
92	106
92	158
92	191
92	206
92	224
92	395
92	399
92	426
92	464
92	570
92	626
92	651
92	719
92	771
92	913
93	192
93	296
93	361
93	364
93	443
93	667
93	851
93	965
93	968
94	388
94	397
94	499
94	587
94	606
94	629
94	650
94	785
94	839
95	209
95	341
95	481
95	553
95	591
95	627
95	791
95	881
96	188
96	395
96	576
96	871
96	929
96	1427
97	210
97	302
97	388
97	484
97	555
97	560
97	645
97	834
97	852
97	914
97	994
98	148
98	164
98	172
98	199
98	222
98	235
98	269
98	345
98	434
98	448
98	564
98	575
98	594
98	770
98	865
98	941
99	132
99	158
99	192
99	570
99	918
100	107
100	131
100	194
100	355
100	367
100	501
100	519
100	629
100	692
100	699
100	773
100	782
100	832
100	879
101	249
101	255
101	293
101	427
101	448
101	572
101	579
101	647
101	701
101	706
101	862
101	869
101	900
101	1097
101	1944
102	273
102	373
102	391
102	419
102	440
102	551
102	565
102	716
102	764
102	833
102	847
102	919
102	955
103	273
103	321
103	396
103	565
103	651
103	794
103	808
103	895
103	916
103	964
103	974
104	236
104	341
104	499
104	526
104	541
104	664
104	701
104	822
104	854
105	128
105	323
105	654
105	658
105	730
105	792
106	495
106	510
106	621
106	693
106	696
106	817
106	958
107	248
107	292
107	351
107	355
107	401
107	468
107	477
107	621
107	635
107	722
108	112
108	171
108	183
108	205
108	319
108	542
108	793
108	801
108	914
108	926
109	186
109	197
109	214
109	509
109	550
109	697
109	847
109	988
110	142
110	352
110	394
110	446
110	606
110	637
111	192
111	300
111	309
111	313
111	367
111	391
111	515
111	539
111	550
111	701
111	719
111	785
112	133
112	174
112	274
112	357
112	426
112	447
112	552
112	595
112	638
112	708
112	888
112	989
113	148
113	409
113	466
113	557
113	798
113	841
113	920
113	974
114	190
114	214
114	268
114	304
114	338
114	391
114	566
114	764
114	897
114	973
115	287
115	482
115	541
116	237
116	338
116	339
116	376
116	387
116	426
116	516
116	531
116	580
116	602
116	683
116	835
116	971
117	202
117	210
117	235
117	371
117	387
117	430
117	683
117	794
117	870
117	990
118	136
118	146
118	211
118	282
118	344
118	501
118	514
118	523
118	544
118	633
118	665
118	724
118	889
118	994
119	145
119	246
119	470
119	525
119	574
119	662
119	809
119	828
119	859
119	870
119	905
119	965
119	1309
120	126
120	227
120	277
120	305
120	437
120	549
120	592
120	726
120	805
120	809
120	861
120	896
121	147
121	247
121	262
121	263
121	419
121	616
121	719
121	793
121	795
121	837
121	917
121	1699
122	234
122	285
122	449
122	566
122	618
122	674
122	705
122	787
122	874
122	998
123	225
123	236
123	304
123	452
123	507
123	591
123	602
123	641
123	703
123	810
123	838
124	363
124	372
124	493
124	618
124	691
124	750
124	814
124	900
125	294
125	495
125	652
125	699
125	726
125	752
125	825
126	129
126	668
126	673
126	716
126	769
127	197
127	317
127	601
127	634
127	712
127	765
127	796
127	953
127	964
128	136
128	603
128	622
128	666
128	744
128	786
128	827
128	848
128	953
128	981
128	1018
129	149
129	478
129	950
130	233
130	262
130	367
130	665
130	745
130	787
130	808
130	871
130	933
130	944
130	948
130	1803
131	146
131	165
131	195
131	222
131	444
131	557
131	622
131	788
131	812
132	144
132	220
132	247
132	385
132	457
132	499
132	601
132	602
132	614
132	676
132	758
132	763
132	795
132	805
132	931
132	936
133	136
133	355
133	411
133	494
133	642
133	752
133	804
133	833
133	870
133	889
133	907
133	967
134	297
134	387
134	438
134	596
134	600
134	663
134	678
134	696
134	868
135	303
135	480
135	505
135	561
135	688
135	819
135	855
135	934
135	956
136	257
136	309
136	474
136	673
136	682
136	683
136	720
136	728
136	936
136	958
136	970
137	140
137	210
137	299
137	303
137	451
137	575
137	741
137	747
137	869
137	911
138	146
138	443
138	674
138	768
138	852
138	877
138	968
139	296
139	321
139	371
139	506
139	698
139	726
139	806
139	885
140	149
140	261
140	307
140	332
140	389
140	557
140	613
140	639
140	721
141	162
141	233
141	284
141	300
141	462
141	513
141	539
141	576
141	609
141	629
141	727
141	813
141	955
141	968
142	393
142	645
142	925
142	941
143	315
143	327
143	399
143	405
143	418
143	467
143	606
143	640
143	676
143	805
143	848
143	987
144	358
144	414
144	485
144	653
144	708
144	819
144	874
144	925
145	248
145	682
146	314
146	465
146	602
146	609
146	663
146	879
146	939
146	942
146	956
147	268
147	309
147	328
147	430
147	451
147	479
147	599
147	612
147	886
147	915
147	940
147	988
148	156
148	384
148	389
148	579
148	718
148	842
148	902
148	905
149	189
149	533
149	578
149	612
149	679
149	706
149	715
149	752
149	808
149	878
149	901
149	907
150	313
150	336
150	432
150	513
150	627
150	760
150	883
150	1356
151	322
151	378
151	492
151	854
151	865
152	171
152	298
152	390
152	418
152	524
152	801
152	832
152	896
153	211
153	263
153	309
153	312
153	336
153	448
153	459
153	807
154	187
154	279
154	392
154	452
154	457
154	552
154	581
154	597
154	768
154	785
154	952
154	1203
155	416
155	520
155	570
155	710
155	755
155	914
156	279
156	427
156	466
156	650
156	728
157	195
157	239
157	253
157	531
157	610
157	772
157	811
157	955
158	325
158	443
158	528
158	539
158	645
158	1641
159	183
159	287
159	309
159	367
159	412
159	606
159	688
159	731
159	914
160	425
160	537
160	566
160	571
160	914
161	207
161	275
161	316
161	432
161	481
161	495
161	496
161	555
161	784
161	913
161	914
162	181
162	230
162	354
162	416
162	445
162	639
162	755
162	936
163	254
163	272
163	293
163	339
163	346
163	352
163	561
163	818
163	949
163	1496
164	231
164	246
164	399
164	433
164	449
164	499
164	674
164	746
164	795
164	832
164	858
164	896
164	902
164	904
164	930
165	264
165	500
165	547
165	602
165	622
165	677
165	720
165	814
165	886
165	957
165	973
165	974
166	229
166	254
166	336
166	383
166	469
166	473
166	483
166	490
166	670
166	795
166	847
166	937
167	223
167	448
167	539
167	578
167	593
167	766
167	984
168	184
168	356
168	529
168	602
168	670
168	715
168	716
168	720
168	807
168	816
168	819
168	878
168	960
169	172
169	409
169	530
169	637
169	739
169	813
169	861
169	978
169	1309
170	211
170	278
170	349
170	385
170	440
170	469
170	560
170	785
170	982
170	984
170	994
171	228
171	246
171	568
171	632
171	684
171	744
171	949
171	961
172	261
172	315
172	324
172	332
172	416
172	718
172	931
173	214
173	269
173	271
173	471
173	596
173	605
173	787
173	875
173	911
174	499
174	638
174	762
174	978
175	407
175	484
175	502
175	585
175	623
175	810
175	895
175	896
175	940
176	184
176	324
176	359
176	536
176	610
176	732
176	733
177	183
177	185
177	246
177	267
177	324
177	384
177	476
177	514
177	543
177	634
177	969
178	248
178	384
178	631
178	700
178	723
178	754
178	1078
179	297
179	362
179	412
179	500
179	619
179	631
179	704
179	781
179	913
180	269
180	305
180	543
180	671
180	676
180	734
180	774
180	797
180	822
181	264
181	290
181	310
181	427
181	573
181	884
181	946
182	250
182	471
182	540
182	641
182	675
182	801
183	189
183	750
183	807
183	865
183	974
184	206
184	278
184	563
184	612
184	628
184	647
184	680
185	188
185	422
185	476
185	688
185	782
185	937
185	991
186	238
186	372
186	474
186	580
186	619
186	707
186	799
187	198
187	302
187	346
187	363
187	401
187	441
187	445
187	494
187	704
187	726
187	762
188	213
188	250
188	258
188	275
188	279
188	354
188	473
188	476
188	686
188	696
188	723
188	731
188	866
188	902
188	984
189	192
189	382
189	487
189	535
189	668
189	760
189	995
190	202
190	211
190	349
190	465
190	627
190	687
190	880
190	897
190	926
190	1713
191	206
191	410
191	417
191	439
191	716
191	756
191	761
192	315
192	392
192	413
192	449
192	496
192	530
192	531
192	538
192	676
192	787
193	845
193	989
193	1121
194	331
194	397
194	402
194	427
194	615
194	767
195	281
195	344
195	359
195	382
195	504
195	567
195	602
195	860
196	286
196	479
196	507
196	662
196	703
196	767
196	930
197	277
197	358
197	367
197	513
198	334
198	529
198	566
198	611
198	724
199	265
199	321
199	466
199	806
199	952
199	969
200	330
200	455
200	610
200	629
200	680
200	784
200	905
200	918
200	940
201	209
201	229
201	759
201	790
201	857
201	900
202	315
202	320
202	487
202	504
202	629
202	792
202	899
202	901
203	224
203	599
203	687
203	743
203	761
203	778
203	796
204	214
204	221
204	366
204	479
204	563
204	586
204	738
204	1212
205	294
205	375
205	412
205	477
205	490
205	679
206	216
206	317
206	395
206	455
206	456
206	513
206	515
206	708
206	782
206	812
206	911
206	934
207	262
207	820
207	953
208	446
208	454
208	492
208	586
208	620
208	626
208	924
208	937
208	1695
209	253
209	371
209	475
209	609
209	682
209	835
209	870
209	890
209	903
209	911
210	564
210	609
210	679
210	859
210	861
210	948
210	950
211	306
211	326
211	423
211	922
211	931
212	326
212	626
212	655
212	682
212	778
212	797
212	1529
213	398
213	464
213	484
213	537
213	580
213	819
213	904
214	289
214	509
214	531
214	608
214	612
214	659
214	697
214	864
214	892
215	355
215	363
215	417
215	507
215	650
215	680
215	682
215	782
215	794
215	887
216	261
216	321
216	322
216	392
216	404
216	496
216	605
216	692
216	848
217	234
217	263
217	497
217	820
218	317
218	403
218	466
218	476
218	538
218	552
218	718
218	804
218	893
218	990
219	278
219	318
219	678
219	724
219	755
219	790
220	252
220	306
220	631
220	938
221	296
221	330
221	531
221	534
221	559
221	593
221	644
221	793
222	412
222	570
222	571
222	658
222	792
222	799
222	801
222	836
223	395
223	430
224	401
224	411
224	438
224	704
224	734
224	925
225	501
225	519
225	631
225	713
225	815
225	862
225	899
226	337
226	386
226	423
226	523
226	584
226	625
226	677
226	915
227	523
227	559
227	663
227	798
227	845
227	848
227	916
228	277
228	361
228	390
228	395
228	518
228	622
228	824
228	900
228	961
229	230
229	253
229	570
229	664
229	665
229	808
229	817
229	989
230	331
230	403
230	410
230	566
230	654
230	795
231	320
231	378
231	484
231	566
231	640
231	651
231	679
231	737
232	335
232	341
232	376
232	418
232	454
232	575
232	631
232	766
232	834
232	838
232	900
233	273
233	292
233	507
233	698
233	726
233	806
233	807
233	824
233	880
233	1869
234	241
234	351
234	391
234	564
234	706
234	761
234	776
234	902
234	921
235	291
235	360
235	407
235	637
236	452
236	488
236	571
236	701
236	730
236	767
236	835
237	315
237	321
237	326
237	500
237	659
237	919
237	939
238	331
238	629
238	638
238	664
238	979
238	1863
239	336
239	386
239	499
239	732
239	792
239	823
239	876
239	988
239	991
240	338
240	487
240	537
240	672
240	699
241	263
241	430
241	448
241	518
241	720
241	810
241	882
241	934
241	946
241	972
242	405
242	454
242	462
242	737
242	793
242	827
242	864
242	969
243	470
243	621
243	728
244	509
244	903
244	906
244	951
244	974
245	277
245	321
245	506
245	531
245	722
245	781
245	842
246	392
246	733
246	828
246	877
246	941
246	946
247	324
247	431
247	454
247	565
247	921
248	298
248	550
248	585
248	693
248	718
248	908
248	989
248	991
249	303
249	349
249	401
249	506
249	809
249	864
250	281
250	315
250	565
250	601
250	889
250	922
251	551
251	569
251	678
251	716
251	806
251	952
252	660
252	679
252	848
252	899
252	903
252	1616
253	479
253	498
253	597
253	882
253	957
253	969
253	984
254	275
254	462
254	501
254	636
254	706
254	839
254	945
254	958
254	1211
255	269
255	336
255	452
255	476
255	663
255	802
255	900
255	941
256	302
256	717
256	793
256	797
256	910
256	921
256	993
257	433
257	455
257	457
257	565
257	815
257	830
257	851
257	924
257	990
258	373
258	518
258	576
258	598
258	708
258	765
258	781
258	890
258	916
258	980
259	261
259	314
259	497
259	715
259	872
259	892
260	379
260	439
260	529
260	597
260	600
260	683
260	705
260	815
260	862
261	388
261	422
261	690
261	716
261	766
261	839
262	416
262	778
262	812
262	820
262	860
262	937
262	980
263	326
263	473
263	513
263	555
263	588
263	596
263	725
263	766
263	779
263	828
263	872
263	980
264	319
264	448
264	543
264	715
264	837
264	845
265	487
265	636
265	770
265	834
265	868
265	995
266	409
266	422
266	761
266	844
267	320
267	436
267	552
267	611
267	625
267	665
267	732
267	748
267	839
267	845
267	930
268	273
268	290
268	328
268	407
268	520
268	546
268	659
268	737
268	770
268	898
268	948
269	429
269	431
269	455
269	545
269	649
269	844
269	948
270	277
270	286
270	335
270	344
270	521
270	537
270	584
270	724
270	755
270	759
270	829
270	897
270	911
270	981
270	994
271	447
271	599
271	607
271	609
271	642
271	1112
272	302
272	386
272	508
272	547
272	719
272	792
272	807
272	869
272	876
272	885
273	286
273	575
273	642
273	644
273	699
273	768
273	892
273	920
273	929
274	459
274	496
274	731
274	990
275	334
275	447
275	630
275	682
275	724
275	825
275	828
275	955
276	387
276	501
276	784
276	913
277	312
277	387
277	475
277	758
277	857
277	948
278	340
278	346
278	541
278	593
278	680
278	766
278	798
278	818
278	993
279	341
279	550
279	568
279	600
279	699
279	758
279	880
279	891
279	909
280	381
280	419
280	486
280	505
280	546
280	561
280	705
280	710
280	903
280	942
281	782
281	806
281	818
281	839
281	952
282	339
282	410
282	484
282	767
282	947
282	955
283	390
283	486
283	494
283	538
283	570
283	626
283	651
283	842
283	879
284	317
284	363
284	404
284	437
284	477
284	493
284	534
284	697
284	699
284	868
284	989
285	451
285	571
285	577
285	722
285	756
285	807
285	813
285	942
285	997
286	388
286	490
286	639
286	693
286	790
287	294
287	367
287	587
287	637
287	727
287	735
287	747
287	897
287	962
288	303
288	339
288	349
288	395
288	538
288	551
288	699
288	739
288	940
288	975
289	291
289	292
289	463
289	469
289	589
289	599
289	647
289	687
289	695
289	966
289	1571
290	498
290	710
290	743
290	754
290	787
290	836
290	885
290	964
290	985
290	996
291	349
291	431
291	611
291	622
291	710
291	837
291	1437
292	317
292	415
292	416
292	547
292	549
292	665
292	744
292	750
292	942
292	984
293	297
293	863
293	966
293	978
294	512
294	775
294	782
294	819
295	505
295	533
295	708
295	717
295	736
295	782
295	944
296	533
296	589
296	630
296	696
296	904
296	918
296	960
296	968
297	335
297	345
297	525
297	691
298	353
298	357
298	402
298	426
298	750
298	838
298	870
298	875
299	354
299	405
299	432
299	503
299	514
299	520
299	751
299	763
299	874
299	879
299	956
300	745
300	941
300	983
301	314
301	532
301	558
301	563
301	587
301	711
301	965
302	505
302	513
302	575
302	595
302	651
302	660
302	690
302	708
302	730
302	864
303	325
303	326
303	403
303	506
303	540
303	593
303	628
303	632
303	643
303	718
303	780
303	1473
304	392
304	400
304	680
304	898
304	899
304	921
304	1877
305	453
305	475
305	522
305	712
305	783
305	785
305	901
305	981
305	986
306	421
306	486
306	646
306	798
306	820
306	989
307	575
307	648
307	921
307	981
308	360
308	492
308	653
308	925
308	980
309	338
309	353
309	458
309	551
309	622
309	627
309	686
309	687
309	739
310	316
310	407
310	418
310	446
310	510
310	577
310	589
310	680
310	750
310	850
310	988
310	993
311	495
311	715
311	771
311	803
311	817
312	408
312	635
312	778
312	895
312	937
312	990
313	365
313	579
313	708
313	764
314	591
314	610
314	708
315	676
315	692
315	790
315	800
315	802
316	381
316	425
316	654
316	851
316	874
317	410
317	463
317	513
317	688
317	856
317	886
317	896
318	461
318	473
318	487
318	524
318	651
318	715
318	718
318	911
319	466
319	680
319	734
319	858
319	951
320	481
320	526
320	586
320	657
320	663
320	679
320	784
320	852
320	910
320	929
320	939
320	953
321	559
321	574
321	600
321	669
321	826
321	895
322	334
322	609
322	659
322	704
322	875
322	910
322	953
322	973
323	350
323	710
323	795
323	836
323	852
323	868
323	936
324	382
324	525
324	601
324	735
324	771
324	852
324	863
325	330
325	468
325	504
325	835
325	866
325	985
326	437
326	439
326	509
326	520
326	537
326	583
326	734
326	753
326	789
326	806
326	976
327	594
327	848
327	916
328	354
328	364
328	450
328	483
328	558
328	669
328	801
329	414
329	438
329	825
329	839
329	862
330	344
330	444
330	499
330	556
330	590
330	630
330	753
330	916
331	341
331	404
331	416
331	608
331	714
332	333
332	357
332	412
332	534
332	799
332	942
332	959
333	523
333	601
333	699
333	739
333	869
333	871
333	929
334	371
334	418
334	497
334	571
334	585
334	738
334	890
334	906
335	409
335	436
335	459
335	485
335	645
335	664
335	923
336	369
336	463
336	468
336	475
336	502
336	606
336	710
336	729
336	751
336	794
336	847
336	908
336	943
336	976
337	446
337	538
337	594
337	779
337	909
337	991
338	431
338	532
338	584
338	656
338	761
338	765
338	777
338	879
339	482
339	503
339	697
339	758
340	399
340	431
340	570
340	628
340	991
340	996
341	383
341	531
341	680
342	803
342	805
342	831
342	887
343	364
343	436
343	505
343	552
343	575
343	603
343	636
343	746
343	918
343	998
344	416
344	476
344	538
344	578
344	608
344	638
344	668
344	804
344	969
345	351
345	444
345	573
345	653
345	679
345	774
345	947
346	506
346	699
346	797
346	801
346	865
346	886
346	918
347	518
347	528
347	709
347	972
348	402
348	405
348	438
348	529
348	694
348	814
348	825
348	923
349	428
349	445
349	663
349	766
349	795
349	989
350	391
350	695
350	706
350	977
351	504
351	710
351	715
351	1673
352	488
352	498
352	529
352	549
352	583
352	651
352	706
352	827
352	918
352	966
353	383
353	452
353	478
353	507
353	587
353	623
353	791
354	361
354	390
354	486
354	688
354	793
354	942
354	965
354	973
354	994
355	489
355	531
355	589
355	698
355	761
355	843
355	900
355	976
356	577
356	826
356	871
356	929
356	930
357	364
357	380
357	432
357	572
357	614
357	662
357	707
358	422
358	444
358	550
358	577
358	676
358	826
358	896
358	970
359	502
359	696
359	739
359	839
360	425
360	452
360	506
360	672
360	728
360	882
361	471
361	481
361	614
361	633
361	646
361	674
361	764
361	770
362	402
362	485
362	487
362	957
362	973
363	612
363	649
363	726
363	971
364	421
364	450
364	499
364	533
364	682
364	727
364	788
364	893
365	386
365	454
365	557
365	631
365	689
365	690
365	694
365	733
365	797
365	910
366	455
366	504
366	635
366	778
366	935
366	943
367	416
367	472
367	490
367	689
367	842
367	855
368	572
368	682
368	766
368	824
368	826
368	974
369	513
369	821
369	829
369	875
369	943
370	459
370	480
370	525
370	633
370	657
370	743
370	800
371	515
371	529
371	950
372	492
372	509
372	595
372	598
372	704
372	764
372	778
372	840
372	863
372	943
372	975
373	391
373	424
373	552
373	616
373	628
373	758
373	857
373	962
373	973
373	974
374	393
374	689
374	700
374	790
374	878
374	895
374	908
374	1259
375	377
375	397
375	429
375	476
375	624
375	723
375	748
375	827
375	923
375	960
376	405
376	424
376	713
376	898
376	990
377	412
377	482
377	525
377	651
377	680
377	711
378	592
378	723
379	429
379	450
379	455
379	639
379	648
379	899
379	949
379	960
380	439
380	445
380	542
380	548
380	583
381	415
381	698
381	851
381	904
381	1315
382	409
382	457
382	576
382	729
382	740
382	844
382	936
383	385
383	522
383	615
383	814
383	960
384	404
384	533
384	598
384	1342
385	560
385	651
385	672
385	844
385	942
386	499
386	546
386	580
386	890
387	720
387	746
387	774
387	841
387	949
388	761
388	937
389	435
389	481
389	558
389	590
389	743
389	768
389	797
389	890
390	507
390	518
390	713
390	775
390	930
391	429
391	503
391	544
391	626
391	696
391	834
391	873
391	928
392	683
392	726
392	918
392	955
393	704
393	749
393	875
393	880
393	883
393	905
393	956
393	999
394	608
395	545
395	904
396	446
396	496
396	523
396	807
396	895
396	910
396	937
397	484
397	780
397	831
397	926
397	992
398	409
398	639
398	721
398	817
398	843
398	879
398	933
398	968
399	401
399	458
399	798
399	835
399	880
399	994
400	566
400	662
400	665
400	702
400	857
400	985
400	997
400	1528
401	510
401	655
401	685
401	823
401	831
402	448
402	460
402	613
402	623
402	762
403	496
403	532
403	535
403	623
403	692
403	750
403	807
403	876
404	485
404	779
404	788
404	908
404	962
405	488
405	591
405	636
405	653
405	691
405	939
405	947
405	996
406	718
406	735
406	821
406	859
406	919
406	937
407	421
407	568
407	676
407	798
407	823
407	840
407	951
408	854
408	965
409	524
409	564
409	586
409	748
409	925
409	992
410	440
410	694
410	878
410	912
411	622
411	740
411	765
411	784
411	806
411	986
412	629
412	678
412	778
412	822
412	938
412	980
412	995
413	491
413	514
413	542
413	590
413	665
413	796
414	479
414	486
414	496
414	530
414	565
414	597
414	733
414	764
414	770
414	782
414	872
414	883
414	963
415	438
415	590
415	595
415	671
415	837
415	839
415	866
415	871
415	890
415	936
415	959
416	548
416	720
416	896
417	492
417	661
417	692
417	756
417	799
417	873
417	890
418	422
418	524
418	572
418	643
418	907
418	927
418	950
418	1138
419	488
419	513
419	530
419	586
419	631
419	696
419	705
420	456
420	523
420	565
420	1582
421	767
421	821
421	837
421	841
421	960
421	962
422	464
422	658
422	837
423	556
423	615
423	617
423	664
423	818
423	907
423	929
423	961
424	446
424	655
424	679
424	731
424	846
424	851
424	875
424	934
424	969
425	489
425	633
425	865
425	956
426	634
426	933
426	983
427	563
427	638
427	809
428	430
428	445
428	472
428	481
428	704
428	805
428	854
429	699
429	749
429	819
429	941
430	455
430	572
430	585
430	606
430	609
430	958
431	611
431	691
431	742
431	752
431	992
432	472
432	638
432	640
432	667
432	708
432	997
433	463
433	491
433	724
433	905
434	511
434	541
434	565
434	576
434	592
434	596
434	752
434	917
434	984
434	1170
435	586
435	593
435	642
435	652
435	708
435	941
436	499
436	500
436	521
436	628
436	634
436	849
436	874
436	943
437	564
437	637
437	748
438	453
438	614
438	698
438	759
439	478
439	630
439	660
439	880
439	983
440	628
440	669
440	828
441	449
441	518
441	569
441	570
441	647
441	704
441	743
441	931
442	526
442	627
442	660
442	690
442	738
442	827
442	845
442	855
442	958
442	1630
443	462
443	539
443	701
443	952
444	494
444	570
445	519
445	552
445	589
445	657
445	660
445	695
446	457
446	462
446	474
446	667
446	723
446	724
446	787
446	928
447	476
447	520
447	566
447	644
447	691
447	733
447	874
447	968
447	987
448	502
448	515
448	748
448	807
448	812
448	940
448	958
449	559
449	590
449	840
449	910
449	940
449	943
450	472
450	602
450	608
450	653
450	656
450	846
450	865
450	886
450	1300
451	619
451	998
452	511
452	586
452	602
452	684
452	805
452	883
452	974
453	946
453	986
453	996
454	619
454	715
454	914
455	535
455	576
455	611
455	612
455	714
456	526
456	560
456	607
456	665
456	699
456	754
456	969
457	883
457	958
458	547
458	590
458	716
458	765
458	877
458	970
458	1485
459	701
459	702
459	749
459	822
459	978
460	696
460	774
460	845
460	853
460	871
461	643
461	685
461	709
461	833
461	860
461	920
462	561
462	608
462	617
462	643
462	801
462	808
462	888
462	981
463	465
463	623
463	650
463	702
464	625
464	833
464	858
464	943
465	574
465	579
465	676
465	829
465	957
466	606
466	625
466	828
466	845
466	852
466	861
467	475
467	494
467	539
467	658
467	799
467	937
468	528
468	729
468	731
468	815
468	847
468	919
468	955
468	1421
469	619
469	648
469	652
469	682
469	692
469	727
469	792
469	876
469	902
469	1655
470	627
470	665
470	681
470	818
470	848
470	861
470	927
470	994
471	749
471	826
471	987
471	1792
472	672
473	688
473	765
473	837
473	901
473	918
474	561
474	591
474	655
474	731
474	996
475	499
475	580
475	774
475	911
476	983
477	695
477	756
477	790
477	847
477	987
477	997
477	999
478	502
478	521
478	676
478	738
478	836
478	889
478	909
479	489
479	496
479	539
479	542
479	564
479	591
479	615
479	617
479	654
479	797
479	920
480	501
480	565
480	647
480	811
480	998
481	697
481	778
481	988
482	529
482	580
482	726
482	755
482	822
482	823
482	894
482	927
483	774
483	833
483	904
483	974
484	541
484	607
484	854
485	498
485	577
485	664
485	743
485	820
485	910
485	1267
486	599
486	604
486	686
486	694
486	917
486	920
487	514
487	518
487	552
487	638
487	835
487	977
488	550
488	561
488	679
488	770
488	780
488	952
488	961
488	995
489	621
489	837
489	839
489	893
489	973
489	1003
490	668
490	692
490	712
490	816
490	872
491	515
491	598
491	661
491	710
492	503
492	626
492	786
492	816
492	971
492	1103
493	654
493	827
493	864
494	611
495	520
495	538
495	603
495	694
496	519
496	693
496	721
496	902
496	919
496	961
497	566
497	875
497	953
498	719
498	724
498	791
498	796
498	833
498	893
498	940
498	977
499	516
499	666
499	693
499	697
499	726
499	810
500	657
500	688
500	775
500	835
500	855
501	601
501	742
501	787
501	810
501	895
501	899
501	995
502	727
502	863
503	595
503	857
504	532
504	587
504	630
504	774
504	783
505	548
505	568
505	603
505	650
505	663
505	738
505	774
505	852
506	654
506	712
506	714
507	590
507	613
507	628
507	759
507	767
507	877
508	552
508	564
508	669
508	682
508	690
508	741
508	749
508	752
508	786
508	888
508	914
509	517
509	625
509	782
509	809
509	821
510	622
510	695
510	782
510	832
510	885
510	980
511	728
511	737
511	830
512	552
512	579
512	591
513	540
513	641
513	801
513	961
513	964
514	598
514	686
514	1730
515	625
515	656
515	670
515	687
516	518
516	535
516	542
516	902
516	1134
517	714
517	746
517	784
517	948
518	546
518	586
518	656
518	703
518	754
518	830
518	892
518	960
519	521
519	555
519	927
519	931
520	578
520	822
520	835
520	854
520	884
520	885
520	967
520	970
521	719
521	899
522	774
522	945
523	611
523	895
523	910
523	914
523	960
523	998
524	558
524	584
524	654
524	792
524	856
524	948
525	648
525	865
525	999
526	664
527	587
527	599
527	617
527	652
527	746
527	777
527	878
527	899
528	556
528	643
528	686
528	689
528	693
528	759
528	799
529	552
529	561
529	807
529	814
529	849
529	934
529	994
530	626
530	869
530	935
531	642
531	756
531	788
531	797
531	831
531	833
531	892
531	899
532	555
532	587
532	613
532	828
532	972
533	586
533	615
533	884
534	593
534	642
534	775
534	845
534	916
535	740
535	744
535	755
535	823
535	889
535	932
536	584
536	701
536	730
536	975
537	570
537	816
538	733
538	855
539	607
539	673
539	830
539	989
539	1383
540	664
540	808
540	844
540	911
541	577
541	627
541	647
541	928
541	997
542	687
542	750
542	799
543	822
543	858
543	970
543	980
544	714
545	679
545	701
545	718
545	860
545	949
546	767
546	815
546	923
546	1953
547	820
547	854
547	947
548	768
548	829
548	912
549	607
549	625
550	606
550	647
550	773
550	784
550	819
550	849
550	861
550	929
550	941
551	584
551	658
551	892
551	903
551	972
551	989
552	707
552	710
552	818
552	864
552	883
552	974
553	727
553	806
553	847
553	937
553	1474
554	680
554	820
554	873
554	902
555	588
555	679
555	717
555	864
555	897
555	902
556	626
556	663
556	719
556	777
556	844
556	894
556	935
558	606
558	652
558	660
558	673
558	950
559	796
559	972
560	635
560	685
560	752
560	973
561	569
561	599
561	659
561	670
561	678
561	683
561	841
561	981
562	593
562	611
562	643
562	772
562	810
562	921
562	977
563	590
563	762
563	829
563	900
563	1167
564	568
564	850
564	872
564	907
564	980
565	570
565	960
566	817
566	857
566	863
567	627
567	758
568	599
568	920
568	1004
569	588
569	593
569	598
569	827
569	893
570	597
570	643
570	767
570	795
571	612
571	687
571	833
571	880
571	937
571	994
572	608
572	836
572	866
573	601
573	630
573	670
573	737
573	803
574	611
574	744
574	846
574	885
575	645
575	655
575	657
575	773
575	966
576	778
576	906
576	988
577	598
577	624
577	679
577	718
577	793
578	882
579	625
579	908
580	648
580	861
581	664
581	673
581	732
581	889
581	932
581	978
582	592
582	597
582	599
582	796
582	828
583	710
583	808
583	815
583	1955
584	630
584	631
584	663
584	739
584	786
584	994
585	835
585	898
585	949
586	740
587	704
587	786
587	902
587	979
588	656
588	697
588	769
588	892
589	666
589	672
589	1534
590	695
590	697
590	980
590	988
591	1072
592	639
592	802
592	853
593	902
593	904
594	667
594	690
594	879
594	884
594	887
594	895
594	958
595	798
595	801
595	809
596	651
596	659
597	647
597	693
597	785
597	864
597	877
597	975
598	664
598	689
598	818
598	940
598	975
598	985
599	677
599	725
599	736
599	763
599	939
599	1263
600	698
601	715
601	757
601	777
601	814
601	911
602	759
602	765
602	827
602	854
602	945
603	909
603	937
603	1298
604	717
604	878
605	761
605	823
605	981
605	991
606	713
606	800
606	830
606	923
606	942
607	631
607	718
607	794
607	811
607	861
607	931
608	667
608	710
608	777
609	704
609	820
609	932
610	812
610	957
610	966
611	828
611	929
612	635
612	647
612	760
612	783
612	881
613	619
613	739
614	625
614	728
614	738
614	741
614	860
614	868
614	894
614	925
614	971
615	637
615	651
615	756
615	774
615	802
615	825
615	832
615	871
616	817
616	1601
617	808
617	868
617	907
617	914
618	955
619	703
620	713
620	790
620	865
620	920
621	660
621	944
622	732
622	795
622	876
622	908
622	980
623	655
623	730
623	850
624	690
624	721
624	968
625	638
625	649
625	755
625	763
625	824
625	859
625	908
626	668
626	706
626	912
626	953
626	997
627	657
627	687
627	690
627	824
627	880
627	966
627	1688
628	630
628	787
628	876
629	755
629	781
629	872
630	696
630	767
630	843
630	860
630	892
630	984
631	700
631	915
632	649
632	716
632	896
632	928
632	995
633	644
633	748
633	750
633	815
633	834
633	948
635	742
635	764
635	773
635	780
635	972
636	678
636	729
636	745
636	750
636	819
636	945
636	981
637	850
637	860
638	652
638	787
638	834
638	912
638	980
639	816
639	852
639	969
640	858
641	674
641	842
642	804
642	898
642	989
643	649
643	652
643	873
643	969
643	972
644	817
645	649
645	657
645	672
645	898
645	1987
646	788
646	839
646	855
646	898
647	995
647	1065
647	1209
648	666
648	671
648	681
648	763
648	766
648	783
648	801
648	819
648	831
648	915
648	936
649	693
649	804
649	952
649	965
650	831
650	938
650	968
651	692
651	762
651	770
651	844
651	860
651	908
651	946
652	664
652	713
652	735
652	736
652	742
652	833
652	865
652	909
653	703
653	728
653	791
653	813
653	830
653	850
653	949
653	959
653	999
654	702
654	842
654	878
654	922
654	929
654	997
655	699
655	780
656	666
656	867
656	891
656	928
656	1878
657	718
657	726
657	728
657	751
657	787
657	794
657	812
657	815
657	855
657	898
657	945
657	959
657	969
659	664
659	972
659	1915
660	748
660	800
660	894
660	915
660	928
660	935
661	781
661	797
661	904
662	779
662	793
662	892
662	945
663	738
663	767
663	819
663	837
664	877
665	699
665	770
665	866
665	960
666	709
666	723
666	736
666	752
666	931
667	734
667	760
667	765
667	850
667	862
668	970
669	723
669	846
669	860
669	917
670	809
671	812
671	844
671	854
672	929
673	864
673	967
673	974
674	714
674	835
674	836
675	749
675	941
675	970
675	989
676	693
676	871
676	884
676	915
677	686
677	698
677	716
677	732
677	826
677	839
677	896
679	709
679	723
679	845
679	962
679	975
679	1458
680	864
680	868
680	895
681	772
681	813
681	879
681	921
682	728
682	998
683	765
683	787
683	888
683	942
684	954
684	996
685	733
685	882
685	914
686	829
686	894
687	695
687	819
687	886
687	996
688	697
688	949
688	988
689	979
689	980
690	766
690	788
690	985
690	990
691	951
692	886
692	898
692	902
692	936
693	826
693	969
694	729
694	770
694	859
694	899
694	994
694	995
695	757
695	950
695	1300
696	768
696	826
696	829
696	855
696	903
696	912
696	941
696	1539
697	755
697	835
697	859
698	932
699	956
700	853
700	952
700	1966
701	791
701	819
701	927
701	989
702	771
702	840
702	846
702	924
702	978
702	979
703	708
703	853
703	857
703	878
703	888
704	804
704	836
704	971
705	858
705	960
706	961
706	963
707	877
707	912
707	915
708	910
709	760
709	967
710	995
710	1819
711	748
711	797
711	900
711	985
712	735
713	741
713	913
713	926
714	981
715	804
716	755
716	892
717	742
717	888
718	744
718	991
719	795
719	871
719	954
719	968
720	731
720	783
720	815
720	857
720	930
720	994
720	999
721	773
721	820
722	788
722	811
722	927
723	756
723	814
723	829
723	850
723	878
724	741
724	923
725	849
726	814
726	816
726	842
727	772
727	857
727	929
729	832
729	854
729	949
730	999
731	827
731	836
731	898
731	973
731	1331
732	903
732	921
732	953
733	970
734	885
734	939
734	987
735	768
735	829
736	880
736	967
737	754
737	800
737	863
738	740
738	783
738	925
738	950
739	873
739	956
739	975
740	864
740	892
740	1570
741	919
742	754
742	809
742	903
742	969
743	746
743	760
743	763
743	767
743	793
743	968
744	796
745	796
745	961
746	975
747	989
748	956
749	758
749	782
749	798
749	852
750	758
751	875
751	902
751	932
752	877
752	915
752	938
752	954
753	869
753	934
754	846
754	962
755	805
755	897
755	920
755	929
756	981
756	999
756	1477
757	818
757	887
757	893
757	921
757	987
758	761
758	807
758	901
758	906
759	948
760	826
761	949
761	960
762	788
762	942
763	816
763	836
763	940
764	817
764	988
765	827
765	867
765	913
766	787
766	807
766	887
767	816
767	855
767	876
768	907
768	972
768	1083
769	885
769	923
769	996
770	893
770	913
771	772
771	961
772	792
772	957
773	819
773	867
773	885
773	993
775	841
775	891
775	942
775	945
776	780
776	832
776	902
776	915
776	955
776	973
776	1142
777	841
777	958
778	783
778	818
779	787
779	860
779	891
780	887
780	893
780	922
780	934
781	851
781	888
781	907
782	855
782	860
783	828
783	988
784	895
784	908
786	809
786	851
786	918
786	958
787	824
787	925
789	820
789	988
790	956
790	997
791	854
791	990
792	815
792	971
793	803
793	840
793	923
793	947
794	1073
796	823
796	951
796	993
797	883
797	992
798	977
800	801
800	907
800	922
800	991
801	805
801	822
802	814
802	851
803	869
803	912
803	934
804	895
805	860
805	991
805	995
806	816
806	826
806	914
806	927
807	822
808	870
809	822
809	858
810	814
810	1986
811	816
811	872
811	923
812	930
812	999
814	818
815	950
815	975
816	976
817	849
817	865
818	988
819	853
819	983
820	826
820	852
820	983
822	880
822	912
822	919
823	941
823	986
824	828
824	846
824	872
824	895
825	828
827	858
828	906
828	933
828	960
828	974
829	889
829	896
831	862
832	916
832	917
832	980
833	841
833	958
833	982
833	1025
834	892
835	864
836	870
836	871
836	899
836	961
836	970
836	990
837	864
838	970
839	1114
840	860
840	890
842	993
842	1507
844	847
844	957
845	860
845	893
845	929
846	878
846	992
847	899
849	856
849	964
850	975
851	852
851	867
851	879
851	980
851	991
853	855
853	880
853	1409
854	861
855	864
855	929
855	932
856	862
856	876
856	966
858	943
859	865
859	876
859	894
859	903
861	888
862	869
862	878
862	948
862	993
863	979
863	989
864	954
865	867
865	888
865	913
866	890
866	988
867	910
869	989
869	993
870	872
870	873
872	894
872	1897
873	876
873	949
873	979
875	905
875	909
876	987
877	995
878	880
879	883
879	927
879	977
880	894
880	966
880	970
881	921
881	934
881	990
882	914
882	959
883	990
884	959
884	990
885	909
886	996
887	926
888	965
892	956
892	967
893	992
894	908
894	941
896	938
896	989
897	921
898	901
898	909
898	995
899	996
900	923
900	932
900	957
903	909
903	944
903	969
904	940
904	947
905	931
905	942
906	959
907	958
907	973
908	937
908	972
908	998
909	982
911	948
911	969
911	972
912	969
912	990
913	979
914	968
916	937
917	949
917	977
919	963
919	1311
920	995
922	947
922	959
922	975
924	949
925	992
927	962
928	987
930	994
931	933
932	1498
933	943
933	955
934	979
934	983
935	945
935	982
937	970
939	953
939	960
939	999
940	978
941	970
943	979
943	991
945	963
945	997
949	996
950	991
954	982
957	991
957	1573
958	992
960	972
963	993
963	996
963	1399
966	975
966	999
969	998
971	1728
984	995
987	1827
989	993
995	1456
997	1141
1000	1136
1000	1327
1000	1349
1000	1351
1000	1588
1000	1811
1000	1887
1001	1016
1001	1066
1001	1118
1001	1122
1001	1236
1001	1328
1001	1462
1001	1498
1001	1589
1001	1640
1001	1965
1002	1051
1002	1325
1002	1348
1002	1456
1002	1600
1003	1105
1003	1170
1003	1215
1003	1238
1003	1328
1003	1566
1003	1579
1003	1702
1003	1705
1003	1870
1003	1896
1004	1187
1004	1261
1004	1290
1004	1533
1004	1612
1004	1656
1004	1685
1004	1694
1004	1706
1004	1710
1004	1772
1004	1813
1004	1837
1004	1848
1005	1015
1005	1042
1005	1197
1005	1263
1005	1455
1005	1612
1005	1731
1005	1769
1005	1782
1006	1133
1006	1157
1006	1280
1006	1292
1006	1383
1006	1741
1007	1110
1007	1129
1007	1243
1007	1262
1007	1526
1007	1606
1007	1786
1007	1850
1007	1930
1008	1219
1008	1279
1008	1294
1008	1330
1008	1558
1008	1616
1008	1654
1008	1660
1008	1681
1008	1710
1009	1141
1009	1316
1009	1422
1009	1426
1009	1502
1009	1524
1009	1527
1009	1647
1009	1764
1009	1775
1009	1799
1009	1874
1010	1027
1010	1036
1010	1093
1010	1149
1010	1444
1010	1491
1010	1497
1010	1586
1010	1593
1010	1665
1010	1713
1010	1856
1010	1873
1010	1923
1011	1378
1011	1492
1011	1520
1011	1553
1011	1696
1011	1707
1011	1722
1012	1145
1012	1451
1012	1513
1012	1690
1012	1842
1012	1930
1013	1021
1013	1165
1013	1219
1013	1327
1013	1332
1013	1459
1013	1501
1013	1507
1013	1690
1013	1961
1013	1989
1014	1119
1014	1120
1014	1134
1014	1200
1014	1226
1014	1261
1014	1406
1014	1474
1014	1731
1015	1228
1015	1229
1015	1321
1015	1402
1015	1471
1015	1473
1015	1541
1015	1583
1015	1631
1015	1639
1015	1707
1015	1736
1015	1793
1015	1960
1016	1093
1016	1327
1016	1342
1016	1679
1016	1722
1016	1772
1016	1779
1016	1970
1017	1229
1017	1254
1017	1483
1017	1516
1017	1542
1017	1640
1017	1669
1017	1676
1017	1684
1017	1805
1017	1829
1017	1838
1017	1905
1018	1048
1018	1140
1018	1163
1018	1196
1018	1255
1018	1372
1018	1532
1018	1547
1018	1613
1018	1681
1018	1827
1018	1860
1018	1906
1019	1040
1019	1119
1019	1449
1019	1941
1020	1028
1020	1131
1020	1316
1020	1441
1020	1450
1020	1857
1020	1873
1020	1891
1020	1943
1021	1047
1021	1153
1021	1202
1021	1364
1021	1469
1021	1521
1021	1535
1021	1775
1021	1852
1021	1971
1022	1183
1022	1606
1022	1727
1022	1842
1023	1103
1023	1163
1023	1171
1023	1195
1023	1297
1023	1525
1023	1627
1023	1719
1023	1814
1023	1906
1023	1976
1023	1980
1024	1310
1024	1319
1024	1442
1024	1452
1024	1470
1024	1536
1024	1746
1024	1857
1024	1873
1024	1876
1024	1920
1024	1954
1025	1062
1025	1107
1025	1142
1025	1168
1025	1213
1025	1313
1025	1386
1025	1439
1025	1444
1025	1712
1025	1884
1025	1911
1026	1046
1026	1066
1026	1341
1026	1405
1026	1471
1026	1496
1026	1549
1026	1567
1026	1704
1026	1736
1027	1253
1027	1293
1027	1561
1027	1615
1027	1725
1027	1728
1027	1743
1027	1744
1027	1913
1027	1959
1028	1146
1028	1188
1028	1226
1028	1311
1028	1329
1028	1394
1028	1529
1028	1561
1028	1685
1028	1698
1028	1841
1029	1163
1029	1303
1029	1362
1029	1639
1029	1796
1029	1824
1029	1864
1029	1866
1029	1892
1030	1096
1030	1108
1030	1184
1030	1189
1030	1441
1030	1513
1030	1894
1030	1963
1030	1992
1031	1035
1031	1091
1031	1167
1031	1175
1031	1266
1031	1302
1031	1494
1031	1891
1032	1054
1032	1214
1032	1562
1032	1653
1032	1689
1032	1718
1032	1871
1032	1983
1033	1071
1033	1092
1033	1115
1033	1167
1033	1170
1033	1199
1033	1294
1033	1536
1033	1583
1033	1665
1033	1695
1033	1895
1033	1971
1033	1994
1033	1997
1034	1085
1034	1218
1034	1294
1034	1373
1034	1514
1035	1040
1035	1137
1035	1158
1035	1287
1035	1378
1035	1439
1035	1443
1035	1499
1035	1606
1035	1892
1036	1153
1036	1177
1036	1187
1036	1267
1036	1544
1036	1549
1036	1627
1036	1724
1036	1748
1036	1991
1036	1997
1037	1192
1037	1236
1037	1311
1037	1442
1037	1487
1037	1504
1037	1563
1037	1582
1037	1830
1037	1881
1037	1990
1038	1454
1038	1524
1038	1608
1038	1611
1038	1836
1038	1843
1039	1299
1039	1360
1039	1503
1039	1606
1039	1679
1039	1734
1039	1856
1039	1976
1040	1079
1040	1137
1040	1153
1040	1195
1040	1211
1040	1251
1040	1303
1040	1465
1040	1544
1040	1693
1040	1784
1040	1985
1041	1107
1041	1310
1041	1313
1041	1431
1041	1450
1041	1582
1041	1647
1041	1930
1042	1124
1042	1359
1042	1378
1042	1468
1042	1518
1042	1596
1042	1622
1042	1644
1042	1817
1042	1863
1042	1977
1043	1163
1043	1418
1043	1545
1043	1550
1043	1712
1043	1723
1043	1800
1044	1162
1044	1370
1044	1466
1044	1546
1044	1595
1044	1814
1044	1857
1044	1859
1044	1962
1045	1145
1045	1146
1045	1275
1045	1403
1045	1455
1045	1479
1045	1548
1045	1791
1045	1963
1046	1055
1046	1078
1046	1120
1046	1128
1046	1305
1046	1513
1046	1584
1046	1620
1046	1675
1046	1947
1047	1067
1047	1116
1047	1241
1047	1286
1047	1475
1047	1516
1047	1554
1047	1750
1047	1869
1047	1937
1047	1958
1048	1147
1048	1326
1048	1429
1048	1436
1048	1515
1048	1595
1048	1651
1048	1672
1048	1686
1048	1704
1048	1738
1049	1135
1049	1152
1049	1219
1049	1233
1049	1355
1049	1787
1049	1951
1050	1190
1050	1362
1050	1747
1050	1814
1050	1860
1050	1945
1051	1164
1051	1166
1051	1188
1051	1448
1051	1545
1051	1656
1051	1689
1051	1708
1051	1712
1051	1773
1051	1891
1051	1901
1051	1981
1051	1990
1052	1133
1052	1179
1052	1253
1052	1342
1052	1496
1052	1621
1052	1648
1052	1762
1052	1849
1052	1868
1053	1068
1053	1098
1053	1113
1053	1135
1053	1262
1053	1346
1053	1492
1053	1614
1053	1658
1053	1727
1053	1937
1054	1140
1054	1464
1054	1600
1054	1629
1055	1074
1055	1081
1055	1131
1055	1171
1055	1217
1055	1293
1055	1304
1055	1311
1055	1425
1055	1576
1055	1784
1055	1818
1055	1930
1055	1969
1055	1991
1056	1117
1056	1154
1056	1170
1056	1220
1056	1222
1056	1394
1056	1408
1056	1536
1056	1567
1056	1647
1056	1749
1056	1851
1056	1926
1057	1173
1057	1352
1057	1433
1057	1513
1057	1580
1057	1760
1057	1782
1057	1861
1057	1953
1057	1972
1058	1333
1058	1480
1058	1518
1058	1623
1058	1692
1059	1357
1059	1387
1059	1390
1059	1402
1059	1448
1059	1521
1059	1605
1059	1697
1060	1146
1060	1373
1060	1532
1060	1588
1060	1676
1060	1705
1060	1759
1060	1775
1060	1776
1060	1993
1061	1261
1061	1369
1061	1490
1061	1517
1061	1801
1062	1085
1062	1254
1062	1311
1062	1466
1062	1515
1062	1588
1062	1716
1062	1811
1062	1880
1063	1068
1063	1149
1063	1308
1063	1450
1063	1593
1064	1126
1064	1177
1064	1206
1064	1242
1064	1340
1064	1397
1064	1495
1064	1501
1064	1548
1064	1925
1065	1162
1065	1228
1065	1544
1065	1591
1065	1742
1065	1797
1065	1996
1066	1180
1066	1417
1066	1452
1066	1515
1066	1754
1066	1871
1066	1921
1067	1071
1067	1091
1067	1100
1067	1198
1067	1283
1067	1305
1067	1306
1067	1376
1067	1420
1067	1475
1067	1547
1067	1619
1067	1729
1067	1746
1067	1863
1068	1115
1068	1161
1068	1463
1068	1594
1068	1673
1069	1223
1069	1488
1069	1570
1069	1743
1069	1765
1069	1948
1070	1122
1070	1134
1070	1235
1070	1706
1070	1847
1070	1890
1070	1921
1071	1257
1071	1386
1071	1473
1071	1646
1071	1666
1071	1946
1071	1968
1072	1106
1072	1116
1072	1135
1072	1275
1072	1533
1072	1556
1072	1632
1072	1722
1072	1797
1072	1798
1072	1885
1072	1982
1073	1092
1073	1146
1073	1150
1073	1223
1073	1459
1073	1760
1073	1795
1073	1806
1073	1884
1074	1255
1074	1361
1074	1650
1074	1851
1075	1084
1075	1107
1075	1200
1075	1449
1075	1493
1075	1814
1076	1114
1076	1136
1076	1440
1076	1558
1076	1577
1076	1689
1076	1722
1076	1745
1076	1820
1076	1840
1077	1174
1077	1241
1077	1295
1077	1348
1077	1506
1077	1664
1077	1693
1077	1756
1077	1763
1077	1841
1077	1929
1078	1079
1078	1119
1078	1191
1078	1238
1078	1317
1078	1429
1078	1619
1078	1666
1078	1783
1078	1865
1078	1956
1078	1992
1079	1087
1079	1162
1079	1185
1079	1209
1079	1237
1079	1338
1079	1405
1079	1585
1079	1735
1079	1751
1079	1763
1079	1780
1079	1831
1080	1148
1080	1169
1080	1577
1080	1828
1080	1895
1081	1171
1081	1227
1081	1599
1081	1654
1081	1657
1081	1682
1081	1794
1081	1801
1081	1816
1081	1961
1082	1256
1082	1257
1082	1351
1082	1436
1082	1531
1082	1561
1082	1565
1083	1298
1083	1343
1083	1366
1083	1376
1083	1419
1083	1429
1083	1508
1083	1602
1083	1702
1083	1749
1083	1978
1084	1116
1084	1159
1084	1208
1084	1354
1084	1361
1084	1409
1084	1458
1084	1486
1084	1536
1084	1568
1084	1582
1084	1610
1084	1619
1084	1635
1084	1671
1084	1697
1084	1809
1084	1810
1084	1869
1084	1889
1084	1947
1084	1955
1085	1399
1085	1535
1085	1577
1085	1634
1085	1641
1085	1720
1085	1838
1086	1129
1086	1383
1086	1385
1086	1409
1086	1457
1086	1499
1086	1508
1086	1512
1086	1537
1086	1590
1086	1610
1086	1913
1086	1926
1087	1112
1087	1240
1087	1348
1087	1556
1087	1617
1087	1781
1087	1940
1088	1220
1088	1254
1088	1255
1088	1314
1088	1371
1088	1529
1088	1542
1088	1635
1088	1749
1088	1899
1088	1923
1088	1957
1088	1973
1088	1991
1089	1140
1089	1246
1089	1280
1089	1425
1089	1708
1089	1714
1089	1883
1089	1917
1089	1933
1090	1197
1090	1247
1090	1339
1090	1374
1090	1441
1090	1458
1090	1488
1090	1591
1090	1687
1090	1817
1090	1847
1090	1899
1090	1938
1090	1951
1091	1225
1091	1239
1091	1597
1091	1801
1091	1881
1091	1931
1091	1999
1092	1139
1092	1163
1092	1246
1092	1339
1092	1380
1092	1394
1092	1730
1093	1275
1093	1389
1093	1635
1093	1727
1093	1913
1093	1993
1094	1264
1094	1409
1094	1529
1094	1957
1095	1221
1095	1260
1095	1306
1095	1319
1095	1542
1095	1576
1095	1581
1095	1760
1095	1824
1095	1959
1095	1988
1096	1175
1096	1348
1096	1397
1096	1496
1096	1533
1096	1854
1096	1893
1096	1950
1097	1109
1097	1203
1097	1270
1097	1569
1097	1635
1097	1639
1097	1683
1097	1793
1097	1796
1097	1819
1097	1844
1097	1883
1098	1099
1098	1164
1098	1196
1098	1264
1098	1379
1098	1384
1098	1473
1098	1552
1098	1621
1098	1663
1098	1691
1098	1714
1098	1728
1099	1279
1099	1284
1099	1390
1099	1467
1099	1535
1099	1589
1099	1645
1099	1693
1099	1791
1099	1796
1099	1880
1099	1899
1099	1937
1099	1966
1100	1197
1100	1208
1100	1226
1100	1306
1100	1556
1101	1189
1101	1478
1101	1479
1101	1570
1101	1578
1101	1971
1102	1107
1102	1159
1102	1168
1102	1262
1102	1435
1102	1446
1102	1524
1102	1601
1102	1778
1102	1797
1102	1916
1103	1251
1103	1311
1103	1341
1103	1369
1103	1433
1103	1528
1103	1566
1103	1577
1103	1627
1103	1748
1103	1753
1103	1826
1103	1918
1103	1997
1104	1245
1104	1636
1104	1758
1104	1812
1104	1885
1104	1926
1105	1211
1105	1240
1105	1315
1105	1338
1105	1357
1105	1371
1105	1395
1105	1417
1105	1564
1105	1638
1105	1639
1105	1640
1105	1651
1105	1675
1105	1682
1105	1843
1105	1868
1105	1902
1106	1351
1106	1528
1106	1529
1106	1558
1106	1692
1107	1204
1107	1303
1107	1336
1107	1496
1107	1505
1107	1571
1107	1737
1107	1906
1107	1931
1107	1955
1108	1175
1108	1190
1108	1355
1108	1579
1108	1706
1108	1928
1109	1303
1109	1313
1109	1435
1109	1451
1109	1468
1109	1493
1109	1591
1109	1648
1109	1658
1109	1877
1109	1907
1109	1979
1110	1196
1110	1204
1110	1205
1110	1208
1110	1215
1110	1289
1110	1356
1110	1394
1110	1558
1110	1658
1110	1820
1110	1842
1110	1958
1110	1999
1111	1160
1111	1314
1111	1373
1111	1454
1111	1461
1111	1621
1111	1645
1111	1747
1111	1921
1112	1183
1112	1289
1112	1298
1112	1351
1112	1462
1112	1659
1112	1676
1112	1686
1112	1737
1112	1889
1113	1133
1113	1275
1113	1397
1113	1545
1113	1688
1113	1726
1113	1756
1113	1779
1114	1151
1114	1160
1114	1204
1114	1321
1114	1753
1114	1783
1114	1828
1114	1899
1114	1993
1115	1188
1115	1304
1115	1406
1115	1484
1115	1996
1116	1154
1116	1447
1116	1502
1116	1573
1116	1670
1116	1919
1117	1122
1117	1215
1117	1356
1117	1583
1117	1610
1117	1633
1117	1680
1117	1681
1117	1737
1117	1839
1118	1121
1118	1183
1118	1506
1118	1696
1118	1783
1118	1842
1118	1855
1119	1133
1119	1203
1119	1781
1119	1816
1119	1911
1119	1914
1119	1957
1120	1401
1120	1447
1120	1780
1120	1983
1121	1216
1121	1217
1121	1441
1121	1687
1121	1705
1121	1784
1121	1908
1122	1198
1122	1326
1122	1385
1122	1537
1122	1669
1122	1746
1122	1829
1122	1841
1122	1862
1122	1886
1122	1954
1123	1147
1123	1219
1123	1253
1123	1272
1123	1319
1123	1389
1123	1671
1123	1834
1123	1837
1124	1258
1124	1305
1124	1345
1124	1346
1124	1504
1124	1569
1124	1587
1124	1603
1124	1605
1124	1634
1124	1667
1124	1893
1125	1244
1125	1367
1125	1392
1125	1409
1125	1418
1125	1489
1125	1513
1125	1546
1125	1581
1125	1607
1125	1696
1125	1967
1126	1141
1126	1203
1126	1399
1126	1576
1126	1628
1126	1632
1126	1710
1126	1804
1127	1294
1127	1343
1127	1423
1127	1527
1127	1701
1127	1766
1127	1884
1127	1917
1127	1959
1127	1987
1128	1347
1128	1394
1128	1435
1128	1484
1128	1522
1128	1578
1128	1613
1128	1701
1128	1848
1128	1856
1129	1232
1129	1324
1129	1426
1129	1740
1130	1265
1130	1291
1130	1293
1130	1316
1130	1358
1130	1490
1130	1539
1130	1563
1130	1578
1130	1848
1131	1251
1131	1456
1131	1466
1131	1506
1131	1697
1131	1772
1132	1138
1132	1188
1132	1322
1132	1455
1132	1477
1132	1560
1132	1586
1132	1621
1132	1634
1132	1650
1132	1727
1132	1985
1133	1144
1133	1167
1133	1173
1133	1212
1133	1389
1133	1473
1133	1650
1133	1662
1133	1766
1133	1806
1133	1926
1134	1251
1134	1322
1134	1435
1134	1568
1134	1601
1134	1804
1134	1992
1135	1280
1135	1295
1135	1306
1135	1464
1135	1466
1135	1519
1135	1534
1135	1581
1135	1727
1135	1871
1135	1915
1135	1974
1136	1183
1136	1291
1136	1524
1136	1592
1136	1600
1136	1968
1137	1246
1137	1506
1137	1589
1137	1643
1137	1700
1137	1722
1137	1774
1137	1786
1138	1345
1138	1365
1138	1434
1138	1486
1138	1638
1138	1704
1138	1722
1138	1963
1139	1213
1139	1274
1139	1323
1139	1618
1139	1651
1139	1663
1139	1764
1139	1807
1139	1962
1139	1998
1140	1167
1140	1264
1140	1321
1140	1440
1140	1574
1140	1693
1140	1984
1140	1985
1141	1483
1141	1506
1141	1512
1141	1601
1141	1838
1141	1845
1141	1994
1142	1209
1142	1257
1142	1307
1142	1509
1142	1533
1142	1694
1142	1721
1142	1791
1142	1828
1142	1849
1142	1884
1142	1906
1142	1961
1143	1161
1143	1370
1143	1439
1143	1526
1143	1587
1143	1599
1143	1750
1143	1784
1143	1840
1143	1868
1143	1927
1144	1151
1144	1219
1144	1277
1144	1524
1144	1642
1144	1845
1145	1170
1145	1372
1145	1419
1145	1499
1145	1566
1145	1743
1145	1747
1145	1764
1145	1915
1145	1917
1146	1165
1146	1223
1146	1249
1146	1272
1146	1297
1146	1609
1146	1711
1146	1731
1146	1775
1146	1917
1147	1153
1147	1275
1147	1361
1147	1433
1147	1449
1147	1455
1147	1474
1147	1558
1147	1561
1147	1611
1147	1660
1147	1705
1147	1712
1147	1871
1148	1325
1148	1379
1148	1440
1148	1641
1148	1644
1148	1646
1148	1700
1148	1851
1148	1991
1149	1356
1149	1505
1149	1513
1149	1553
1150	1228
1150	1236
1150	1259
1150	1306
1150	1490
1150	1622
1150	1680
1150	1737
1150	1750
1150	1859
1150	1989
1151	1181
1151	1362
1151	1372
1151	1382
1151	1498
1151	1502
1151	1688
1151	1850
1151	1876
1151	1947
1152	1192
1152	1228
1152	1377
1152	1469
1152	1497
1152	1530
1152	1598
1152	1660
1152	1911
1152	1960
1153	1289
1153	1434
1153	1575
1153	1650
1153	1665
1153	1703
1153	1879
1153	1887
1154	1281
1154	1549
1154	1566
1154	1631
1154	1648
1154	1650
1154	1701
1154	1806
1154	1849
1155	1199
1155	1300
1155	1310
1155	1359
1155	1447
1155	1595
1155	1598
1155	1747
1155	1758
1155	1822
1155	1939
1155	1997
1156	1250
1156	1330
1156	1443
1156	1533
1156	1543
1156	1839
1156	1924
1156	1930
1156	1938
1157	1331
1157	1434
1157	1555
1157	1619
1157	1756
1157	1790
1157	1794
1158	1191
1158	1571
1158	1677
1158	1716
1158	1805
1158	1832
1158	1871
1158	1913
1159	1261
1159	1495
1159	1526
1159	1532
1159	1540
1159	1630
1159	1880
1159	1908
1159	1961
1160	1245
1160	1329
1160	1403
1160	1433
1160	1475
1160	1550
1160	1562
1160	1738
1160	1776
1160	1780
1160	1826
1160	1829
1160	1863
1160	1881
1161	1199
1161	1224
1161	1315
1161	1568
1161	1571
1161	1580
1161	1617
1161	1749
1161	1901
1161	1984
1162	1321
1162	1392
1162	1403
1162	1789
1162	1923
1162	1964
1162	1992
1163	1184
1163	1190
1163	1252
1163	1366
1163	1387
1163	1518
1163	1616
1163	1653
1163	1807
1163	1892
1163	1973
1164	1691
1164	1907
1164	1910
1165	1329
1165	1667
1165	1907
1165	1943
1165	1984
1166	1361
1166	1409
1166	1503
1166	1562
1166	1629
1166	1719
1166	1778
1166	1859
1166	1966
1167	1186
1167	1360
1167	1456
1167	1506
1167	1605
1167	1793
1167	1797
1167	1824
1167	1860
1167	1958
1168	1356
1168	1414
1168	1427
1168	1491
1168	1550
1168	1628
1168	1642
1168	1870
1168	1916
1169	1207
1169	1401
1169	1464
1169	1497
1169	1935
1170	1427
1170	1433
1170	1507
1170	1550
1170	1671
1170	1765
1170	1771
1171	1356
1171	1465
1171	1551
1171	1608
1171	1812
1171	1953
1172	1316
1172	1473
1172	1488
1172	1632
1172	1806
1173	1231
1173	1393
1173	1724
1173	1983
1174	1539
1174	1558
1174	1681
1174	1708
1174	1756
1174	1799
1174	1800
1175	1286
1175	1302
1175	1342
1175	1550
1175	1609
1175	1898
1176	1224
1176	1243
1176	1261
1176	1300
1176	1526
1176	1625
1176	1643
1177	1180
1177	1263
1177	1341
1177	1384
1177	1489
1177	1519
1177	1571
1178	1183
1178	1218
1178	1225
1178	1230
1178	1331
1178	1384
1178	1393
1178	1437
1178	1466
1178	1740
1178	1751
1178	1778
1178	1837
1178	1999
1179	1200
1179	1235
1179	1282
1179	1495
1179	1578
1179	1673
1179	1682
1179	1701
1179	1854
1180	1223
1180	1634
1180	1690
1180	1708
1180	1746
1180	1807
1180	1821
1180	1913
1180	1938
1180	1969
1180	1998
1181	1284
1181	1309
1181	1509
1181	1529
1181	1686
1181	1914
1182	1220
1182	1272
1182	1343
1182	1366
1182	1384
1182	1410
1182	1523
1182	1603
1182	1727
1182	1763
1182	1788
1182	1885
1182	1929
1183	1336
1183	1373
1183	1690
1183	1718
1183	1736
1183	1965
1184	1241
1184	1243
1184	1265
1184	1285
1184	1477
1184	1629
1184	1660
1184	1775
1184	1838
1184	1857
1184	1930
1185	1326
1185	1335
1185	1419
1185	1492
1185	1536
1185	1562
1185	1717
1185	1880
1185	1889
1186	1191
1186	1390
1186	1584
1186	1680
1186	1799
1186	1902
1187	1267
1187	1375
1187	1458
1187	1594
1187	1803
1187	1931
1187	1966
1187	1988
1188	1212
1188	1232
1188	1250
1188	1364
1188	1368
1188	1433
1188	1451
1188	1689
1188	1704
1188	1781
1189	1364
1189	1388
1189	1401
1189	1443
1189	1562
1189	1667
1189	1674
1189	1708
1190	1288
1190	1402
1190	1467
1190	1634
1190	1674
1190	1708
1190	1802
1190	1954
1190	1980
1191	1266
1191	1272
1191	1306
1191	1307
1191	1677
1191	1784
1191	1890
1191	1891
1191	1916
1191	1939
1192	1193
1192	1339
1192	1398
1192	1420
1192	1547
1192	1686
1192	1745
1192	1965
1193	1210
1193	1303
1193	1656
1193	1713
1193	1762
1193	1826
1193	1912
1194	1257
1194	1272
1194	1274
1194	1367
1194	1472
1194	1482
1194	1673
1194	1783
1194	1825
1194	1947
1195	1237
1195	1257
1195	1456
1195	1565
1195	1709
1195	1720
1196	1212
1196	1346
1196	1379
1196	1767
1196	1788
1196	1836
1196	1983
1197	1317
1197	1418
1197	1552
1197	1586
1197	1633
1197	1665
1197	1675
1197	1850
1197	1976
1198	1253
1198	1546
1198	1602
1198	1753
1198	1787
1198	1939
1198	1961
1199	1241
1199	1339
1199	1437
1199	1453
1199	1471
1199	1477
1199	1478
1199	1523
1199	1574
1199	1607
1199	1620
1199	1653
1199	1732
1199	1933
1200	1332
1200	1350
1200	1415
1200	1453
1200	1543
1200	1919
1200	1982
1201	1314
1201	1506
1201	1622
1201	1773
1201	1982
1201	1999
1202	1227
1202	1449
1202	1544
1202	1639
1202	1715
1202	1771
1202	1872
1202	1891
1202	1909
1203	1327
1203	1522
1203	1523
1203	1581
1203	1619
1203	1634
1203	1683
1203	1764
1204	1312
1204	1534
1204	1635
1204	1637
1204	1765
1204	1801
1204	1990
1205	1319
1205	1472
1205	1493
1205	1586
1205	1675
1205	1906
1206	1321
1206	1322
1206	1426
1206	1484
1206	1714
1206	1733
1206	1740
1206	1816
1207	1208
1207	1454
1207	1587
1207	1606
1207	1658
1207	1662
1207	1688
1207	1978
1208	1248
1208	1310
1208	1355
1208	1358
1208	1478
1208	1627
1208	1646
1208	1770
1208	1910
1209	1249
1209	1262
1209	1391
1209	1424
1209	1463
1209	1697
1209	1701
1209	1781
1209	1790
1209	1886
1209	1964
1210	1401
1210	1410
1210	1574
1210	1575
1210	1685
1211	1361
1211	1470
1211	1487
1211	1530
1211	1542
1211	1565
1211	1789
1211	1809
1211	1922
1212	1266
1212	1351
1212	1481
1212	1620
1212	1719
1212	1737
1212	1770
1212	1783
1212	1879
1212	1905
1212	1911
1212	1961
1213	1359
1213	1415
1213	1515
1213	1549
1213	1570
1213	1596
1213	1721
1213	1749
1213	1793
1214	1339
1214	1375
1214	1461
1214	1568
1214	1799
1214	1883
1214	1939
1214	1987
1214	1994
1215	1345
1215	1369
1215	1475
1215	1563
1215	1674
1215	1709
1215	1931
1216	1362
1216	1370
1216	1410
1216	1429
1216	1451
1216	1532
1216	1718
1216	1773
1216	1791
1216	1846
1216	1990
1217	1752
1217	1782
1217	1848
1217	1895
1217	1924
1217	1986
1218	1261
1218	1383
1218	1432
1218	1530
1218	1852
1219	1248
1219	1341
1219	1357
1219	1660
1219	1939
1220	1386
1220	1437
1220	1580
1220	1658
1220	1686
1220	1698
1220	1705
1220	1851
1220	1891
1220	1896
1221	1310
1221	1409
1221	1471
1221	1537
1221	1679
1221	1712
1221	1728
1221	1785
1222	1499
1222	1564
1222	1681
1222	1792
1222	1857
1223	1253
1223	1280
1223	1288
1223	1376
1223	1388
1223	1402
1223	1427
1223	1811
1224	1296
1224	1852
1224	1943
1225	1505
1225	1542
1225	1743
1225	1785
1225	1787
1225	1994
1226	1414
1226	1418
1226	1451
1226	1467
1226	1584
1226	1618
1226	1732
1226	1838
1226	1934
1226	1993
1226	1999
1227	1608
1227	1674
1227	1735
1227	1953
1228	1450
1228	1460
1228	1687
1228	1855
1228	1920
1228	1959
1229	1242
1229	1338
1229	1441
1229	1472
1229	1569
1229	1595
1229	1670
1229	1804
1229	1840
1229	1928
1230	1259
1230	1556
1230	1560
1230	1567
1230	1595
1230	1601
1230	1678
1230	1717
1230	1730
1230	1741
1230	1787
1230	1872
1230	1901
1230	1904
1230	1997
1231	1235
1231	1255
1231	1313
1231	1364
1231	1470
1231	1603
1231	1637
1231	1667
1231	1928
1231	1944
1232	1414
1232	1556
1232	1925
1232	1984
1233	1401
1233	1556
1233	1609
1233	1774
1233	1805
1233	1869
1233	1992
1234	1245
1234	1420
1234	1622
1234	1657
1234	1790
1234	1795
1234	1824
1234	1870
1234	1920
1235	1300
1235	1332
1235	1557
1235	1580
1235	1650
1235	1726
1235	1781
1236	1245
1236	1254
1236	1359
1236	1527
1236	1534
1236	1637
1236	1778
1236	1790
1236	1834
1236	1916
1237	1268
1237	1292
1237	1353
1237	1765
1237	1784
1237	1796
1237	1886
1238	1530
1238	1947
1239	1342
1239	1404
1239	1658
1239	1758
1239	1912
1239	1960
1240	1265
1240	1268
1240	1275
1240	1283
1240	1313
1240	1343
1240	1421
1240	1499
1240	1577
1240	1690
1240	1835
1240	1958
1241	1266
1241	1368
1241	1804
1241	1808
1241	1837
1241	1860
1242	1253
1242	1346
1242	1862
1242	1923
1242	1943
1242	1965
1243	1265
1243	1307
1243	1343
1243	1409
1243	1717
1243	1878
1243	1889
1244	1359
1244	1615
1244	1683
1245	1329
1245	1421
1245	1433
1245	1592
1245	1677
1245	1688
1245	1710
1245	1776
1245	1779
1245	1820
1245	1824
1245	1833
1245	1913
1246	1260
1246	1277
1246	1290
1246	1371
1246	1473
1246	1645
1246	1727
1246	1733
1246	1843
1247	1308
1247	1426
1247	1448
1247	1642
1247	1646
1247	1896
1247	1973
1248	1333
1248	1421
1248	1466
1248	1534
1248	1651
1248	1674
1248	1842
1248	1864
1249	1314
1249	1429
1249	1508
1249	1511
1249	1543
1249	1552
1249	1905
1250	1278
1250	1375
1250	1744
1250	1783
1250	1791
1250	1968
1251	1348
1251	1469
1251	1472
1251	1557
1251	1734
1252	1276
1252	1685
1252	1726
1252	1838
1252	1982
1253	1270
1253	1339
1253	1350
1253	1393
1253	1447
1253	1450
1253	1560
1253	1598
1253	1599
1253	1731
1253	1831
1253	1866
1253	1919
1254	1403
1254	1631
1254	1705
1254	1715
1254	1745
1254	1794
1254	1908
1255	1291
1255	1339
1255	1557
1255	1614
1255	1651
1255	1696
1255	1700
1256	1316
1256	1385
1256	1436
1256	1471
1256	1572
1256	1627
1256	1652
1256	1686
1256	1718
1257	1344
1257	1361
1257	1498
1257	1761
1257	1810
1258	1284
1258	1461
1258	1493
1258	1726
1258	1805
1258	1823
1258	1844
1258	1869
1258	1944
1258	1985
1259	1263
1259	1456
1259	1724
1259	1863
1259	1869
1259	1893
1259	1921
1260	1313
1260	1892
1260	1899
1260	1946
1260	1949
1260	1981
1261	1351
1261	1437
1261	1585
1261	1679
1261	1803
1261	1838
1261	1841
1262	1338
1262	1371
1262	1412
1262	1717
1262	1812
1263	1424
1263	1497
1263	1506
1263	1529
1263	1546
1263	1630
1263	1780
1263	1872
1264	1282
1264	1322
1264	1579
1264	1637
1264	1796
1264	1832
1265	1315
1265	1349
1265	1373
1265	1429
1265	1920
1265	1932
1266	1358
1266	1424
1266	1436
1266	1462
1266	1471
1266	1648
1266	1654
1266	1806
1266	1911
1266	1962
1266	1974
1267	1316
1267	1402
1267	1428
1267	1497
1267	1504
1267	1660
1267	1671
1267	1676
1267	1695
1267	1732
1267	1739
1267	1815
1267	1827
1267	1943
1268	1285
1268	1338
1268	1399
1268	1407
1268	1590
1268	1615
1269	1358
1269	1676
1269	1717
1269	1893
1269	1939
1269	1966
1270	1404
1270	1545
1270	1635
1270	1665
1270	1685
1270	1702
1270	1817
1270	1902
1270	1908
1270	1942
1271	1300
1271	1310
1271	1356
1271	1430
1271	1444
1271	1477
1271	1734
1271	1748
1271	1794
1271	1904
1271	1914
1272	1396
1272	1477
1272	1508
1272	1570
1272	1690
1272	1983
1272	1994
1273	1351
1273	1586
1273	1823
1273	1832
1273	1853
1274	1474
1274	1661
1274	1760
1274	1761
1274	1880
1275	1331
1275	1337
1275	1544
1275	1705
1275	1781
1275	1923
1276	1323
1276	1357
1276	1417
1276	1650
1277	1278
1277	1319
1277	1323
1277	1506
1277	1600
1277	1688
1277	1715
1277	1769
1277	1814
1278	1282
1278	1325
1278	1656
1278	1749
1278	1858
1278	1904
1278	1918
1279	1531
1279	1537
1279	1611
1279	1831
1279	1889
1279	1965
1280	1317
1280	1340
1280	1633
1280	1701
1281	1297
1281	1330
1281	1454
1281	1636
1281	1655
1281	1705
1281	1778
1281	1813
1281	1838
1281	1965
1281	1987
1282	1499
1282	1567
1282	1584
1282	1628
1282	1650
1282	1857
1282	1889
1283	1291
1283	1364
1283	1472
1283	1601
1283	1641
1283	1690
1283	1754
1283	1879
1283	1926
1284	1479
1284	1507
1284	1543
1284	1654
1284	1665
1284	1899
1284	1985
1285	1297
1285	1373
1285	1450
1285	1482
1285	1563
1285	1586
1285	1657
1285	1775
1285	1798
1285	1919
1286	1413
1286	1521
1286	1894
1286	1911
1286	1914
1287	1357
1287	1382
1287	1447
1287	1572
1287	1778
1287	1877
1287	1878
1287	1935
1287	1949
1287	1983
1288	1384
1288	1588
1288	1594
1288	1620
1288	1918
1289	1390
1289	1536
1289	1596
1289	1706
1289	1968
1290	1351
1290	1353
1290	1415
1290	1616
1290	1643
1290	1684
1290	1924
1291	1370
1291	1427
1291	1429
1291	1605
1291	1644
1291	1916
1291	1975
1292	1387
1292	1428
1292	1462
1292	1516
1292	1604
1292	1652
1292	1727
1292	1754
1292	1820
1292	1908
1292	1951
1293	1342
1293	1486
1293	1511
1293	1758
1293	1779
1293	1783
1293	1820
1293	1832
1293	1876
1293	1896
1293	1960
1293	1972
1294	1404
1294	1439
1294	1449
1294	1482
1294	1494
1294	1621
1294	1662
1294	1674
1294	1974
1295	1348
1295	1423
1295	1529
1295	1705
1295	1786
1295	1953
1295	1969
1296	1323
1296	1585
1296	1587
1296	1625
1296	1633
1296	1661
1296	1766
1296	1784
1296	1916
1296	1933
1297	1718
1297	1726
1297	1776
1297	1896
1298	1323
1298	1329
1298	1389
1298	1404
1298	1477
1298	1580
1298	1592
1298	1626
1298	1676
1298	1763
1298	1817
1298	1832
1298	1866
1298	1870
1298	1961
1298	1980
1299	1316
1299	1410
1299	1454
1299	1496
1299	1547
1299	1560
1299	1584
1299	1701
1299	1722
1299	1811
1299	1824
1299	1971
1299	1978
1299	1996
1300	1401
1300	1460
1300	1542
1300	1603
1300	1882
1300	1911
1300	1955
1301	1312
1301	1325
1301	1345
1301	1577
1301	1697
1301	1781
1301	1834
1301	1840
1302	1350
1302	1543
1302	1738
1302	1795
1302	1835
1302	1856
1302	1911
1302	1913
1302	1932
1302	1977
1303	1317
1303	1525
1303	1933
1303	1934
1304	1338
1304	1371
1304	1419
1304	1449
1304	1459
1304	1532
1304	1550
1304	1717
1304	1718
1304	1772
1304	1784
1304	1907
1305	1318
1305	1593
1305	1959
1306	1309
1306	1311
1306	1326
1306	1469
1306	1476
1306	1649
1306	1663
1306	1703
1306	1909
1306	1933
1306	1936
1307	1452
1307	1544
1307	1551
1307	1723
1307	1761
1307	1824
1308	1431
1308	1518
1308	1585
1308	1628
1308	1648
1308	1859
1308	1998
1309	1326
1309	1355
1309	1441
1309	1490
1309	1601
1309	1624
1309	1628
1309	1630
1309	1755
1309	1759
1309	1837
1309	1997
1310	1423
1310	1429
1310	1448
1310	1468
1310	1482
1310	1517
1310	1691
1310	1782
1311	1323
1311	1337
1311	1403
1311	1431
1311	1493
1311	1718
1311	1885
1312	1343
1312	1373
1312	1458
1312	1460
1312	1483
1312	1571
1312	1764
1312	1791
1312	1823
1312	1942
1312	1971
1312	1982
1312	1989
1313	1314
1313	1334
1313	1436
1313	1461
1313	1534
1313	1574
1313	1946
1313	1975
1314	1366
1314	1405
1314	1484
1314	1514
1314	1519
1314	1540
1314	1578
1314	1740
1314	1852
1315	1419
1315	1494
1315	1533
1315	1597
1316	1634
1316	1654
1316	1754
1316	1937
1316	1954
1317	1327
1317	1374
1317	1381
1317	1413
1317	1442
1317	1581
1317	1620
1317	1923
1318	1347
1318	1403
1318	1443
1318	1463
1318	1713
1318	1877
1319	1493
1319	1532
1319	1623
1319	1680
1319	1764
1319	1813
1319	1819
1319	1941
1320	1357
1320	1410
1320	1517
1320	1618
1320	1672
1320	1764
1320	1802
1320	1808
1321	1367
1321	1541
1321	1545
1321	1549
1321	1556
1321	1795
1321	1840
1321	1991
1322	1563
1322	1631
1322	1737
1322	1897
1322	1986
1323	1412
1323	1418
1323	1660
1323	1662
1323	1799
1324	1501
1324	1624
1324	1668
1324	1799
1324	1890
1324	1919
1325	1444
1325	1720
1325	1726
1325	1755
1325	1827
1325	1860
1326	1411
1326	1553
1326	1723
1326	1731
1326	1828
1326	1856
1327	1434
1327	1465
1327	1532
1327	1708
1327	1823
1327	1932
1328	1351
1328	1423
1328	1670
1328	1818
1328	1851
1329	1362
1329	1543
1329	1600
1329	1686
1329	1830
1330	1707
1330	1773
1330	1823
1330	1858
1330	1942
1331	1429
1331	1442
1331	1615
1331	1730
1331	1919
1332	1370
1332	1466
1332	1475
1332	1642
1332	1696
1332	1741
1332	1814
1332	1852
1332	1916
1333	1452
1333	1727
1333	1782
1333	1991
1334	1519
1334	1770
1334	1811
1334	1875
1334	1908
1334	1981
1335	1559
1335	1616
1335	1643
1335	1666
1335	1890
1335	1991
1335	1994
1336	1350
1336	1452
1337	1370
1337	1412
1337	1518
1337	1796
1337	1888
1337	1943
1337	1990
1338	1357
1338	1368
1338	1384
1338	1496
1338	1522
1338	1579
1338	1611
1338	1656
1338	1741
1338	1998
1339	1385
1339	1427
1339	1535
1339	1586
1339	1611
1339	1654
1339	1707
1339	1720
1339	1863
1339	1907
1340	1345
1340	1444
1340	1475
1340	1506
1340	1587
1340	1707
1340	1711
1340	1782
1341	1744
1341	1919
1341	1947
1342	1416
1342	1446
1342	1470
1342	1527
1342	1583
1342	1651
1342	1969
1343	1460
1343	1476
1343	1573
1343	1600
1343	1843
1343	1947
1343	1966
1344	1358
1344	1417
1344	1662
1344	1804
1344	1865
1344	1980
1345	1493
1345	1558
1345	1563
1345	1572
1345	1766
1345	1771
1346	1457
1346	1495
1346	1527
1346	1531
1346	1567
1346	1576
1346	1650
1346	1714
1346	1873
1346	1978
1346	1997
1347	1495
1348	1510
1348	1551
1348	1679
1348	1809
1348	1977
1348	1985
1349	1375
1349	1480
1349	1588
1349	1609
1349	1667
1349	1670
1349	1779
1349	1908
1350	1400
1350	1610
1350	1652
1350	1742
1350	1846
1350	1965
1350	1987
1350	1992
1351	1377
1351	1441
1351	1451
1351	1524
1351	1542
1351	1543
1351	1652
1352	1353
1352	1411
1352	1432
1352	1488
1352	1542
1352	1578
1352	1586
1352	1684
1352	1759
1352	1806
1352	1809
1352	1971
1352	1999
1353	1360
1353	1481
1353	1523
1353	1613
1353	1774
1353	1795
1354	1504
1354	1569
1354	1899
1354	1932
1354	1973
1355	1369
1355	1433
1355	1463
1355	1479
1355	1519
1355	1710
1355	1761
1355	1819
1355	1909
1356	1535
1356	1550
1357	1586
1357	1719
1357	1752
1357	1786
1357	1836
1357	1867
1357	1882
1358	1444
1358	1616
1358	1671
1358	1757
1358	1876
1358	1884
1358	1931
1359	1364
1359	1667
1359	1801
1359	1861
1359	1892
1360	1469
1360	1485
1360	1536
1360	1550
1360	1800
1360	1928
1361	1371
1361	1479
1361	1495
1361	1583
1361	1588
1361	1651
1361	1887
1361	1924
1362	1472
1362	1695
1362	1732
1362	1760
1362	1787
1362	1817
1362	1895
1362	1986
1362	1993
1363	1501
1363	1569
1363	1619
1363	1713
1363	1736
1363	1746
1363	1942
1364	1899
1365	1622
1365	1669
1366	1433
1366	1480
1366	1502
1366	1539
1366	1592
1366	1595
1366	1681
1366	1713
1366	1816
1366	1862
1366	1985
1367	1550
1367	1721
1367	1742
1367	1757
1367	1782
1367	1842
1367	1907
1368	1604
1368	1610
1368	1658
1368	1813
1368	1993
1369	1406
1369	1427
1369	1489
1369	1547
1369	1817
1369	1919
1370	1538
1370	1561
1370	1672
1370	1782
1371	1616
1371	1619
1371	1636
1371	1640
1371	1645
1371	1675
1371	1706
1371	1730
1371	1945
1372	1376
1372	1380
1372	1445
1372	1460
1372	1571
1372	1615
1372	1673
1372	1752
1372	1814
1372	1985
1373	1418
1373	1468
1373	1558
1373	1599
1373	1636
1373	1742
1373	1764
1373	1781
1373	1856
1373	1923
1373	1961
1374	1586
1374	1686
1374	1797
1374	1811
1374	1901
1375	1474
1375	1685
1375	1759
1375	1864
1375	1887
1376	1484
1376	1550
1376	1752
1376	1774
1376	1838
1376	1867
1376	1982
1376	1992
1377	1438
1377	1541
1377	1618
1377	1783
1377	1845
1377	1848
1377	1892
1378	1383
1378	1534
1378	1621
1378	1650
1378	1653
1379	1576
1379	1802
1379	1858
1379	1934
1379	1955
1379	1988
1380	1437
1380	1727
1380	1807
1380	1876
1380	1975
1381	1432
1381	1456
1381	1555
1381	1621
1381	1742
1382	1422
1382	1473
1382	1601
1382	1671
1382	1789
1382	1831
1382	1958
1382	1963
1383	1422
1383	1545
1383	1649
1383	1775
1383	1890
1384	1415
1384	1432
1384	1443
1384	1517
1384	1532
1384	1564
1384	1591
1384	1668
1385	1511
1385	1521
1385	1548
1385	1565
1385	1718
1385	1795
1385	1893
1385	1974
1386	1633
1386	1695
1386	1863
1386	1869
1386	1899
1387	1421
1387	1520
1387	1596
1387	1647
1387	1658
1387	1669
1387	1878
1387	1892
1387	1959
1387	1968
1388	1438
1388	1522
1388	1637
1389	1682
1389	1892
1389	1911
1389	1998
1390	1401
1390	1543
1390	1679
1390	1700
1390	1722
1390	1736
1390	1751
1391	1398
1391	1460
1391	1544
1391	1785
1391	1799
1391	1802
1392	1501
1392	1602
1392	1770
1392	1825
1392	1848
1392	1919
1393	1526
1393	1551
1393	1598
1393	1691
1393	1758
1393	1779
1393	1782
1394	1431
1394	1452
1394	1480
1394	1544
1394	1612
1394	1767
1394	1786
1394	1970
1395	1520
1396	1464
1396	1473
1396	1480
1396	1564
1396	1949
1396	1993
1396	1995
1397	1530
1397	1542
1397	1634
1397	1749
1397	1904
1397	1930
1398	1467
1398	1651
1398	1697
1398	1844
1398	1933
1399	1733
1399	1944
1399	1955
1400	1429
1400	1480
1400	1635
1400	1675
1400	1863
1400	1907
1401	1531
1401	1604
1401	1798
1401	1822
1401	1945
1402	1445
1402	1554
1402	1619
1402	1708
1402	1745
1402	1847
1402	1917
1404	1596
1404	1611
1404	1614
1404	1627
1404	1660
1404	1837
1404	1840
1404	1934
1405	1947
1405	1956
1406	1819
1406	1988
1406	1994
1407	1597
1407	1835
1408	1421
1408	1481
1408	1530
1408	1662
1408	1692
1408	1825
1409	1418
1409	1498
1409	1897
1409	1924
1410	1507
1410	1679
1410	1691
1410	1700
1410	1943
1411	1419
1411	1424
1411	1474
1411	1540
1411	1639
1411	1852
1411	1907
1411	1921
1411	1955
1412	1415
1412	1549
1412	1570
1412	1802
1413	1450
1413	1475
1413	1609
1413	1624
1413	1626
1413	1846
1413	1883
1413	1965
1414	1540
1414	1576
1414	1637
1414	1651
1414	1778
1414	1932
1414	1946
1414	1983
1415	1490
1415	1660
1415	1736
1415	1773
1415	1823
1415	1840
1415	1880
1416	1582
1416	1597
1416	1625
1416	1702
1416	1796
1416	1856
1416	1926
1416	1971
1417	1427
1417	1492
1417	1641
1417	1787
1417	1799
1417	1908
1417	1974
1417	1980
1418	1451
1418	1843
1419	1454
1419	1676
1419	1771
1419	1983
1420	1528
1420	1564
1420	1576
1420	1699
1420	1728
1420	1913
1420	1993
1421	1635
1421	1657
1421	1675
1421	1878
1421	1928
1422	1463
1422	1494
1422	1562
1422	1720
1422	1754
1422	1951
1423	1438
1423	1652
1423	1671
1423	1692
1423	1702
1423	1716
1423	1773
1423	1777
1423	1941
1424	1459
1424	1544
1424	1597
1424	1880
1424	1927
1425	1675
1425	1778
1425	1855
1425	1867
1425	1876
1425	1955
1426	1472
1426	1487
1426	1500
1426	1569
1426	1643
1426	1660
1426	1758
1426	1818
1427	1429
1427	1656
1427	1767
1427	1843
1428	1435
1428	1437
1428	1493
1428	1624
1428	1653
1428	1872
1428	1879
1429	1443
1429	1567
1429	1657
1429	1709
1429	1720
1429	1874
1429	1893
1430	1483
1430	1491
1430	1496
1430	1514
1430	1540
1430	1640
1430	1732
1430	1862
1430	1996
1431	1551
1431	1610
1431	1698
1431	1721
1431	1756
1431	1769
1431	1819
1431	1822
1431	1847
1431	1939
1431	1959
1432	1444
1432	1596
1432	1741
1432	1829
1432	1834
1432	1957
1433	1475
1433	1670
1433	1768
1433	1921
1434	1441
1434	1516
1434	1850
1434	1935
1435	1534
1435	1718
1435	1723
1435	1728
1435	1991
1436	1484
1436	1550
1436	1597
1436	1614
1436	1675
1436	1689
1436	1938
1437	1573
1437	1764
1437	1771
1438	1528
1438	1783
1438	1842
1438	1892
1439	1673
1439	1785
1439	1909
1439	1975
1440	1451
1440	1489
1440	1701
1440	1716
1440	1760
1440	1785
1440	1929
1440	1987
1441	1537
1441	1648
1441	1720
1441	1790
1442	1505
1442	1522
1442	1671
1442	1824
1442	1858
1442	1885
1443	1571
1443	1633
1443	1674
1443	1761
1443	1789
1443	1792
1443	1852
1443	1854
1444	1513
1444	1548
1444	1707
1444	1844
1444	1881
1444	1891
1445	1567
1445	1707
1445	1710
1445	1903
1445	1993
1446	1543
1446	1585
1446	1610
1446	1655
1446	1775
1446	1864
1446	1969
1447	1544
1447	1853
1448	1565
1448	1586
1448	1726
1448	1739
1448	1876
1448	1881
1448	1910
1448	1936
1449	1706
1449	1899
1449	1972
1450	1609
1450	1721
1450	1742
1450	1825
1450	1846
1451	1470
1451	1623
1451	1906
1451	1933
1452	1562
1452	1690
1452	1729
1452	1844
1452	1879
1452	1903
1453	1518
1453	1823
1453	1834
1453	1851
1454	1514
1454	1526
1454	1768
1454	1792
1454	1800
1454	1825
1454	1858
1454	1962
1455	1692
1455	1756
1455	1783
1455	1836
1455	1839
1455	1977
1456	1537
1456	1664
1456	1817
1456	1884
1456	1977
1456	1993
1457	1713
1457	1748
1457	1842
1457	1955
1458	1572
1458	1718
1458	1892
1459	1598
1459	1837
1459	1865
1459	1905
1459	1968
1460	1502
1460	1505
1460	1563
1460	1961
1461	1524
1461	1547
1461	1596
1461	1605
1461	1636
1461	1652
1461	1700
1461	1719
1461	1730
1461	1846
1462	1489
1462	1568
1462	1760
1462	1777
1462	1834
1463	1500
1463	1509
1463	1670
1463	1690
1463	1790
1463	1904
1464	1579
1464	1597
1464	1672
1464	1673
1464	1919
1464	1952
1464	1968
1464	1978
1465	1506
1465	1769
1466	1514
1466	1517
1466	1526
1466	1543
1466	1581
1466	1753
1466	1790
1466	1809
1466	1829
1466	1899
1466	1952
1466	1967
1467	1596
1467	1925
1467	1942
1468	1486
1468	1559
1468	1572
1468	1625
1468	1862
1469	1638
1469	1705
1469	1794
1469	1811
1469	1955
1469	1982
1470	1562
1470	1587
1470	1787
1470	1793
1470	1950
1471	1556
1471	1604
1471	1656
1471	1691
1471	1739
1471	1827
1471	1911
1471	1979
1472	1535
1472	1668
1472	1738
1472	1745
1472	1762
1472	1767
1472	1790
1472	1862
1473	1492
1473	1941
1474	1483
1474	1485
1474	1825
1474	1833
1474	1869
1474	1890
1474	1930
1475	1493
1475	1512
1475	1567
1475	1623
1475	1739
1475	1847
1475	1879
1475	1937
1476	1477
1476	1549
1476	1550
1476	1558
1476	1665
1476	1893
1476	1979
1477	1527
1477	1638
1477	1715
1477	1790
1477	1883
1477	1934
1478	1496
1478	1512
1478	1544
1478	1547
1478	1830
1478	1988
1479	1498
1479	1521
1479	1616
1479	1697
1479	1740
1479	1763
1480	1554
1480	1722
1480	1859
1480	1946
1480	1954
1481	1557
1481	1622
1481	1778
1481	1797
1482	1499
1482	1556
1482	1602
1482	1791
1482	1944
1482	1959
1483	1536
1483	1707
1483	1821
1483	1941
1485	1525
1485	1583
1485	1732
1485	1790
1486	1490
1486	1505
1486	1519
1486	1530
1486	1594
1486	1744
1486	1856
1487	1500
1487	1519
1487	1603
1487	1605
1487	1722
1487	1782
1487	1924
1488	1534
1488	1597
1488	1829
1488	1956
1489	1783
1489	1795
1489	1875
1490	1745
1491	1512
1491	1567
1491	1710
1491	1764
1491	1846
1492	1498
1492	1524
1492	1550
1492	1653
1492	1689
1492	1754
1492	1923
1493	1520
1493	1779
1493	1936
1493	1999
1494	1590
1494	1594
1494	1600
1494	1697
1494	1742
1494	1814
1494	1822
1494	1870
1494	1881
1495	1619
1495	1724
1495	1826
1495	1893
1495	1986
1496	1712
1496	1753
1496	1784
1496	1823
1496	1848
1496	1852
1496	1955
1497	1538
1497	1603
1497	1628
1497	1972
1497	1973
1498	1734
1498	1889
1498	1931
1498	1984
1499	1593
1499	1633
1499	1679
1499	1784
1499	1785
1499	1888
1499	1902
1499	1955
1499	1978
1499	1981
1500	1510
1500	1633
1500	1638
1500	1696
1500	1705
1500	1920
1501	1523
1501	1863
1501	1930
1502	1546
1502	1578
1502	1692
1502	1748
1502	1837
1502	1871
1502	1888
1502	1983
1503	1604
1503	1855
1503	1856
1503	1878
1503	1886
1503	1910
1503	1912
1504	1726
1504	1825
1504	1960
1504	1981
1505	1543
1505	1555
1505	1563
1505	1779
1505	1800
1505	1835
1505	1982
1506	1552
1506	1597
1506	1634
1506	1656
1506	1817
1507	1614
1507	1619
1507	1634
1507	1702
1507	1870
1507	1937
1507	1954
1507	1965
1508	1792
1508	1808
1509	1599
1509	1673
1509	1720
1509	1723
1509	1770
1509	1820
1510	1581
1510	1625
1510	1646
1510	1666
1510	1801
1510	1833
1511	1554
1511	1561
1511	1707
1511	1781
1511	1844
1511	1863
1511	1931
1512	1623
1512	1634
1512	1672
1512	1778
1512	1823
1512	1955
1513	1679
1513	1861
1513	1952
1513	1956
1513	1976
1514	1752
1514	1762
1514	1911
1515	1524
1515	1769
1515	1964
1516	1646
1516	1660
1516	1853
1516	1977
1517	1987
1518	1720
1518	1739
1518	1795
1518	1879
1519	1622
1519	1879
1519	1885
1519	1997
1520	1888
1520	1957
1521	1562
1521	1659
1521	1679
1521	1734
1521	1821
1521	1922
1522	1523
1522	1689
1522	1926
1523	1762
1523	1985
1524	1567
1524	1649
1524	1844
1524	1851
1524	1879
1525	1639
1525	1674
1525	1788
1525	1793
1525	1817
1526	1535
1526	1636
1526	1805
1526	1859
1526	1980
1527	1683
1527	1724
1527	1766
1527	1778
1527	1855
1527	1861
1527	1963
1527	1998
1528	1567
1528	1578
1528	1624
1528	1681
1528	1706
1528	1939
1529	1576
1529	1727
1529	1767
1530	1710
1530	1790
1530	1857
1531	1591
1531	1696
1531	1783
1531	1898
1531	1964
1532	1537
1532	1546
1533	1569
1533	1609
1533	1620
1533	1623
1533	1898
1534	1999
1535	1572
1535	1617
1535	1670
1535	1685
1535	1716
1535	1757
1535	1844
1535	1891
1536	1648
1536	1800
1537	1751
1537	1832
1537	1841
1537	1884
1538	1658
1539	1587
1539	1618
1539	1973
1540	1574
1540	1646
1540	1765
1540	1784
1540	1843
1540	1954
1541	1646
1541	1722
1541	1764
1542	1733
1542	1800
1542	1973
1542	1980
1542	1984
1543	1639
1543	1662
1543	1728
1543	1985
1544	1577
1544	1682
1544	1882
1544	1898
1545	1623
1545	1761
1545	1772
1546	1666
1546	1803
1546	1828
1546	1990
1547	1675
1547	1718
1547	1800
1547	1988
1548	1652
1548	1840
1549	1746
1549	1836
1549	1937
1549	1972
1550	1649
1550	1889
1551	1574
1551	1586
1551	1658
1551	1812
1552	1606
1552	1648
1552	1672
1552	1881
1553	1685
1553	1697
1553	1751
1553	1806
1553	1859
1553	1912
1553	1918
1553	1984
1554	1566
1554	1606
1554	1691
1554	1855
1554	1921
1554	1924
1555	1576
1555	1656
1555	1687
1555	1690
1555	1723
1555	1743
1555	1875
1556	1672
1556	1753
1556	1843
1556	1864
1556	1873
1557	1672
1557	1692
1557	1758
1557	1907
1558	1703
1558	1888
1559	1650
1559	1998
1560	1854
1560	1899
1560	1984
1562	1753
1562	1842
1562	1882
1563	1583
1563	1717
1563	1756
1563	1768
1563	1886
1564	1570
1564	1649
1564	1723
1564	1800
1564	1845
1564	1937
1564	1991
1565	1657
1565	1821
1565	1837
1565	1940
1565	1954
1565	1965
1565	1975
1566	1863
1566	1907
1566	1930
1567	1852
1567	1915
1568	1649
1568	1703
1568	1802
1568	1851
1568	1862
1568	1907
1568	1995
1569	1591
1569	1884
1569	1896
1570	1584
1571	1645
1571	1649
1571	1931
1572	1577
1572	1613
1572	1680
1572	1873
1573	1667
1574	1601
1574	1652
1574	1719
1574	1755
1574	1858
1574	1993
1575	1647
1575	1825
1575	1848
1575	1880
1576	1917
1576	1975
1576	1984
1576	1999
1577	1623
1577	1695
1577	1836
1577	1862
1578	1597
1578	1881
1578	1896
1579	1589
1579	1693
1579	1909
1580	1743
1580	1922
1580	1974
1581	1902
1582	1822
1582	1838
1582	1903
1583	1659
1583	1715
1583	1740
1583	1752
1583	1835
1583	1881
1583	1921
1584	1711
1584	1766
1584	1804
1585	1856
1586	1744
1586	1770
1586	1778
1586	1956
1587	1759
1587	1954
1587	1964
1588	1695
1588	1791
1588	1944
1588	1995
1589	1608
1589	1910
1589	1911
1589	1949
1589	1958
1590	1764
1590	1869
1590	1914
1590	1975
1590	1983
1591	1638
1591	1735
1591	1797
1591	1847
1591	1875
1591	1907
1591	1938
1591	1997
1592	1770
1592	1845
1592	1859
1592	1862
1592	1876
1593	1640
1593	1699
1593	1793
1593	1820
1594	1771
1594	1780
1594	1892
1594	1900
1594	1979
1594	1993
1595	1610
1595	1611
1595	1640
1595	1695
1595	1832
1595	1842
1595	1859
1595	1892
1596	1656
1596	1725
1596	1772
1596	1798
1597	1642
1597	1651
1597	1761
1597	1799
1597	1803
1597	1857
1597	1889
1597	1982
1598	1704
1598	1705
1598	1744
1598	1839
1598	1993
1598	1995
1599	1606
1599	1672
1599	1675
1599	1689
1599	1791
1599	1814
1599	1817
1599	1896
1599	1935
1600	1603
1600	1979
1601	1730
1601	1793
1601	1826
1601	1870
1601	1953
1601	1959
1602	1831
1602	1924
1602	1977
1602	1990
1603	1716
1603	1750
1603	1818
1604	1713
1604	1764
1604	1799
1604	1801
1604	1862
1604	1887
1604	1935
1604	1994
1605	1609
1605	1684
1605	1711
1605	1759
1605	1860
1605	1916
1606	1630
1606	1648
1606	1693
1606	1788
1606	1803
1606	1887
1607	1658
1607	1735
1607	1866
1609	1712
1609	1740
1609	1755
1609	1775
1609	1825
1609	1855
1610	1844
1611	1725
1611	1803
1611	1908
1611	1926
1611	1940
1611	1943
1611	1987
1612	1688
1612	1902
1613	1980
1614	1727
1614	1913
1615	1779
1615	1787
1615	1877
1616	1920
1616	1959
1617	1619
1617	1713
1617	1777
1617	1841
1617	1857
1617	1926
1618	1701
1618	1772
1618	1853
1618	1874
1618	1922
1618	1986
1619	1720
1619	1739
1619	1952
1620	1707
1620	1726
1620	1744
1620	1874
1621	1707
1621	1745
1621	1846
1621	1852
1621	1997
1622	1682
1622	1697
1622	1816
1622	1915
1622	1960
1623	1667
1623	1687
1623	1693
1623	1983
1623	1991
1624	1648
1624	1663
1624	1673
1624	1706
1624	1710
1624	1982
1624	1999
1625	1667
1626	1711
1626	1951
1626	1994
1627	1670
1627	1711
1627	1992
1628	1779
1628	1843
1628	1951
1629	1682
1629	1708
1629	1783
1630	1768
1630	1817
1630	1840
1630	1875
1630	1887
1631	1876
1631	1978
1632	1669
1632	1683
1632	1869
1632	1922
1633	1668
1633	1718
1633	1793
1633	1794
1633	1799
1633	1838
1633	1884
1633	1902
1633	1964
1633	1983
1633	1988
1634	1648
1634	1694
1634	1772
1634	1806
1634	1850
1634	1961
1634	1993
1635	1647
1635	1741
1635	1804
1635	1805
1635	1807
1635	1883
1635	1896
1635	1940
1636	1813
1636	1872
1636	1902
1636	1958
1636	1960
1637	1649
1637	1919
1638	1644
1638	1786
1638	1955
1639	1807
1639	1847
1639	1992
1640	1699
1640	1786
1640	1826
1641	1676
1642	1729
1642	1805
1642	1860
1642	1984
1643	1748
1643	1850
1643	1859
1643	1919
1643	1949
1643	1968
1643	1997
1644	1686
1644	1707
1644	1710
1644	1847
1644	1968
1645	1667
1645	1697
1645	1883
1645	1942
1646	1742
1646	1803
1647	1701
1647	1777
1649	1702
1649	1791
1649	1862
1649	1972
1649	1984
1649	1998
1650	1810
1650	1876
1650	1931
1650	1974
1651	1974
1652	1692
1652	1753
1652	1972
1652	1986
1653	1660
1653	1691
1653	1738
1653	1807
1653	1871
1653	1932
1654	1964
1655	1953
1656	1657
1656	1670
1656	1935
1656	1940
1657	1727
1657	1962
1658	1675
1658	1905
1658	1995
1659	1689
1659	1709
1659	1885
1660	1722
1661	1714
1662	1834
1662	1860
1662	1886
1662	1999
1663	1675
1663	1692
1663	1735
1663	1826
1663	1901
1664	1699
1664	1895
1664	1898
1664	1969
1665	1669
1665	1713
1665	1752
1665	1802
1665	1823
1665	1887
1666	1905
1666	1936
1666	1983
1667	1741
1667	1797
1667	1934
1668	1698
1668	1943
1669	1788
1669	1861
1669	1897
1669	1991
1670	1691
1670	1899
1670	1954
1670	1974
1672	1680
1672	1722
1672	1753
1672	1791
1672	1842
1672	1981
1673	1831
1674	1690
1674	1694
1674	1705
1674	1853
1675	1680
1675	1716
1675	1738
1675	1762
1675	1837
1675	1981
1676	1704
1676	1752
1676	1778
1676	1805
1676	1991
1677	1782
1678	1923
1679	1835
1679	1857
1679	1950
1680	1703
1680	1801
1680	1936
1680	1973
1681	1906
1682	1762
1682	1779
1682	1813
1682	1842
1682	1976
1683	1706
1683	1792
1683	1819
1683	1848
1684	1715
1684	1738
1684	1770
1684	1801
1684	1987
1685	1834
1685	1935
1685	1963
1685	1980
1686	1812
1686	1815
1686	1851
1687	1782
1687	1804
1687	1808
1687	1874
1687	1965
1687	1966
1688	1732
1688	1737
1688	1779
1688	1867
1688	1916
1688	1953
1688	1981
1689	1783
1689	1786
1689	1812
1689	1821
1689	1921
1689	1936
1689	1954
1689	1961
1690	1755
1690	1795
1690	1961
1690	1967
1690	1999
1691	1792
1691	1925
1692	1879
1692	1957
1693	1881
1693	1903
1694	1848
1695	1950
1696	1918
1696	1948
1696	1998
1697	1772
1697	1787
1697	1901
1697	1958
1697	1993
1699	1747
1699	1801
1699	1806
1699	1869
1699	1928
1699	1947
1699	1999
1700	1781
1700	1929
1701	1766
1701	1799
1701	1840
1702	1705
1702	1730
1702	1744
1702	1892
1703	1948
1703	1988
1704	1825
1704	1929
1704	1977
1705	1872
1705	1908
1706	1721
1706	1945
1707	1731
1707	1819
1707	1853
1707	1856
1707	1888
1707	1914
1707	1947
1709	1720
1709	1838
1710	1919
1710	1946
1710	1967
1711	1714
1711	1737
1711	1745
1711	1774
1711	1823
1711	1862
1711	1880
1712	1814
1713	1742
1713	1855
1713	1950
1714	1847
1714	1851
1714	1860
1715	1884
1715	1926
1716	1726
1716	1756
1716	1909
1716	1916
1716	1985
1717	1849
1718	1963
1718	1967
1719	1832
1719	1848
1719	1869
1720	1753
1721	1925
1721	1931
1721	1934
1722	1755
1722	1830
1722	1832
1722	1874
1723	1801
1723	1924
1724	1766
1724	1790
1724	1892
1724	1939
1724	1951
1726	1971
1727	1728
1727	1745
1727	1945
1730	1754
1730	1802
1731	1892
1731	1902
1732	1779
1732	1818
1732	1875
1732	1922
1733	1783
1733	1929
1734	1960
1734	1965
1734	1968
1734	1986
1735	1764
1735	1793
1735	1844
1736	1818
1736	1853
1737	1755
1737	1829
1737	1972
1738	1778
1738	1871
1738	1927
1738	1995
1739	1741
1739	1886
1740	1836
1740	1910
1741	1752
1741	1787
1741	1909
1741	1937
1742	1765
1742	1822
1742	1858
1743	1929
1743	1959
1744	1768
1744	1793
1745	1754
1745	1814
1745	1999
1746	1787
1746	1824
1746	1895
1746	1918
1746	1930
1748	1826
1748	1846
1748	1999
1750	1766
1750	1795
1751	1810
1751	1991
1752	1755
1753	1808
1754	1800
1754	1905
1754	1930
1754	1992
1755	1842
1755	1843
1755	1855
1755	1911
1755	1998
1756	1982
1757	1811
1757	1868
1757	1878
1757	1995
1758	1991
1758	1997
1759	1784
1760	1868
1760	1918
1761	1949
1762	1866
1762	1930
1763	1949
1764	1886
1765	1847
1765	1889
1765	1949
1765	1977
1769	1793
1769	1831
1769	1840
1769	1917
1771	1911
1771	1988
1771	1996
1772	1831
1772	1897
1773	1801
1773	1882
1774	1865
1775	1839
1775	1983
1777	1843
1777	1875
1777	1877
1777	1912
1777	1967
1778	1920
1779	1807
1781	1836
1781	1914
1782	1990
1783	1796
1783	1943
1783	1965
1784	1837
1784	1928
1785	1869
1787	1854
1787	1941
1788	1930
1789	1848
1789	1861
1789	1877
1790	1796
1790	1818
1790	1977
1790	1995
1791	1869
1791	1909
1792	1822
1792	1861
1793	1833
1793	1882
1793	1908
1795	1960
1795	1985
1796	1954
1796	1990
1797	1830
1797	1938
1797	1954
1798	1813
1798	1986
1799	1860
1799	1922
1799	1999
1801	1834
1801	1937
1802	1982
1803	1831
1803	1956
1804	1855
1804	1857
1804	1870
1804	1887
1804	1924
1804	1994
1805	1847
1805	1988
1807	1831
1807	1876
1807	1903
1808	1821
1808	1954
1808	1969
1809	1876
1811	1822
1811	1871
1813	1841
1813	1882
1813	1974
1814	1907
1814	1949
1815	1844
1815	1853
1815	1866
1816	1824
1816	1849
1816	1853
1816	1885
1816	1973
1817	1860
1817	1886
1817	1962
1818	1877
1818	1883
1819	1941
1820	1873
1822	1907
1823	1910
1823	1930
1823	1936
1824	1848
1824	1912
1824	1946
1824	1968
1825	1828
1825	1999
1826	1947
1826	1978
1827	1899
1827	1963
1828	1893
1830	1888
1830	1977
1831	1933
1831	1971
1832	1948
1832	1976
1833	1960
1833	1989
1834	1868
1834	1892
1834	1948
1834	1970
1834	1989
1835	1922
1836	1915
1836	1919
1836	1984
1837	1853
1837	1967
1838	1930
1838	1941
1838	1971
1840	1985
1841	1889
1841	1925
1841	1982
1843	1874
1844	1952
1845	1908
1845	1912
1845	1981
1845	1995
1845	1998
1846	1875
1846	1970
1847	1915
1850	1940
1851	1934
1852	1881
1852	1968
1855	1856
1855	1883
1855	1913
1855	1945
1856	1921
1856	1986
1857	1977
1858	1947
1858	1957
1858	1976
1859	1977
1861	1991
1862	1958
1863	1889
1863	1910
1863	1978
1864	1948
1865	1894
1865	1973
1868	1902
1869	1875
1869	1993
1871	1906
1873	1914
1873	1971
1873	1987
1874	1976
1875	1941
1876	1943
1877	1932
1878	1955
1880	1891
1880	1911
1881	1915
1881	1917
1881	1964
1881	1971
1882	1962
1882	1967
1883	1887
1883	1930
1885	1954
1887	1892
1887	1996
1888	1891
1888	1940
1888	1974
1890	1959
1890	1978
1891	1953
1891	1958
1891	1989
1892	1989
1892	1999
1893	1922
1895	1954
1896	1901
1896	1952
1896	1978
1897	1911
1897	1921
1898	1936
1898	1964
1898	1997
1898	1998
1899	1936
1899	1970
1900	1966
1901	1986
1901	1998
1904	1958
1904	1999
1905	1952
1906	1922
1906	1967
1907	1918
1907	1975
1908	1909
1908	1911
1908	1919
1909	1946
1909	1952
1910	1913
1910	1919
1911	1957
1913	1971
1918	1975
1919	1972
1920	1951
1923	1991
1926	1984
1927	1929
1928	1945
1928	1972
1932	1953
1934	1964
1935	1973
1938	1944
1938	1977
1940	1990
1941	1949
1943	1961
1947	1991
1948	1950
1948	1954
1952	1995
1954	1979
1955	1971
1956	1980
1956	1983
1959	1991
1965	1984
1968	1975
1968	1980
1969	1991
1976	1979
1976	1989
1978	1997
1979	1985
1979	1992
1980	1992
1981	1994
1985	1997
1989	1999
1990	1994
