2000	0
0	146
0	221
0	261
0	595
0	695
0	742
0	865
1	294
1	321
1	336
1	499
1	608
1	639
1	686
1	745
1	810
1	869
2	9
2	144
2	218
2	259
2	428
2	443
2	521
2	619
3	64
3	210
3	221
3	318
3	529
3	537
3	544
3	594
3	767
3	886
4	255
4	391
4	482
4	503
4	528
4	545
4	553
4	595
4	666
4	726
4	987
5	29
5	67
5	76
5	92
5	106
5	244
5	336
5	619
5	631
5	670
5	716
5	779
5	813
5	822
5	859
5	898
6	167
6	247
6	335
6	338
6	419
6	470
6	477
6	524
6	670
6	829
6	936
7	206
7	222
7	312
7	438
7	623
7	670
7	721
7	736
7	944
8	38
8	95
8	250
8	271
8	336
8	341
8	365
8	565
8	570
8	660
8	704
8	721
8	784
8	912
8	915
8	927
9	122
9	220
9	464
9	469
9	652
9	709
9	714
9	829
9	963
10	15
10	47
10	92
10	288
10	291
10	417
10	525
10	530
10	696
10	729
10	757
10	840
11	64
11	80
11	81
11	449
11	504
11	540
11	585
11	789
11	790
11	922
12	43
12	92
12	173
12	222
12	223
12	282
12	348
12	414
12	433
12	754
12	835
12	836
13	16
13	143
13	177
13	196
13	235
13	587
13	646
13	919
14	15
14	153
14	205
14	228
14	322
14	338
14	347
14	372
14	435
14	459
14	508
14	710
14	738
14	813
14	840
14	917
15	52
15	73
15	165
15	185
15	188
15	198
15	454
15	455
15	731
15	961
15	1523
16	35
16	199
16	230
16	611
16	627
16	713
16	898
17	80
17	300
17	499
17	561
17	693
17	727
17	737
17	862
17	908
18	297
18	305
18	491
18	521
18	676
18	731
19	26
19	64
19	93
19	175
19	322
19	535
19	592
19	623
19	625
19	641
19	681
19	734
19	809
19	828
20	123
20	196
20	289
20	300
20	326
20	341
20	354
20	370
20	376
20	440
20	441
20	462
20	501
20	561
20	601
20	696
20	701
20	814
20	865
20	994
21	53
21	197
21	259
21	269
21	283
21	321
21	484
21	577
21	673
21	708
21	907
22	293
22	382
22	469
22	664
22	696
22	723
22	895
22	910
23	61
23	142
23	156
23	295
23	468
23	567
23	578
23	589
23	629
23	651
23	668
23	684
23	729
23	819
23	926
23	946
23	976
24	49
24	182
24	215
24	311
24	374
24	420
24	599
24	605
24	684
24	869
24	870
24	883
24	944
25	58
25	95
25	250
25	409
25	422
25	511
25	539
25	647
25	774
25	851
25	959
25	994
26	136
26	191
26	206
26	570
26	621
26	628
26	718
26	761
26	803
26	828
26	847
26	878
27	214
27	236
27	487
27	523
27	565
27	606
27	628
27	670
27	731
27	744
27	823
28	93
28	117
28	330
28	363
28	423
28	464
28	487
28	508
28	723
28	859
29	56
29	65
29	262
29	331
29	401
29	458
29	521
29	524
29	650
29	709
29	712
29	717
29	827
29	866
29	959
29	1259
30	118
30	160
30	208
30	211
30	310
30	412
30	524
30	772
30	1386
31	100
31	202
31	258
31	275
31	291
31	341
31	485
31	596
31	716
31	739
31	794
31	877
32	33
32	38
32	323
32	548
32	712
32	821
32	860
32	869
33	34
33	125
33	140
33	268
33	463
33	528
33	615
33	789
34	212
34	237
34	536
34	555
35	160
35	176
35	231
35	374
35	540
35	719
35	763
35	845
35	868
36	107
36	134
36	139
36	374
36	453
36	549
36	660
36	743
36	746
36	928
37	172
37	217
37	235
37	313
37	355
37	372
37	479
37	537
37	558
37	650
37	694
37	948
38	56
38	60
38	425
38	428
38	429
38	662
38	706
38	811
38	921
38	977
39	194
39	246
39	253
39	491
39	524
39	533
39	630
39	952
39	983
39	1349
40	165
40	174
40	303
40	310
40	339
40	529
40	564
40	605
40	801
40	960
40	991
41	165
41	225
41	276
41	302
41	328
41	382
41	466
41	576
41	629
41	840
42	146
42	199
42	450
42	482
42	533
42	557
42	600
42	646
42	684
42	760
42	942
43	106
43	123
43	172
43	184
43	262
43	367
43	477
43	502
43	683
43	872
43	936
43	992
44	101
44	284
44	358
44	359
44	406
44	523
44	554
44	577
44	640
44	801
44	960
45	81
45	129
45	202
45	238
45	394
45	500
45	506
45	931
45	934
45	935
46	56
46	81
46	85
46	138
46	198
46	201
46	202
46	231
46	315
46	338
46	417
46	488
46	631
46	899
46	944
46	990
47	128
47	196
47	318
47	375
47	578
47	709
47	769
47	771
47	802
47	960
48	52
48	394
48	636
48	658
48	946
48	1840
49	155
49	182
49	188
49	308
49	334
49	430
49	459
49	572
49	601
49	786
49	873
49	929
50	112
50	336
50	339
50	351
50	399
50	465
50	513
50	996
51	80
51	103
51	245
51	247
51	390
51	553
51	595
51	631
51	730
51	860
51	932
51	947
51	992
52	126
52	168
52	307
52	418
52	530
52	577
52	636
52	645
52	735
52	777
53	61
53	116
53	224
53	279
53	294
53	315
53	452
53	465
53	474
53	543
53	550
53	610
53	809
53	812
53	995
54	77
54	206
54	402
54	425
54	501
54	549
54	778
55	172
55	188
55	203
55	381
55	450
55	461
55	653
55	694
55	763
55	847
55	924
56	69
56	84
56	156
56	360
56	414
56	561
56	666
56	707
57	130
57	227
57	228
57	289
57	302
57	312
57	496
57	524
57	730
57	946
58	78
58	179
58	358
58	427
58	557
58	620
58	781
58	870
58	969
59	319
59	707
59	725
59	818
60	165
60	244
60	469
60	593
60	767
60	829
60	954
61	551
61	611
61	696
61	769
61	846
61	953
62	129
62	502
62	721
62	816
62	901
62	910
63	75
63	149
63	290
63	372
63	572
63	674
63	707
63	788
64	232
64	265
64	426
64	490
64	637
64	727
64	728
64	730
64	872
65	88
65	212
65	248
65	334
65	748
65	995
66	67
66	717
66	764
66	865
67	173
67	178
67	221
67	238
67	287
67	385
67	423
67	433
67	443
67	532
67	742
67	1438
68	112
68	413
68	618
68	628
68	652
68	961
69	150
69	152
69	235
69	346
69	387
69	405
69	409
69	850
69	1297
70	88
70	139
70	246
70	247
70	293
70	313
70	534
70	640
70	686
71	108
71	526
71	691
71	725
71	902
71	945
71	971
72	252
72	299
72	391
72	511
72	706
72	820
72	971
72	988
73	101
73	250
73	254
73	314
73	424
73	539
73	651
73	667
73	734
73	935
73	991
74	212
74	273
74	444
74	634
74	698
74	789
74	941
74	1157
75	130
75	150
75	361
75	430
75	590
75	591
75	701
75	897
75	960
75	1452
76	96
76	224
76	391
76	757
76	845
76	963
77	138
77	468
77	517
77	621
77	692
77	721
77	777
77	962
78	235
78	258
78	263
78	374
78	420
78	427
78	552
78	822
78	931
78	941
79	175
79	227
79	236
79	427
79	435
79	501
79	530
79	560
79	568
79	570
80	150
80	202
80	294
80	325
80	349
80	523
80	552
80	732
80	738
80	798
80	856
80	924
81	397
81	457
81	603
81	612
81	662
81	707
81	737
81	840
81	904
82	97
82	156
82	189
82	238
82	319
82	458
82	463
82	505
82	566
82	573
82	638
82	672
82	891
83	157
83	166
83	172
83	197
83	220
83	285
83	360
83	367
83	435
83	485
83	734
83	870
84	314
84	426
84	506
84	517
84	523
84	531
84	684
84	690
84	887
85	189
85	488
85	577
85	702
85	706
85	717
85	931
86	93
86	226
86	314
86	331
86	389
86	504
86	522
86	606
86	892
86	942
87	112
87	185
87	187
87	245
87	671
87	805
87	813
87	906
88	274
88	422
88	460
88	489
88	862
88	961
89	132
89	559
89	687
89	711
89	827
89	891
90	115
90	417
90	432
90	650
90	654
90	666
90	707
90	756
90	812
90	931
90	953
90	984
91	144
91	386
91	470
91	647
91	689
91	718
91	747
91	801
91	814
91	923
92	201
92	242
92	243
92	300
92	305
92	603
92	612
92	615
92	770
92	903
92	919
93	119
93	195
93	262
93	330
93	455
93	585
93	714
93	730
94	172
94	188
94	477
94	578
94	791
94	817
94	829
94	929
94	982
94	1621
95	164
95	239
95	256
95	330
95	433
95	629
95	933
96	135
96	239
96	359
96	446
96	588
96	667
96	701
96	806
96	846
96	922
96	953
97	225
97	496
97	514
97	677
97	769
97	857
97	868
98	209
98	255
98	286
98	436
98	486
98	596
98	745
98	832
99	171
99	344
99	346
99	403
99	432
99	440
99	673
99	709
99	710
99	749
99	763
100	109
100	160
100	279
100	298
100	338
100	375
100	721
100	747
100	888
100	959
101	156
101	210
101	308
101	342
101	441
101	758
101	831
102	111
102	572
102	626
102	851
102	884
102	894
103	109
103	195
103	202
103	239
103	255
103	263
103	264
103	288
103	322
103	345
103	400
103	510
103	787
103	1000
104	331
104	719
104	746
104	823
104	952
104	962
105	279
105	318
105	392
105	497
105	590
105	591
106	317
106	370
106	398
106	435
106	472
106	475
106	485
106	510
106	676
106	682
106	829
106	862
106	944
107	147
107	567
107	613
107	660
107	944
108	188
108	254
108	380
108	427
108	834
108	876
108	908
108	912
108	948
108	999
109	313
109	642
109	778
109	923
110	376
110	474
110	529
110	601
110	606
110	651
110	703
110	762
110	769
110	803
110	862
110	867
111	141
111	171
111	238
111	629
111	688
111	748
112	146
112	212
112	274
112	344
112	523
112	920
112	1687
113	225
113	258
113	327
113	345
113	490
113	497
113	536
113	744
113	898
113	905
113	937
113	945
113	1648
114	251
114	252
114	431
114	464
114	486
114	652
114	669
114	693
114	726
114	892
114	953
115	163
115	237
115	356
115	377
115	450
115	575
115	583
115	600
115	632
115	779
115	814
115	828
116	203
116	240
116	258
116	282
116	424
116	523
116	525
116	571
116	703
116	765
116	993
117	128
117	367
117	446
117	606
117	609
117	659
117	739
117	788
117	828
117	847
117	904
118	185
118	260
118	300
118	328
118	529
118	612
118	809
118	836
119	129
119	288
119	329
119	555
119	573
119	589
119	677
119	684
119	774
120	146
120	251
120	287
120	452
120	796
120	960
121	534
121	535
121	684
121	854
121	945
122	190
122	207
122	284
122	285
122	548
122	606
122	731
122	896
122	928
122	963
123	187
123	299
123	303
123	318
123	328
123	344
123	573
123	841
123	845
123	978
123	996
124	150
124	222
124	263
124	295
124	421
124	457
124	489
124	561
124	567
124	695
124	977
125	252
125	413
125	525
125	804
125	957
125	1010
126	145
126	359
126	469
126	488
126	584
126	595
126	650
126	686
126	870
127	240
127	474
127	610
127	714
127	736
127	789
127	791
127	797
127	838
127	860
127	966
128	166
128	337
128	345
128	395
128	420
128	438
128	472
128	593
128	834
128	914
128	933
129	221
129	291
129	294
129	313
129	331
129	337
129	517
129	536
129	622
129	689
129	774
129	991
130	296
130	312
130	472
130	474
130	788
131	209
131	270
131	547
131	559
131	637
131	888
131	898
131	943
131	997
132	220
132	296
132	387
132	416
132	609
132	813
132	907
133	480
133	644
133	678
133	683
133	771
133	811
133	812
133	875
134	312
134	450
134	505
134	599
134	835
134	882
134	906
134	964
134	986
134	1826
135	186
135	588
135	650
135	778
135	941
135	944
135	988
136	173
136	244
136	259
136	267
136	290
136	339
136	439
136	454
136	489
136	490
136	694
136	754
136	844
136	914
136	992
137	557
137	559
137	562
137	861
137	1805
138	223
138	286
138	318
138	344
138	389
138	447
138	515
138	652
138	797
138	910
138	958
139	169
139	194
139	215
139	518
139	717
140	364
140	427
140	571
140	582
140	668
140	775
140	807
140	845
140	859
140	981
141	289
141	291
141	294
141	311
141	391
141	518
141	637
141	691
141	812
141	899
141	994
142	786
142	800
142	890
142	893
142	898
143	155
143	226
143	250
143	263
143	297
143	320
143	448
143	469
143	598
143	625
143	929
143	968
143	974
144	263
144	282
144	328
144	578
144	709
144	753
144	766
144	835
144	901
145	317
145	397
145	445
145	569
145	663
145	829
145	912
145	916
146	166
146	568
146	573
146	579
146	606
146	721
146	817
146	860
146	870
146	890
147	262
147	353
147	442
147	470
147	648
147	656
147	660
147	716
147	761
147	796
147	812
147	837
147	844
147	936
148	360
148	366
148	451
148	610
148	712
149	174
149	260
149	410
149	438
149	549
149	787
149	892
150	320
150	357
150	527
150	545
150	550
150	812
150	901
150	950
151	192
151	384
151	488
151	530
151	564
151	792
151	959
151	970
151	983
152	291
152	304
152	370
152	409
152	416
152	458
152	559
152	653
152	898
152	955
153	215
153	232
153	261
153	388
153	464
153	597
153	806
153	837
153	901
153	934
153	940
154	313
154	371
154	453
154	479
154	492
154	603
154	608
154	729
154	792
155	157
155	334
155	407
155	654
155	689
155	846
155	986
156	240
156	390
156	414
156	461
156	463
156	490
156	538
156	562
156	650
156	701
157	295
157	391
157	396
157	445
157	508
157	718
157	845
157	853
157	899
157	1393
158	229
158	244
158	257
158	336
158	391
158	500
158	547
158	577
158	660
158	809
158	864
159	599
159	685
159	945
159	961
160	422
160	529
160	545
160	617
160	1800
161	215
161	366
161	378
161	385
161	446
161	509
161	517
161	632
161	685
161	842
162	166
162	214
162	299
162	358
162	469
162	560
162	629
162	711
163	584
163	706
163	760
163	774
163	786
163	808
163	845
163	903
163	946
164	447
164	532
164	541
164	611
164	707
164	809
164	859
164	922
165	249
165	614
165	723
165	757
165	865
165	952
166	246
166	385
166	472
166	486
166	544
166	687
166	839
167	215
167	235
167	371
167	421
167	466
167	475
167	490
167	529
167	583
167	584
167	640
167	783
167	816
167	870
167	904
167	946
167	953
168	193
168	339
168	385
168	699
168	752
168	757
168	990
169	217
169	252
169	271
169	299
169	397
169	591
169	657
169	679
169	696
169	965
170	416
170	420
170	421
170	739
170	863
170	869
170	898
170	1323
171	214
171	319
171	444
171	534
171	624
171	673
171	791
171	802
171	821
171	942
172	253
172	329
172	332
172	397
172	472
172	535
172	565
172	606
172	614
172	645
172	673
172	682
172	695
172	726
172	805
173	199
173	250
173	287
173	363
173	508
173	528
173	634
173	801
173	860
173	917
173	927
173	936
173	993
174	396
174	424
174	542
174	644
174	692
174	715
174	817
174	941
174	949
175	460
175	529
175	555
175	570
175	571
175	626
175	644
175	649
175	674
175	812
175	874
175	890
176	179
176	238
176	336
176	387
176	393
176	448
176	635
176	790
176	1208
177	266
177	420
177	426
177	474
177	665
177	670
177	674
177	680
177	729
177	795
178	212
178	431
178	459
178	550
178	835
178	871
178	956
179	399
179	533
179	594
179	647
179	733
179	753
179	786
179	944
179	973
180	194
180	288
180	355
180	501
180	877
180	935
180	997
181	407
181	482
181	518
181	596
182	229
182	237
182	248
182	394
182	532
182	565
182	631
182	693
182	699
182	760
182	847
182	865
182	980
182	1710
183	357
183	370
183	497
183	590
183	636
183	666
183	688
183	740
183	815
183	824
183	973
184	226
184	283
184	315
184	448
184	558
184	574
184	731
184	1592
185	230
185	238
185	368
185	791
185	810
186	230
186	357
186	497
186	660
186	734
186	744
186	792
187	189
187	192
187	283
187	342
187	402
187	531
187	547
187	573
187	701
187	722
187	755
187	830
187	839
187	954
188	472
188	546
188	611
188	631
188	679
188	691
188	862
188	983
189	266
189	462
189	562
189	616
189	741
189	763
190	234
190	763
190	933
191	409
191	804
191	927
192	235
192	292
192	367
192	391
192	400
192	433
192	470
192	503
192	648
192	719
192	808
193	316
193	584
193	675
193	718
193	779
193	809
193	816
193	852
193	924
193	936
193	963
194	241
194	452
194	511
194	532
194	592
194	597
194	643
194	871
195	231
195	386
195	388
195	403
195	477
195	489
195	533
195	688
195	759
195	815
195	917
196	216
196	238
196	677
196	901
196	914
196	958
197	257
197	373
197	377
197	528
197	564
197	643
197	682
197	859
197	950
198	242
198	262
198	269
198	339
198	355
198	443
198	660
198	670
198	703
198	724
198	909
199	262
199	285
199	487
199	732
199	741
199	783
199	975
200	208
200	270
200	312
200	392
200	569
200	663
200	861
201	257
201	366
201	648
201	678
201	733
201	740
201	750
201	755
201	781
201	862
201	906
201	912
201	956
201	962
202	331
202	394
202	424
202	512
202	514
202	519
202	539
202	556
202	695
202	790
202	870
202	877
202	927
202	943
202	987
203	258
203	299
203	369
203	396
203	739
203	758
203	957
203	1975
204	265
204	293
204	348
204	389
204	614
204	770
204	806
204	816
205	326
205	467
205	632
205	742
205	839
205	844
205	1971
206	247
206	278
206	311
206	348
206	388
206	434
206	520
206	563
206	571
206	596
206	647
206	725
207	256
207	517
207	727
207	936
207	997
208	376
208	408
208	409
208	495
208	636
208	695
208	696
208	698
208	978
209	221
209	226
209	317
209	429
209	435
209	475
209	495
209	567
209	614
209	637
209	673
209	680
209	730
209	796
210	284
210	343
210	527
210	666
210	841
210	846
210	872
211	247
211	316
211	325
211	329
211	343
211	379
211	624
211	685
211	863
211	889
211	932
211	957
212	275
212	368
212	545
212	588
212	594
212	615
212	638
212	678
212	800
212	829
212	872
212	926
212	956
213	267
213	604
213	757
214	242
214	284
214	356
214	363
214	475
214	576
214	800
215	235
215	245
215	341
215	454
215	717
215	824
216	433
216	445
216	470
216	779
216	925
216	959
216	966
217	234
217	312
217	394
217	446
217	510
217	574
217	585
217	689
217	896
217	908
218	314
218	546
218	606
218	635
218	765
218	813
218	822
219	236
219	287
219	383
219	393
219	422
219	458
219	728
219	897
219	949
219	991
220	235
220	252
220	311
220	357
220	394
220	516
220	621
220	648
220	658
220	670
220	826
220	865
220	875
220	899
220	962
221	261
221	288
221	458
221	589
221	715
221	764
221	842
221	886
221	899
221	915
221	926
221	949
221	950
222	312
222	335
222	390
222	462
222	499
222	629
222	797
222	810
222	975
223	268
223	283
223	319
223	582
223	762
223	828
223	980
224	255
224	431
224	627
224	767
224	969
225	237
225	529
225	553
225	783
225	806
226	231
226	276
226	282
226	350
226	352
226	849
226	887
226	1732
227	313
227	486
227	844
227	855
227	860
227	876
227	950
228	249
228	268
228	309
228	452
228	524
228	551
228	580
228	686
228	835
228	951
229	582
229	628
229	759
229	840
229	868
230	378
230	402
230	725
230	976
230	999
231	285
231	334
231	346
231	770
231	938
232	307
232	339
232	440
232	660
232	699
232	723
232	732
232	871
232	966
233	425
233	529
233	884
233	885
234	307
234	551
234	695
234	712
234	736
234	748
234	829
235	302
235	323
235	383
235	458
235	482
235	542
235	543
235	551
235	860
235	896
236	264
236	349
236	386
236	426
236	846
236	874
237	275
237	277
237	305
237	403
237	423
237	481
237	551
237	773
237	834
237	835
237	901
238	253
238	260
238	341
238	553
238	868
238	929
239	330
239	428
239	499
239	518
239	757
239	862
239	891
239	960
240	312
240	333
240	384
240	558
240	611
240	617
240	726
240	731
240	831
240	838
240	969
241	294
241	411
241	524
241	605
241	619
241	758
241	945
242	533
242	542
242	616
242	749
242	750
243	274
243	415
243	514
243	580
243	581
243	607
243	643
243	783
244	253
244	280
244	297
244	298
244	740
244	780
244	993
245	294
245	396
245	486
245	747
246	282
246	522
247	260
247	1108
248	259
248	279
248	366
248	389
248	411
248	597
248	642
248	666
248	697
248	698
248	854
249	341
249	393
249	456
249	477
249	649
249	716
249	718
249	903
250	259
250	292
250	422
250	426
250	584
250	904
251	367
251	389
251	510
251	574
251	636
251	738
251	788
251	822
251	823
251	860
251	871
252	399
252	497
252	512
252	533
252	617
253	296
253	553
253	666
253	671
253	720
253	811
253	969
254	277
254	321
254	342
254	366
254	457
254	571
254	605
254	848
255	540
255	646
255	662
255	688
255	868
256	265
256	297
256	408
256	576
256	633
256	747
256	841
256	954
256	976
257	260
257	282
257	369
257	388
257	643
257	812
257	926
258	311
258	319
258	378
258	625
258	658
258	864
258	867
258	889
258	971
259	323
259	534
259	650
259	887
259	910
259	980
260	427
260	494
260	667
260	675
260	733
260	943
261	270
261	568
261	576
261	625
261	632
261	721
261	734
261	743
262	569
262	952
263	405
263	468
263	684
263	737
264	365
264	442
264	477
264	548
264	612
264	764
264	769
264	788
264	792
264	835
264	909
265	344
265	501
265	523
265	616
265	671
265	695
265	735
265	825
265	889
266	271
266	370
266	385
266	539
266	702
266	890
267	582
267	597
267	612
267	619
267	710
267	777
267	838
267	839
267	874
268	296
268	403
268	413
268	476
268	872
268	922
269	435
269	733
269	893
269	915
270	291
270	431
270	541
270	784
270	825
270	918
270	956
271	435
271	693
271	1129
272	439
272	547
272	709
272	721
272	866
273	370
273	630
273	716
273	814
273	817
273	964
274	279
274	405
274	614
274	626
274	639
274	743
275	326
275	411
275	442
275	461
275	506
275	590
275	795
276	306
276	344
276	438
276	504
276	653
276	757
276	815
276	825
276	890
276	963
277	439
277	461
277	538
277	541
277	558
278	357
278	481
278	604
278	649
278	754
278	815
278	841
278	916
278	932
279	451
279	628
279	698
279	981
279	1187
279	1975
280	346
280	373
280	443
280	599
280	813
280	820
281	607
281	621
281	659
281	702
281	785
282	427
282	439
282	773
283	394
283	402
283	824
283	852
283	945
284	435
284	625
284	981
285	303
285	344
285	383
285	520
285	589
285	854
285	885
286	309
286	393
286	405
286	505
286	708
286	833
286	888
286	892
286	977
287	372
287	412
287	456
287	679
287	987
287	994
287	1767
288	441
288	474
288	728
289	550
289	925
290	351
290	415
290	428
290	765
290	773
290	774
290	777
290	971
290	972
291	322
291	372
291	452
291	620
291	664
291	673
291	736
291	805
291	875
291	878
291	883
292	331
292	377
292	724
292	829
292	831
292	960
293	700
293	788
293	933
293	969
294	391
294	485
294	527
294	732
294	909
294	993
295	368
295	437
295	606
295	827
295	880
295	965
296	605
296	648
296	661
296	734
296	759
296	907
296	981
297	346
297	406
297	662
297	821
297	851
297	996
298	318
298	383
298	416
298	620
298	630
298	722
298	733
298	872
298	925
299	356
299	462
299	659
299	728
299	735
299	796
299	839
299	914
299	945
300	622
300	650
300	682
300	799
300	923
300	947
300	969
300	984
300	1668
301	321
301	392
301	396
301	678
301	866
301	983
302	330
302	457
302	513
302	544
302	921
302	952
302	964
303	318
303	337
303	368
303	465
303	517
303	654
303	703
303	986
304	373
304	385
304	443
304	494
304	711
304	721
304	727
304	796
304	969
305	357
305	394
305	494
305	511
305	524
305	643
305	827
305	881
305	967
306	318
306	696
306	737
306	830
306	971
307	500
307	669
307	776
307	889
307	991
308	472
308	525
308	629
308	867
308	967
309	357
309	455
309	584
309	699
309	772
310	318
310	414
310	454
310	977
311	352
311	437
311	482
311	487
311	661
311	669
311	740
311	892
311	917
312	434
312	453
312	532
312	637
312	884
313	397
313	493
313	597
313	639
313	725
313	791
313	844
314	321
314	432
314	459
314	526
314	686
314	753
314	894
314	968
315	644
315	1990
316	353
316	593
316	645
316	697
316	698
316	777
316	797
316	862
316	891
316	974
317	335
317	367
317	521
317	541
317	587
317	940
318	346
318	379
318	449
318	643
318	695
318	767
318	774
318	793
318	804
318	921
318	931
319	507
319	768
319	792
320	387
320	435
320	482
320	560
320	569
320	746
321	358
321	441
321	588
321	811
321	961
321	979
322	432
322	465
322	618
322	653
322	779
322	845
322	930
323	520
323	524
323	576
323	692
323	793
323	796
323	889
323	952
324	354
324	505
324	801
324	895
325	424
325	692
325	722
325	736
325	797
325	811
325	889
326	452
326	467
326	484
326	548
326	673
326	723
326	742
326	747
326	788
327	503
327	584
327	674
327	744
328	358
328	397
328	488
328	578
328	697
328	709
328	816
328	931
329	416
329	526
329	747
329	758
329	800
329	856
329	891
330	606
330	628
330	699
330	748
330	862
330	929
331	501
331	529
331	613
331	661
331	842
331	905
332	401
332	528
332	572
332	725
332	838
332	842
332	888
332	898
333	402
333	577
333	934
334	340
334	607
334	643
334	903
335	381
335	458
335	763
335	788
335	831
335	974
336	400
336	529
336	541
336	563
336	577
336	665
336	750
336	837
336	869
336	932
336	934
336	956
337	344
337	383
337	441
337	470
337	743
337	784
337	813
337	869
338	380
338	400
338	499
338	562
338	617
339	450
339	743
339	982
340	487
340	640
340	697
340	850
340	886
340	983
341	657
341	684
341	799
341	800
341	924
342	371
342	629
342	669
342	689
342	878
342	934
343	432
343	521
343	527
343	748
343	760
343	826
343	878
343	891
343	916
343	987
343	1913
344	357
344	416
344	423
344	604
344	661
344	945
344	948
345	463
345	480
345	489
345	512
345	774
345	1807
346	370
346	499
346	558
346	656
346	791
346	905
346	993
347	480
347	510
347	542
347	959
347	987
348	351
348	451
348	482
348	732
348	850
348	939
349	542
349	584
349	962
350	392
350	397
350	414
350	518
350	757
350	761
350	863
350	901
350	905
350	949
351	454
351	493
351	570
351	571
351	616
351	664
351	710
351	783
351	842
351	975
352	481
352	693
352	700
352	722
352	938
353	383
353	582
353	605
353	699
353	732
353	853
353	995
354	421
354	471
354	490
354	557
354	628
354	720
354	760
354	764
354	835
355	368
355	429
355	442
355	466
355	542
355	592
355	624
356	526
356	549
356	613
356	770
356	808
356	930
356	931
357	368
357	554
357	768
357	903
357	973
358	432
358	555
358	600
358	621
358	694
358	697
358	770
358	778
358	801
359	381
359	398
359	698
359	979
360	402
360	496
360	627
360	892
360	982
361	391
361	421
361	559
361	595
361	687
361	705
361	802
361	920
362	395
362	511
362	889
362	961
362	1804
363	401
363	426
363	472
363	716
363	923
364	389
364	397
364	411
364	479
364	526
364	571
364	643
364	719
364	795
364	853
364	891
365	433
365	510
365	580
365	618
365	745
365	859
365	997
366	479
366	541
366	567
366	721
366	1183
367	394
367	554
367	697
367	809
367	828
367	956
367	1615
368	398
368	431
368	500
368	769
368	832
368	950
369	388
369	446
369	522
369	562
369	666
369	795
369	908
369	1708
370	572
370	601
370	624
370	666
370	725
370	766
370	909
370	940
370	1478
371	448
371	500
371	914
372	374
372	551
372	561
372	586
372	602
372	799
373	401
373	410
373	518
373	559
373	698
373	894
374	389
374	641
374	727
374	791
374	822
375	627
375	682
375	812
375	867
375	911
375	978
376	405
376	461
376	581
376	705
376	777
376	832
376	876
376	944
376	980
377	516
377	566
377	693
377	900
377	990
378	429
378	572
378	898
378	941
379	425
379	436
379	502
379	530
379	634
379	720
379	730
379	755
379	781
380	565
380	615
380	778
380	893
380	917
380	924
381	465
381	505
381	542
381	933
381	988
382	462
382	539
382	700
382	882
382	885
382	922
382	942
383	595
383	623
383	636
383	751
383	753
383	867
383	880
383	955
384	618
384	672
384	794
384	987
385	519
385	800
385	1058
386	454
386	691
386	799
386	851
386	952
387	645
387	683
387	743
387	868
388	777
388	810
388	965
389	445
389	475
389	577
389	737
389	740
389	770
389	883
389	1915
390	689
390	696
390	725
390	931
390	933
390	1417
391	479
391	509
391	562
391	613
391	618
391	704
391	843
391	997
392	419
392	489
392	526
392	578
392	580
392	616
392	660
392	670
392	787
392	858
392	869
393	643
393	973
394	419
394	587
394	628
394	741
394	968
395	492
395	525
395	540
395	562
395	636
395	725
396	570
396	590
396	650
396	655
396	664
396	747
396	875
396	908
397	656
397	705
397	708
397	728
397	870
398	429
398	491
398	594
398	757
398	917
398	949
399	489
399	513
399	640
399	792
399	818
399	889
399	923
400	619
400	644
400	695
400	712
400	773
400	990
401	404
401	686
401	725
401	835
401	869
401	893
401	895
401	930
401	997
402	424
402	538
402	553
402	666
402	693
402	870
402	887
402	919
402	936
402	976
403	431
403	730
403	819
403	834
403	901
404	433
404	510
404	562
404	917
405	472
405	552
405	628
405	714
405	769
405	771
406	415
406	457
406	814
406	820
406	937
407	522
407	590
407	686
407	832
407	896
407	960
408	536
408	552
408	776
408	789
409	431
409	559
409	567
409	584
409	705
409	733
409	736
410	469
410	718
410	768
410	806
410	871
410	946
410	1780
411	457
411	462
411	565
411	577
411	677
411	774
411	852
412	903
413	609
413	631
413	803
413	879
413	932
413	987
414	543
414	576
414	603
414	778
414	875
415	618
415	624
415	775
415	916
416	681
416	893
416	918
416	931
416	960
416	977
417	555
417	837
418	564
418	641
418	717
418	861
418	872
418	938
418	942
419	446
419	480
419	584
419	620
419	794
420	436
420	685
420	816
420	891
420	921
420	959
420	997
421	436
421	485
421	684
421	829
421	892
421	929
421	981
422	511
422	547
422	665
422	819
422	836
422	851
422	872
422	890
423	483
423	612
423	750
423	759
423	932
423	933
423	962
423	966
423	973
423	982
424	481
424	528
424	606
424	608
424	701
424	822
424	834
424	893
424	929
424	995
424	1983
425	765
425	888
425	905
426	428
426	469
426	486
426	578
426	595
426	606
426	868
426	944
427	614
427	646
427	714
427	785
427	869
428	649
428	711
428	766
428	860
429	447
429	510
429	511
429	650
429	714
429	716
429	734
429	909
429	919
429	927
429	932
429	976
429	988
430	434
430	895
430	916
431	792
431	862
431	866
431	942
432	541
432	643
432	732
432	757
432	796
432	865
433	801
433	943
434	496
434	701
434	805
434	866
435	573
435	734
435	787
436	547
436	612
436	646
436	704
436	772
436	794
436	807
436	873
436	874
436	893
436	919
436	1615
437	443
437	462
437	642
437	654
437	690
437	940
437	968
437	993
438	495
438	641
438	970
439	526
439	586
439	614
439	618
439	673
439	802
439	851
439	931
439	933
439	960
440	465
440	509
440	633
440	646
440	650
440	760
440	814
440	896
440	941
441	531
441	552
441	740
441	757
442	623
442	779
442	903
442	912
443	667
443	875
443	897
444	667
444	721
444	756
444	857
444	899
444	957
444	998
445	503
445	510
445	668
446	479
446	500
446	763
446	796
446	888
447	735
447	797
448	646
448	676
448	684
448	766
448	908
449	487
449	524
449	644
449	701
449	886
449	921
449	928
449	935
449	950
450	507
450	604
450	667
450	792
450	938
451	480
451	508
451	661
451	679
451	720
451	742
451	744
451	976
452	456
452	564
452	579
452	717
452	824
452	856
452	960
453	579
453	617
453	755
453	897
453	991
453	994
453	995
453	996
453	1500
454	507
454	649
454	825
454	909
454	919
455	461
455	484
455	492
455	726
455	744
455	836
455	908
456	460
456	554
456	860
456	923
456	954
457	855
457	897
457	954
458	470
458	512
458	518
458	577
458	617
458	733
458	735
458	832
458	998
459	473
459	550
459	578
459	700
459	827
460	510
460	616
460	632
460	661
460	723
460	763
460	818
461	816
461	866
461	879
461	958
462	542
462	669
462	1326
463	491
463	608
463	611
463	679
463	786
463	942
463	978
464	562
464	621
464	794
464	887
464	978
465	484
465	517
465	528
465	645
465	810
465	895
465	964
466	488
466	521
466	702
466	858
466	861
467	474
467	628
467	629
467	759
468	476
468	611
468	734
468	740
468	759
468	906
469	578
469	580
469	701
469	850
469	873
469	880
470	819
470	943
470	991
471	510
471	704
471	834
471	869
471	930
471	973
472	659
472	819
472	937
472	943
473	492
473	512
473	557
473	807
473	835
474	565
474	685
474	689
474	832
474	876
474	949
475	523
475	567
475	720
475	807
475	876
475	1828
476	700
476	790
476	855
476	878
477	480
477	523
477	547
477	552
477	577
477	810
477	856
477	952
478	765
478	776
478	787
479	724
479	902
480	697
480	715
480	853
480	909
480	1333
481	598
481	708
481	770
481	941
481	988
482	494
482	824
482	835
483	578
483	585
483	615
483	719
483	902
484	891
484	906
484	973
485	552
485	555
485	595
485	645
485	673
485	684
485	803
485	922
485	934
485	1378
486	606
486	627
486	718
486	902
486	925
487	626
487	659
487	750
487	977
487	1937
488	626
488	762
488	911
489	600
489	627
489	687
489	702
489	756
489	894
490	690
490	776
490	999
491	575
491	651
491	702
491	946
492	673
492	726
492	773
492	807
492	890
492	957
493	497
493	534
493	773
493	900
494	593
494	621
494	623
494	629
494	716
494	908
495	550
495	697
495	705
495	863
495	876
495	906
495	941
496	513
496	575
496	623
496	705
496	855
496	925
497	580
497	596
497	633
497	649
497	694
497	722
497	758
497	850
497	860
497	890
497	922
498	611
498	672
498	709
498	731
498	824
498	851
498	957
499	562
499	605
499	651
499	701
499	848
500	822
500	933
501	842
501	937
502	514
502	539
502	562
502	628
502	666
502	693
503	609
503	684
503	740
503	759
503	797
503	908
504	650
504	802
504	857
505	617
505	626
505	764
505	778
505	991
506	647
506	746
506	809
506	811
506	833
506	983
507	645
507	646
507	765
507	1656
508	575
508	696
508	763
508	782
508	809
509	593
509	644
509	794
510	666
510	715
510	886
510	950
510	955
510	971
511	645
511	975
511	1621
512	604
512	809
512	838
513	572
513	634
513	666
513	773
513	825
513	868
514	641
514	643
514	645
514	686
514	709
514	736
514	791
514	900
515	547
515	557
516	646
516	647
516	708
516	719
516	868
517	560
517	593
517	623
517	733
517	840
517	878
517	981
518	532
518	850
519	606
519	656
519	677
519	970
520	564
520	567
520	579
520	685
520	815
520	822
520	889
520	937
521	537
521	633
521	782
521	788
521	854
521	910
522	594
522	709
522	797
522	801
522	820
522	926
523	534
523	650
523	685
523	754
523	835
523	836
523	857
524	603
524	791
524	933
525	578
525	718
525	765
525	798
525	828
525	883
525	898
525	903
525	914
525	916
526	585
526	603
526	622
526	646
526	797
526	822
526	851
526	897
527	630
528	939
529	539
529	642
529	682
529	706
529	858
530	553
530	579
530	595
530	888
530	909
531	616
531	715
531	857
531	879
532	551
532	553
532	738
532	814
532	827
533	671
533	749
533	913
534	545
534	625
534	729
534	860
534	927
534	949
535	800
535	896
536	543
536	587
536	799
536	803
537	585
537	683
537	897
538	617
538	720
538	812
538	849
538	856
538	863
539	545
539	794
539	837
540	541
540	604
540	707
540	893
540	949
541	542
541	550
541	874
542	612
542	630
542	700
542	715
542	769
542	867
542	901
542	936
543	689
543	775
543	787
544	558
544	699
544	776
544	808
544	931
545	657
545	904
545	924
545	957
546	640
546	698
546	711
546	745
546	754
546	763
546	767
546	853
546	913
546	928
546	952
546	953
546	999
547	683
547	923
547	933
547	960
547	998
548	617
548	629
548	731
548	766
548	982
548	987
549	671
550	679
550	693
550	694
550	905
551	629
551	794
551	812
552	763
553	702
553	784
553	797
553	832
553	996
554	728
554	804
554	906
554	926
554	988
555	587
555	642
555	700
556	591
556	704
556	837
556	932
556	990
557	787
557	793
557	842
557	852
557	860
557	883
557	894
557	960
557	986
558	653
558	768
558	814
558	939
559	606
559	790
559	906
559	943
560	589
560	727
560	838
560	866
560	875
561	707
561	760
561	767
561	912
561	944
561	945
561	998
562	725
563	656
563	844
563	978
563	992
563	996
564	658
564	667
564	668
564	963
565	590
565	692
565	749
565	797
566	624
566	651
566	884
567	579
567	803
567	893
568	599
568	765
568	845
569	599
569	641
569	711
569	780
569	811
569	853
569	942
570	703
570	779
570	839
570	858
570	939
571	616
571	701
571	805
571	815
571	836
571	845
571	920
572	730
572	805
572	809
572	839
572	893
573	682
573	777
573	901
573	980
574	662
574	667
574	738
574	848
574	902
574	936
575	598
575	618
575	720
575	852
575	859
575	868
575	944
576	618
576	691
576	695
576	820
577	590
577	599
577	652
577	677
577	783
577	788
577	791
577	841
578	584
578	615
578	667
578	678
578	696
578	738
578	763
578	793
578	966
579	617
579	635
579	644
579	894
579	921
580	618
580	642
580	768
580	871
580	941
580	980
581	741
581	778
581	797
581	841
581	848
581	894
581	1762
582	676
582	778
582	892
583	745
583	991
584	643
584	731
584	765
584	811
584	857
584	928
585	615
585	812
585	834
585	846
585	982
586	616
586	701
586	726
586	778
587	643
587	793
587	865
587	902
587	910
588	599
588	691
588	700
588	759
588	813
588	907
589	646
589	733
589	752
589	775
589	862
589	908
589	919
589	977
590	623
590	861
590	959
590	961
590	962
590	988
591	728
591	916
592	696
592	839
592	877
592	948
593	665
593	724
593	825
593	997
594	596
594	619
594	795
594	845
594	883
594	949
594	977
596	664
596	742
596	884
596	908
596	1744
597	779
597	888
598	724
598	793
600	626
601	649
601	660
601	680
601	739
601	796
601	885
601	909
602	744
602	817
602	919
602	990
604	678
604	730
604	865
604	956
605	657
605	694
605	718
605	726
605	741
605	785
605	947
607	735
607	842
608	615
608	631
608	680
608	746
608	919
609	613
610	667
610	761
610	785
610	999
611	633
611	752
611	851
612	744
612	746
613	892
613	894
614	660
614	690
614	747
614	809
614	846
614	898
615	633
615	689
615	816
615	825
616	670
616	733
616	803
616	828
616	830
617	729
617	763
617	875
617	883
617	922
617	944
617	955
618	793
618	833
618	836
619	668
619	698
619	755
619	844
620	733
620	895
620	905
620	953
621	926
621	969
622	679
622	714
622	889
622	962
622	973
623	736
623	775
623	854
623	869
623	900
623	935
623	1513
624	667
624	678
624	888
625	943
626	659
626	741
626	750
626	860
626	863
626	870
626	920
626	932
626	974
626	979
626	982
626	991
627	645
627	810
627	840
627	903
628	859
628	921
628	928
628	961
629	654
629	726
629	755
629	756
629	822
629	935
629	1842
630	833
630	976
631	637
631	714
631	812
631	855
631	875
631	888
631	962
632	680
632	904
632	934
633	914
633	975
633	987
634	745
634	844
634	976
635	668
635	726
635	779
635	786
635	895
635	950
635	984
636	737
636	845
636	906
637	900
637	912
637	969
637	998
637	1745
638	698
638	809
639	777
639	799
639	843
639	875
639	883
639	983
640	653
640	761
640	785
640	869
640	904
640	933
640	1870
641	650
641	699
641	784
642	722
642	730
642	754
642	777
642	792
642	794
642	795
642	873
643	736
643	818
643	897
644	710
644	960
644	997
645	959
646	723
646	780
646	879
646	1748
647	648
647	752
647	753
647	811
647	849
647	982
648	966
649	725
649	781
649	920
649	1118
650	657
650	704
650	744
650	790
650	884
651	682
651	720
651	764
652	672
652	684
652	723
652	771
652	943
653	898
653	903
653	958
654	784
654	798
654	861
655	660
655	851
655	853
655	882
655	953
655	955
656	694
657	676
657	712
657	742
657	803
657	829
657	906
658	659
658	661
658	723
658	818
658	832
658	858
658	864
658	1850
659	841
659	978
660	821
660	832
660	992
661	703
661	716
661	773
661	818
661	962
662	677
662	842
663	774
663	844
664	778
664	793
664	857
664	909
665	744
665	808
665	970
666	670
666	728
666	731
666	970
667	750
667	797
667	850
667	946
668	814
668	898
669	695
669	809
669	892
669	965
670	812
671	753
671	786
671	981
672	718
672	734
672	762
672	765
673	722
673	736
673	769
673	774
674	783
674	871
674	899
675	833
675	850
676	688
676	767
676	790
676	861
676	888
677	851
677	873
677	924
677	931
678	914
678	929
679	766
679	872
679	990
680	742
680	754
680	824
680	865
680	870
681	703
681	733
681	756
681	877
681	953
681	987
681	1405
682	689
682	754
682	902
683	814
683	826
683	878
683	913
684	795
684	931
684	932
684	963
685	782
685	822
685	848
685	896
685	898
685	940
685	941
685	994
686	946
686	1791
687	739
687	923
688	787
688	816
688	817
688	870
689	777
689	840
689	918
689	949
690	696
690	743
690	746
690	774
690	778
690	841
691	699
691	982
692	795
692	866
692	937
693	727
693	737
693	785
693	993
694	728
695	962
695	994
696	771
696	1645
697	793
697	804
697	826
697	990
698	737
698	763
698	813
698	855
698	882
698	889
698	933
698	948
698	989
698	990
699	885
699	904
699	966
700	773
700	789
700	888
700	913
701	932
701	996
702	818
702	984
703	858
703	896
704	722
704	729
704	814
705	861
705	961
706	784
706	940
706	996
707	712
707	887
707	954
708	847
708	923
708	932
708	946
708	953
709	754
710	919
710	1986
711	896
711	963
711	991
712	717
712	796
712	850
712	966
714	858
714	996
715	753
715	771
716	837
716	951
716	1349
717	918
718	767
718	780
718	781
718	817
718	875
719	734
719	986
720	823
720	845
720	867
721	852
721	884
721	917
722	905
723	778
723	924
723	966
723	986
726	782
726	963
727	872
727	930
727	933
729	797
729	851
729	882
729	896
729	939
729	953
730	942
730	951
732	770
732	800
733	745
733	913
733	955
733	957
734	754
734	826
734	957
735	745
735	753
735	815
735	890
735	967
737	966
737	971
738	869
738	886
738	983
739	936
740	977
741	755
741	901
741	992
742	793
742	949
742	980
743	847
743	931
743	962
744	790
744	825
744	839
744	871
745	755
745	781
745	891
745	910
746	945
747	779
747	823
747	824
747	932
747	952
748	826
748	833
748	870
748	899
748	991
749	866
749	873
749	931
749	947
750	917
750	920
750	922
750	927
750	969
751	763
751	839
751	841
751	877
751	968
751	983
751	1546
752	818
753	972
754	797
754	799
755	779
755	816
755	869
755	1343
756	807
758	877
758	918
759	790
759	813
759	880
760	782
760	926
760	974
761	841
761	935
762	833
762	877
762	952
763	842
763	931
763	1702
764	817
764	953
764	1059
765	822
767	887
767	969
768	878
768	879
768	968
768	1994
769	772
769	892
770	927
770	986
772	902
772	925
774	883
774	898
774	937
774	972
776	803
776	847
776	893
776	920
776	974
777	864
778	864
778	948
778	960
778	1813
779	791
779	824
779	836
779	954
780	862
780	871
780	887
780	924
781	828
781	838
781	874
782	801
782	995
783	960
783	1576
784	842
784	868
784	906
785	891
786	952
787	865
787	890
787	913
788	949
789	840
789	895
789	921
789	979
789	980
790	823
791	949
791	958
792	798
792	963
792	993
793	888
793	920
794	811
794	838
795	817
795	894
795	904
795	979
796	807
796	830
796	886
797	802
797	984
798	820
798	841
798	924
799	938
799	982
800	823
801	804
801	918
802	847
802	881
802	936
803	925
803	959
803	996
803	999
804	814
805	915
806	826
806	852
806	933
806	944
806	996
807	809
807	885
807	982
808	959
809	816
809	837
809	888
809	921
809	963
810	875
810	943
810	952
811	880
811	886
811	927
812	825
812	888
813	859
813	904
813	951
813	971
814	962
815	990
816	841
816	886
817	818
817	823
817	846
817	977
817	984
817	997
818	891
821	969
821	975
822	915
823	896
823	940
824	914
826	871
826	962
827	906
827	928
830	835
830	1059
831	893
832	875
832	939
832	973
833	864
834	889
834	950
834	979
835	842
835	890
836	840
836	911
836	916
837	944
838	931
838	969
838	998
839	890
839	1107
840	962
840	984
841	868
841	872
841	920
842	904
843	931
845	930
845	950
846	858
846	1132
847	870
848	960
849	959
850	899
850	955
850	980
851	1005
851	1393
852	1961
853	876
854	924
855	934
856	915
856	991
856	1101
857	952
857	983
857	1044
859	954
860	925
860	942
861	897
861	964
861	993
862	866
862	891
862	915
862	1773
863	893
863	900
863	986
865	988
866	972
866	986
867	907
867	1851
868	889
869	895
870	953
870	969
871	912
871	914
871	986
872	906
872	980
874	974
875	885
876	908
876	1080
877	1898
878	978
879	894
880	907
880	911
881	960
882	887
883	964
885	931
885	967
886	892
886	910
886	1586
887	968
887	997
888	924
888	982
889	902
890	990
890	1415
891	946
891	973
892	965
893	933
894	964
894	970
897	905
897	926
897	929
899	1870
901	1748
903	942
904	934
904	958
904	983
905	923
905	983
906	931
906	950
907	949
907	997
908	909
909	935
910	940
912	951
912	970
913	982
914	916
915	958
917	945
917	989
918	937
918	974
919	991
924	947
926	966
929	1031
933	992
934	958
934	968
935	970
936	1321
937	999
939	1243
941	974
942	1666
943	948
943	972
943	987
944	989
945	984
946	960
949	953
950	959
951	972
953	960
953	961
956	990
963	970
963	982
963	1843
966	982
966	1762
970	989
971	1797
973	992
981	982
983	1627
984	995
985	1600
989	994
991	996
992	999
1000	1013
1000	1129
1000	1151
1000	1160
1000	1187
1000	1190
1000	1304
1000	1359
1000	1458
1000	1580
1000	1643
1000	1676
1000	1770
1000	1797
1000	1984
1001	1005
1001	1019
1001	1054
1001	1081
1001	1183
1001	1256
1001	1272
1001	1433
1001	1489
1001	1560
1001	1669
1001	1681
1001	1762
1001	1815
1001	1939
1001	1963
1001	1985
1002	1202
1002	1260
1002	1334
1002	1471
1002	1561
1002	1570
1002	1588
1002	1657
1002	1755
1002	1758
1002	1979
1003	1122
1003	1155
1003	1177
1003	1531
1003	1590
1003	1594
1003	1729
1003	1742
1003	1838
1003	1915
1003	1919
1003	1937
1003	1948
1004	1106
1004	1180
1004	1377
1004	1435
1004	1611
1004	1701
1004	1961
1005	1248
1005	1304
1005	1501
1005	1617
1005	1621
1005	1684
1005	1709
1005	1751
1005	1934
1005	1973
1006	1059
1006	1266
1006	1338
1006	1424
1006	1474
1006	1503
1006	1523
1006	1541
1006	1631
1006	1702
1006	1777
1007	1115
1007	1204
1007	1281
1007	1289
1007	1290
1007	1324
1007	1505
1007	1598
1007	1814
1007	1988
1008	1356
1008	1549
1008	1629
1008	1690
1008	1713
1008	1747
1008	1816
1008	1842
1009	1143
1009	1208
1009	1473
1009	1480
1009	1561
1009	1620
1009	1744
1009	1863
1009	1888
1010	1057
1010	1110
1010	1112
1010	1200
1010	1332
1010	1527
1010	1554
1010	1666
1010	1757
1010	1941
1011	1143
1011	1151
1011	1289
1011	1401
1011	1470
1011	1472
1011	1522
1011	1628
1011	1741
1011	1820
1011	1845
1011	1901
1011	1931
1012	1137
1012	1364
1012	1380
1012	1699
1012	1844
1012	1856
1012	1914
1013	1023
1013	1433
1013	1545
1013	1583
1013	1906
1014	1081
1014	1121
1014	1357
1014	1449
1014	1453
1014	1496
1014	1630
1014	1669
1014	1818
1014	1914
1014	1937
1015	1024
1015	1218
1015	1250
1015	1599
1015	1668
1015	1671
1015	1687
1015	1875
1015	1987
1016	1093
1016	1121
1016	1350
1016	1560
1016	1583
1016	1668
1016	1697
1016	1864
1016	1887
1017	1042
1017	1050
1017	1084
1017	1096
1017	1150
1017	1508
1017	1542
1017	1578
1017	1623
1017	1644
1017	1748
1018	1291
1018	1452
1018	1520
1018	1565
1018	1578
1018	1580
1018	1971
1019	1053
1019	1062
1019	1077
1019	1149
1019	1512
1019	1534
1019	1550
1019	1603
1019	1726
1019	1874
1019	1893
1020	1021
1020	1036
1020	1054
1020	1172
1020	1175
1020	1411
1020	1419
1020	1571
1020	1714
1020	1776
1020	1805
1020	1881
1020	1941
1021	1256
1021	1407
1021	1428
1021	1434
1021	1608
1021	1654
1021	1697
1021	1768
1021	1770
1021	1910
1022	1025
1022	1042
1022	1077
1022	1118
1022	1157
1022	1187
1022	1299
1022	1378
1022	1439
1022	1572
1022	1581
1022	1722
1023	1072
1023	1120
1023	1216
1023	1294
1023	1406
1023	1452
1023	1512
1023	1529
1023	1557
1023	1708
1023	1798
1023	1934
1024	1053
1024	1101
1024	1401
1024	1437
1024	1448
1024	1523
1024	1589
1024	1611
1024	1755
1024	1887
1024	1971
1025	1085
1025	1150
1025	1242
1025	1281
1025	1596
1025	1632
1025	1685
1025	1833
1025	1930
1026	1050
1026	1062
1026	1196
1026	1226
1026	1444
1026	1466
1026	1516
1026	1657
1026	1689
1026	1809
1026	1813
1026	1887
1026	1901
1026	1939
1027	1422
1027	1587
1027	1588
1027	1632
1027	1647
1027	1681
1027	1790
1027	1846
1028	1099
1028	1301
1028	1398
1028	1413
1028	1431
1029	1089
1029	1217
1029	1224
1029	1438
1029	1585
1029	1604
1029	1698
1029	1761
1029	1800
1029	1838
1030	1063
1030	1386
1030	1481
1030	1622
1030	1659
1030	1663
1030	1723
1030	1771
1030	1930
1030	1931
1031	1155
1031	1436
1031	1855
1031	1896
1032	1193
1032	1261
1032	1751
1032	1803
1033	1175
1033	1267
1033	1345
1033	1365
1033	1374
1033	1377
1033	1424
1033	1565
1033	1659
1034	1127
1034	1139
1034	1228
1034	1292
1034	1299
1034	1325
1034	1574
1034	1635
1035	1042
1035	1079
1035	1181
1035	1196
1035	1282
1035	1318
1035	1364
1035	1483
1035	1633
1035	1643
1035	1654
1035	1721
1035	1786
1035	1789
1035	1972
1035	1973
1036	1232
1036	1567
1036	1861
1036	1865
1037	1066
1037	1196
1037	1202
1037	1207
1037	1304
1037	1567
1037	1817
1038	1167
1038	1242
1038	1265
1038	1540
1038	1544
1038	1671
1038	1713
1038	1745
1038	1805
1038	1808
1038	1866
1038	1955
1039	1138
1039	1179
1039	1245
1039	1335
1039	1386
1039	1448
1039	1449
1039	1586
1039	1626
1039	1828
1039	1875
1040	1104
1040	1360
1040	1392
1040	1505
1040	1613
1040	1672
1040	1730
1040	1736
1040	1797
1040	1807
1040	1838
1040	1858
1041	1131
1041	1405
1041	1550
1041	1773
1041	1822
1041	1950
1041	1964
1042	1052
1042	1126
1042	1266
1042	1293
1042	1460
1042	1747
1042	1812
1042	1896
1042	1954
1043	1219
1043	1226
1043	1342
1043	1437
1043	1480
1043	1574
1043	1641
1043	1729
1043	1760
1043	1764
1043	1843
1043	1844
1043	1895
1043	1927
1043	1990
1044	1083
1044	1202
1044	1516
1044	1532
1044	1568
1044	1580
1044	1725
1044	1774
1044	1782
1044	1790
1044	1972
1045	1642
1045	1664
1045	1816
1046	1101
1046	1237
1046	1354
1046	1511
1046	1557
1046	1658
1046	1660
1046	1794
1046	1852
1047	1195
1047	1433
1047	1509
1047	1534
1047	1562
1047	1563
1047	1599
1047	1685
1047	1867
1047	1929
1047	1981
1047	1984
1048	1291
1048	1566
1048	1697
1048	1765
1048	1828
1048	1984
1048	1986
1049	1061
1049	1290
1049	1317
1049	1494
1049	1633
1049	1660
1049	1689
1049	1742
1049	1805
1049	1815
1049	1839
1050	1079
1050	1083
1050	1099
1050	1142
1050	1143
1050	1336
1050	1404
1050	1430
1050	1545
1050	1808
1050	1843
1050	1883
1051	1153
1051	1178
1051	1379
1051	1534
1051	1535
1051	1540
1051	1779
1051	1981
1052	1589
1052	1620
1052	1709
1052	1755
1052	1896
1052	1948
1053	1358
1053	1365
1053	1430
1053	1472
1053	1510
1053	1635
1053	1654
1053	1783
1053	1808
1053	1889
1054	1121
1054	1273
1054	1306
1054	1307
1054	1319
1054	1328
1054	1409
1054	1427
1054	1514
1054	1521
1054	1661
1054	1741
1054	1815
1054	1877
1054	1891
1055	1068
1055	1077
1055	1088
1055	1105
1055	1197
1055	1374
1055	1400
1055	1423
1055	1523
1055	1633
1055	1722
1055	1825
1055	1850
1056	1068
1056	1085
1056	1127
1056	1223
1056	1509
1056	1528
1056	1548
1056	1656
1056	1706
1056	1730
1056	1815
1056	1844
1056	1932
1056	1985
1057	1383
1057	1424
1057	1649
1057	1669
1057	1774
1057	1793
1057	1889
1057	1949
1058	1113
1058	1235
1058	1320
1058	1323
1058	1342
1058	1398
1058	1566
1058	1590
1058	1619
1058	1847
1058	1891
1059	1207
1059	1218
1059	1299
1059	1484
1059	1599
1060	1135
1060	1244
1060	1336
1060	1424
1060	1536
1060	1549
1060	1615
1060	1686
1060	1768
1061	1101
1061	1118
1061	1262
1061	1280
1061	1374
1061	1875
1061	1934
1062	1210
1062	1225
1062	1407
1062	1471
1062	1493
1062	1506
1062	1580
1062	1591
1062	1608
1062	1682
1062	1789
1062	1860
1062	1874
1062	1940
1063	1150
1063	1252
1063	1400
1063	1459
1063	1570
1063	1874
1063	1896
1064	1211
1064	1262
1064	1408
1064	1444
1064	1460
1064	1584
1064	1673
1064	1725
1064	1735
1064	1789
1064	1833
1064	1930
1065	1121
1065	1374
1065	1493
1065	1544
1065	1703
1066	1180
1066	1495
1066	1506
1066	1843
1066	1892
1066	1917
1067	1084
1067	1242
1067	1266
1067	1446
1067	1526
1067	1565
1067	1619
1067	1715
1067	1813
1067	1883
1067	1960
1067	1979
1068	1650
1068	1781
1068	1986
1069	1119
1069	1193
1069	1260
1069	1271
1069	1274
1069	1373
1069	1402
1069	1627
1069	1633
1069	1681
1069	1811
1069	1936
1069	1959
1070	1143
1070	1175
1070	1304
1070	1377
1070	1446
1070	1573
1070	1613
1070	1670
1071	1095
1071	1325
1071	1359
1071	1385
1071	1539
1071	1580
1071	1736
1071	1775
1071	1968
1072	1236
1072	1447
1072	1489
1072	1535
1072	1599
1072	1792
1073	1203
1073	1289
1073	1306
1073	1523
1073	1536
1073	1836
1073	1974
1073	1977
1074	1144
1074	1411
1074	1438
1074	1486
1074	1543
1074	1603
1074	1790
1075	1187
1075	1262
1075	1296
1075	1313
1075	1472
1075	1480
1075	1556
1075	1629
1075	1844
1075	1854
1075	1999
1076	1177
1076	1196
1076	1202
1076	1305
1076	1446
1076	1453
1076	1496
1076	1514
1076	1721
1076	1805
1076	1891
1076	1926
1076	1977
1077	1122
1077	1293
1077	1411
1077	1528
1077	1812
1077	1946
1077	1996
1078	1108
1078	1112
1078	1298
1078	1480
1078	1534
1078	1544
1078	1637
1078	1697
1078	1807
1078	1874
1078	1911
1078	1965
1078	1998
1079	1338
1079	1717
1079	1892
1079	1958
1080	1096
1080	1178
1080	1327
1080	1626
1080	1758
1080	1847
1080	1989
1081	1160
1081	1205
1081	1237
1081	1255
1081	1264
1081	1302
1081	1311
1081	1382
1081	1402
1081	1443
1081	1591
1082	1173
1082	1393
1082	1558
1082	1666
1082	1753
1082	1759
1082	1968
1083	1213
1083	1227
1083	1435
1083	1448
1083	1488
1083	1681
1083	1942
1084	1115
1084	1215
1084	1299
1084	1385
1084	1462
1084	1565
1084	1945
1085	1189
1085	1391
1086	1101
1086	1129
1086	1251
1086	1304
1086	1306
1086	1370
1086	1463
1086	1489
1086	1645
1086	1769
1086	1857
1087	1163
1087	1197
1087	1205
1087	1402
1087	1484
1087	1587
1087	1839
1087	1946
1087	1980
1088	1143
1088	1213
1088	1214
1088	1228
1088	1304
1088	1363
1088	1465
1088	1669
1088	1774
1088	1802
1088	1864
1088	1897
1088	1912
1089	1174
1089	1191
1089	1253
1089	1364
1089	1369
1089	1452
1089	1646
1089	1781
1089	1818
1089	1899
1090	1168
1090	1191
1090	1233
1090	1367
1090	1578
1090	1624
1090	1916
1091	1093
1091	1095
1091	1184
1091	1198
1091	1272
1091	1359
1091	1507
1091	1558
1091	1643
1091	1710
1091	1837
1092	1095
1092	1157
1092	1218
1092	1391
1092	1453
1092	1483
1092	1691
1092	1692
1092	1818
1093	1258
1093	1394
1093	1395
1093	1698
1093	1809
1094	1098
1094	1108
1094	1194
1094	1216
1094	1227
1094	1383
1094	1486
1094	1553
1094	1588
1094	1678
1094	1700
1094	1861
1094	1930
1094	1976
1095	1116
1095	1165
1095	1175
1095	1182
1095	1403
1095	1504
1095	1631
1095	1700
1095	1897
1095	1996
1096	1113
1096	1198
1096	1273
1096	1568
1096	1609
1096	1657
1096	1705
1096	1725
1096	1801
1096	1812
1096	1922
1096	1938
1096	1968
1097	1508
1097	1545
1097	1600
1097	1861
1098	1132
1098	1141
1098	1320
1098	1323
1098	1416
1098	1462
1098	1498
1098	1523
1098	1670
1098	1933
1099	1116
1099	1264
1099	1309
1099	1361
1099	1376
1099	1550
1099	1571
1099	1657
1099	1699
1099	1936
1100	1373
1100	1482
1100	1559
1100	1691
1100	1778
1100	1863
1100	1989
1101	1104
1101	1264
1101	1361
1101	1384
1101	1559
1101	1657
1101	1867
1102	1290
1102	1596
1102	1806
1102	1816
1102	1837
1102	1894
1102	1946
1102	1991
1103	1188
1103	1193
1103	1263
1103	1305
1103	1385
1103	1442
1103	1455
1103	1515
1103	1523
1103	1604
1103	1817
1103	1882
1103	1891
1104	1120
1104	1339
1104	1340
1104	1344
1104	1355
1104	1438
1104	1563
1104	1760
1104	1987
1105	1305
1105	1406
1105	1765
1105	1957
1105	1997
1106	1274
1106	1403
1106	1538
1106	1682
1106	1805
1106	1925
1106	1948
1106	1975
1106	1991
1107	1118
1107	1197
1107	1276
1107	1564
1107	1635
1107	1779
1107	1872
1107	1939
1108	1309
1108	1320
1108	1388
1108	1486
1108	1498
1108	1696
1108	1740
1108	1755
1108	1756
1108	1894
1108	1935
1109	1184
1109	1190
1109	1229
1109	1255
1109	1607
1109	1824
1109	1834
1110	1189
1110	1486
1110	1651
1110	1743
1110	1876
1111	1292
1111	1332
1111	1337
1111	1389
1111	1455
1111	1546
1111	1588
1111	1686
1111	1748
1111	1801
1111	1802
1111	1809
1111	1850
1111	1890
1111	1914
1111	1985
1112	1170
1112	1208
1112	1441
1112	1499
1112	1512
1112	1602
1112	1685
1112	1706
1112	1765
1112	1951
1113	1262
1113	1381
1113	1382
1113	1555
1113	1576
1113	1632
1113	1793
1113	1917
1113	1970
1114	1222
1114	1228
1114	1454
1114	1569
1114	1725
1114	1765
1114	1816
1114	1926
1115	1284
1115	1412
1115	1434
1115	1514
1115	1621
1115	1784
1115	1953
1115	1976
1116	1247
1116	1403
1116	1440
1116	1521
1116	1537
1116	1540
1116	1599
1116	1613
1116	1800
1116	1927
1117	1209
1117	1270
1117	1340
1117	1386
1117	1574
1117	1693
1117	1724
1117	1748
1117	1756
1117	1779
1117	1787
1118	1171
1118	1193
1118	1397
1118	1492
1118	1627
1118	1869
1118	1981
1119	1202
1119	1253
1119	1276
1119	1344
1119	1426
1119	1512
1119	1528
1119	1561
1119	1660
1119	1755
1119	1956
1120	1123
1120	1184
1120	1188
1120	1246
1120	1265
1120	1299
1120	1328
1120	1371
1120	1430
1120	1443
1120	1588
1120	1615
1120	1644
1120	1731
1120	1787
1121	1197
1121	1206
1121	1332
1121	1423
1121	1434
1121	1512
1121	1552
1121	1757
1121	1878
1121	1976
1122	1337
1122	1455
1122	1503
1122	1506
1122	1570
1122	1585
1122	1606
1122	1617
1122	1634
1122	1769
1122	1793
1122	1910
1123	1168
1123	1294
1123	1384
1123	1424
1123	1429
1123	1630
1123	1791
1123	1798
1123	1846
1123	1862
1123	1926
1124	1303
1124	1357
1124	1617
1124	1622
1124	1706
1124	1828
1124	1855
1125	1459
1125	1560
1125	1617
1125	1989
1126	1427
1126	1436
1126	1696
1126	1828
1127	1194
1127	1228
1127	1268
1127	1314
1127	1340
1127	1621
1127	1630
1127	1665
1128	1395
1128	1415
1128	1477
1128	1552
1128	1558
1128	1695
1128	1961
1128	1978
1129	1163
1129	1268
1129	1270
1129	1294
1129	1303
1129	1403
1129	1514
1129	1844
1129	1856
1130	1148
1130	1272
1130	1296
1130	1392
1130	1504
1130	1536
1130	1556
1130	1658
1130	1742
1130	1783
1130	1797
1131	1243
1131	1369
1131	1392
1131	1394
1131	1557
1131	1656
1131	1816
1131	1822
1131	1845
1132	1152
1132	1188
1132	1314
1132	1321
1132	1331
1132	1344
1132	1395
1132	1480
1132	1518
1132	1563
1132	1613
1132	1618
1132	1634
1132	1693
1132	1737
1132	1787
1132	1889
1132	1928
1133	1289
1133	1324
1133	1482
1133	1512
1133	1569
1133	1646
1133	1761
1134	1314
1134	1470
1134	1668
1134	1683
1134	1712
1134	1968
1134	1976
1135	1350
1135	1358
1135	1387
1135	1610
1135	1826
1135	1967
1136	1141
1136	1200
1136	1215
1136	1225
1136	1342
1136	1362
1136	1425
1136	1431
1136	1519
1136	1652
1136	1747
1136	1769
1136	1995
1137	1142
1137	1169
1137	1332
1137	1464
1137	1601
1137	1673
1137	1685
1137	1764
1138	1203
1138	1516
1138	1518
1138	1751
1139	1154
1139	1235
1139	1327
1139	1388
1139	1546
1140	1177
1140	1222
1140	1239
1140	1336
1140	1401
1140	1502
1140	1517
1140	1634
1140	1831
1141	1190
1141	1209
1141	1256
1141	1299
1141	1527
1141	1663
1142	1209
1142	1246
1142	1304
1142	1314
1142	1327
1142	1348
1142	1440
1142	1586
1142	1842
1142	1871
1143	1190
1143	1238
1143	1300
1143	1501
1143	1604
1143	1755
1143	1767
1143	1882
1144	1223
1144	1235
1144	1391
1144	1408
1144	1422
1144	1426
1144	1547
1144	1589
1144	1619
1144	1784
1144	1840
1145	1241
1145	1275
1145	1329
1145	1394
1145	1477
1145	1612
1145	1739
1145	1878
1146	1257
1146	1493
1146	1593
1146	1596
1146	1628
1146	1637
1146	1768
1146	1787
1146	1790
1146	1855
1146	1893
1146	1895
1146	1896
1146	1905
1147	1167
1147	1300
1147	1353
1147	1376
1147	1425
1147	1460
1147	1525
1147	1730
1147	1794
1147	1844
1147	1936
1148	1163
1148	1191
1148	1201
1148	1270
1148	1278
1148	1374
1148	1389
1148	1627
1148	1711
1148	1763
1148	1890
1149	1242
1149	1336
1149	1341
1149	1360
1149	1404
1149	1406
1149	1529
1149	1578
1149	1748
1149	1905
1149	1910
1149	1974
1150	1215
1150	1216
1150	1245
1150	1273
1150	1297
1150	1689
1150	1694
1150	1709
1150	1803
1150	1815
1150	1878
1150	1914
1151	1178
1151	1366
1151	1453
1151	1502
1151	1828
1151	1946
1152	1255
1152	1331
1152	1660
1153	1401
1153	1417
1153	1547
1153	1553
1153	1661
1153	1664
1153	1694
1153	1729
1153	1742
1153	1787
1153	1827
1153	1846
1153	1856
1154	1163
1154	1196
1154	1225
1154	1377
1154	1607
1154	1676
1154	1727
1154	1753
1154	1853
1154	1957
1154	1987
1155	1340
1155	1351
1155	1395
1155	1430
1155	1537
1155	1726
1155	1734
1155	1789
1155	1846
1156	1265
1156	1339
1156	1559
1156	1660
1156	1689
1156	1691
1156	1870
1156	1992
1157	1359
1157	1384
1157	1432
1157	1577
1157	1909
1157	1936
1158	1171
1158	1172
1158	1216
1158	1392
1158	1464
1158	1518
1158	1585
1158	1711
1158	1760
1158	1764
1158	1894
1158	1978
1159	1214
1159	1349
1159	1358
1159	1754
1159	1813
1159	1814
1159	1964
1159	1983
1160	1185
1160	1276
1160	1313
1160	1527
1160	1534
1160	1772
1160	1923
1161	1249
1161	1280
1161	1442
1161	1452
1161	1555
1161	1641
1161	1678
1161	1690
1161	1698
1161	1713
1161	1791
1161	1906
1161	1974
1162	1186
1162	1478
1162	1580
1162	1742
1163	1170
1163	1186
1163	1295
1163	1335
1163	1581
1163	1806
1163	1994
1164	1271
1164	1306
1164	1596
1164	1623
1164	1717
1164	1818
1164	1998
1165	1265
1165	1286
1165	1365
1165	1436
1165	1697
1165	1730
1165	1778
1165	1816
1165	1820
1165	1951
1165	1970
1166	1214
1166	1239
1166	1324
1166	1433
1166	1454
1166	1511
1166	1521
1166	1540
1166	1622
1166	1896
1166	1916
1166	1937
1166	1997
1167	1272
1167	1387
1167	1398
1167	1666
1167	1691
1167	1911
1168	1207
1168	1216
1168	1246
1168	1507
1168	1559
1168	1574
1168	1745
1168	1784
1168	1806
1168	1937
1168	1971
1168	1996
1169	1219
1169	1245
1169	1417
1169	1465
1169	1505
1169	1636
1169	1669
1169	1680
1169	1705
1169	1999
1170	1205
1170	1247
1170	1277
1170	1328
1170	1371
1170	1415
1170	1429
1170	1441
1170	1599
1170	1738
1170	1865
1171	1289
1171	1290
1171	1561
1171	1619
1171	1667
1171	1913
1172	1174
1172	1227
1172	1264
1172	1524
1172	1538
1172	1571
1172	1677
1172	1722
1172	1809
1172	1828
1172	1906
1173	1375
1173	1446
1173	1635
1173	1641
1173	1761
1173	1784
1173	1870
1173	1895
1174	1234
1174	1390
1174	1505
1174	1549
1174	1551
1174	1653
1174	1936
1174	1954
1174	1979
1174	1990
1175	1412
1175	1481
1175	1501
1175	1543
1175	1613
1175	1809
1176	1259
1176	1293
1176	1356
1176	1615
1176	1714
1176	1719
1176	1975
1176	1986
1177	1345
1177	1447
1177	1456
1177	1481
1177	1622
1177	1772
1177	1869
1177	1878
1177	1914
1177	1922
1178	1224
1178	1246
1178	1249
1178	1360
1178	1387
1178	1463
1178	1509
1178	1658
1178	1667
1178	1810
1178	1900
1179	1180
1179	1253
1179	1473
1179	1627
1179	1784
1179	1879
1179	1923
1180	1223
1180	1340
1180	1439
1180	1505
1180	1552
1180	1585
1180	1653
1180	1893
1181	1204
1181	1294
1181	1315
1181	1321
1181	1390
1181	1416
1181	1517
1181	1636
1181	1805
1181	1869
1181	1996
1182	1499
1182	1557
1182	1672
1182	1771
1182	1820
1183	1218
1183	1254
1183	1332
1183	1423
1183	1477
1183	1733
1183	1839
1183	1842
1184	1195
1184	1286
1184	1389
1184	1508
1184	1873
1185	1425
1185	1453
1185	1542
1185	1547
1185	1754
1185	1789
1185	1850
1185	1892
1186	1286
1186	1363
1186	1390
1186	1540
1186	1541
1186	1699
1186	1819
1186	1827
1186	1980
1187	1295
1187	1561
1187	1743
1187	1754
1187	1806
1187	1860
1188	1320
1188	1367
1188	1535
1188	1765
1188	1817
1188	1839
1188	1910
1188	1955
1189	1225
1189	1392
1189	1396
1189	1401
1189	1488
1189	1564
1189	1592
1189	1845
1189	1959
1190	1275
1190	1436
1190	1553
1190	1595
1190	1674
1190	1698
1190	1732
1190	1959
1191	1312
1191	1369
1191	1471
1191	1611
1191	1947
1191	1989
1191	1993
1191	1996
1192	1265
1192	1523
1192	1616
1192	1643
1193	1248
1193	1500
1193	1548
1193	1579
1193	1588
1193	1741
1194	1364
1194	1374
1194	1643
1194	1645
1194	1763
1194	1796
1195	1237
1195	1431
1195	1477
1195	1495
1195	1520
1195	1816
1195	1821
1195	1841
1196	1446
1196	1492
1196	1637
1196	1704
1196	1742
1196	1755
1196	1917
1196	1985
1197	1334
1197	1366
1197	1440
1197	1441
1197	1530
1197	1580
1197	1596
1197	1871
1197	1953
1197	1995
1198	1273
1198	1536
1198	1674
1198	1860
1198	1863
1198	1887
1198	1892
1198	1969
1199	1251
1199	1308
1199	1369
1199	1392
1199	1503
1199	1547
1199	1562
1199	1617
1199	1624
1199	1783
1199	1950
1200	1389
1200	1539
1200	1540
1200	1671
1200	1712
1200	1796
1201	1288
1201	1289
1201	1297
1201	1322
1201	1362
1201	1420
1201	1485
1201	1541
1201	1679
1201	1736
1201	1842
1201	1927
1201	1947
1202	1213
1202	1284
1202	1462
1202	1628
1202	1653
1202	1684
1202	1787
1202	1847
1203	1351
1203	1469
1203	1474
1203	1484
1203	1510
1203	1631
1203	1735
1203	1819
1203	1919
1203	1979
1204	1291
1204	1392
1204	1401
1204	1479
1204	1488
1204	1933
1205	1229
1205	1236
1205	1319
1205	1325
1205	1363
1205	1419
1205	1632
1205	1762
1206	1358
1206	1421
1206	1537
1206	1651
1206	1797
1206	1917
1206	1981
1207	1392
1207	1424
1207	1491
1207	1640
1207	1851
1207	1971
1208	1285
1208	1529
1208	1547
1208	1560
1208	1600
1208	1788
1208	1832
1208	1967
1209	1275
1209	1555
1209	1700
1209	1728
1209	1744
1209	1839
1209	1859
1210	1211
1210	1317
1210	1456
1210	1458
1210	1466
1210	1532
1210	1704
1210	1725
1210	1745
1210	1858
1210	1999
1211	1339
1211	1444
1211	1567
1211	1607
1211	1626
1211	1894
1212	1235
1212	1292
1212	1614
1212	1755
1212	1803
1212	1881
1212	1893
1212	1982
1213	1370
1213	1662
1213	1679
1213	1705
1214	1224
1214	1370
1214	1383
1214	1637
1215	1218
1215	1470
1215	1641
1215	1686
1215	1701
1215	1715
1215	1795
1215	1905
1215	1928
1216	1327
1216	1460
1216	1547
1216	1590
1216	1596
1216	1672
1216	1733
1216	1960
1216	1972
1217	1514
1217	1637
1217	1669
1217	1767
1217	1769
1217	1819
1217	1868
1218	1249
1218	1378
1218	1584
1218	1732
1218	1760
1218	1898
1218	1926
1219	1289
1219	1319
1219	1405
1219	1486
1219	1492
1219	1523
1219	1753
1219	1761
1219	1773
1220	1320
1220	1412
1220	1450
1220	1574
1220	1633
1220	1663
1220	1826
1220	1857
1221	1427
1221	1436
1221	1862
1221	1873
1222	1390
1222	1565
1222	1567
1222	1668
1222	1711
1222	1747
1222	1803
1222	1900
1223	1529
1223	1564
1223	1597
1223	1707
1223	1848
1223	1879
1223	1925
1223	1950
1224	1302
1224	1356
1224	1408
1224	1583
1224	1588
1224	1652
1224	1715
1224	1753
1224	1781
1224	1872
1224	1880
1225	1256
1225	1343
1225	1528
1225	1591
1225	1720
1226	1378
1226	1552
1226	1748
1226	1757
1226	1847
1227	1314
1227	1468
1227	1561
1227	1562
1227	1591
1227	1664
1227	1868
1227	1938
1228	1291
1228	1305
1228	1319
1228	1488
1228	1765
1228	1783
1229	1272
1229	1280
1229	1367
1229	1371
1229	1508
1229	1587
1229	1788
1229	1954
1230	1252
1230	1263
1230	1291
1230	1398
1230	1802
1230	1936
1230	1976
1231	1278
1231	1286
1231	1422
1231	1457
1231	1468
1231	1677
1231	1735
1231	1846
1232	1377
1232	1631
1232	1633
1232	1678
1232	1696
1232	1728
1232	1829
1232	1978
1233	1409
1233	1450
1233	1646
1233	1706
1233	1726
1233	1745
1233	1899
1233	1972
1234	1346
1234	1422
1234	1426
1234	1449
1234	1575
1234	1719
1234	1738
1234	1758
1234	1935
1235	1377
1235	1405
1235	1551
1235	1931
1235	1988
1236	1269
1236	1381
1236	1504
1236	1552
1236	1644
1236	1680
1236	1815
1237	1249
1237	1419
1237	1651
1237	1732
1237	1932
1237	1959
1237	1969
1238	1575
1238	1703
1238	1861
1238	1868
1238	1939
1238	1955
1239	1328
1239	1484
1239	1489
1239	1505
1239	1606
1239	1623
1239	1640
1239	1643
1239	1689
1239	1728
1239	1767
1239	1814
1239	1936
1240	1257
1240	1299
1240	1490
1240	1623
1240	1800
1241	1326
1241	1383
1241	1396
1241	1684
1241	1949
1242	1247
1242	1255
1242	1272
1242	1334
1242	1400
1242	1401
1242	1412
1242	1451
1242	1518
1242	1519
1242	1848
1242	1869
1242	1999
1243	1294
1243	1335
1243	1362
1243	1722
1244	1305
1244	1315
1244	1374
1244	1542
1244	1676
1244	1778
1244	1851
1244	1974
1245	1282
1245	1301
1245	1344
1245	1418
1245	1472
1245	1534
1245	1692
1246	1356
1246	1377
1246	1410
1246	1663
1246	1686
1246	1872
1246	1948
1246	1992
1247	1322
1247	1356
1247	1359
1247	1442
1247	1504
1247	1509
1247	1570
1247	1574
1247	1633
1247	1657
1247	1662
1247	1744
1247	1927
1248	1535
1248	1636
1248	1716
1248	1749
1248	1955
1249	1720
1249	1751
1249	1755
1249	1792
1249	1804
1249	1830
1249	1941
1249	1994
1250	1410
1250	1446
1250	1504
1250	1527
1250	1529
1250	1571
1250	1644
1250	1755
1250	1845
1250	1915
1250	1948
1250	1955
1250	1956
1251	1256
1251	1298
1251	1413
1251	1414
1251	1526
1251	1664
1251	1728
1251	1825
1251	1873
1251	1928
1251	1966
1252	1260
1252	1428
1252	1460
1252	1490
1252	1613
1252	1837
1252	1854
1252	1928
1252	1946
1253	1401
1253	1441
1253	1516
1253	1537
1253	1550
1253	1619
1253	1662
1253	1706
1253	1744
1253	1762
1253	1831
1253	1868
1253	1892
1253	1932
1253	1936
1253	1980
1254	1329
1254	1359
1254	1380
1254	1632
1254	1654
1254	1732
1254	1749
1254	1756
1254	1798
1254	1828
1254	1853
1254	1961
1255	1283
1255	1544
1255	1643
1255	1903
1255	1905
1255	1926
1255	1927
1255	1959
1255	1972
1256	1268
1256	1554
1256	1589
1256	1651
1256	1714
1256	1769
1256	1935
1256	1985
1256	1993
1257	1332
1257	1356
1257	1457
1257	1523
1257	1599
1258	1313
1258	1397
1258	1399
1258	1423
1258	1480
1258	1590
1258	1918
1258	1924
1259	1306
1259	1361
1259	1396
1259	1438
1259	1608
1259	1819
1259	1833
1259	1878
1259	1890
1259	1967
1260	1274
1260	1293
1260	1329
1260	1349
1260	1407
1260	1416
1260	1489
1260	1557
1260	1615
1260	1638
1261	1440
1261	1490
1261	1502
1261	1507
1261	1669
1261	1696
1261	1698
1261	1935
1261	1970
1261	1994
1262	1380
1262	1400
1262	1487
1262	1591
1262	1623
1262	1628
1262	1847
1262	1890
1262	1971
1263	1336
1263	1674
1263	1795
1263	1838
1264	1302
1264	1316
1264	1428
1264	1478
1264	1623
1264	1669
1264	1895
1265	1332
1265	1407
1265	1424
1265	1505
1265	1519
1265	1616
1265	1660
1265	1744
1265	1834
1265	1847
1265	1979
1266	1306
1266	1342
1266	1358
1266	1468
1266	1475
1266	1547
1266	1910
1267	1317
1267	1329
1267	1424
1267	1563
1267	1626
1267	1648
1267	1720
1267	1777
1267	1819
1267	1843
1268	1335
1268	1626
1268	1725
1268	1891
1268	1942
1268	1961
1269	1310
1269	1441
1269	1649
1269	1679
1269	1720
1270	1405
1270	1423
1270	1488
1270	1591
1270	1669
1270	1716
1270	1799
1271	1306
1271	1384
1271	1393
1271	1405
1271	1454
1271	1575
1271	1600
1271	1615
1271	1887
1271	1908
1271	1975
1272	1353
1272	1444
1272	1448
1272	1506
1272	1520
1272	1549
1272	1564
1272	1580
1272	1695
1272	1903
1272	1929
1273	1298
1273	1367
1273	1440
1273	1639
1273	1688
1273	1728
1273	1804
1273	1857
1273	1862
1273	1883
1273	1974
1274	1353
1274	1503
1274	1536
1274	1549
1274	1649
1274	1704
1274	1957
1275	1822
1275	1908
1276	1282
1276	1391
1276	1541
1276	1583
1276	1647
1276	1735
1276	1919
1277	1437
1277	1760
1277	1771
1277	1840
1277	1874
1277	1989
1278	1344
1278	1476
1278	1489
1278	1510
1278	1513
1278	1617
1278	1668
1278	1922
1279	1313
1279	1531
1279	1723
1279	1751
1279	1777
1279	1923
1280	1288
1280	1372
1280	1403
1280	1465
1280	1568
1280	1691
1280	1703
1280	1834
1280	1883
1280	1991
1281	1438
1281	1444
1281	1504
1281	1773
1282	1301
1282	1326
1282	1396
1282	1568
1282	1796
1282	1814
1282	1937
1282	1950
1283	1583
1283	1675
1283	1726
1283	1973
1284	1442
1284	1497
1284	1501
1284	1513
1284	1896
1284	1904
1284	1960
1285	1545
1285	1563
1285	1824
1285	1886
1285	1915
1286	1377
1286	1389
1286	1635
1286	1753
1286	1847
1286	1868
1286	1935
1286	1941
1287	1399
1287	1403
1287	1473
1287	1603
1287	1670
1287	1676
1287	1748
1287	1824
1287	1864
1288	1352
1288	1382
1288	1424
1288	1563
1288	1582
1288	1626
1288	1710
1288	1781
1288	1884
1288	1921
1289	1502
1289	1538
1289	1550
1289	1718
1290	1376
1290	1404
1290	1492
1290	1827
1291	1342
1291	1457
1291	1492
1291	1616
1291	1637
1291	1713
1291	1736
1291	1901
1291	1916
1291	1941
1292	1434
1292	1484
1292	1589
1292	1591
1292	1683
1292	1753
1292	1771
1292	1883
1292	1959
1293	1349
1293	1426
1293	1660
1293	1787
1293	1898
1293	1936
1293	1990
1293	1995
1294	1322
1294	1327
1294	1436
1294	1525
1294	1873
1295	1307
1295	1368
1295	1533
1295	1715
1295	1827
1295	1879
1295	1896
1295	1949
1296	1473
1296	1594
1296	1767
1296	1851
1296	1979
1297	1765
1297	1840
1297	1843
1297	1977
1297	1987
1298	1306
1298	1385
1298	1412
1298	1612
1298	1642
1298	1702
1298	1888
1298	1922
1298	1939
1299	1412
1299	1535
1299	1688
1299	1838
1299	1841
1299	1884
1299	1905
1299	1976
1300	1593
1300	1621
1300	1644
1300	1684
1300	1701
1300	1713
1300	1726
1300	1760
1300	1808
1300	1831
1300	1949
1301	1303
1301	1403
1301	1421
1301	1505
1301	1601
1301	1627
1301	1637
1301	1722
1301	1768
1301	1781
1301	1909
1302	1406
1302	1427
1302	1541
1302	1738
1302	1900
1303	1375
1303	1393
1303	1580
1303	1636
1303	1650
1303	1698
1303	1733
1303	1866
1303	1888
1303	1909
1304	1393
1304	1409
1304	1526
1304	1546
1304	1572
1304	1637
1304	1705
1304	1768
1304	1999
1305	1402
1305	1473
1305	1559
1305	1766
1305	1826
1305	1872
1305	1949
1306	1407
1306	1460
1306	1682
1306	1712
1307	1552
1307	1617
1307	1627
1307	1681
1307	1706
1307	1761
1307	1781
1307	1782
1307	1899
1307	1978
1308	1349
1308	1533
1308	1584
1308	1633
1308	1642
1308	1760
1308	1828
1308	1839
1308	1890
1308	1892
1309	1324
1309	1617
1309	1644
1309	1709
1309	1799
1309	1866
1309	1892
1310	1575
1310	1581
1310	1716
1310	1993
1311	1398
1311	1407
1311	1545
1311	1565
1311	1577
1311	1705
1311	1740
1312	1405
1312	1439
1312	1440
1312	1514
1312	1600
1312	1615
1312	1690
1312	1692
1312	1696
1312	1727
1312	1738
1312	1831
1312	1848
1312	1850
1312	1881
1313	1459
1313	1605
1313	1619
1313	1721
1313	1790
1313	1973
1314	1322
1314	1356
1314	1357
1314	1474
1314	1569
1314	1633
1314	1749
1314	1900
1314	1990
1315	1340
1315	1418
1315	1486
1315	1527
1315	1528
1315	1604
1315	1700
1315	1830
1315	1924
1315	1932
1315	1951
1316	1411
1316	1424
1316	1556
1316	1771
1316	1813
1316	1927
1316	1953
1317	1340
1317	1353
1317	1355
1317	1709
1317	1770
1317	1776
1317	1800
1317	1877
1317	1926
1317	1945
1317	1964
1318	1396
1318	1401
1318	1559
1318	1678
1318	1758
1318	1765
1318	1884
1318	1984
1319	1364
1319	1419
1319	1513
1319	1581
1319	1649
1319	1822
1319	1845
1319	1925
1320	1396
1320	1800
1320	1977
1321	1564
1321	1567
1321	1591
1321	1715
1321	1742
1321	1763
1321	1878
1321	1887
1321	1985
1322	1404
1322	1693
1322	1924
1322	1945
1322	1992
1323	1440
1323	1510
1323	1583
1323	1668
1323	1801
1323	1857
1323	1869
1323	1999
1324	1411
1324	1717
1324	1734
1324	1778
1324	1849
1324	1856
1324	1901
1325	1425
1325	1436
1325	1469
1325	1588
1325	1647
1325	1953
1326	1394
1326	1748
1326	1816
1326	1825
1326	1832
1326	1935
1327	1390
1327	1448
1327	1540
1327	1632
1327	1929
1327	1983
1328	1406
1328	1415
1328	1499
1328	1568
1328	1569
1328	1751
1328	1883
1329	1377
1329	1380
1329	1525
1329	1670
1329	1863
1330	1356
1330	1504
1330	1546
1330	1547
1330	1575
1330	1626
1330	1726
1330	1937
1330	1951
1331	1407
1331	1423
1331	1504
1331	1722
1331	1963
1331	1998
1332	1372
1332	1566
1332	1595
1332	1659
1332	1707
1332	1769
1332	1940
1333	1490
1333	1578
1333	1671
1333	1749
1334	1384
1334	1398
1334	1416
1334	1480
1334	1499
1334	1635
1334	1685
1334	1756
1334	1921
1334	1943
1335	1360
1335	1473
1335	1505
1335	1638
1335	1674
1335	1715
1335	1828
1335	1974
1336	1422
1336	1504
1336	1693
1336	1720
1336	1771
1336	1772
1336	1875
1336	1891
1336	1932
1337	1477
1337	1491
1337	1492
1337	1575
1337	1777
1337	1834
1337	1938
1337	1988
1338	1528
1338	1582
1338	1630
1338	1632
1338	1634
1338	1877
1339	1488
1339	1512
1339	1667
1340	1476
1340	1544
1340	1610
1340	1698
1340	1701
1340	1936
1341	1620
1341	1638
1341	1779
1341	1812
1342	1575
1342	1585
1342	1730
1342	1762
1342	1804
1342	1842
1343	1446
1343	1464
1343	1526
1343	1837
1343	1854
1343	1892
1343	1948
1344	1456
1344	1569
1344	1694
1344	1745
1345	1367
1345	1574
1345	1621
1345	1753
1345	1857
1345	1868
1345	1878
1345	1889
1345	1910
1346	1355
1346	1367
1346	1470
1346	1518
1346	1585
1346	1622
1346	1937
1346	1963
1347	1443
1347	1606
1347	1641
1347	1672
1347	1686
1347	1755
1347	1859
1348	1434
1348	1543
1348	1575
1348	1580
1348	1645
1348	1714
1348	1811
1348	1893
1348	1906
1348	1983
1349	1406
1349	1413
1349	1618
1349	1630
1349	1849
1349	1946
1350	1488
1350	1523
1350	1690
1350	1726
1350	1793
1351	1391
1351	1509
1351	1511
1351	1722
1351	1736
1351	1770
1351	1927
1351	1946
1352	1416
1352	1673
1352	1722
1352	1741
1352	1781
1353	1469
1353	1475
1353	1593
1353	1650
1353	1993
1354	1374
1354	1517
1354	1543
1354	1736
1354	1880
1355	1462
1355	1494
1355	1550
1355	1764
1355	1994
1356	1471
1356	1651
1356	1717
1356	1768
1356	1824
1357	1568
1357	1707
1357	1990
1358	1431
1358	1559
1358	1666
1358	1957
1359	1470
1359	1497
1359	1631
1359	1644
1359	1713
1359	1714
1359	1823
1359	1925
1359	1951
1360	1413
1360	1550
1360	1664
1360	1856
1360	1895
1360	1984
1361	1528
1361	1679
1361	1911
1361	1952
1362	1375
1362	1515
1362	1534
1362	1535
1362	1581
1362	1594
1362	1751
1362	1841
1362	1941
1363	1508
1363	1590
1363	1608
1363	1936
1363	1961
1364	1678
1364	1824
1364	1900
1364	1953
1364	1998
1365	1404
1365	1529
1365	1569
1365	1642
1365	1689
1365	1803
1365	1897
1365	1929
1365	1933
1366	1424
1366	1446
1366	1485
1366	1715
1366	1752
1366	1780
1366	1802
1366	1815
1366	1834
1367	1552
1367	1575
1367	1622
1367	1623
1367	1719
1367	1748
1367	1776
1367	1785
1368	1398
1368	1615
1368	1730
1368	1835
1368	1973
1369	1486
1369	1509
1369	1568
1369	1613
1369	1617
1369	1619
1369	1645
1369	1661
1369	1681
1369	1792
1369	1831
1369	1853
1369	1900
1369	1963
1370	1374
1370	1376
1370	1433
1370	1478
1370	1510
1370	1520
1370	1729
1370	1817
1370	1876
1370	1901
1370	1904
1370	1910
1371	1609
1371	1742
1371	1924
1371	1940
1371	1955
1372	1401
1372	1403
1372	1624
1372	1629
1372	1644
1372	1778
1373	1750
1373	1784
1373	1809
1373	1846
1373	1919
1373	1923
1373	1942
1374	1432
1374	1469
1374	1483
1374	1646
1374	1695
1374	1908
1374	1944
1374	1950
1375	1585
1375	1802
1375	1862
1375	1929
1376	1385
1376	1429
1376	1457
1376	1561
1376	1650
1376	1669
1376	1788
1377	1514
1377	1525
1377	1528
1377	1620
1377	1664
1377	1711
1378	1397
1378	1498
1378	1659
1378	1687
1378	1766
1378	1891
1378	1966
1378	1968
1379	1424
1379	1484
1379	1849
1379	1860
1379	1955
1380	1418
1380	1615
1380	1898
1380	1950
1381	1412
1381	1413
1381	1526
1381	1801
1381	1824
1381	1994
1382	1409
1382	1682
1382	1731
1382	1759
1382	1841
1382	1869
1383	1439
1383	1605
1383	1626
1383	1762
1383	1978
1383	1994
1384	1795
1384	1814
1384	1966
1384	1993
1385	1663
1385	1679
1385	1680
1385	1763
1385	1798
1385	1938
1386	1435
1386	1439
1386	1616
1386	1655
1386	1923
1386	1980
1387	1497
1387	1615
1387	1647
1387	1749
1387	1971
1388	1436
1388	1454
1388	1478
1388	1734
1388	1760
1388	1785
1388	1796
1388	1904
1388	1915
1388	1970
1389	1470
1389	1542
1389	1651
1389	1815
1390	1497
1390	1559
1390	1661
1390	1671
1390	1689
1390	1847
1390	1889
1390	1891
1391	1875
1391	1892
1391	1976
1392	1408
1392	1603
1392	1669
1392	1731
1392	1777
1392	1975
1393	1621
1393	1775
1393	1856
1393	1859
1393	1891
1394	1473
1394	1597
1394	1659
1394	1664
1394	1909
1395	1646
1395	1655
1395	1712
1395	1866
1395	1984
1395	1998
1396	1400
1396	1405
1396	1429
1396	1469
1396	1499
1396	1542
1396	1580
1396	1599
1396	1782
1396	1901
1397	1450
1397	1468
1397	1481
1397	1602
1397	1786
1397	1843
1397	1877
1397	1921
1397	1930
1397	1932
1397	1962
1398	1430
1398	1581
1398	1593
1398	1800
1398	1895
1398	1927
1399	1526
1399	1538
1399	1802
1399	1859
1399	1877
1400	1465
1400	1577
1400	1844
1400	1895
1401	1549
1401	1717
1401	1858
1401	1945
1402	1425
1402	1440
1402	1445
1402	1619
1402	1756
1402	1839
1403	1552
1403	1630
1403	1664
1403	1678
1403	1721
1403	1747
1403	1942
1403	1951
1403	1996
1404	1413
1404	1445
1404	1642
1404	1772
1405	1434
1405	1544
1405	1611
1405	1897
1406	1439
1406	1458
1406	1621
1406	1797
1406	1877
1406	1923
1407	1414
1407	1485
1407	1494
1407	1539
1407	1605
1407	1623
1407	1828
1407	1892
1408	1426
1408	1462
1408	1467
1408	1530
1408	1538
1408	1588
1408	1645
1408	1704
1408	1825
1408	1839
1408	1979
1409	1554
1409	1732
1409	1882
1410	1512
1410	1592
1410	1604
1410	1691
1410	1752
1410	1780
1410	1827
1411	1447
1411	1450
1411	1575
1411	1630
1411	1720
1411	1729
1411	1760
1411	1844
1411	1883
1411	1963
1412	1703
1412	1864
1412	1905
1413	1482
1413	1517
1413	1715
1413	1764
1413	1780
1414	1450
1414	1481
1414	1589
1414	1603
1414	1792
1414	1802
1414	1814
1414	1883
1414	1914
1414	1950
1415	1469
1415	1899
1415	1988
1416	1498
1416	1499
1416	1606
1416	1672
1416	1680
1416	1762
1417	1436
1417	1645
1417	1679
1417	1721
1417	1769
1417	1937
1417	1983
1418	1482
1418	1506
1418	1618
1418	1760
1419	1423
1419	1517
1419	1567
1419	1569
1420	1519
1420	1748
1420	1781
1420	1874
1420	1925
1421	1491
1421	1604
1421	1620
1421	1643
1421	1706
1421	1823
1421	1877
1421	1956
1422	1542
1422	1547
1422	1623
1422	1674
1422	1833
1422	1892
1422	1956
1423	1446
1423	1561
1423	1956
1424	1487
1424	1881
1425	1488
1425	1491
1425	1493
1425	1502
1425	1766
1425	1868
1425	1912
1425	1938
1425	1954
1425	1996
1426	1513
1426	1688
1426	1762
1426	1767
1426	1962
1427	1623
1427	1670
1427	1697
1427	1751
1427	1837
1427	1950
1427	1985
1427	1986
1427	1996
1428	1456
1428	1624
1428	1677
1428	1917
1429	1450
1429	1526
1429	1567
1429	1712
1429	1728
1429	1741
1429	1854
1430	1677
1430	1889
1431	1533
1431	1537
1431	1551
1431	1594
1431	1663
1431	1845
1432	1481
1432	1582
1432	1590
1432	1705
1432	1739
1432	1772
1433	1683
1433	1783
1433	1860
1433	1877
1434	1619
1434	1818
1435	1497
1435	1705
1435	1735
1436	1445
1436	1449
1436	1697
1436	1712
1436	1745
1436	1924
1436	1993
1437	1552
1437	1749
1437	1757
1437	1766
1438	1530
1438	1552
1438	1595
1438	1804
1438	1981
1439	1464
1439	1544
1439	1659
1439	1675
1439	1687
1439	1690
1439	1740
1439	1887
1440	1574
1440	1665
1440	1935
1440	1999
1441	1472
1441	1479
1441	1494
1441	1574
1441	1636
1441	1680
1441	1844
1441	1887
1441	1991
1442	1594
1442	1800
1442	1839
1442	1918
1442	1996
1443	1539
1443	1572
1443	1746
1443	1844
1443	1985
1444	1457
1444	1485
1444	1547
1444	1623
1444	1848
1445	1497
1445	1582
1445	1616
1445	1896
1445	1928
1445	1934
1446	1470
1446	1745
1446	1890
1446	1991
1447	1465
1447	1733
1447	1941
1447	1976
1448	1550
1448	1700
1448	1766
1448	1790
1448	1853
1448	1949
1449	1611
1449	1661
1449	1699
1449	1894
1449	1965
1449	1984
1449	1989
1450	1723
1450	1901
1451	1608
1451	1888
1452	1537
1452	1809
1452	1986
1453	1459
1453	1609
1453	1683
1453	1728
1453	1752
1453	1805
1453	1932
1454	1498
1454	1526
1454	1534
1455	1619
1455	1637
1455	1921
1456	1494
1456	1750
1456	1762
1456	1823
1456	1852
1456	1892
1457	1540
1457	1631
1457	1670
1457	1916
1457	1939
1457	1979
1458	1589
1458	1647
1458	1675
1458	1714
1458	1779
1458	1823
1458	1832
1458	1986
1459	1476
1459	1759
1459	1965
1459	1967
1460	1495
1460	1510
1460	1596
1460	1634
1460	1662
1460	1695
1460	1754
1460	1783
1460	1824
1461	1557
1461	1782
1462	1562
1462	1631
1462	1793
1462	1825
1462	1896
1462	1902
1463	1515
1463	1657
1463	1674
1463	1675
1463	1693
1463	1712
1463	1833
1464	1466
1464	1532
1464	1595
1464	1610
1464	1642
1464	1924
1464	1927
1465	1535
1465	1604
1465	1665
1465	1683
1465	1727
1465	1802
1465	1848
1465	1884
1465	1954
1465	1983
1466	1472
1466	1501
1466	1541
1466	1756
1466	1830
1467	1729
1467	1770
1467	1808
1467	1875
1467	1945
1467	1980
1468	1683
1468	1700
1468	1712
1468	1798
1468	1999
1469	1506
1469	1554
1469	1582
1469	1611
1469	1624
1469	1690
1469	1691
1469	1708
1469	1711
1469	1764
1469	1769
1469	1832
1470	1716
1470	1779
1470	1781
1470	1822
1470	1932
1471	1499
1471	1503
1471	1513
1471	1827
1471	1924
1472	1516
1472	1569
1472	1646
1472	1769
1472	1792
1472	1957
1472	1977
1473	1510
1473	1533
1473	1582
1473	1624
1473	1703
1473	1720
1473	1729
1473	1893
1473	1975
1473	1994
1474	1513
1474	1603
1474	1634
1474	1707
1474	1820
1474	1903
1475	1518
1475	1591
1475	1629
1475	1635
1475	1644
1475	1730
1475	1757
1475	1824
1475	1843
1475	1913
1475	1974
1476	1560
1476	1621
1476	1740
1476	1751
1476	1801
1476	1988
1477	1626
1477	1637
1477	1771
1477	1845
1477	1972
1478	1524
1478	1688
1478	1779
1478	1823
1478	1997
1479	1577
1479	1862
1479	1876
1480	1729
1480	1754
1480	1775
1481	1558
1481	1674
1481	1717
1481	1747
1481	1760
1481	1914
1481	1923
1481	1994
1482	1508
1482	1516
1482	1574
1482	1584
1482	1786
1483	1547
1483	1583
1483	1700
1484	1491
1484	1655
1484	1708
1484	1724
1484	1926
1485	1638
1485	1778
1485	1850
1485	1871
1486	1551
1486	1666
1486	1915
1486	1942
1487	1768
1488	1591
1489	1522
1489	1642
1489	1674
1489	1966
1489	1996
1490	1576
1490	1883
1491	1596
1491	1636
1491	1763
1491	1787
1491	1792
1492	1808
1492	1837
1493	1498
1493	1659
1493	1899
1494	1566
1494	1578
1494	1613
1494	1704
1494	1895
1495	1499
1495	1745
1496	1555
1496	1564
1496	1658
1496	1667
1496	1698
1496	1716
1496	1781
1496	1851
1496	1857
1496	1895
1496	1930
1497	1840
1497	1941
1497	1980
1498	1604
1498	1691
1498	1780
1498	1791
1498	1900
1499	1604
1499	1676
1499	1735
1499	1891
1500	1506
1500	1583
1500	1588
1500	1633
1500	1649
1500	1675
1500	1846
1500	1856
1501	1996
1502	1559
1502	1686
1502	1723
1502	1738
1502	1859
1502	1933
1502	1975
1502	1988
1503	1566
1503	1569
1503	1725
1503	1732
1503	1920
1503	1964
1504	1583
1504	1848
1504	1890
1504	1904
1504	1940
1505	1520
1505	1580
1505	1775
1505	1829
1505	1865
1505	1947
1505	1995
1506	1626
1506	1718
1506	1750
1506	1762
1506	1774
1506	1929
1507	1634
1507	1807
1507	1822
1507	1868
1507	1951
1508	1517
1508	1673
1508	1697
1508	1939
1508	1956
1509	1544
1509	1807
1509	1921
1510	1524
1510	1558
1510	1775
1510	1975
1511	1516
1511	1703
1511	1742
1512	1552
1512	1558
1512	1573
1512	1611
1512	1698
1512	1735
1512	1772
1512	1915
1512	1993
1513	1570
1513	1592
1513	1723
1513	1989
1514	1578
1514	1611
1514	1640
1514	1710
1514	1739
1514	1799
1514	1849
1514	1986
1515	1547
1515	1691
1515	1735
1515	1834
1516	1747
1516	1830
1517	1526
1517	1613
1517	1864
1518	1653
1518	1664
1518	1666
1518	1878
1518	1980
1519	1665
1519	1704
1520	1540
1520	1727
1520	1799
1520	1911
1520	1940
1521	1645
1521	1681
1521	1792
1521	1908
1521	1954
1521	1985
1521	1990
1522	1595
1522	1598
1522	1715
1522	1851
1522	1996
1523	1670
1523	1708
1523	1713
1523	1934
1524	1568
1524	1615
1524	1677
1524	1786
1524	1886
1524	1928
1525	1585
1525	1858
1525	1894
1526	1614
1526	1653
1527	1654
1527	1683
1527	1844
1527	1877
1527	1936
1528	1711
1528	1852
1529	1635
1529	1790
1529	1917
1529	1958
1530	1575
1530	1634
1530	1842
1530	1972
1531	1537
1532	1719
1532	1764
1532	1805
1532	1824
1532	1926
1532	1971
1533	1609
1533	1748
1533	1825
1533	1826
1533	1998
1534	1723
1534	1862
1535	1922
1536	1613
1536	1639
1536	1651
1536	1773
1536	1779
1536	1801
1537	1631
1537	1641
1537	1709
1537	1713
1537	1921
1537	1933
1537	1982
1538	1711
1538	1820
1538	1856
1538	1878
1538	1879
1539	1608
1539	1621
1539	1653
1539	1853
1539	1925
1539	1967
1540	1597
1540	1816
1540	1865
1540	1889
1540	1985
1540	1997
1541	1594
1541	1684
1541	1688
1541	1748
1541	1953
1542	1636
1542	1791
1542	1815
1542	1876
1542	1993
1543	1563
1543	1580
1543	1709
1543	1856
1543	1872
1543	1882
1543	1913
1543	1921
1543	1940
1543	1971
1544	1576
1544	1647
1544	1680
1544	1763
1544	1777
1544	1832
1544	1862
1545	1631
1545	1645
1545	1816
1545	1885
1545	1941
1545	1994
1546	1693
1546	1752
1547	1631
1547	1660
1547	1887
1547	1889
1547	1969
1548	1977
1549	1770
1549	1903
1549	1933
1549	1967
1550	1698
1550	1723
1550	1867
1550	1894
1550	1977
1551	1748
1551	1857
1551	1887
1551	1948
1552	1789
1553	1562
1553	1621
1553	1700
1554	1585
1554	1675
1554	1996
1555	1637
1555	1658
1556	1608
1556	1725
1556	1736
1556	1749
1556	1786
1556	1945
1557	1808
1557	1901
1557	1932
1558	1655
1558	1725
1558	1771
1558	1813
1558	1840
1558	1860
1558	1961
1559	1567
1559	1617
1559	1728
1559	1870
1559	1878
1559	1991
1560	1647
1560	1815
1561	1922
1561	1959
1562	1669
1562	1741
1563	1606
1563	1621
1563	1899
1564	1595
1564	1837
1565	1607
1565	1793
1565	1922
1565	1946
1566	1648
1566	1658
1566	1660
1566	1726
1566	1747
1566	1999
1567	1620
1567	1750
1567	1831
1567	1979
1568	1573
1568	1646
1568	1664
1568	1722
1568	1892
1568	1901
1568	1952
1569	1596
1569	1786
1569	1792
1569	1824
1569	1863
1569	1868
1569	1992
1570	1615
1570	1688
1570	1745
1570	1967
1570	1983
1571	1891
1573	1694
1573	1834
1573	1958
1573	1980
1573	1988
1574	1698
1574	1794
1574	1854
1574	1920
1574	1950
1576	1707
1576	1792
1576	1995
1577	1653
1577	1665
1577	1876
1578	1703
1578	1756
1578	1835
1578	1856
1579	1684
1579	1884
1580	1665
1580	1892
1580	1925
1580	1984
1580	1992
1581	1713
1581	1798
1581	1802
1581	1896
1581	1948
1582	1644
1582	1967
1583	1793
1583	1855
1583	1986
1584	1864
1584	1913
1584	1928
1584	1974
1584	1982
1584	1998
1585	1597
1585	1690
1585	1810
1585	1912
1585	1943
1586	1736
1586	1818
1586	1881
1587	1663
1587	1734
1587	1737
1587	1804
1587	1843
1588	1784
1588	1909
1588	1941
1589	1955
1590	1650
1590	1871
1590	1889
1590	1893
1591	1620
1591	1712
1591	1758
1591	1933
1591	1966
1592	1644
1592	1929
1592	1935
1592	1946
1593	1595
1593	1798
1593	1863
1594	1701
1594	1793
1594	1808
1594	1934
1594	1950
1595	1760
1595	1821
1595	1909
1595	1967
1596	1729
1596	1730
1596	1793
1596	1864
1596	1878
1596	1971
1596	1999
1597	1626
1597	1786
1597	1953
1598	1640
1598	1741
1598	1937
1599	1745
1599	1810
1599	1984
1600	1616
1600	1676
1600	1790
1600	1863
1600	1888
1600	1895
1601	1919
1602	1691
1602	1735
1602	1747
1603	1876
1603	1878
1604	1605
1604	1717
1604	1953
1605	1690
1605	1852
1605	1891
1605	1914
1606	1705
1606	1832
1606	1913
1606	1947
1606	1987
1607	1699
1607	1806
1607	1934
1608	1630
1608	1694
1609	1775
1609	1910
1610	1681
1610	1946
1611	1616
1611	1733
1611	1742
1612	1699
1612	1774
1612	1848
1612	1869
1613	1645
1613	1671
1613	1724
1613	1745
1613	1970
1614	1643
1614	1778
1614	1785
1614	1844
1614	1868
1614	1874
1615	1861
1615	1906
1616	1646
1616	1746
1616	1828
1616	1960
1617	1623
1617	1625
1617	1700
1617	1709
1617	1949
1618	1656
1618	1731
1618	1790
1618	1840
1619	1621
1619	1643
1619	1760
1619	1840
1619	1961
1619	1979
1619	1997
1620	1791
1620	1896
1621	1672
1622	1671
1622	1672
1622	1840
1622	1909
1622	1935
1623	1748
1623	1793
1623	1799
1623	1881
1623	1898
1623	1906
1623	1917
1624	1652
1624	1659
1624	1760
1624	1900
1624	1938
1625	1680
1625	1755
1625	1821
1625	1920
1625	1985
1625	1997
1626	1693
1626	1935
1627	1628
1627	1642
1627	1891
1627	1964
1627	1976
1628	1670
1628	1776
1628	1793
1629	1679
1629	1712
1629	1723
1629	1737
1629	1872
1629	1966
1629	1986
1630	1710
1630	1819
1630	1847
1630	1905
1630	1953
1630	1955
1630	1959
1631	1745
1631	1899
1632	1692
1632	1734
1632	1746
1632	1833
1633	1668
1633	1705
1633	1903
1634	1670
1634	1695
1634	1697
1634	1731
1634	1813
1634	1888
1634	1913
1635	1647
1635	1832
1635	1876
1636	1793
1636	1853
1636	1886
1636	1907
1636	1973
1636	1978
1637	1651
1637	1783
1637	1850
1637	1881
1638	1871
1638	1882
1638	1929
1638	1958
1639	1672
1639	1703
1639	1795
1639	1842
1640	1829
1640	1987
1641	1680
1641	1725
1641	1764
1641	1838
1642	1719
1642	1810
1642	1811
1642	1841
1643	1648
1643	1698
1643	1702
1643	1794
1643	1816
1643	1869
1644	1680
1644	1741
1644	1893
1645	1684
1645	1759
1645	1982
1646	1740
1646	1753
1646	1828
1646	1832
1646	1846
1646	1941
1646	1975
1647	1656
1647	1715
1647	1843
1647	1997
1649	1902
1649	1915
1650	1717
1650	1742
1650	1809
1650	1895
1651	1738
1651	1926
1652	1727
1652	1748
1652	1761
1652	1974
1653	1907
1653	1992
1654	1830
1655	1758
1655	1778
1655	1787
1655	1983
1656	1758
1656	1925
1657	1731
1657	1949
1658	1888
1658	1910
1658	1956
1659	1830
1659	1866
1659	1879
1659	1916
1660	1708
1660	1745
1660	1796
1661	1753
1661	1928
1662	1673
1662	1725
1662	1814
1662	1932
1663	1826
1663	1919
1664	1961
1665	1669
1665	1675
1665	1706
1665	1799
1666	1811
1666	1998
1667	1796
1667	1810
1667	1818
1667	1843
1668	1696
1668	1830
1668	1956
1668	1973
1668	1987
1669	1677
1669	1800
1669	1875
1670	1763
1670	1866
1670	1901
1670	1921
1671	1816
1671	1824
1671	1841
1671	1861
1672	1861
1672	1898
1672	1920
1674	1898
1675	1978
1676	1678
1676	1761
1676	1854
1676	1951
1677	1846
1677	1866
1678	1972
1678	1977
1679	1711
1679	1728
1679	1755
1680	1746
1680	1751
1680	1900
1681	1775
1681	1820
1681	1884
1681	1917
1682	1695
1682	1808
1682	1825
1682	1880
1682	1976
1683	1840
1683	1944
1684	1708
1684	1713
1684	1750
1684	1819
1684	1894
1685	1792
1685	1949
1686	1720
1686	1856
1688	1750
1688	1811
1688	1829
1688	1890
1688	1898
1689	1702
1689	1814
1690	1870
1691	1753
1691	1793
1691	1843
1692	1789
1693	1711
1694	1766
1694	1799
1694	1812
1694	1837
1695	1812
1695	1843
1695	1994
1696	1715
1696	1929
1697	1734
1697	1781
1697	1782
1698	1828
1698	1831
1698	1944
1699	1820
1699	1954
1699	1965
1699	1991
1700	1891
1700	1940
1701	1747
1701	1835
1701	1942
1701	1980
1702	1709
1702	1869
1702	1899
1703	1878
1703	1928
1704	1881
1704	1963
1704	1994
1705	1881
1706	1788
1706	1858
1706	1970
1707	1881
1707	1916
1707	1975
1708	1739
1708	1761
1708	1832
1708	1975
1709	1892
1710	1786
1710	1804
1710	1823
1710	1835
1710	1848
1711	1721
1711	1749
1711	1765
1711	1977
1712	1846
1712	1864
1712	1898
1712	1946
1712	1949
1712	1997
1713	1881
1713	1891
1713	1961
1714	1912
1714	1932
1715	1760
1715	1947
1716	1877
1716	1906
1716	1910
1716	1918
1716	1963
1717	1799
1717	1834
1717	1842
1717	1890
1718	1798
1718	1822
1718	1888
1719	1778
1719	1801
1719	1981
1720	1767
1720	1805
1720	1933
1721	1961
1722	1894
1722	1999
1723	1741
1723	1876
1723	1901
1723	1931
1724	1884
1724	1916
1724	1959
1725	1862
1725	1974
1725	1975
1727	1798
1727	1856
1727	1903
1727	1904
1727	1919
1728	1843
1728	1989
1729	1859
1729	1913
1730	1754
1730	1793
1731	1939
1731	1964
1732	1765
1732	1935
1733	1784
1734	1832
1734	1944
1735	1816
1737	1789
1737	1945
1737	1977
1738	1781
1739	1896
1739	1930
1740	1769
1740	1786
1740	1865
1740	1871
1740	1991
1741	1842
1741	1853
1741	1912
1742	1799
1742	1821
1742	1888
1742	1905
1744	1876
1744	1896
1744	1979
1746	1749
1746	1920
1746	1952
1747	1758
1747	1760
1747	1853
1747	1862
1748	1962
1748	1982
1749	1881
1749	1926
1749	1928
1749	1939
1750	1904
1751	1858
1752	1781
1752	1808
1752	1811
1752	1827
1752	1923
1753	1769
1753	1804
1754	1913
1754	1958
1755	1888
1755	1983
1756	1798
1757	1767
1757	1769
1758	1841
1758	1948
1758	1996
1759	1808
1759	1882
1760	1945
1760	1960
1760	1963
1760	1969
1761	1896
1762	1895
1762	1942
1763	1828
1763	1958
1763	1980
1764	1826
1764	1857
1764	1966
1764	1981
1765	1814
1765	1826
1766	1809
1766	1964
1767	1824
1767	1857
1767	1892
1767	1937
1767	1983
1768	1815
1768	1891
1768	1954
1768	1973
1769	1805
1769	1815
1769	1909
1769	1965
1769	1979
1770	1936
1771	1900
1772	1939
1774	1781
1775	1788
1775	1931
1776	1803
1776	1886
1777	1979
1778	1933
1779	1802
1779	1872
1780	1859
1780	1882
1780	1904
1780	1936
1781	1878
1781	1912
1782	1852
1783	1885
1783	1976
1784	1922
1785	1942
1785	1983
1786	1793
1786	1973
1789	1877
1789	1953
1790	1945
1791	1953
1792	1819
1792	1876
1792	1962
1793	1962
1793	1977
1794	1835
1794	1945
1797	1868
1799	1866
1799	1897
1799	1945
1800	1864
1800	1900
1801	1882
1802	1870
1802	1967
1803	1806
1803	1961
1803	1998
1804	1806
1804	1879
1805	1888
1805	1893
1805	1902
1805	1964
1805	1991
1807	1880
1807	1944
1807	1962
1807	1985
1808	1831
1808	1846
1808	1969
1809	1818
1810	1889
1810	1919
1811	1812
1811	1927
1812	1844
1812	1911
1813	1823
1814	1922
1815	1910
1816	1857
1816	1861
1817	1901
1817	1923
1818	1930
1819	1928
1819	1990
1820	1834
1820	1866
1820	1992
1821	1839
1822	1852
1822	1880
1822	1934
1823	1914
1825	1828
1825	1897
1825	1953
1825	1965
1825	1983
1826	1896
1826	1955
1827	1892
1827	1971
1827	1974
1827	1994
1828	1831
1828	1832
1828	1872
1828	1987
1829	1854
1829	1855
1829	1941
1831	1849
1831	1857
1832	1867
1832	1954
1835	1984
1835	1991
1836	1864
1836	1885
1836	1945
1836	1958
1837	1900
1837	1972
1838	1856
1838	1958
1839	1890
1841	1934
1842	1851
1843	1900
1843	1925
1843	1939
1843	1966
1845	1866
1847	1971
1848	1966
1849	1882
1849	1946
1850	1936
1852	1855
1854	1887
1855	1886
1856	1892
1857	1861
1857	1949
1857	1955
1858	1927
1860	1949
1861	1869
1861	1938
1862	1923
1863	1923
1864	1935
1865	1966
1866	1948
1867	1869
1868	1877
1868	1918
1868	1973
1869	1891
1869	1973
1870	1887
1870	1955
1871	1924
1872	1878
1872	1900
1873	1948
1876	1931
1877	1905
1877	1919
1877	1921
1877	1937
1880	1999
1881	1890
1881	1968
1882	1977
1883	1895
1883	1936
1884	1974
1886	1888
1887	1999
1888	1932
1890	1925
1894	1954
1895	1929
1895	1966
1897	1922
1897	1987
1898	1970
1898	1975
1900	1949
1900	1979
1901	1994
1902	1919
1902	1936
1902	1953
1903	1918
1903	1981
1904	1906
1904	1929
1904	1970
1904	1984
1906	1944
1906	1952
1908	1941
1908	1950
1908	1989
1909	1988
1910	1915
1911	1947
1912	1934
1914	1937
1916	1932
1917	1977
1918	1991
1920	1945
1922	1993
1923	1939
1925	1947
1925	1972
1926	1978
1929	1988
1933	1969
1935	1980
1937	1940
1937	1951
1942	1945
1945	1952
1945	1983
1946	1951
1946	1983
1947	1955
1949	1958
1949	1964
1954	1960
1956	1999
1958	1960
1964	1985
1965	1982
1973	1985
1982	1988
