0
709
858
987
1996
1
913
964
985
1988
1000
1216
1316
1923
1989
2
116
871
952
962
3
67
661
811
978
4
29
716
896
925
1001
1138
1484
1537
1938
1002
1503
1667
1963
1966
5
465
579
627
957
6
174
770
777
955
1003
1572
1817
1866
1867
7
726
885
915
946
8
509
768
774
807
9
306
398
860
951
10
36
268
914
942
11
647
937
974
983
1004
1090
1682
1960
1995
1005
1026
1736
1753
1758
12
536
879
945
976
1006
1082
1602
1622
1992
13
128
302
927
982
1007
1662
1772
1826
1997
1008
1181
1293
1593
1971
1009
1189
1375
1588
1978
1010
1122
1264
1664
1919
1011
1092
1906
1986
1012
1054
1737
1864
1897
14
675
724
828
963
15
154
532
621
989
1013
1229
1757
1933
1014
1552
1739
1976
1015
1233
1927
1975
1994
1016
1448
1618
1647
1715
1017
1196
1476
1791
1947
1018
1555
1734
1934
1019
1632
1678
1725
1793
1020
1362
1557
16
149
625
823
1021
1182
1598
1925
1944
1022
1067
1147
1812
1909
1023
1297
1607
1965
17
591
844
947
967
1024
1318
1428
1873
1025
1475
1651
1949
1955
1267
1596
1762
1027
1373
1413
1799
1819
18
694
725
732
1028
1183
1406
1692
1853
19
436
597
628
900
20
289
472
526
980
21
94
830
870
966
22
631
638
652
776
1029
1578
1735
1800
1030
1144
1559
1828
1031
1107
1493
1722
1858
1032
1847
1881
23
419
448
610
971
24
139
259
544
998
1033
1165
1257
1953
25
644
1729
924
1034
1422
1798
1836
26
236
655
27
949
956
979
1035
1048
1748
1804
1859
28
512
868
905
255
517
921
30
96
352
525
31
406
841
880
32
708
1036
1560
1809
1872
1948
1037
1717
1868
1930
1038
1773
1789
1939
33
357
381
1803
977
34
228
291
555
633
35
499
701
759
66
234
950
37
825
850
899
38
659
812
1039
1546
1991
1040
1922
1942
39
147
1172
272
782
1041
1211
1709
1042
1548
1750
1822
40
546
666
738
917
1043
1401
1414
1044
1219
1591
1716
1862
1045
1405
1970
41
619
856
890
1046
1432
1542
1579
1983
1047
1577
1620
1796
42
603
796
922
1113
1155
43
604
1795
906
1049
1536
1550
44
273
875
892
45
152
331
387
46
343
389
520
605
47
1404
818
877
897
1050
1236
1566
1051
1583
1902
1052
1251
1341
1924
1053
1364
1903
48
380
795
904
49
99
813
934
959
1451
1745
1931
1055
1336
1856
50
516
706
753
1056
1426
1507
1666
51
125
581
786
52
617
746
990
53
697
869
930
1057
1680
1761
1784
1987
1058
1378
1839
1874
1961
54
115
586
928
1059
1332
1597
1813
1932
1060
1633
1950
1061
1554
1854
55
883
56
902
972
1062
1223
1429
1911
57
63
695
855
991
58
284
749
968
1063
1396
1634
1677
1917
59
783
803
988
995
1064
1258
1777
1811
60
441
993
61
417
431
62
391
563
936
853
873
64
790
836
916
1065
1156
1514
1890
1990
1066
1500
1652
1794
65
602
728
938
994
407
416
864
593
986
1612
1936
68
545
1068
1240
1485
1834
1982
1069
1985
69
385
386
1070
1300
1520
1590
1954
70
292
779
903
71
939
1071
1869
1072
1631
1776
1779
1937
72
86
827
835
73
230
929
970
973
74
427
737
1073
1133
1289
1074
1908
1918
1977
1075
1863
1076
1675
1077
1571
1738
75
568
722
76
482
612
893
77
156
305
741
1078
1313
1624
1676
1968
78
248
461
1079
1164
1231
1438
79
175
750
781
862
80
145
261
656
81
713
832
881
1080
1104
1136
1434
1081
1497
1644
1802
1941
82
181
450
1126
1527
1972
1083
1823
1900
1084
1601
1642
1775
83
124
141
256
84
624
815
85
447
571
840
1085
1358
1641
290
772
941
87
333
414
861
926
1086
1382
1568
1979
1087
1901
1088
1861
1871
1956
88
682
89
852
953
969
1089
1635
1661
90
474
703
846
1310
1774
1091
1250
1743
91
354
833
866
92
102
615
93
159
95
286
719
277
588
981
97
534
681
1093
1605
1928
1981
1094
1270
1756
1830
1095
1646
1751
944
98
395
684
848
851
933
1096
1442
1712
1910
1951
1097
348
1824
1098
1724
1915
100
409
857
909
101
489
886
1099
1844
1957
260
476
1100
1371
1535
1896
1959
103
446
752
104
269
975
997
1101
1120
105
473
106
297
863
1102
1191
1808
1880
107
514
108
378
743
109
898
110
418
717
778
111
809
1103
1898
1139
1325
1433
1105
1176
1269
1470
1498
112
451
501
1106
1706
1945
1998
113
494
614
667
114
190
538
734
911
1108
1685
1849
1109
1408
1801
1842
1110
1672
1740
1886
817
1111
1112
1352
1687
1993
1114
1184
1513
611
1810
1115
1494
1714
117
179
118
506
650
696
119
321
1116
1689
1851
1865
1117
1481
1877
1943
1118
1171
1397
1973
1119
1831
120
882
121
364
455
960
122
912
1456
1549
1121
1999
123
478
1351
1658
505
524
658
1123
1417
1718
454
859
126
793
940
992
127
340
515
1124
1305
657
201
847
1125
1242
1771
1926
1887
1127
1238
1446
1128
1326
1691
1129
1693
1752
129
849
923
130
197
508
872
131
800
961
132
1130
1307
1657
1914
1935
133
744
134
578
775
135
224
733
1131
1694
1884
1952
1132
1617
1627
1660
1744
1790
136
653
735
935
137
394
683
1134
1402
1766
138
699
756
865
1135
1455
1814
1294
1727
1137
1452
1648
1696
1377
745
140
824
679
884
1483
1140
1220
1711
1141
1720
1940
1142
1309
1592
142
919
1143
1488
143
891
144
1253
457
173
146
742
1741
948
1145
1980
148
601
889
931
1146
1913
169
150
460
151
829
1333
901
958
153
740
1148
1149
1263
1279
549
984
1150
1273
1569
155
910
539
707
1151
157
296
739
158
677
249
537
160
339
839
161
353
375
996
1152
1389
816
162
425
580
837
163
463
660
762
1153
1411
1580
1788
1916
164
599
630
165
166
186
535
1154
1245
1969
1769
1905
1243
1805
1157
1158
1412
1698
1159
1967
167
347
393
168
596
376
170
464
785
171
335
1160
1299
1161
1445
1558
172
662
731
965
810
232
798
176
318
620
771
1162
1733
177
435
723
178
1163
1188
1424
1879
1523
1946
271
792
1166
1277
1878
1167
1510
1746
180
282
392
1168
1232
1807
1169
1320
182
698
808
907
183
403
424
843
184
185
1170
1443
1521
1543
187
413
504
1355
1797
1173
1496
1611
1174
1700
1175
1379
1763
1907
188
629
646
189
822
191
1177
1589
1974
1178
1964
192
685
826
888
193
714
194
239
689
799
195
221
639
1179
1782
1833
1891
1180
1656
196
680
198
553
598
199
1688
712
200
1888
238
1495
1185
202
320
462
1186
1274
1391
1508
203
217
437
204
423
805
205
400
763
1187
1430
1860
206
341
438
1338
1958
207
640
804
208
686
887
1190
383
1400
209
641
711
1380
1192
1431
1525
210
564
920
211
668
715
212
626
1193
1539
213
1265
867
1194
1767
214
356
665
788
215
1195
1197
1792
216
691
551
218
561
1198
1248
1576
219
1199
1200
1247
1383
1509
1721
1201
1787
1202
528
1843
1203
220
270
569
443
488
222
757
223
225
314
390
831
1204
1205
1894
1904
1206
1207
1882
1208
1304
1454
1816
767
1209
1210
1683
1806
1875
1234
226
421
227
1212
1895
1213
1276
1214
1829
1984
229
399
1215
1723
298
377
1278
1749
231
784
1217
346
233
295
663
1218
1423
1670
1845
1447
1846
572
235
316
688
583
237
369
1573
582
1221
1962
769
240
313
1222
1388
1883
241
519
673
918
242
243
440
1237
244
485
671
1224
245
388
1225
1282
246
954
1226
1340
1759
1227
1228
1742
1639
1230
247
310
754
1562
250
349
251
252
529
1420
1474
253
254
764
1235
1673
1296
1623
257
821
1239
1261
1855
1889
258
623
1241
1835
1870
315
262
854
1244
1453
1838
263
550
587
1551
1643
264
705
943
1246
265
361
1344
1929
1393
1892
266
267
999
1249
1410
1697
692
1840
1252
1530
1707
1369
1463
1781
1254
1665
1255
1256
1684
1314
1460
1613
1259
1686
1912
1260
1674
1818
1690
1262
274
1458
275
736
276
1385
755
1785
278
294
729
1266
1506
541
279
280
518
281
307
449
765
283
430
678
1619
330
285
1268
1649
1659
1608
1271
1491
1563
1272
727
287
396
1545
288
760
766
1626
1275
1312
1374
312
1399
293
648
1346
1480
1541
1280
1519
1760
1281
1407
1464
702
1317
1599
469
527
720
299
397
459
874
300
616
651
301
502
303
332
445
304
426
552
559
1283
1370
1532
1284
434
758
670
1285
1609
1286
1290
1477
1629
1669
308
1287
1728
309
1288
1556
794
1291
1301
1292
1349
1444
1489
1850
1848
1295
1303
1604
1628
311
531
329
747
773
687
787
613
819
1852
1298
1376
1436
1603
1663
1306
317
483
895
1302
1638
319
1403
1754
748
780
322
806
323
574
324
358
1701
1308
1335
1439
325
618
326
439
838
908
932
1311
1398
1534
1595
1524
1533
1778
327
402
1531
328
664
1821
1315
350
503
801
334
1329
1319
1440
1321
336
1322
1529
1832
337
635
842
338
894
560
1323
1820
1324
1547
1783
428
1327
1328
1610
1564
1330
342
791
344
513
533
1331
1334
1511
345
1515
1359
1679
1755
1347
1467
1710
1337
814
637
761
1339
351
589
1342
1587
1343
1466
355
845
1499
1345
1837
1478
1348
1780
359
404
360
834
567
362
1350
1518
1640
1681
363
634
1353
1731
408
1354
1730
365
366
433
721
367
368
584
370
475
1356
1516
1653
1747
371
521
1357
1584
1825
372
690
1360
1361
373
576
1517
374
751
1363
1381
1450
1365
1636
1366
1702
510
575
876
379
415
1367
1786
382
542
1368
1708
1857
384
1893
592
1372
1504
802
573
1415
645
1764
1719
1487
401
672
1650
693
1384
1505
1386
405
470
1387
1765
410
562
789
411
412
1390
1704
1841
1392
1732
1394
1395
1630
608
530
1921
420
565
444
422
632
477
594
458
429
1459
432
1409
507
496
710
492
442
1899
1416
522
878
540
452
497
1418
1544
453
1419
456
649
704
1421
1582
1425
1586
1427
1614
1876
466
1435
1437
1441
467
468
471
1472
1713
820
548
1615
1449
1581
479
643
480
481
590
1920
484
486
1471
1457
1570
1703
487
1655
1461
1528
1462
1492
669
490
491
1695
1465
1479
493
1671
495
1468
1469
498
500
1473
1585
1482
1486
1574
1770
511
1616
609
577
1490
1705
523
1561
1501
1502
1726
1768
1699
570
1621
1885
1512
676
543
1522
547
1526
1600
718
1538
554
585
556
1540
557
558
654
600
1637
1567
1668
730
566
1594
1553
1565
1815
606
1575
595
797
607
1827
674
622
1606
636
642
1625
1645
1654
700
