2000	0
0	709
0	858
0	987
0	1996
709	68
709	401
709	467
709	810
709	835
709	859
709	904
709	940
709	999
858	92
858	120
858	151
858	244
858	1537
858	563
858	636
858	708
858	721
858	815
858	838
858	878
858	934
858	940
858	957
858	975
987	128
987	131
987	140
987	185
987	247
987	258
987	363
987	468
987	516
987	517
987	628
987	642
987	673
987	678
987	683
987	729
987	737
987	813
987	816
987	820
987	836
987	881
987	1890
987	889
987	896
987	901
987	902
987	909
987	916
987	919
987	926
987	952
987	973
987	977
987	990
1996	1014
1996	1145
1996	1343
1996	1370
1996	1466
1996	1510
1996	1584
1996	1601
1996	1649
1996	1668
1996	1675
1996	1751
1996	1756
1996	1766
1996	1774
1996	1793
1996	1795
1996	1829
1996	1832
1996	1833
1996	1843
1996	1855
1996	1859
1996	1872
1996	1876
1996	1880
1996	1886
1996	1899
1996	1902
1996	1905
1996	1914
1996	1916
1996	1937
1996	1950
1996	1957
1996	1962
1996	1982
1996	1984
1	913
1	964
1	985
1	1988
913	175
913	229
913	232
913	285
913	316
913	402
913	420
913	516
913	564
913	734
913	770
913	851
913	863
913	894
913	917
913	919
913	925
913	926
913	961
913	990
964	109
964	191
964	389
964	477
964	511
964	527
964	553
964	591
964	637
964	679
964	689
964	731
964	757
964	778
964	792
964	803
964	827
964	833
964	859
964	885
964	895
964	907
964	916
964	968
964	983
964	990
985	1076
985	126
985	197
985	199
985	253
985	320
985	383
985	517
985	580
985	690
985	692
985	761
985	787
985	801
985	802
985	807
985	821
985	838
985	867
985	873
985	883
985	894
985	895
985	928
985	930
985	941
985	943
985	962
985	971
985	975
985	977
985	990
985	991
985	997
1988	1020
1988	1030
1988	1102
1988	1225
1988	1271
1988	1334
1988	1431
1988	1541
1988	1570
1988	1614
1988	1660
1988	1662
1988	1689
1988	1698
1988	1720
1988	1723
1988	1764
1988	1777
1988	1803
1988	1804
1988	1807
1988	1830
1988	1832
1988	1835
1988	1837
1988	1849
1988	1873
1988	1895
1988	1927
1988	1936
1988	1938
1988	1943
1988	1970
1988	1981
1988	1991
1988	1997
1000	1216
1000	1316
1000	1923
1000	1989
1216	1090
1216	1278
1216	1749
1316	1069
1316	1633
1316	1923
1316	1939
1923	1245
1923	1451
1923	1616
1923	1645
1923	1673
1923	1686
1923	1700
1923	1732
1923	1787
1923	1813
1923	1828
1923	1899
1923	1933
1923	1947
1923	1956
1923	1962
1923	1965
1923	1975
1923	1989
1923	1991
1989	1192
1989	1213
1989	1309
1989	1373
1989	1471
1989	1591
1989	1606
1989	1612
1989	1613
1989	1678
1989	1705
1989	1707
1989	1726
1989	1732
1989	1753
1989	1767
1989	1776
1989	1798
1989	1806
1989	1832
1989	1851
1989	1876
1989	1879
1989	1886
1989	1913
1989	1943
1989	1954
1989	1967
1989	1972
1989	1982
1989	1990
1989	1991
1989	1993
1989	1995
1989	1997
2	116
2	871
2	952
2	962
116	817
116	921
116	970
871	142
871	368
871	384
871	408
871	430
871	550
871	561
871	581
871	592
871	816
871	829
871	842
871	865
871	903
871	947
871	971
871	994
952	55
952	74
952	99
952	142
952	219
952	261
952	333
952	336
952	432
952	477
952	618
952	640
952	651
952	740
952	766
952	804
952	813
952	841
952	852
952	901
952	904
952	919
952	998
962	42
962	209
962	253
962	267
962	300
962	397
962	547
962	573
962	670
962	680
962	726
962	729
962	765
962	773
962	831
962	836
962	901
962	914
962	922
962	929
962	931
962	981
962	993
962	996
3	67
3	661
3	811
3	978
67	593
67	983
67	986
661	247
661	650
661	747
661	865
661	868
661	950
661	988
811	348
811	501
811	606
811	613
811	641
811	743
811	747
811	779
811	787
811	905
811	908
811	997
978	56
978	72
978	188
978	189
978	371
978	463
978	522
978	541
978	608
978	692
978	730
978	735
978	739
978	749
978	787
978	796
978	817
978	821
978	837
978	849
978	868
978	882
978	885
978	888
978	891
978	902
978	930
978	955
978	963
978	969
978	976
978	981
4	29
4	716
4	896
4	925
29	255
29	517
29	921
716	328
716	384
716	472
716	494
716	647
716	649
716	860
716	984
716	993
896	50
896	179
896	616
896	634
896	638
896	668
896	694
896	699
896	733
896	756
896	767
896	787
896	931
896	934
896	943
896	969
896	971
896	999
925	127
925	132
925	437
925	454
925	485
925	491
925	499
925	524
925	560
925	624
925	727
925	775
925	827
925	849
925	872
925	920
925	921
925	948
925	961
925	980
1001	1138
1001	1484
1001	1537
1001	1938
1138	1377
1138	1799
1138	1947
1484	1050
1484	1272
1484	1486
1484	1727
1484	1960
1537	1024
1537	1080
1537	1168
1537	1509
1537	1979
1938	1047
1938	1244
1938	1254
1938	1367
1938	1407
1938	1421
1938	1442
1938	1469
1938	1618
1938	1664
1938	1718
1938	1760
1938	1814
1938	1854
1938	1893
1938	1899
1938	1911
1938	1921
1938	1936
1938	1976
1938	1981
1938	1987
1002	1503
1002	1667
1002	1963
1002	1966
1503	1184
1503	1675
1503	1837
1503	1913
1503	1950
1667	1231
1667	1443
1667	1493
1667	1751
1667	1799
1667	1957
1667	1983
1667	1995
1963	1045
1963	1209
1963	1394
1963	1414
1963	1424
1963	1487
1963	1643
1963	1651
1963	1654
1963	1673
1963	1699
1963	1738
1963	1746
1963	1827
1963	1835
1963	1868
1963	1883
1963	1887
1963	1892
1963	1899
1963	1901
1963	1904
1963	1906
1963	1920
1963	1940
1963	1952
1963	1978
1963	1981
1963	1986
1963	1991
1966	1011
1966	1039
1966	1073
1966	1076
1966	1437
1966	1530
1966	1536
1966	566
1966	1576
1966	1605
1966	1621
1966	1658
1966	1699
1966	1713
1966	1720
1966	1794
1966	1859
1966	1874
1966	1895
1966	1897
1966	1920
1966	1941
1966	1947
1966	1962
1966	1965
1966	1971
1966	1982
1966	1984
1966	1993
1966	1994
1966	1997
5	465
5	579
5	627
5	957
465	198
465	294
465	670
465	719
465	888
579	575
579	784
579	870
579	892
579	970
579	994
627	52
627	250
627	660
627	746
627	882
627	955
627	996
957	32
957	191
957	261
957	297
957	387
957	441
957	519
957	608
957	611
957	757
957	758
957	777
957	805
957	890
957	892
957	902
957	917
957	924
957	927
957	946
957	968
957	981
957	984
957	989
6	174
6	770
6	777
6	955
174	232
174	593
174	798
770	112
770	199
770	570
770	621
770	919
770	924
770	960
770	975
770	981
770	982
777	26
777	43
777	289
777	488
777	685
777	931
777	943
777	965
777	975
777	997
955	166
955	282
955	446
955	486
955	487
955	545
955	588
955	642
955	651
955	713
955	768
955	817
955	830
955	878
955	887
955	899
955	931
955	936
955	940
955	948
955	970
955	974
955	975
1003	1572
1003	1817
1003	1866
1003	1867
1572	1345
1572	1664
1572	1718
1572	1730
1572	1796
1572	1896
1817	1170
1817	1500
1817	1610
1817	1764
1817	1805
1817	1827
1817	1835
1817	1876
1817	1955
1817	1961
1817	1967
1817	1982
1817	1983
1866	1305
1866	1547
1866	1600
1866	1648
1866	1666
1866	696
1866	1727
1866	1732
1866	1745
1866	1789
1866	1884
1866	1894
1866	1920
1866	1994
1866	1998
1867	1040
1867	1045
1867	1094
1867	1314
1867	1526
1867	1639
1867	1641
1867	1772
1867	1786
1867	1845
1867	1861
1867	1882
1867	1885
1867	1972
1867	1982
1867	1997
7	726
7	885
7	915
7	946
726	132
726	370
726	543
726	640
726	945
726	970
726	979
726	997
885	25
885	27
885	241
885	676
885	686
885	791
885	797
885	815
885	821
885	830
885	874
885	878
885	912
885	933
885	939
885	984
915	18
915	30
915	358
915	474
915	519
915	640
915	648
915	677
915	686
915	727
915	747
915	768
915	793
915	820
915	857
915	883
915	958
915	965
915	982
915	998
946	35
946	278
946	344
946	385
946	444
946	494
946	507
946	611
946	653
946	691
946	751
946	782
946	797
946	838
946	856
946	861
946	867
946	872
946	899
946	943
946	953
946	965
946	976
8	509
8	768
8	774
8	807
509	321
509	837
509	866
509	923
509	951
768	511
768	573
768	687
768	760
768	822
768	940
768	942
768	989
774	200
774	304
774	399
774	444
774	736
774	870
774	895
774	930
774	931
774	942
774	1973
807	75
807	301
807	384
807	482
807	498
807	622
807	819
807	826
807	890
807	906
807	918
9	306
9	398
9	860
9	951
306	670
306	930
306	935
306	990
398	123
398	809
398	863
398	919
860	143
860	158
860	275
860	311
860	342
860	475
860	633
860	1761
860	825
860	828
860	848
860	923
860	966
860	975
860	988
951	56
951	77
951	251
951	274
951	314
951	462
951	543
951	544
951	564
951	583
951	636
951	643
951	704
951	725
951	744
951	809
951	900
951	907
951	921
951	931
951	932
951	976
951	989
10	36
10	268
10	914
10	942
36	66
36	234
36	950
268	383
268	464
268	692
268	723
914	71
914	252
914	447
914	497
914	503
914	507
914	640
914	711
914	718
914	733
914	785
914	838
914	840
914	868
914	877
914	903
914	941
914	956
914	968
942	71
942	92
942	239
942	240
942	288
942	350
942	638
942	677
942	700
942	717
942	733
942	799
942	803
942	865
942	920
942	934
942	935
942	959
942	966
942	971
942	977
942	984
11	647
11	937
11	974
11	983
647	90
647	318
647	651
647	688
647	922
647	991
937	16
937	38
937	55
937	119
937	129
937	284
937	331
937	343
937	353
937	401
937	406
937	514
937	734
937	876
937	887
937	898
937	911
937	928
937	936
937	965
937	983
937	986
937	993
974	32
974	218
974	256
974	376
974	453
974	478
974	495
974	578
974	622
974	648
974	758
974	785
974	793
974	808
974	833
974	838
974	859
974	879
974	893
974	943
974	1943
974	963
974	970
974	972
974	982
974	991
974	994
974	995
974	998
983	186
983	1236
983	338
983	340
983	370
983	527
983	597
983	605
983	620
983	672
983	673
983	687
983	711
983	744
983	746
983	778
983	786
983	808
983	822
983	835
983	844
983	867
983	876
983	901
983	909
983	918
983	929
983	968
983	972
983	990
1004	1090
1004	1682
1004	1960
1004	1995
1090	1310
1090	1774
1682	1177
1682	1213
1682	1634
1682	1701
1682	1776
1682	1906
1682	1955
1682	1979
1960	1228
1960	1348
1960	1386
1960	1407
1960	1411
1960	1427
1960	1478
1960	1479
1960	1690
1960	1692
1960	1732
1960	1766
1960	1821
1960	1824
1960	1837
1960	1856
1960	1857
1960	1869
1960	1890
1960	1893
1960	1901
1960	1919
1960	1920
1960	1935
1960	1946
1960	1950
1960	1968
1960	1971
1995	1195
1995	1313
1995	1324
1995	1421
1995	1655
1995	1705
1995	1710
1995	1728
1995	1784
1995	1788
1995	1800
1995	1804
1995	1835
1995	1839
1995	1854
1995	1868
1995	1878
1995	1898
1995	1905
1995	1909
1995	1924
1995	1925
1995	1930
1995	1936
1995	1940
1995	1943
1995	1950
1995	1968
1995	1973
1995	1974
1995	1975
1995	1976
1995	1984
1995	1994
1995	1999
1005	1026
1005	1736
1005	1753
1005	1758
1026	1267
1026	1596
1026	1762
1736	1347
1736	1432
1736	1435
1736	1455
1736	1726
1736	1835
1736	1840
1736	1886
1736	1952
1736	1994
1753	1232
1753	1729
1753	1745
1753	1754
1753	1769
1753	1797
1753	1892
1753	1918
1753	1944
1753	1970
1758	1112
1758	1402
1758	1404
1758	1651
1758	1652
1758	1670
1758	1811
1758	1916
1758	1949
1758	1977
1758	1993
12	536
12	879
12	945
12	976
536	310
536	381
536	396
536	513
536	701
536	822
879	109
879	218
879	247
879	386
879	473
879	539
879	586
879	591
879	670
879	715
879	819
879	850
879	874
879	941
879	947
879	950
945	28
945	53
945	273
945	303
945	1375
945	429
945	478
945	550
945	574
945	582
945	644
945	704
945	838
945	841
945	906
945	907
945	947
945	953
945	956
945	966
945	973
945	988
945	993
976	1103
976	381
976	502
976	532
976	664
976	680
976	687
976	688
976	689
976	722
976	723
976	730
976	737
976	755
976	799
976	802
976	828
976	829
976	835
976	893
976	912
976	922
976	927
976	943
976	982
976	989
976	990
976	997
1006	1082
1006	1602
1006	1622
1006	1992
1082	1126
1082	1527
1082	1972
1602	1269
1602	1600
1602	1609
1602	1713
1602	1732
1602	1961
1602	1986
1622	1187
1622	1486
1622	1590
1622	1701
1622	1970
1622	1982
1622	1997
1992	1051
1992	1181
1992	1192
1992	1324
1992	1338
1992	1346
1992	1361
1992	1398
1992	1470
1992	1473
1992	1605
1992	1632
1992	1648
1992	1659
1992	1662
1992	1674
1992	1681
1992	1684
1992	1717
1992	1732
1992	1733
1992	1756
1992	1778
1992	1791
1992	1808
1992	1820
1992	1846
1992	1871
1992	1902
1992	1948
1992	1949
1992	971
1992	1967
1992	1969
1992	1974
1992	1987
1992	1990
13	128
13	302
13	927
13	982
128	201
128	847
302	440
302	855
302	873
302	890
927	157
927	249
927	354
927	394
927	410
927	498
927	615
927	630
927	651
927	765
927	797
927	801
927	832
927	863
927	1887
927	898
927	919
927	961
927	965
927	984
982	171
982	412
982	440
982	557
982	593
982	618
982	673
982	674
982	754
982	758
982	788
982	798
982	801
982	803
982	841
982	844
982	900
982	902
982	939
982	950
982	956
982	973
982	1980
982	984
982	986
982	992
982	996
982	997
1007	1662
1007	1772
1007	1826
1007	1997
1662	1601
1662	1606
1662	1681
1662	1845
1662	1870
1662	1903
1772	1121
1772	1434
1772	1615
1772	1675
1772	1683
1772	1742
1772	1748
1772	1752
1772	1858
1772	1873
1772	1969
1826	1246
1826	1392
1826	1417
1826	1601
1826	1652
1826	1778
1826	1792
1826	1886
1826	1921
1826	1933
1826	1984
1826	1991
1826	1993
1826	1999
1997	1013
1997	1034
1997	1042
1997	1050
1997	1053
1997	1195
1997	1217
1997	1253
1997	1278
1997	1475
1997	1496
1997	1607
1997	1615
1997	1627
1997	1697
1997	1698
1997	1752
1997	1755
1997	1789
1997	1812
1997	1822
1997	1841
1997	1854
1997	1897
1997	899
1997	1943
1997	1953
1997	1954
1997	1956
1997	1967
1997	1980
1997	1983
1997	1985
1008	1181
1008	1293
1008	1593
1008	1971
1181	1775
1181	1982
1293	1178
1293	1489
1293	1729
1293	1850
1593	1381
1593	1551
1593	1648
1593	1827
1593	1863
1593	1937
1593	1983
1971	1018
1971	1023
1971	1043
1971	1069
1971	1083
1971	1148
1971	1187
1971	1234
1971	1340
1971	1442
1971	1499
1971	1526
1971	1559
1971	1560
1971	721
1971	1726
1971	1745
1971	1775
1971	1865
1971	1880
1971	1915
1971	1921
1971	1927
1971	1965
1971	1969
1971	1977
1971	1978
1971	1979
1971	1980
1971	1987
1009	1189
1009	1375
1009	1588
1009	1978
1189	1588
1189	1935
1189	1975
1375	1680
1375	1913
1375	1943
1588	1408
1588	1482
1588	1847
1588	1924
1588	1942
1978	1108
1978	1146
1978	1190
1978	1312
1978	1346
1978	1413
1978	1422
1978	1453
1978	1471
1978	1528
1978	1542
1978	1683
1978	1692
1978	1708
1978	1740
1978	1764
1978	1774
1978	1790
1978	1846
1978	1869
1978	1876
1978	1892
1978	1904
1978	1940
1978	1946
1978	1959
1978	1961
1978	1970
1978	1981
1978	1985
1978	1991
1010	1122
1010	1264
1010	1664
1010	1919
1122	1351
1122	1658
1122	1853
1264	1234
1264	1385
1264	1508
1264	1787
1664	1392
1664	1460
1664	763
1664	1792
1664	1911
1664	1948
1919	1069
1919	1071
1919	1148
1919	1242
1919	1296
1919	1308
1919	1360
1919	1491
1919	1548
1919	1651
1919	1671
1919	1723
1919	1726
1919	1816
1919	1836
1919	1879
1919	1901
1919	1940
1919	1972
1919	1980
1011	1092
1011	1906
1011	1986
1092	1743
1092	1948
1092	1985
1906	1113
1906	1412
1906	1516
1906	1574
1906	608
1906	1609
1906	1636
1906	1650
1906	1735
1906	1767
1906	1780
1906	1816
1906	1879
1906	1903
1906	1927
1906	1930
1906	1947
1986	1095
1986	1098
1986	1227
1986	1260
1986	1304
1986	1313
1986	1363
1986	1402
1986	1467
1986	1476
1986	1522
1986	1541
1986	1576
1986	1591
1986	614
1986	1625
1986	1644
1986	1672
1986	1768
1986	1779
1986	1793
1986	1796
1986	1830
1986	1888
1986	1896
1986	1907
1986	1922
1986	1932
1986	1944
1986	1951
1986	1952
1986	1954
1986	1985
1012	1054
1012	1737
1012	1864
1012	1897
1054	1451
1054	1745
1054	1931
1737	1020
1737	1414
1737	1502
1737	1818
1737	1884
1737	1901
1737	1909
1737	1914
1737	1936
1737	1968
1864	1191
1864	1597
1864	1685
1864	1692
1864	1744
1864	1760
1864	1767
1864	1789
1864	1879
1864	1931
1864	1946
1864	1956
1864	1965
1864	1979
1864	1993
1897	1142
1897	1144
1897	1164
1897	1228
1897	1469
1897	1676
1897	1678
1897	1769
1897	1771
1897	1781
1897	1794
1897	1819
1897	1852
1897	1961
1897	1987
1897	1990
14	675
14	724
14	828
14	963
675	48
675	261
675	374
675	422
675	500
675	519
675	660
675	954
724	544
724	645
724	700
724	702
724	775
724	824
724	857
724	870
724	979
828	143
828	168
828	198
828	270
828	305
828	673
828	679
828	910
828	932
828	973
828	998
963	37
963	120
963	280
963	486
963	513
963	564
963	677
963	691
963	695
963	699
963	745
963	840
963	857
963	864
963	866
963	897
963	901
963	929
963	940
963	975
963	980
963	984
963	999
15	154
15	532
15	621
15	989
154	549
154	741
154	984
532	189
532	486
532	644
532	865
621	159
621	178
621	382
621	801
621	995
621	996
989	60
989	178
989	204
989	218
989	321
989	353
989	409
989	422
989	459
989	513
989	594
989	628
989	649
989	671
989	711
989	734
989	743
989	773
989	790
989	837
989	878
989	1889
989	892
989	905
989	921
989	930
989	935
989	950
989	961
989	965
989	980
1013	1229
1013	1757
1013	1933
1229	1175
1229	1639
1229	1998
1757	26
1757	1055
1757	1087
1757	1425
1757	1427
1757	1473
1757	1515
1757	1744
1757	1771
1757	1860
1757	1948
1933	1052
1933	1151
1933	1318
1933	1340
1933	1387
1933	1429
1933	1638
1933	1675
1933	1694
1933	1703
1933	1708
1933	1766
1933	1782
1933	1835
1933	1886
1933	1908
1933	1943
1933	1951
1933	1952
1933	1956
1933	1974
1014	1552
1014	1739
1014	1976
1552	1360
1552	1594
1552	1678
1552	1734
1552	1767
1552	823
1739	1344
1739	1464
1739	1469
1739	1538
1739	1564
1739	1688
1739	1850
1739	1852
1739	1872
1739	1895
1976	1041
1976	1051
1976	1074
1976	1123
1976	1168
1976	1199
1976	1242
1976	1323
1976	1334
1976	1410
1976	1433
1976	1442
1976	1452
1976	1477
1976	1488
1976	1542
1976	1575
1976	1594
1976	1596
1976	1624
1976	1697
1976	1801
1976	1819
1976	1840
1976	1883
1976	1922
1976	1949
1976	1980
1976	1983
1976	1993
1976	1999
1015	1233
1015	1927
1015	1975
1015	1994
1233	1474
1233	1734
1233	1849
1927	1173
1927	1193
1927	1269
1927	1328
1927	1366
1927	1670
1927	1674
1927	1681
1927	1723
1927	1750
1927	1775
1927	1801
1927	1827
1927	1839
1927	1843
1927	1914
1927	1917
1927	1953
1927	1983
1975	1033
1975	1206
1975	1380
1975	1397
1975	1440
1975	1443
1975	1459
1975	1468
1975	1488
1975	1542
1975	1576
1975	1580
1975	1590
1975	1656
1975	1679
1975	1711
1975	1743
1975	1792
1975	1856
1975	1893
1975	1900
1975	1904
1975	1905
1975	1910
1975	1928
1975	1957
1975	1964
1975	1984
1975	1994
1994	1038
1994	1091
1994	1208
1994	1224
1994	1268
1994	1335
1994	1376
1994	1394
1994	1396
1994	1497
1994	1544
1994	605
1994	1597
1994	1626
1994	1738
1994	1751
1994	1770
1994	1775
1994	1800
1994	1805
1994	1807
1994	1812
1994	1823
1994	1832
1994	1886
1994	1888
1994	1894
1994	1915
1994	1928
1994	1955
1994	1964
1994	1981
1016	1448
1016	1618
1016	1647
1016	1715
1448	1615
1448	1685
1448	1820
1448	1886
1448	1922
1618	1117
1618	1340
1618	1686
1618	1706
1618	1840
1618	1863
1647	1032
1647	1629
1647	1696
1647	1747
1647	1828
1647	1836
1647	1972
1647	1973
1715	1037
1715	1164
1715	1521
1715	1646
1715	1741
1715	1743
1715	1821
1715	1869
1715	1903
1017	1196
1017	1476
1017	1791
1017	1947
1196	1794
1196	1814
1196	1973
1476	1120
1476	1519
1476	1585
1476	1970
1791	1075
1791	1360
1791	1591
1791	1615
1791	1657
1791	1708
1791	1800
1791	1893
1791	1935
1791	1944
1791	1959
1947	1039
1947	1101
1947	1162
1947	1207
1947	1225
1947	1263
1947	1497
1947	1526
1947	1532
1947	632
1947	1616
1947	1644
1947	1716
1947	1721
1947	1783
1947	1819
1947	1833
1947	1872
1947	1915
1947	1946
1947	1964
1947	1972
1947	1987
1018	1555
1018	1734
1018	1934
1555	1043
1555	1332
1555	1770
1555	826
1555	1910
1555	1945
1734	1304
1734	1390
1734	1472
1734	1764
1734	1778
1734	1843
1734	1950
1734	1969
1934	1111
1934	1212
1934	1321
1934	1404
1934	1489
1934	1514
1934	1533
1934	1564
1934	1569
1934	1600
1934	1666
1934	1674
1934	1703
1934	1729
1934	1741
1934	1816
1934	1835
1934	1892
1934	1936
1934	1940
1934	1955
1934	1957
1934	1967
1019	1632
1019	1678
1019	1725
1019	1793
1632	1230
1632	1627
1632	1813
1632	1819
1632	1898
1632	1939
1678	1630
1678	1670
1678	1797
1678	1804
1678	1837
1725	1209
1725	1418
1725	1464
1725	1559
1725	1582
1725	1606
1725	1660
1725	1840
1725	1883
1725	1955
1793	1157
1793	1197
1793	1462
1793	1562
1793	1700
1793	1939
1793	1953
1793	1961
1793	1968
1793	1991
1020	1362
1020	1557
1362	1115
1362	1161
1362	1517
1362	1810
1557	1562
1557	1623
1557	1629
1557	1687
1557	1705
1557	1962
16	149
16	625
16	823
149	169
149	776
149	893
625	141
625	215
625	477
625	487
625	835
625	898
625	926
823	69
823	171
823	300
823	560
823	612
823	641
823	668
823	712
823	734
823	760
823	917
823	996
1021	1182
1021	1598
1021	1925
1021	1944
1182	1849
1182	1888
1182	1939
1598	1121
1598	1132
1598	1528
1598	1730
1598	1858
1598	1881
1598	1936
1925	1271
1925	1415
1925	1514
1925	1519
1925	1540
1925	1636
1925	1786
1925	1787
1925	1806
1925	1814
1925	1825
1925	1875
1925	1877
1925	1888
1925	1911
1925	1940
1925	1950
1925	1957
1925	1977
1925	1984
1944	1246
1944	1307
1944	1382
1944	1436
1944	1457
1944	1544
1944	1573
1944	596
1944	1735
1944	1751
1944	1794
1944	1801
1944	1812
1944	1889
1944	1890
1944	1920
1944	1935
1944	1959
1944	1964
1944	1981
1944	1991
1944	1999
1022	1067
1022	1147
1022	1812
1022	1909
1067	1612
1067	1784
1067	1936
1147	1333
1147	1830
1147	1981
1812	1254
1812	1294
1812	1654
1812	1684
1812	720
1812	1869
1812	1908
1812	1929
1812	1952
1812	1970
1909	1091
1909	1128
1909	1140
1909	1221
1909	1267
1909	1319
1909	1449
1909	1481
1909	1497
1909	1774
1909	1807
1909	1870
1909	1915
1909	1921
1909	1991
1909	1998
1909	1999
1023	1297
1023	1607
1023	1965
1297	1800
1297	1831
1297	1935
1297	1977
1607	1040
1607	1053
1607	1266
1607	1288
1607	1900
1607	1948
1965	1073
1965	1113
1965	1124
1965	1404
1965	1417
1965	1428
1965	1434
1965	1494
1965	1498
1965	1523
1965	1526
1965	1603
1965	1713
1965	1732
1965	1735
1965	1789
1965	1802
1965	1807
1965	1809
1965	1821
1965	1831
1965	1878
1965	1885
1965	1915
1965	1967
1965	1969
1965	1974
17	591
17	844
17	947
17	967
591	112
591	444
591	552
591	693
844	38
844	190
844	415
844	431
844	617
844	618
844	658
844	782
844	794
844	912
844	965
844	981
844	993
947	131
947	191
947	231
947	359
947	443
947	448
947	493
947	510
947	547
947	582
947	622
947	665
947	785
947	803
947	813
947	861
947	899
947	909
947	911
947	980
947	992
967	45
967	171
967	309
967	408
967	503
967	553
967	595
967	631
967	666
967	668
967	705
967	721
967	809
967	817
967	834
967	835
967	841
967	842
967	848
967	889
967	893
967	900
967	929
967	954
967	984
967	990
967	997
1024	1318
1024	1428
1024	1873
1318	1278
1318	1762
1318	1959
1428	1781
1428	1878
1428	1956
1428	1979
1873	1066
1873	95
1873	1365
1873	1628
1873	1779
1873	1854
1873	1858
1873	1882
1873	1885
1873	1922
1873	1957
1873	1962
1873	1985
1873	1987
1025	1475
1025	1651
1025	1949
1025	1955
1475	1571
1475	1728
1475	1808
1475	1968
1651	1079
1651	1482
1651	1719
1651	1763
1651	1961
1949	1064
1949	1091
1949	1167
1949	1194
1949	1464
1949	1510
1949	1567
1949	1629
1949	1648
1949	1696
1949	1729
1949	1765
1949	1783
1949	1788
1949	1818
1949	1839
1949	1841
1949	1845
1949	1868
1949	1887
1949	1935
1949	1942
1949	1972
1949	1984
1955	1041
1955	1071
1955	1087
1955	1089
1955	1338
1955	1534
1955	1621
1955	1637
1955	1710
1955	1770
1955	1774
1955	1778
1955	1801
1955	1827
1955	1834
1955	1860
1955	1907
1955	1912
1955	1916
1955	1942
1955	1951
1955	1970
1955	1983
1267	1619
1267	1911
1267	1977
1596	1376
1596	1407
1596	1479
1596	1883
1596	1892
1596	1983
1762	1103
1762	1478
1762	1583
1762	1616
1762	1617
1762	1786
1762	1848
1762	1850
1762	1852
1762	1898
1027	1373
1027	1413
1027	1799
1027	1819
1373	1411
1373	1702
1373	1794
1413	1617
1413	1940
1413	1970
1413	1981
1799	1159
1799	1202
1799	1414
1799	1431
1799	1538
1799	1708
1799	1795
1799	1825
1799	1877
1799	1929
1799	1942
1819	1055
1819	1256
1819	1508
1819	1620
1819	1670
1819	1706
1819	1746
1819	1845
1819	1900
18	694
18	725
18	732
694	88
694	110
694	283
694	343
694	395
694	820
694	943
725	208
725	422
725	461
725	614
725	854
725	907
725	936
725	950
732	405
732	584
732	628
732	849
732	912
732	973
732	994
732	995
732	998
1028	1183
1028	1406
1028	1692
1028	1853
1183	1406
1183	1495
1183	1898
1406	1221
1406	1599
1406	1917
1406	1953
1692	1345
1692	1535
1692	1608
1692	1625
1692	1671
1692	1957
1853	1029
1853	1141
1853	1252
1853	1395
1853	1466
1853	1480
1853	1512
1853	1676
1853	1733
1853	1764
1853	1875
1853	1912
1853	1931
1853	1962
19	436
19	597
19	628
19	900
436	61
436	293
436	846
436	1921
436	944
597	93
597	286
597	812
597	819
597	912
628	855
628	956
628	980
628	990
900	295
900	559
900	650
900	682
900	684
900	697
900	791
900	802
900	868
900	886
900	894
900	910
900	939
900	941
900	977
900	988
20	289
20	472
20	526
20	980
289	386
289	961
289	971
472	315
472	820
472	908
472	984
526	492
526	527
526	689
526	821
526	999
980	58
980	123
980	147
980	185
980	238
980	426
980	490
980	538
980	609
980	620
980	639
980	662
980	695
980	704
980	710
980	740
980	792
980	799
980	821
980	862
980	939
980	948
980	949
980	958
980	960
980	977
980	996
21	94
21	830
21	870
21	966
94	81
94	738
94	1950
830	186
830	425
830	429
830	490
830	529
830	685
830	853
830	911
830	960
830	994
830	999
870	1340
870	360
870	427
870	430
870	523
870	558
870	643
870	698
870	703
870	831
870	869
870	892
870	929
966	44
966	1101
966	303
966	342
966	380
966	441
966	457
966	529
966	617
966	729
966	730
966	757
966	793
966	851
966	859
966	874
966	876
966	902
966	935
966	954
966	969
966	970
966	996
966	999
22	631
22	638
22	652
22	776
631	194
631	290
631	787
631	833
631	929
631	968
638	273
638	552
638	554
638	585
638	882
652	78
652	107
652	213
652	570
652	835
652	851
652	953
776	31
776	287
776	642
776	673
776	681
776	752
776	767
776	911
776	979
776	998
1029	1578
1029	1735
1029	1800
1578	1263
1578	1499
1578	1926
1578	1937
1578	1980
1578	1987
1735	1789
1735	1809
1735	1837
1735	1857
1735	1882
1735	1926
1735	1973
1800	1157
1800	1212
1800	1380
1800	1797
1800	1825
1800	1870
1800	1894
1800	1912
1800	1915
1030	1144
1030	1559
1030	1828
1144	1270
1144	1896
1559	1288
1559	1374
1559	1883
1559	1889
1828	1032
1828	1127
1828	1248
1828	1260
1828	1468
1828	1700
1828	1825
1828	1827
1828	1920
1828	1951
1828	1977
1828	1984
1031	1107
1031	1493
1031	1722
1031	1858
1107	1088
1107	1722
1107	1903
1493	1561
1493	1835
1493	1879
1493	1903
1722	1145
1722	1237
1722	1645
1722	1694
1722	1794
1722	1837
1722	1877
1722	1924
1722	1972
1858	1277
1858	1369
1858	1417
1858	1520
1858	1635
1858	1743
1858	1767
1858	1801
1858	1842
1858	1943
1858	1956
1858	1957
1032	1847
1032	1881
1847	1098
1847	1356
1847	1403
1847	1439
1847	1454
1847	1523
1847	1533
1847	1570
1847	1749
1847	1770
1847	1877
1847	1954
1847	1964
1847	1984
1881	1062
1881	1148
1881	1225
1881	1275
1881	1451
1881	1458
1881	1711
1881	1733
1881	1745
1881	1764
1881	1846
1881	1860
1881	1875
1881	1928
1881	1970
1881	1984
23	419
23	448
23	610
23	971
419	262
419	530
419	659
419	888
419	986
448	805
448	822
448	824
448	890
610	339
610	566
610	672
610	696
610	783
610	878
610	907
971	232
971	243
971	342
971	469
971	470
971	600
971	641
971	655
971	663
971	667
971	692
971	710
971	730
971	773
971	838
971	850
971	895
971	899
971	932
971	939
971	948
971	969
971	972
24	139
24	259
24	544
24	998
139	69
139	118
139	745
259	387
259	623
259	873
544	166
544	353
544	743
544	943
998	161
998	206
998	228
998	278
998	298
998	309
998	330
998	366
998	620
998	642
998	680
998	744
998	756
998	757
998	818
998	846
998	853
998	863
998	867
998	875
998	895
998	919
998	921
998	932
998	936
998	950
998	954
998	970
998	984
998	990
998	997
998	999
1033	1165
1033	1257
1033	1953
1165	1523
1165	1946
1165	1985
1257	1364
1257	1806
1257	1969
1257	1982
1953	1093
1953	1262
1953	1266
1953	1327
1953	1553
1953	1566
1953	1580
1953	1595
1953	1639
1953	1644
1953	1752
1953	1764
1953	1811
1953	1859
1953	1878
1953	1891
1953	1901
1953	1932
1953	1939
1953	1952
1953	1959
1953	1970
1953	1979
1953	1981
25	644
25	1729
25	924
644	78
644	488
644	546
644	795
644	991
1729	1339
1729	1649
1729	1832
1729	1834
1729	1961
1729	1980
924	104
924	196
924	458
924	468
924	1444
924	659
924	757
924	847
924	859
924	903
924	917
924	919
924	933
924	935
924	949
924	950
924	979
924	991
924	994
1034	1422
1034	1798
1034	1836
1422	1582
1422	1627
1422	1663
1422	1977
1798	1060
1798	1416
1798	1457
1798	1471
1798	1490
1798	1704
1798	1705
1798	1797
1798	889
1798	1912
1798	1929
1798	1998
1836	1261
1836	1266
1836	1530
1836	1574
1836	1646
1836	1688
1836	1860
1836	1861
1836	1888
1836	1895
1836	1915
1836	1943
26	236
26	655
236	583
236	646
236	733
655	123
655	1367
655	742
655	868
655	889
655	965
27	949
27	956
27	979
949	111
949	307
949	376
949	392
949	511
949	629
949	632
949	635
949	769
949	799
949	813
949	827
949	854
949	874
949	920
949	940
949	959
949	960
949	968
949	993
949	994
949	997
956	245
956	345
956	379
956	497
956	577
956	583
956	589
956	595
956	722
956	794
956	804
956	837
956	862
956	883
956	910
956	919
956	931
956	958
956	961
956	965
956	996
979	88
979	151
979	237
979	338
979	412
979	449
979	455
979	497
979	618
979	672
979	753
979	759
979	766
979	782
979	818
979	825
979	836
979	838
979	840
979	848
979	849
979	865
979	873
979	895
979	917
979	958
979	988
979	992
1035	1048
1035	1748
1035	1804
1035	1859
1048	1113
1048	1155
1048	1991
1748	1418
1748	1518
1748	1589
1748	1781
1748	1832
1748	1838
1748	1922
1748	1962
1748	1974
1804	1535
1804	1687
1804	1767
1804	1818
1804	1854
1804	1874
1804	1892
1804	1941
1804	1987
1804	1999
1859	1220
1859	1341
1859	1538
1859	1539
1859	1658
1859	1743
1859	1843
1859	1846
1859	1852
1859	1915
1859	1980
1859	1985
28	512
28	868
28	905
512	568
512	609
512	715
512	926
512	933
868	80
868	279
868	329
868	604
868	674
868	753
868	840
868	856
868	857
868	908
868	994
905	88
905	120
905	137
905	217
905	359
905	463
905	475
905	587
905	670
905	1716
905	743
905	780
905	848
905	850
905	883
905	916
905	917
905	953
255	416
255	953
255	981
517	867
517	969
517	1977
921	184
921	233
921	251
921	574
921	636
921	666
921	737
921	744
921	772
921	852
921	857
921	864
921	909
921	940
921	975
921	994
30	96
30	352
30	525
96	277
96	588
96	981
352	32
352	407
352	855
352	965
525	314
525	520
525	634
525	866
525	908
31	406
31	841
31	880
406	270
406	800
406	968
841	119
841	215
841	522
841	664
841	842
841	861
841	864
841	866
841	986
841	996
880	180
880	197
880	368
880	417
880	1496
880	703
880	784
880	821
880	839
880	852
880	869
880	890
880	906
880	920
880	943
880	969
880	977
32	708
708	76
708	537
708	594
708	735
708	816
708	923
708	934
708	993
1036	1560
1036	1809
1036	1872
1036	1948
1560	1160
1560	1479
1560	1494
1560	1809
1560	1900
1809	1177
1809	1383
1809	1680
1809	1681
1809	1701
1809	1816
1809	1824
1809	1845
1809	1920
1809	1936
1872	1087
1872	1361
1872	1550
1872	1575
1872	1589
1872	1635
1872	1704
1872	1783
1872	1848
1872	1948
1872	1951
1872	1979
1872	1991
1948	1204
1948	1255
1948	1342
1948	1407
1948	1461
1948	1472
1948	1514
1948	1515
1948	1577
1948	1730
1948	1773
1948	1783
1948	1821
1948	1875
1948	1894
1948	1918
1948	1931
1948	1935
1948	1958
1948	1981
1948	1999
1037	1717
1037	1868
1037	1930
1717	1075
1717	1398
1717	1680
1717	1754
1717	1802
1717	1861
1717	908
1717	1967
1868	1162
1868	1185
1868	1260
1868	1615
1868	1649
1868	1702
1868	1805
1868	1825
1868	1839
1868	1871
1868	1958
1868	1980
1868	1982
1930	1158
1930	1193
1930	1325
1930	1511
1930	1594
1930	1657
1930	1708
1930	1749
1930	1815
1930	1875
1930	1896
1930	1916
1930	1950
1930	1959
1930	1964
1930	1969
1930	981
1930	1980
1930	1993
1930	1998
1038	1773
1038	1789
1038	1939
1773	1049
1773	1235
1773	1289
1773	1462
1773	1619
1773	1637
1773	1731
1773	1827
1773	1854
1773	1861
1773	1903
1789	1339
1789	1384
1789	1654
1789	1782
1789	1810
1789	1838
1789	1990
1939	1151
1939	1203
1939	1206
1939	1481
1939	1624
1939	1645
1939	1656
1939	1754
1939	1810
1939	1839
1939	1856
1939	1857
1939	1894
1939	1905
1939	1974
1939	1981
1939	1990
1939	1999
33	357
33	381
33	1803
33	977
357	266
357	785
357	816
357	930
381	514
381	779
1803	1358
1803	1384
1803	1531
1803	1626
1803	1833
1803	1849
1803	1879
1803	1918
1803	1926
1803	1974
1803	1982
1803	1984
977	41
977	93
977	150
977	222
977	276
977	347
977	351
977	483
977	495
977	612
977	702
977	717
977	727
977	738
977	742
977	756
977	773
977	789
977	804
977	819
977	826
977	859
977	881
977	958
977	959
977	993
34	228
34	291
34	555
34	633
228	650
228	698
291	127
291	846
291	881
291	991
555	70
555	93
555	585
555	788
555	842
555	994
633	363
633	467
633	783
633	941
633	943
633	992
35	499
35	701
35	759
499	114
499	200
499	804
499	984
701	68
701	165
701	616
701	637
701	693
701	710
701	1937
759	279
759	285
759	335
759	475
759	528
759	666
759	766
759	906
759	973
66	407
66	416
66	864
234	572
234	745
234	815
950	97
950	351
950	394
950	443
950	456
950	497
950	690
950	765
950	786
950	822
950	906
950	926
950	938
950	969
950	1967
950	981
950	997
37	825
37	850
37	899
825	150
825	456
825	480
825	561
825	755
825	803
825	833
825	897
825	958
825	959
825	986
850	147
850	309
850	483
850	586
850	636
850	728
850	741
850	846
850	852
850	907
850	932
850	953
899	113
899	451
899	623
899	695
899	831
899	840
899	877
899	888
899	911
899	917
899	929
899	995
899	996
899	999
38	659
38	812
659	200
659	280
659	451
659	702
659	848
812	266
812	388
812	608
812	630
812	650
812	654
812	869
812	886
812	911
812	940
812	999
1039	1546
1039	1991
1546	1703
1546	1795
1546	1802
1546	1913
1546	1951
1546	1999
1991	1083
1991	1206
1991	1306
1991	1344
1991	1494
1991	1562
1991	1621
1991	1633
1991	1645
1991	1661
1991	1707
1991	1724
1991	1775
1991	1796
1991	1815
1991	1823
1991	1877
1991	1893
1991	1904
1991	1907
1991	1917
1991	1940
1991	1941
1991	1942
1991	1973
1991	1999
1040	1922
1040	1942
1922	1270
1922	1379
1922	1412
1922	1455
1922	1650
1922	1701
1922	1727
1922	748
1922	1747
1922	1805
1922	1814
1922	1854
1922	1894
1922	1918
1922	1926
1922	1968
1942	1061
1942	1076
1942	1158
1942	1327
1942	1354
1942	1459
1942	1521
1942	1551
1942	1581
1942	1649
1942	1669
1942	1733
1942	1818
1942	1829
1942	1894
1942	1904
1942	1968
1942	1973
1942	1984
1942	1993
39	147
39	1172
39	272
39	782
147	972
1172	1155
1172	1355
1172	1797
272	563
272	779
272	883
272	929
782	216
782	334
782	799
782	821
782	869
782	920
782	969
782	972
1041	1211
1041	1709
1211	1234
1211	1727
1211	1790
1709	1199
1709	1378
1709	1474
1709	1529
1709	1633
1709	1656
1709	1659
1709	1824
1709	1910
1042	1548
1042	1750
1042	1822
1548	1644
1548	1724
1548	1855
1548	1903
1548	1969
1750	1271
1750	1385
1750	1429
1750	1487
1750	1754
1750	1821
1750	1827
1750	1904
1750	1941
1750	1998
1822	1331
1822	1346
1822	1644
1822	1704
1822	1765
1822	1785
1822	1813
1822	1842
1822	1850
1822	1871
1822	1931
1822	1961
1822	1980
40	546
40	666
40	738
40	917
546	55
546	483
546	539
546	653
546	887
666	678
666	859
666	877
666	916
666	936
738	275
738	1669
738	767
738	834
738	862
738	872
738	954
917	132
917	178
917	244
917	330
917	490
917	500
917	706
917	727
917	730
917	754
917	756
917	760
917	869
917	948
1043	1401
1043	1414
1401	1727
1401	1779
1401	1841
1401	1895
1401	1908
1414	1400
1414	1415
1044	1219
1044	1591
1044	1716
1044	1862
1219	1447
1219	1554
1219	1846
1591	1357
1591	1506
1591	1900
1591	1907
1716	1056
1716	1241
1716	1341
1716	1710
1716	1875
1716	1983
1716	1990
1862	1049
1862	1135
1862	1409
1862	1506
1862	1517
1862	1535
1862	1657
1862	1781
1862	1801
1862	1893
1862	1916
1862	1924
1862	1957
1862	1967
1862	1999
1045	1405
1045	1970
1405	1209
1405	1360
1405	1589
1405	1755
1405	1759
1970	1162
1970	1169
1970	205
1970	1250
1970	1300
1970	1313
1970	1409
1970	1416
1970	1482
1970	1491
1970	1670
1970	1724
1970	1775
1970	1852
1970	1863
1970	1885
1970	1890
1970	1898
1970	1899
1970	1943
1970	1946
1970	1967
41	619
41	856
41	890
619	74
619	192
619	356
619	449
619	836
619	943
619	965
856	176
856	249
856	380
856	742
856	763
856	791
856	798
856	845
856	864
856	875
856	884
856	988
856	996
890	158
890	1223
890	299
890	422
890	460
890	466
890	488
890	510
890	684
890	720
890	904
890	932
890	943
890	992
1046	1432
1046	1542
1046	1579
1046	1983
1432	1306
1432	1332
1432	1370
1432	1946
1542	1238
1542	1337
1542	1957
1579	1157
1579	1660
1579	1686
1579	1891
1579	1972
1579	1979
1983	1329
1983	1365
1983	1403
1983	1442
1983	1483
1983	1594
1983	1702
1983	1704
1983	1723
1983	1724
1983	1727
1983	1740
1983	1761
1983	1779
1983	1829
1983	1856
1983	1882
1983	1888
1983	1899
1983	1900
1983	1913
1983	1920
1983	1943
1983	1984
1983	1998
1047	1577
1047	1620
1047	1796
1577	1512
1577	1630
1577	1849
1577	1903
1577	1981
1620	1152
1620	1322
1620	580
1620	1567
1620	1733
1620	1945
1796	1292
1796	1392
1796	1500
1796	1558
1796	1777
1796	1841
1796	1857
1796	1890
1796	1928
1796	1998
42	603
42	796
42	922
603	144
603	497
603	502
603	581
603	829
603	988
796	99
796	227
796	266
796	396
796	432
796	816
796	865
796	888
796	889
796	894
796	999
922	378
922	409
922	415
922	494
922	515
922	518
922	542
922	654
922	671
922	672
922	789
922	878
922	883
922	887
922	933
922	958
922	970
922	988
1113	1993
1155	1769
1155	1905
43	604
43	1795
43	906
604	122
604	415
604	793
604	853
604	909
1795	1085
1795	1246
1795	1446
1795	1469
1795	1676
1795	1706
1795	1802
1795	1918
1795	1940
906	136
906	263
906	311
906	349
906	423
906	435
906	485
906	533
906	592
906	622
906	700
906	722
906	958
906	984
906	986
1049	1536
1049	1550
1536	1140
1536	1148
1536	1243
1536	1646
1536	1785
1550	1365
1550	1616
1550	1636
1550	1843
1550	1845
44	273
44	875
44	892
273	62
273	699
875	280
875	297
875	322
875	335
875	476
875	521
875	531
875	540
875	614
875	715
875	853
875	883
875	895
875	960
875	993
892	51
892	60
892	89
892	1323
892	371
892	393
892	412
892	431
892	432
892	484
892	520
892	595
892	607
892	748
892	973
45	152
45	331
45	387
152	756
152	901
152	958
331	350
331	692
331	926
387	455
387	889
46	343
46	389
46	520
46	605
343	254
343	717
389	251
389	931
389	972
520	744
520	874
520	931
605	137
605	342
605	569
605	908
47	1404
47	818
47	877
47	897
1404	1320
1404	1357
818	319
818	350
818	565
818	593
818	673
818	702
818	710
818	790
818	834
818	954
818	981
877	191
877	271
877	293
877	402
877	731
877	799
877	832
877	1823
877	847
877	908
877	910
877	981
877	984
877	990
897	101
897	148
897	276
897	337
897	364
897	489
897	557
897	626
897	641
897	700
897	735
897	778
897	789
897	888
897	895
897	904
897	960
1050	1236
1050	1566
1236	1887
1236	1964
1566	1060
1566	1453
1566	1691
1566	1856
1566	1945
1051	1583
1051	1902
1583	1160
1583	1199
1583	1589
1583	1719
1583	1946
1902	1077
1902	1086
1902	1303
1902	1479
1902	1494
1902	1509
1902	1689
1902	1699
1902	1733
1902	1788
1902	1813
1902	1814
1902	1929
1902	1935
1902	1941
1902	1956
1902	1998
1052	1251
1052	1341
1052	1924
1251	1123
1251	1790
1251	1840
1251	1935
1341	1215
1341	1973
1924	1454
1924	1495
1924	1499
1924	1532
1924	1582
1924	1610
1924	1621
1924	1642
1924	1681
1924	1718
1924	1738
1924	1756
1924	1778
1924	1825
1924	1861
1924	1920
1924	1946
1053	1364
1053	1903
1364	1101
1364	1201
1364	1450
1903	1061
1903	1348
1903	1423
1903	1573
1903	1630
1903	1668
1903	1723
1903	1754
1903	1827
1903	1959
1903	1993
48	380
48	795
48	904
380	265
380	918
795	117
795	165
795	682
795	695
795	730
795	739
795	1837
795	843
795	857
795	904
795	939
904	84
904	105
904	403
904	521
904	556
904	657
904	697
904	1687
904	806
904	851
904	854
904	864
904	874
904	895
904	928
49	99
49	813
49	934
49	959
99	933
813	172
813	265
813	741
813	1830
813	918
813	934
813	939
813	969
934	220
934	324
934	439
934	492
934	522
934	557
934	565
934	567
934	614
934	707
934	780
934	790
934	817
934	839
934	888
934	931
934	990
959	85
959	135
959	140
959	271
959	444
959	521
959	581
959	607
959	623
959	693
959	846
959	847
959	893
959	931
959	943
959	958
959	960
959	1945
959	988
959	992
959	993
1451	1418
1451	1527
1451	1920
1745	1440
1745	1489
1745	1712
1745	1841
1745	1877
1745	1900
1931	1290
1931	1421
1931	1461
1931	1496
1931	1556
1931	1589
1931	1655
1931	1658
1931	1711
1931	1723
1931	1752
1931	798
1931	1852
1931	1888
1931	1912
1931	1977
1931	1979
1931	1985
1055	1336
1055	1856
1336	1347
1336	1467
1336	1697
1336	1710
1856	1099
1856	1244
1856	1608
1856	1610
1856	1615
1856	1691
1856	1784
1856	1852
1856	1912
1856	1993
50	516
50	706
50	753
516	278
516	341
516	762
706	121
706	379
706	456
706	470
706	565
706	662
706	678
706	769
753	54
753	264
753	287
753	340
753	810
753	819
753	992
753	994
1056	1426
1056	1507
1056	1666
1426	1444
1426	1586
1426	1635
1426	1761
1426	1981
1507	1419
1507	1441
1507	1616
1507	1845
1507	1914
1666	1458
1666	1530
1666	1694
1666	1912
1666	1928
1666	1957
51	125
51	581
51	786
125	348
125	454
125	859
581	775
581	882
581	932
786	61
786	68
786	237
786	350
786	429
786	1604
786	680
786	788
786	991
52	617
52	746
52	990
617	221
617	284
617	548
617	596
617	691
746	106
746	435
746	486
746	513
746	814
746	845
746	908
746	975
990	155
990	240
990	307
990	327
990	358
990	367
990	404
990	453
990	593
990	609
990	642
990	733
990	778
990	781
990	793
990	835
990	863
990	889
990	908
990	912
990	920
990	931
990	941
53	697
53	869
53	930
697	103
697	745
697	876
697	910
697	931
697	933
869	168
869	308
869	464
869	483
869	594
869	696
869	744
869	930
869	932
869	935
869	961
930	97
930	353
930	469
930	475
930	616
930	674
930	752
930	754
930	793
930	804
930	894
930	907
930	928
930	954
930	960
1057	1680
1057	1761
1057	1784
1057	1987
1680	1654
1680	1777
1680	1879
1680	1956
1680	1993
1761	1284
1761	1355
1761	1383
1761	1888
1761	1889
1761	1910
1761	1977
1761	1979
1784	1075
1784	1159
1784	1391
1784	1403
1784	1689
1784	1810
1784	1849
1784	1910
1784	1912
1987	1071
1987	1108
1987	1204
1987	1261
1987	1298
1987	1416
1987	1511
1987	1512
1987	1599
1987	1612
1987	1623
1987	1697
1987	1698
1987	1699
1987	1713
1987	1720
1987	1808
1987	1810
1987	1823
1987	1880
1987	1882
1987	1932
1987	1943
1987	1946
1987	1950
1987	1962
1987	1993
1058	1378
1058	1839
1058	1874
1058	1961
1378	1191
1378	1517
1378	1617
1839	1185
1839	1613
1839	1689
1839	1720
1839	1876
1839	1911
1839	1957
1839	1982
1839	1984
1874	1238
1874	1322
1874	1505
1874	1535
1874	1586
1874	1597
1874	1661
1874	1685
1874	1714
1874	1744
1874	1801
1874	1818
1874	1946
1874	1974
1961	1112
1961	1136
1961	1222
1961	1277
1961	1429
1961	1564
1961	1751
1961	1752
1961	1855
1961	1879
1961	1883
1961	1885
1961	1898
1961	1926
1961	1945
1961	1951
1961	1967
1961	1972
1961	1973
1961	1984
1961	1999
54	115
54	586
54	928
115	734
115	911
115	981
586	82
586	337
586	824
586	864
928	156
928	267
928	442
928	533
928	549
928	599
928	632
928	664
928	665
928	687
928	719
928	836
928	863
928	898
928	926
928	968
928	993
928	994
1059	1332
1059	1597
1059	1813
1059	1932
1332	1126
1332	1444
1597	654
1597	1708
1597	1870
1597	1964
1813	1110
1813	1184
1813	1327
1813	1524
1813	1730
1813	1807
1813	1920
1813	1945
1813	1958
1932	1193
1932	1337
1932	1449
1932	1450
1932	1467
1932	1483
1932	1513
1932	1541
1932	1558
1932	1653
1932	1851
1932	1855
1932	864
1932	1886
1932	1905
1932	1936
1932	1940
1932	1980
1932	1985
1060	1633
1060	1950
1633	1215
1633	1388
1633	1838
1633	1850
1950	1285
1950	1290
1950	1298
1950	1402
1950	1472
1950	1626
1950	1665
1950	1777
1950	1788
1950	1811
1950	1821
1950	1878
1950	1913
1950	1951
1950	1958
1950	1959
1950	1969
1950	1999
1061	1554
1061	1854
1554	1141
1554	1173
1554	1786
1554	1814
1554	1916
1854	1421
1854	1517
1854	1665
1854	1689
1854	1915
1854	1941
1854	1958
1854	1962
55	883
883	64
883	71
883	184
883	452
883	598
883	689
883	761
883	792
883	801
883	838
883	898
56	902
56	972
902	167
902	308
902	333
902	341
902	537
902	580
902	585
902	696
902	728
902	819
902	851
902	867
902	938
902	1984
972	107
972	269
972	363
972	442
972	453
972	547
972	595
972	683
972	687
972	734
972	755
972	772
972	775
972	805
972	824
972	851
972	864
972	881
972	910
972	911
972	916
972	939
972	958
972	997
1062	1223
1062	1429
1062	1911
1223	1237
1223	1974
1429	1848
1429	1876
1911	1247
1911	1354
1911	1365
1911	1415
1911	1614
1911	1650
1911	1806
1911	1814
1911	1850
1911	1851
1911	863
1911	1882
1911	1883
1911	1929
1911	1958
57	63
57	695
57	855
57	991
63	391
63	853
63	873
695	84
695	690
695	763
695	832
855	283
855	458
855	593
855	674
855	781
855	816
855	1805
855	843
855	864
855	901
855	932
855	999
991	102
991	133
991	134
991	153
991	165
991	201
991	328
991	401
991	413
991	438
991	449
991	466
991	535
991	547
991	557
991	607
991	653
991	1630
991	679
991	713
991	773
991	784
991	791
991	794
991	839
991	866
991	891
991	903
58	284
58	749
58	968
284	330
284	550
749	196
749	274
749	411
749	686
749	730
749	758
749	809
749	817
749	953
968	150
968	250
968	334
968	341
968	418
968	606
968	662
968	787
968	804
968	829
968	843
968	874
968	891
968	909
968	910
968	931
968	986
968	992
968	996
1063	1396
1063	1634
1063	1677
1063	1917
1396	1134
1396	1198
1396	1609
1634	1303
1634	1522
1634	1893
1634	1936
1634	1954
1634	1968
1677	1331
1677	1356
1677	1693
1677	1785
1677	1850
1677	1884
1677	1889
1677	1895
1917	1077
1917	1089
1917	1129
1917	1175
1917	1224
1917	1338
1917	1425
1917	1500
1917	1707
1917	1790
1917	1794
1917	1884
1917	1895
1917	1918
1917	1929
1917	1952
1917	1967
59	783
59	803
59	988
59	995
783	287
783	322
783	454
783	548
783	570
783	612
783	660
783	686
783	778
803	308
803	543
803	602
803	797
803	798
803	901
803	965
988	75
988	83
988	145
988	187
988	207
988	263
988	288
988	367
988	408
988	478
988	481
988	498
988	523
988	556
988	577
988	584
988	677
988	736
988	743
988	744
988	819
988	836
988	861
988	882
988	973
988	994
995	140
995	274
995	394
995	424
995	427
995	429
995	432
995	476
995	502
995	537
995	1590
995	613
995	656
995	692
995	693
995	779
995	839
995	853
995	854
995	874
995	887
995	898
995	919
995	920
995	923
995	933
995	938
995	944
995	954
995	973
995	981
995	984
995	986
1064	1258
1064	1777
1064	1811
1258	1289
1258	1314
1258	1460
1258	1613
1777	1097
1777	1389
1777	1522
1777	1594
1777	1615
1777	1912
1777	1935
1777	1954
1811	1194
1811	1446
1811	1468
1811	1582
1811	1587
1811	1731
1811	1814
1811	1895
1811	1962
1811	1972
60	441
60	993
441	492
441	734
441	775
993	107
993	227
993	325
993	457
993	473
993	476
993	522
993	558
993	585
993	630
993	710
993	723
993	727
993	730
993	750
993	763
993	800
993	808
993	845
993	876
993	923
993	938
993	943
993	960
993	1979
61	417
61	431
417	474
417	889
417	996
431	537
431	626
431	751
62	391
62	563
62	936
391	288
391	433
391	809
563	106
563	552
563	639
563	741
936	183
936	208
936	213
936	256
936	265
936	377
936	578
936	602
936	613
936	705
936	744
936	792
936	903
936	929
936	933
936	981
936	984
936	994
853	178
853	454
853	595
853	665
853	676
853	678
853	845
853	912
853	958
853	996
873	359
873	405
873	420
873	450
873	564
873	641
873	642
873	645
873	712
873	760
873	887
873	889
873	969
64	790
64	836
64	916
790	133
790	146
790	496
790	585
790	743
790	769
790	919
790	969
836	519
836	763
836	806
836	834
836	903
836	944
836	997
916	388
916	453
916	471
916	484
916	558
916	598
916	623
916	682
916	717
916	735
916	741
916	805
916	806
916	931
916	940
1065	1156
1065	1514
1065	1890
1065	1990
1156	1243
1156	1805
1156	1998
1514	1359
1514	1695
1514	1718
1890	1084
1890	1097
1890	1106
1890	1392
1890	1511
1890	1696
1890	1740
1890	1755
1890	1832
1890	1850
1890	1889
1890	1937
1890	1954
1990	1137
1990	1166
1990	1220
1990	1246
1990	1265
1990	1272
1990	1279
1990	1369
1990	1372
1990	1420
1990	1447
1990	1581
1990	1608
1990	1649
1990	1684
1990	1719
1990	1764
1990	1783
1990	1805
1990	1821
1990	1843
1990	1857
1990	1882
1990	1892
1990	1893
1990	1905
1990	1915
1990	1929
1990	1935
1990	1999
1066	1500
1066	1652
1066	1794
1500	1570
1500	1964
1652	1350
1652	1689
1652	1769
1652	1928
1652	1956
1652	1993
1794	1169
1794	1416
1794	1706
1794	1820
1794	1907
65	602
65	728
65	938
65	994
602	370
602	524
602	794
602	898
728	438
728	495
728	710
728	752
728	778
728	802
728	920
938	114
938	177
938	285
938	329
938	402
938	428
938	480
938	489
938	1512
938	540
938	681
938	739
938	756
938	888
938	895
938	929
938	960
938	996
938	997
994	82
994	197
994	204
994	210
994	246
994	393
994	461
994	578
994	623
994	668
994	748
994	762
994	800
994	814
994	895
994	911
994	935
994	958
994	961
994	984
994	986
994	996
994	999
407	276
407	567
407	891
416	181
416	715
416	958
864	365
864	390
864	559
864	592
864	809
864	965
864	992
593	940
986	122
986	254
986	361
986	366
986	421
986	437
986	466
986	583
986	623
986	640
986	645
986	731
986	747
986	756
986	816
986	819
986	832
986	833
986	848
986	872
986	876
986	910
986	935
986	948
986	970
1612	1531
1612	1535
1612	1893
1612	1921
1612	1977
1936	1273
1936	1329
1936	1455
1936	1461
1936	1585
1936	1645
1936	1683
1936	1704
1936	1774
1936	1848
1936	1895
1936	1913
1936	1964
1936	1998
68	545
545	246
545	693
545	815
545	909
545	939
1068	1240
1068	1485
1068	1834
1068	1982
1240	1307
1240	1910
1240	1937
1485	1473
1485	1574
1485	1702
1485	1770
1485	1894
1834	1179
1834	1241
1834	1299
1834	1350
1834	1512
1834	1543
1834	1727
1834	1835
1834	1877
1834	1900
1834	1954
1834	1964
1982	1290
1982	313
1982	1323
1982	1392
1982	1540
1982	1573
1982	1657
1982	1661
1982	1695
1982	1765
1982	1790
1982	1807
1982	1810
1982	1837
1982	1842
1982	1844
1982	1865
1982	1896
1982	1918
1982	1954
1982	1956
1982	1968
1982	1979
1069	1985
1985	1249
1985	1314
1985	1343
1985	1349
1985	1357
1985	1419
1985	1508
1985	1529
1985	1614
1985	1644
1985	1674
1985	1721
1985	1744
1985	1781
1985	1786
1985	1790
1985	1821
1985	1851
1985	1863
1985	1905
1985	1918
1985	1937
1985	1954
1985	1957
1985	1964
1985	1980
69	385
69	386
385	515
385	639
385	894
386	549
386	729
1070	1300
1070	1520
1070	1590
1070	1954
1300	1283
1300	1850
1300	1968
1520	1307
1520	1424
1520	1751
1520	1851
1520	1889
1590	1228
1590	1642
1590	1863
1590	1969
1954	1131
1954	1309
1954	405
1954	1457
1954	1474
1954	1530
1954	1614
1954	1659
1954	1710
1954	1751
1954	1756
1954	1774
1954	1786
1954	1787
1954	1899
1954	1928
1954	1958
1954	1964
70	292
70	779
70	903
292	108
292	312
292	827
292	849
779	663
779	674
779	714
779	754
779	800
779	862
779	874
903	133
903	363
903	420
903	425
903	508
903	571
903	707
903	737
903	751
903	802
903	840
903	894
903	919
903	929
71	939
939	523
939	533
939	637
939	667
939	703
939	712
939	733
939	751
939	797
939	826
939	888
939	889
939	923
939	944
1071	1869
1869	1111
1869	1314
1869	1430
1869	1694
1869	1728
1869	1743
1869	1785
1869	1808
1869	1827
1869	1838
1869	1889
1869	1979
1072	1631
1072	1776
1072	1779
1072	1937
1631	1331
1631	1545
1631	1690
1631	1849
1631	1918
1631	1967
1631	1993
1776	1180
1776	1317
1776	1418
1776	1478
1776	1613
1776	1726
1776	1855
1776	1887
1776	1973
1776	1999
1779	1197
1779	1423
1779	1625
1779	1643
1779	1669
1779	1943
1779	1952
1779	1974
1937	1145
1937	1391
1937	1410
1937	1436
1937	1458
1937	1490
1937	1496
1937	1551
1937	1648
1937	1674
1937	1697
1937	1726
1937	1740
1937	1816
1937	1851
1937	1964
72	86
72	827
72	835
86	290
86	772
86	941
827	151
827	275
827	601
827	636
827	797
827	817
827	846
827	926
827	958
835	349
835	560
835	736
835	780
835	935
835	1952
73	230
73	929
73	970
73	973
230	298
230	377
230	568
929	308
929	1467
929	653
929	678
929	707
929	775
929	814
929	839
929	867
929	872
929	911
970	105
970	122
970	187
970	303
970	310
970	492
970	523
970	530
970	665
970	683
970	702
970	714
970	733
970	771
970	862
970	874
970	884
970	940
970	958
973	138
973	217
973	252
973	253
973	333
973	392
973	493
973	541
973	630
973	699
973	718
973	734
973	809
973	821
973	866
973	889
973	894
973	926
973	958
973	975
973	984
74	427
74	737
427	458
427	524
427	961
737	212
737	330
737	819
737	908
737	953
1073	1133
1073	1289
1133	1660
1133	1744
1133	1790
1289	1592
1289	1842
1074	1908
1074	1918
1074	1977
1908	1282
1908	1305
1908	1441
1908	1452
1908	1461
1908	1530
1908	1540
1908	1660
1908	1691
1908	1721
1908	1760
1908	1888
1908	1907
1908	1943
1908	1951
1908	1999
1918	1143
1918	1180
1918	1255
1918	1437
1918	1438
1918	1458
1918	1490
1918	1535
1918	1586
1918	1738
1918	1825
1918	1984
1977	1206
1977	1302
1977	1450
1977	1486
1977	1619
1977	1639
1977	1640
1977	1714
1977	1774
1977	1787
1977	1790
1977	1802
1977	1821
1977	1830
1977	1840
1977	1845
1977	1846
1977	1851
1977	1885
1977	1901
1977	1956
1977	1984
1075	1863
1863	1438
1863	1490
1863	1506
1863	1606
1863	1708
1863	1786
1863	1832
1863	1886
1863	1896
1863	1901
1076	1675
1675	1377
1675	1601
1675	1767
1675	1904
1077	1571
1077	1738
1571	1283
1571	1517
1571	1802
1571	1846
1571	1999
1738	1626
1738	1674
1738	1691
1738	1840
1738	1926
1738	1958
75	568
75	722
568	185
568	252
568	784
568	941
722	275
722	459
722	498
722	961
722	969
722	999
76	482
76	612
76	893
482	446
482	553
482	791
482	997
612	540
612	566
612	752
612	999
893	145
893	320
893	354
893	367
893	503
893	541
893	676
893	736
893	800
893	824
893	833
893	854
893	861
893	923
77	156
77	305
77	741
156	539
156	707
305	434
305	758
305	833
741	258
741	399
741	485
741	667
741	866
1078	1313
1078	1624
1078	1676
1078	1968
1313	1531
1624	1469
1624	1532
1624	1695
1624	1721
1624	1726
1676	1533
1676	1885
1676	1913
1676	1929
1676	1980
1968	1146
1968	1178
1968	1262
1968	1284
1968	1353
1968	1357
1968	1419
1968	1533
1968	1689
1968	1706
1968	1730
1968	1783
1968	1805
1968	1824
1968	1825
1968	1833
1968	1838
1968	1875
1968	1879
1968	1888
1968	1946
78	248
78	461
248	310
248	740
248	935
461	767
461	943
461	944
1079	1164
1079	1231
1079	1438
1164	1959
1231	1562
1231	1720
1438	1433
1438	1731
1438	808
79	175
79	750
79	781
79	862
175	165
175	425
750	91
750	215
750	297
750	535
750	571
750	576
750	681
750	910
750	943
781	583
781	622
781	654
781	700
781	740
781	847
781	859
781	933
781	944
862	216
862	247
862	315
862	397
862	433
862	434
862	570
862	574
862	584
862	691
862	739
80	145
80	261
80	656
145	173
656	251
656	496
656	698
656	824
656	846
656	1928
81	713
81	832
81	881
713	295
713	428
713	478
713	529
713	683
713	742
713	907
832	458
832	462
832	1488
832	530
832	895
832	898
832	958
832	996
832	997
881	354
881	496
881	714
881	743
881	778
881	793
881	820
881	847
881	863
881	907
881	909
881	920
881	954
1080	1104
1080	1136
1080	1434
1104	1139
1104	1325
1104	1433
1136	1294
1136	1727
1434	1281
1434	1517
1434	1969
1081	1497
1081	1644
1081	1802
1081	1941
1497	1482
1497	1979
1644	1658
1644	1763
1802	1201
1802	1393
1802	1658
1802	1728
1802	1871
1802	1940
1802	1974
1941	1085
1941	1154
1941	1263
1941	1308
1941	1329
1941	658
1941	1746
1941	1755
1941	1768
1941	1780
1941	1786
1941	1805
1941	1829
1941	1840
1941	1841
1941	1845
1941	1848
1941	1891
82	181
82	450
181	177
181	464
450	219
450	817
450	933
450	975
1126	1887
1126	1900
1527	1679
1527	1783
1527	1786
1527	1816
1527	1913
1972	1119
1972	1125
1972	189
1972	1221
1972	1344
1972	1576
1972	1605
1972	1617
1972	1746
1972	1788
1972	1831
1972	1832
1972	1842
1972	1850
1972	1885
1972	1887
1972	1921
1972	1951
1972	1957
1972	1958
1972	1959
1972	1967
1083	1823
1083	1900
1823	1099
1823	1169
1823	1170
1823	1322
1823	1354
1823	1420
1823	1553
1823	1619
1823	1650
1823	1760
1900	1185
1900	1214
1900	1276
1900	1291
1900	1319
1900	1663
1900	1685
1900	1741
1900	1744
1900	1973
1084	1601
1084	1642
1084	1775
1601	1111
1601	1733
1601	1831
1642	1490
1642	1855
1642	1870
1642	1898
1642	1926
1642	1964
1775	1301
1775	1397
1775	1490
1775	1525
1775	1549
1775	1875
83	124
83	141
83	256
124	505
124	524
124	658
141	679
141	884
256	295
84	624
84	815
624	590
624	696
624	742
624	755
624	872
624	886
815	111
815	193
815	364
815	622
815	751
815	797
815	889
815	996
815	997
85	447
85	571
85	840
447	518
447	757
447	878
447	908
571	277
571	286
571	287
571	820
840	616
840	623
840	739
840	793
840	834
840	867
840	888
840	944
1085	1358
1085	1641
1358	1584
1358	1653
1358	1967
1641	1170
1641	1311
1641	1320
1641	1384
1641	1600
1641	1787
1641	1846
290	185
290	824
290	843
772	95
772	600
772	601
772	691
772	696
772	785
772	894
772	910
772	996
941	100
941	163
941	223
941	412
941	439
941	514
941	1561
941	698
941	715
941	719
941	846
941	847
941	891
941	923
941	933
941	969
87	333
87	414
87	861
87	926
333	226
414	347
414	719
414	839
414	852
861	267
861	338
861	356
861	480
861	530
861	573
861	689
861	847
861	859
861	884
861	908
926	105
926	108
926	201
926	310
926	366
926	561
926	702
926	715
926	748
926	756
926	948
926	961
1086	1382
1086	1568
1086	1979
1382	1456
1382	1845
1382	1928
1568	1252
1568	1710
1568	1741
1568	1844
1568	1928
1568	1980
1979	1124
1979	1185
1979	1248
1979	1301
1979	1452
1979	1501
1979	1519
1979	1528
1979	1687
1979	1698
1979	1700
1979	1702
1979	1741
1979	1759
1979	1785
1979	1824
1979	1838
1979	1913
1979	1952
1087	1901
1901	1103
1901	1143
1901	1235
1901	1279
1901	1292
1901	1446
1901	1564
1901	1672
1901	1690
1901	1838
1901	1974
1901	1993
1088	1861
1088	1871
1088	1956
1861	1224
1861	1411
1861	1563
1861	1625
1861	1759
1861	829
1861	1829
1861	1844
1861	1877
1861	1913
1871	1188
1871	1386
1871	1440
1871	1540
1871	1661
1871	1684
1871	1751
1871	1810
1871	1857
1871	1883
1871	1943
1871	1952
1956	1239
1956	1274
1956	1385
1956	463
1956	1456
1956	1467
1956	1619
1956	1638
1956	1697
1956	1698
1956	1700
1956	1857
1956	1883
1956	1887
1956	1893
1956	1898
1956	1916
1956	1945
88	682
682	270
682	565
682	816
682	920
682	992
89	852
89	953
89	969
852	173
852	440
852	551
852	553
852	1833
852	849
852	935
852	975
852	984
852	992
953	262
953	338
953	365
953	372
953	373
953	430
953	470
953	549
953	554
953	600
953	635
953	735
953	751
953	878
953	889
953	944
969	109
969	130
969	511
969	543
969	576
969	669
969	685
969	686
969	787
969	798
969	821
969	847
969	857
969	859
969	894
1089	1635
1089	1661
1635	1290
1635	1842
1635	1848
1635	1943
1661	1654
1661	1878
1661	1887
1661	1940
90	474
90	703
90	846
474	293
474	1283
474	362
703	167
703	501
703	535
703	669
703	810
846	295
846	351
846	444
846	641
846	733
846	1841
846	884
1310	1447
1310	1613
1310	1687
1310	1769
1774	1135
1774	1207
1774	1637
1774	1829
1774	1891
1091	1250
1250	1688
1250	1797
1250	1840
1743	1333
1743	1543
1743	1650
1743	1690
1743	1973
91	354
91	833
91	866
354	299
833	379
833	469
833	534
833	538
833	1580
833	940
866	101
866	328
866	336
866	403
866	572
866	599
866	784
866	834
866	843
92	102
92	615
102	260
102	476
615	658
615	791
615	801
615	889
615	992
615	999
93	159
159	249
159	537
95	286
95	719
286	727
286	778
719	336
719	356
719	931
719	932
719	999
277	216
277	698
277	755
588	319
588	483
588	648
588	810
588	960
981	103
981	155
981	270
981	319
981	370
981	378
981	471
981	543
981	575
981	731
981	778
981	810
981	814
981	884
981	887
981	908
981	935
981	992
981	997
97	534
97	681
534	315
534	505
534	842
534	911
534	935
681	358
681	372
681	626
681	630
681	984
1093	1605
1093	1928
1093	1981
1605	180
1605	1820
1605	1830
1605	1844
1928	1284
1928	1301
1928	1319
1928	1532
1928	1630
1928	1849
1928	1852
1928	1884
1928	1904
1928	1962
1928	1973
1928	1993
1981	1115
1981	1265
1981	1355
1981	1369
1981	1381
1981	1410
1981	1460
1981	1480
1981	1492
1981	1609
1981	1613
1981	1752
1981	1770
1981	1778
1981	1788
1981	1851
1981	1921
1981	1957
1981	1969
1981	1980
1981	1993
1094	1270
1094	1756
1094	1830
1270	1608
1270	1818
1756	1328
1756	1330
1756	1581
1756	1656
1756	1694
1756	1916
1756	1984
1830	1273
1830	1280
1830	1287
1830	1509
1830	1688
1830	1763
1830	1790
1830	1884
1095	1646
1095	1751
1095	944
1646	1351
1646	1599
1646	1816
1646	1849
1646	1898
1751	1132
1751	1315
1751	1969
944	132
944	134
944	211
944	226
944	432
944	504
944	505
944	535
944	599
944	632
944	651
944	802
944	838
944	839
944	878
944	935
98	395
98	684
98	848
98	851
395	360
395	573
395	918
684	382
684	479
684	548
684	758
684	804
684	826
848	316
848	437
848	540
848	648
848	773
848	801
848	847
848	933
848	954
851	135
851	164
851	375
851	453
851	513
851	592
851	889
851	933
851	996
933	334
933	415
933	556
933	578
933	587
933	797
933	821
933	872
933	965
933	992
1096	1442
1096	1712
1096	1910
1096	1951
1442	1282
1712	1478
1712	1518
1712	1683
1712	1742
1712	1754
1712	1894
1712	1904
1712	919
1910	1119
1910	1178
1910	1286
1910	1291
1910	1295
1910	1306
1910	577
1910	1654
1910	1668
1910	1788
1910	1959
1910	1974
1910	1999
1951	1214
1951	1433
1951	1436
1951	1466
1951	1628
1951	1669
1951	1686
1951	1691
1951	1693
1951	1801
1951	1833
1951	1889
1951	1926
1951	1940
1951	1959
1951	1980
1951	1984
1097	348
1097	1824
348	182
348	801
1824	1480
1824	1515
1824	1541
1824	1693
1824	1747
1824	1833
1824	1860
1824	1883
1824	1896
1098	1724
1098	1915
1724	1545
1724	1714
1724	1892
1724	1940
1724	1967
1724	1993
1915	1210
1915	242
1915	1274
1915	1357
1915	1561
1915	1669
1915	1893
1915	1894
1915	1962
1915	1998
100	409
100	857
100	909
409	592
409	629
857	243
857	334
857	551
857	685
857	758
857	761
857	801
857	907
857	910
909	117
909	153
909	378
909	411
909	462
909	657
909	788
909	826
909	837
909	932
909	948
909	954
101	489
101	886
489	569
489	669
489	748
886	153
886	160
886	164
886	345
886	451
886	515
886	537
886	553
886	606
886	620
886	802
886	1786
886	865
886	876
886	894
1099	1844
1099	1957
1844	1439
1844	1565
1844	1668
1844	1746
1844	1769
1844	1780
1844	1887
1844	1898
1844	1959
1844	1984
1957	1139
1957	1262
1957	1359
1957	1439
1957	1495
1957	1501
1957	1510
1957	1534
1957	1587
1957	1759
1957	1808
1957	1835
1957	1895
1957	1984
260	220
260	315
260	960
476	539
476	712
1100	1371
1100	1535
1100	1896
1100	1959
1371	1368
1371	1513
1371	1805
1371	1998
1896	1259
1896	1280
1896	1342
1896	1466
1896	1540
1896	1567
1896	1595
1896	1740
1896	1895
1896	1959
1896	1998
1959	1111
1959	1207
1959	1226
1959	1249
1959	1355
1959	1381
1959	1412
1959	1511
1959	1592
1959	1878
1959	1899
1959	1905
1959	1920
1959	1998
1959	1999
103	446
103	752
446	522
446	829
446	940
752	266
752	504
752	528
752	629
752	690
752	999
104	269
104	975
104	997
269	129
269	144
269	169
975	212
975	337
975	410
975	424
975	453
975	481
975	487
975	494
975	556
975	714
975	743
975	764
975	794
975	805
975	814
975	829
975	874
975	882
975	908
997	170
997	205
997	207
997	301
997	323
997	379
997	440
997	490
997	729
997	754
997	757
997	771
997	797
997	798
997	882
997	894
997	898
997	901
997	910
997	965
997	992
1101	1120
1120	1456
1120	1549
105	473
473	459
473	548
473	677
106	297
106	863
297	639
863	219
863	240
863	355
863	445
863	549
863	598
863	622
863	912
1102	1191
1102	1808
1102	1880
1191	1380
1808	1203
1808	1363
1808	1366
1808	1377
1808	1755
1808	1759
1808	1855
1808	1921
1880	1116
1880	1272
1880	1284
1880	1304
1880	1411
1880	1508
1880	1556
1880	1704
1880	1749
1880	1785
1880	1788
1880	1841
1880	1904
1880	1907
107	514
514	645
514	756
108	378
108	743
378	876
743	843
743	992
109	898
898	111
898	117
898	383
898	422
898	477
898	554
898	609
898	685
898	751
898	761
110	418
110	717
110	778
418	345
418	608
418	842
418	912
717	312
717	577
717	670
717	680
717	800
778	242
778	754
111	809
809	119
809	723
809	834
809	891
809	935
1103	1898
1898	1292
1898	1395
1898	1575
1898	1615
1898	1671
1898	1684
1898	1786
1898	1907
1139	1483
1139	1549
1325	1298
1325	1315
1325	1967
1433	1453
1433	1638
1105	1176
1105	1269
1105	1470
1105	1498
1176	1127
1176	1242
1176	1907
1269	1204
1269	1883
1470	1354
1470	1474
1470	1780
1470	1998
1498	1656
1498	1671
1498	1755
1498	1993
112	451
112	501
451	540
451	923
501	160
501	843
501	992
1106	1706
1106	1945
1106	1998
1706	1272
1706	1837
1706	1885
1706	1907
1945	1273
1945	1321
1945	1350
1945	1367
1945	1399
1945	1525
1945	1538
1945	1679
1945	1684
1945	1708
1945	1818
1945	1838
1945	1840
1945	1875
1945	1891
1945	1907
1945	1920
1945	1921
1945	1935
1998	1109
1998	1319
1998	1370
1998	1486
1998	1487
1998	1505
1998	1538
1998	1582
1998	1659
1998	1670
1998	1694
1998	1700
1998	1702
1998	1705
1998	1711
1998	1741
1998	1742
1998	1754
1998	1785
1998	1851
1998	1876
1998	1916
1998	1958
113	494
113	614
113	667
494	854
614	229
614	788
614	887
667	558
667	566
667	609
667	680
667	895
114	190
114	538
190	425
190	822
538	373
538	676
538	780
538	948
734	371
734	608
911	1180
911	203
911	311
911	459
911	589
911	669
911	700
911	901
911	912
911	923
1108	1685
1108	1849
1685	1345
1685	1462
1685	1547
1685	1831
1685	1993
1849	1134
1849	1315
1849	1668
1849	1771
1849	1892
1849	1993
1109	1408
1109	1801
1109	1842
1408	1439
1408	1459
1408	1584
1408	1599
1801	1119
1801	1281
1801	1533
1801	1660
1801	1904
1842	1174
1842	1203
1842	1494
1842	1606
1842	1764
1842	1905
1842	1935
1842	1993
1110	1672
1110	1740
1110	1886
1672	1445
1672	1465
1672	1671
1672	1782
1672	1815
1672	1892
1740	1281
1740	1767
1740	1792
1740	1855
1740	1912
1886	1149
1886	1366
1886	1700
1886	1730
1886	1763
1886	1765
1886	1841
1886	1875
817	281
817	318
817	618
817	640
817	673
817	867
1112	1352
1112	1687
1352	1268
1352	1499
1352	1640
1352	1681
1687	1186
1687	1323
1687	1419
1687	1733
1993	1150
1993	1184
1993	1242
1993	274
1993	1489
1993	1553
1993	1585
1993	1621
1993	1640
1993	1703
1993	1766
1993	1768
1993	1912
1993	1926
1993	1962
1114	1184
1114	1513
1114	611
1114	1810
1513	1146
1513	1790
1513	1797
1513	1841
611	258
611	296
611	690
611	763
611	999
1810	1159
1810	1315
1810	1372
1810	1731
1810	1814
1810	1962
1115	1494
1115	1714
1714	1368
1714	1473
1714	1479
1714	1843
1714	1967
1714	1969
117	179
179	271
179	792
118	506
118	650
118	696
506	401
506	470
506	491
506	876
506	961
650	267
650	731
650	758
696	688
696	849
119	321
321	748
321	780
1116	1689
1116	1851
1116	1865
1689	1760
1689	1879
1851	1230
1851	1501
1851	1653
1851	1741
1851	1831
1851	1920
1865	1167
1865	1305
1865	1345
1865	1393
1865	1574
1865	1683
1865	1691
1865	1694
1865	1744
1865	1746
1865	1821
1865	1926
1865	1974
1117	1481
1117	1877
1117	1943
1481	1585
1481	1701
1481	1788
1877	293
1877	1302
1877	1370
1877	1487
1877	1639
1877	1827
1877	1850
1877	1882
1877	1926
1943	1118
1943	1128
1943	1150
1943	1455
1943	1518
1943	1693
1943	1718
1943	1778
1943	1838
1118	1171
1118	1397
1118	1973
1171	1121
1171	1521
1171	1543
1397	1879
1397	1999
1973	1129
1973	1213
1973	1294
1973	1390
1973	1452
1973	1482
1973	1544
1973	1553
1973	1630
1973	1695
1973	1727
1973	1770
1973	1807
1973	1815
1973	1825
1973	1831
1973	1885
1973	1889
1973	1969
1119	1831
1831	1190
1831	1424
1831	1439
1831	1502
1831	1604
1831	1848
1831	1912
120	882
882	184
882	227
882	231
882	471
882	574
882	634
882	639
882	707
882	715
882	773
882	932
121	364
121	455
121	960
364	408
364	784
455	355
455	683
455	838
960	193
960	262
960	301
960	308
960	374
960	434
960	542
960	643
960	657
960	771
960	780
960	874
960	999
122	912
912	193
912	330
912	388
912	468
912	504
912	748
912	839
912	878
912	940
912	965
1456	1471
1456	1783
1456	1920
1549	1626
1549	1814
1549	1913
1549	1958
1121	1999
1999	1163
1999	1166
1999	1230
1999	1377
1999	1388
1999	1435
1999	1443
1999	1589
1999	1595
1999	1703
1999	773
1999	1759
1999	1792
1999	1837
1999	1852
1999	1860
1999	1878
1999	1940
1999	1967
123	478
478	816
1351	735
1351	1755
1351	1763
1658	1154
1658	1621
1658	1766
505	792
505	808
505	999
524	430
524	908
658	329
658	569
658	804
658	935
1123	1417
1123	1718
1417	1454
1417	1744
1718	1334
1718	1372
1718	1435
1718	1878
454	665
454	762
859	225
859	358
859	413
859	490
859	498
859	826
126	793
126	940
126	992
793	219
793	727
793	791
940	142
940	168
940	484
940	747
940	767
940	794
940	829
940	839
940	984
992	158
992	238
992	257
992	452
992	488
992	491
992	609
992	677
992	698
992	704
992	745
992	758
992	788
992	819
992	824
992	876
992	918
992	965
992	999
127	340
127	515
340	319
340	428
515	313
515	721
1124	1305
1124	657
1305	1887
657	274
657	560
657	829
657	907
201	238
847	433
847	622
847	721
847	766
847	819
847	894
1125	1242
1125	1771
1125	1926
1771	1395
1771	1569
1771	1609
1771	1611
1771	1648
1771	1688
1771	1713
1771	1855
1771	1967
1926	1161
1926	1541
1926	1595
1926	1617
1926	1732
1926	1752
1926	1792
1926	1797
1926	822
1926	1974
1887	1157
1887	1522
1887	1655
1887	1719
1887	1759
1887	1914
1887	1958
1127	1238
1127	1446
1238	1623
1446	1764
1446	1870
1128	1326
1128	1691
1326	1227
1326	1698
1326	1783
1326	1974
1691	1237
1691	1628
1691	1752
1129	1693
1129	1752
1693	1265
1693	1584
1693	1627
1693	1713
1693	1969
1752	1160
1752	1337
1752	1884
129	849
129	923
849	196
849	552
849	608
849	723
849	794
849	797
849	948
849	999
923	231
923	328
923	558
923	567
923	609
923	720
923	831
923	854
923	888
923	901
923	932
130	197
130	508
130	872
508	215
508	704
508	757
508	800
872	245
872	400
872	670
872	674
872	687
872	766
872	806
872	842
872	920
872	932
131	800
131	961
800	425
800	557
800	802
800	822
800	839
961	186
961	264
961	276
961	463
961	475
961	486
961	565
961	646
961	693
961	727
961	754
961	760
961	769
1130	1307
1130	1657
1130	1914
1130	1935
1307	1701
1657	1376
1657	1669
1657	1907
1657	1935
1914	1149
1914	1243
1914	1291
1914	1389
1914	1440
1914	1473
1914	1501
1914	1526
1914	1603
1914	1663
1914	1681
1914	1732
1914	1788
1914	1829
1914	1870
1935	1403
1935	1483
1935	1558
1935	1616
1935	1669
1935	1889
1935	1916
1935	1921
1935	1958
133	744
744	543
744	887
134	578
134	775
578	845
578	920
775	595
775	1707
775	845
775	884
775	907
135	224
135	733
224	356
224	808
224	831
733	653
1131	1694
1131	1884
1131	1952
1694	1815
1694	1969
1884	1174
1884	1203
1884	1430
1884	1461
1884	1465
1884	1584
1884	1818
1884	1832
1884	1974
1884	1984
1952	1151
1952	1174
1952	1218
1952	1261
1952	1311
1952	1582
1952	1600
1952	1625
1952	1627
1952	1656
1952	1673
1952	1746
1952	1797
1952	1815
1952	1870
1952	1895
1952	1929
1132	1617
1132	1627
1617	1419
1617	1436
1627	1660
1627	1838
1660	1529
1660	1929
1744	1463
1744	1885
1744	1891
1790	1142
1790	1243
1790	1720
136	653
136	735
136	935
653	373
653	894
735	322
735	672
735	686
935	203
935	334
935	1321
935	397
935	469
935	542
935	918
137	394
137	683
394	802
683	531
683	607
683	643
1134	1402
1134	1766
1402	1746
1402	1964
1766	1151
1766	1275
1766	1625
1766	1665
1766	1673
1766	1726
138	699
138	756
138	865
699	323
699	510
699	607
699	999
756	854
865	309
865	372
865	442
865	562
865	566
865	700
865	798
865	820
865	834
1135	1455
1135	1814
1455	1747
1814	1255
1814	1855
1814	1876
1294	1848
1294	1984
1727	1534
1727	1946
1137	1452
1137	1648
1137	1696
1452	1346
1648	1848
1648	1916
1696	1209
1696	1217
1696	1409
1696	1447
1696	1524
1696	1778
1377	1764
745	157
745	634
745	679
745	788
745	837
745	888
140	824
824	405
824	467
824	500
824	689
824	792
679	202
679	556
679	845
679	932
884	143
884	212
884	254
884	351
884	393
884	467
884	484
884	558
884	606
884	771
884	831
884	999
1483	1610
1483	1690
1140	1220
1140	1711
1220	1573
1711	1205
1711	1581
1711	1643
1711	1850
1711	1929
1141	1720
1141	1940
1720	1217
1720	1860
1720	1907
1940	1143
1940	1246
1940	1425
1940	1457
1940	1495
1940	1747
1940	1763
1940	1964
1142	1309
1142	1592
1309	1412
1309	1892
1592	1457
1592	1504
1592	1623
1592	1683
1592	1846
142	919
919	390
919	462
919	566
919	668
919	691
919	739
919	780
919	895
1143	1488
1488	1409
1488	1920
143	891
891	235
891	412
891	434
891	460
891	479
891	637
891	664
891	670
891	710
891	748
891	810
891	822
891	888
144	1253
144	457
1253	1369
1253	1463
1253	1781
457	688
457	843
457	854
173	162
173	810
146	742
146	1741
146	948
742	493
742	700
742	763
742	888
742	920
1741	1279
1741	1295
1741	1962
948	169
948	170
948	279
948	377
948	590
948	636
948	642
948	646
948	668
948	673
948	780
948	810
948	826
948	888
1145	1980
1980	1152
1980	1379
1980	1387
1980	1430
1980	1509
1980	1600
1980	1603
1980	1637
1980	1723
1980	1770
1980	1792
1980	1832
1980	1837
1980	1838
1980	1878
1980	1882
1980	1969
148	601
148	889
148	931
601	428
601	687
601	714
601	715
889	195
889	442
889	574
889	754
931	423
931	635
931	674
931	814
931	822
931	920
1146	1913
1913	1197
1913	1394
1913	1421
1913	1533
1913	1606
1913	1837
1913	1841
1913	1860
169	376
150	460
460	222
460	327
460	874
151	829
829	264
829	498
829	640
829	834
1333	1443
1333	1760
1333	1835
901	202
901	576
901	600
901	700
901	704
901	729
901	802
901	932
901	954
958	155
958	365
958	400
958	459
958	561
958	626
958	794
958	878
153	740
740	214
740	573
740	771
740	834
740	895
1149	1263
1149	1279
1263	1458
1279	1541
549	396
549	887
984	368
984	372
984	376
984	527
984	533
984	669
984	688
984	711
984	739
984	788
984	805
984	816
984	908
984	910
1150	1273
1150	1569
1273	1545
1569	1705
1569	1879
1569	1899
1569	1967
155	910
910	335
910	355
910	428
910	642
910	814
910	834
910	996
539	523
539	723
539	787
707	235
707	346
707	557
707	797
707	820
157	296
157	739
296	245
296	346
296	702
739	672
739	831
158	677
677	276
677	660
249	754
537	1749
160	339
160	839
339	560
339	895
339	999
839	309
839	541
839	559
839	718
161	353
161	375
161	996
375	189
375	206
375	720
996	233
996	258
996	317
996	408
996	443
996	479
996	491
996	528
996	569
996	629
996	634
996	678
996	766
996	789
996	918
996	932
1152	1389
1152	816
1389	1728
1389	1946
816	188
816	630
816	810
162	425
162	580
162	837
580	575
580	664
580	747
837	250
837	294
837	336
837	435
837	468
837	692
837	814
837	999
163	463
163	660
163	762
463	792
660	335
660	626
660	867
762	369
762	439
762	481
762	582
762	654
762	664
762	932
1153	1411
1153	1580
1153	1788
1153	1916
1411	1339
1580	1195
1580	1604
1580	1713
1788	226
1788	1730
1916	1306
1916	1367
1916	1394
1916	1563
1916	1575
1916	1585
1916	1645
1916	1892
1916	1907
164	599
164	630
599	300
599	420
599	736
630	547
166	186
166	535
535	704
535	764
1154	1245
1154	1969
1245	1551
1245	1643
1245	1733
1969	1331
1969	1337
1969	1437
1969	1495
1969	1505
1969	1576
1969	1628
1969	1755
1969	1783
1969	1807
1969	1891
1969	1904
1969	1958
1769	1254
1769	1539
1769	1628
1769	1885
1769	1907
1769	1974
1905	1235
1905	1376
1905	1379
1905	1410
1905	1522
1905	1541
1905	1543
1905	1705
1905	1732
1905	1962
1243	1474
1805	1584
1805	1653
1805	1679
1805	1846
1158	1412
1158	1698
1412	1505
1698	1501
1698	1574
1698	1974
1159	1967
1967	1321
1967	1466
1967	1502
1967	1522
1967	1606
1967	1619
1967	1655
1967	1742
1967	1875
1967	1892
167	347
167	393
347	209
347	814
393	211
168	596
596	575
596	643
596	705
596	808
376	510
170	464
170	785
464	531
464	561
785	341
785	487
785	693
785	705
785	874
785	918
171	335
1160	1299
1299	1603
1299	1663
1299	1835
1161	1445
1161	1558
1445	1595
1445	1713
1445	1891
1445	1958
1558	1285
1558	1477
1558	1852
172	662
172	731
172	965
662	325
662	522
662	678
662	999
731	253
731	490
731	761
731	769
965	225
965	243
965	435
965	550
965	669
965	878
965	1893
965	918
965	943
965	954
810	227
810	575
810	634
810	747
232	346
798	362
798	748
798	791
798	822
798	867
176	318
176	620
176	771
318	888
318	895
620	373
620	629
620	674
771	360
771	404
771	487
771	908
771	920
771	999
1162	1733
1733	1547
177	435
177	723
435	200
723	502
723	637
723	867
1163	1188
1163	1424
1163	1879
1188	1338
1188	1958
1424	1280
1424	1763
1879	1262
1879	1486
1879	1594
1879	1763
1879	1921
1523	1659
1523	799
1523	1841
1523	1876
1946	1256
1946	1334
1946	1430
1946	1463
1946	1472
1946	1582
1946	1619
1946	1656
1946	1695
1946	1703
1946	1792
1946	1893
1946	1899
271	583
271	887
792	222
792	294
792	449
792	1609
1166	1277
1166	1878
1277	1399
1277	1613
1878	1275
1878	1343
1878	1425
1878	1465
1878	1480
1878	1705
1878	1749
1167	1510
1167	1746
1510	1531
1510	1621
1746	1654
1746	1888
180	282
180	392
282	765
282	805
282	888
392	326
392	592
1168	1232
1168	1807
1232	1217
1232	1420
1807	1599
1807	1637
1807	1806
1807	1838
1807	1984
1169	1320
1320	1247
1320	1840
182	698
182	808
182	907
698	324
698	404
808	184
808	430
808	764
808	867
808	999
907	491
907	528
907	1534
907	676
907	763
907	765
907	845
907	999
183	403
183	424
183	843
403	598
403	693
424	569
424	789
424	999
843	421
843	481
843	543
843	688
843	705
843	769
1170	1443
1443	1787
1521	1321
1521	1388
1521	1587
1521	1883
1543	1296
1543	1695
1543	1929
187	413
187	504
413	195
413	831
504	493
504	894
1355	1199
1797	1327
1797	1502
1797	1629
1797	1636
1797	1855
1173	1496
1173	1611
1496	1462
1611	1331
1611	1349
1611	1395
1611	1585
1611	1614
1611	1904
1174	1700
1700	1529
1700	1681
1175	1379
1175	1763
1379	1719
1763	1287
1763	1363
1763	503
1907	1195
1907	1256
1907	1625
1907	1855
1907	1974
188	629
188	646
629	584
629	747
646	420
646	554
646	651
646	720
822	346
822	367
822	423
1177	1589
1177	1974
1974	1302
1974	1347
1974	1361
1974	1372
1974	1423
1974	1435
1974	1561
1974	1668
1974	1754
1974	1778
1974	1815
1974	1964
1178	1964
1964	1201
1964	1212
1964	1215
1964	1288
1964	1304
1964	1328
1964	1380
1964	1504
1964	1616
1964	1719
1964	1770
1964	1827
192	685
192	826
192	888
685	362
685	487
685	551
826	285
826	511
826	769
826	804
826	838
888	317
888	551
193	714
714	547
714	645
714	693
714	802
194	239
194	689
194	799
239	210
239	769
689	780
689	845
799	554
799	607
799	637
799	721
799	920
195	221
195	639
221	443
221	488
639	433
639	445
1179	1782
1179	1833
1179	1891
1782	1194
1782	1227
1782	1230
1782	1423
1782	1645
1782	1701
1782	1759
1782	1820
1782	1838
1833	1330
1833	1339
1833	1423
1833	1820
1833	1882
1833	1883
1833	1891
1891	1222
1891	1328
1891	369
1891	1398
1891	1437
1891	1528
1891	1643
1891	1702
1891	1876
1180	1656
1656	1570
196	680
680	365
680	548
198	553
198	598
553	411
598	445
598	718
199	1688
199	712
1688	1285
1688	1643
1688	1721
1688	1742
712	237
712	246
712	765
712	806
712	932
1888	1427
1888	1613
1888	1663
1888	1710
1888	1719
1888	1742
1888	1958
238	582
1495	845
202	320
202	462
320	671
320	720
462	760
1186	1274
1186	1391
1186	1508
1274	1255
1274	1626
1391	1690
1391	1841
1508	1441
203	217
203	437
217	551
437	344
437	507
204	423
204	805
423	301
423	632
805	263
805	559
805	838
805	876
805	954
205	400
205	763
400	349
400	845
763	362
763	569
1187	1430
1187	1860
1430	1460
1860	1337
1860	1386
1860	1532
1860	1626
1860	1845
1860	1889
1860	1912
206	341
206	438
438	496
438	518
438	894
1338	1892
1958	1255
1958	1256
1958	1288
1958	1342
1958	1547
1958	1576
1958	1640
1958	1655
1958	1785
1958	1818
1958	1821
1958	1829
1958	1876
207	640
207	804
804	242
804	325
804	845
208	686
208	887
686	729
686	842
887	257
887	362
887	467
887	711
887	819
887	831
887	876
887	878
1190	383
1190	1400
383	801
1400	1710
1400	1837
1400	1912
1400	1984
209	641
209	711
641	814
711	332
711	556
711	648
711	649
1380	1894
1192	1431
1192	1525
1431	1204
1431	1291
1431	1638
1525	1330
1525	1659
1525	1857
1525	1883
210	564
210	920
564	466
564	495
920	307
920	384
920	399
920	530
920	842
211	668
211	715
668	480
668	794
715	542
212	626
626	283
626	496
1193	1539
1539	1447
1539	1464
1539	1747
1539	1754
213	1265
213	867
1265	1785
867	281
867	797
867	854
1194	1767
1767	1198
1767	1515
1767	1544
214	356
214	665
214	788
665	720
665	791
788	492
788	493
788	720
1197	1792
1792	1202
1792	1302
1792	1463
1792	1506
216	691
691	692
691	943
551	440
551	854
218	561
561	876
1198	1248
1198	1576
1248	1393
1248	1892
1200	1247
1200	1383
1200	1509
1200	1721
1247	1344
1247	1929
1383	1516
1383	1650
1509	1551
1721	1205
1721	1526
1721	1563
1721	1768
1721	1821
1201	1787
1787	1353
1787	1393
1787	1419
1787	1477
1787	1984
1202	528
1202	1843
528	336
1843	1512
1843	1516
1843	1553
1843	1671
1843	1686
1843	1707
1843	1825
220	270
220	569
443	317
443	529
488	784
222	757
757	479
757	767
223	225
223	314
223	390
225	767
314	613
314	819
390	576
390	721
831	279
831	319
831	397
831	510
831	523
1205	1894
1205	1904
1894	1407
1894	1441
1894	1581
1894	1726
1894	1781
1894	1816
1894	1962
1904	1226
1904	1349
1904	1457
1904	1610
1904	1728
1904	1829
1207	1882
1882	1330
1882	1386
1882	1492
1882	1653
1882	1671
1882	1684
1882	1920
1208	1304
1208	1454
1208	1816
1454	1586
1454	1587
1816	1244
1816	1444
1816	1686
1816	1699
1816	1870
767	229
767	266
767	533
767	566
1210	1683
1210	1806
1210	1875
1683	1663
1683	1885
1683	1912
1806	1252
1806	1343
1806	1348
1806	1409
1806	1544
1806	1623
1806	1781
1806	1850
1875	1234
1875	1390
1875	1427
1875	1731
1875	1870
226	421
421	359
421	402
421	444
1212	1895
1895	1570
1895	1573
1895	1713
1895	1759
1895	1781
1895	1845
1213	1276
1276	1312
1276	1374
1276	1573
1214	1829
1214	1984
1829	1317
1829	1504
1829	1629
1829	1818
1829	1857
1984	1227
1984	1614
1984	1665
1984	1778
1984	1821
1984	1852
1984	1962
229	399
399	663
1215	1723
1723	1410
1723	1654
1723	1870
298	469
298	527
298	720
377	575
377	819
1278	1346
1278	1480
1749	1349
1749	1353
1749	1473
1749	1770
1749	1870
1749	1929
231	784
784	674
784	760
784	802
784	874
346	257
233	295
233	663
663	445
663	530
663	557
663	718
1218	1423
1218	1670
1218	1845
1670	1387
1670	1704
1845	1608
1845	1837
1845	1840
1447	1892
1846	1366
1846	1449
1846	1587
1846	1637
1846	1870
1846	1885
572	242
572	315
572	467
572	769
572	918
235	316
235	688
316	293
316	754
688	589
688	766
583	632
237	369
369	365
369	854
1573	1921
582	422
582	442
582	705
1221	1962
1962	1224
1962	1465
1962	1489
1962	1512
1962	1522
1962	1599
1962	1719
1962	1765
1962	1827
1962	1857
1962	1921
769	584
769	918
240	313
313	687
313	787
1222	1388
1222	1883
1388	1450
1883	1287
1883	1538
1883	1594
241	519
241	673
241	918
519	845
918	279
918	374
918	439
918	540
918	705
918	801
918	845
918	876
918	954
243	440
1237	1296
244	485
244	671
485	761
485	999
671	265
671	285
671	371
671	500
671	635
245	388
388	806
1225	1282
1282	1317
1282	1599
246	954
954	404
954	480
954	491
954	562
954	584
954	654
954	751
954	814
954	908
1226	1340
1226	1759
1759	1259
1759	1765
1228	1742
1742	1284
1742	1699
1742	1899
1742	1929
1639	1315
1639	1586
1639	1713
310	794
754	433
1562	1626
1562	1764
1562	1899
250	349
349	637
252	529
529	280
1420	1440
1420	1531
1420	1818
1474	1912
254	764
764	442
764	486
764	592
764	618
764	718
764	748
764	773
1235	1673
1673	1275
1673	1287
1673	1534
1673	1781
1296	1249
1296	1852
1623	1262
1623	1781
1623	1921
257	821
821	323
821	449
821	1643
1239	1261
1239	1855
1239	1889
1261	1690
1855	1268
1855	1501
1855	1780
1889	1285
1889	1359
1889	1363
1889	1441
1889	1699
1889	1707
623	500
1241	1835
1241	1870
1835	1604
1835	1629
1870	1492
1870	1728
1870	1899
262	854
854	484
854	705
854	710
1244	1453
1244	1838
1453	1416
1453	1478
1838	1852
263	550
263	587
550	345
550	755
587	585
587	690
587	787
587	878
1551	1701
1551	1825
1643	1707
1643	1768
264	705
264	943
705	560
943	452
943	590
943	672
943	760
943	789
943	806
265	361
361	324
361	426
361	567
1344	1499
1929	1272
1929	1275
1929	1553
1929	1574
1929	1610
1929	1625
1929	1686
1929	1786
1393	1732
1892	1254
1892	1848
1892	1921
267	999
999	322
999	323
999	429
999	481
999	789
999	791
999	820
1249	1410
1249	1697
1697	1347
1697	1384
1697	1695
692	755
1840	1399
1840	1545
1840	1921
1252	1530
1252	1707
1530	1463
1707	1755
1707	1885
1369	1893
1463	1491
1781	1259
1781	1556
1254	1665
1665	1324
1665	1524
1665	1728
1665	1825
1256	1684
1684	1317
1684	874
1314	1821
1460	1655
1460	1825
1259	1686
1259	1912
1686	1480
1686	1780
1912	1418
1912	1655
1912	1768
1912	1893
1260	1674
1260	1818
1674	1654
1674	1848
1818	1435
1818	1885
1690	1482
1690	1780
1690	1893
1458	1570
275	736
736	507
736	510
736	718
736	874
1385	1604
1385	1754
755	360
755	434
755	542
755	594
1785	1342
1785	1415
1785	1449
1785	1876
278	294
278	729
294	648
729	324
729	445
1266	1506
1266	541
1506	1850
541	311
541	325
280	518
518	577
518	765
281	307
281	449
281	765
307	559
765	368
765	471
765	648
283	430
283	678
678	727
1619	1730
1268	1649
1268	1659
1649	1353
1649	1492
1649	1765
1659	1519
1659	1595
1608	1361
1608	1504
1608	1701
1271	1491
1271	1563
1491	1529
1491	1705
1563	1565
1563	1587
1563	1614
727	648
287	396
396	645
1545	1504
1545	1637
1545	1770
288	760
288	766
760	317
760	456
766	382
766	477
766	589
1312	1524
1312	1533
1312	1778
1374	1415
1374	1702
1374	1780
312	329
312	747
312	773
1399	1327
1399	1747
1280	1519
1280	1760
1519	1409
1519	1704
1760	1386
1760	1387
1760	1487
1760	1604
1760	1768
1281	1407
1281	1464
1464	1695
702	562
702	590
1317	1329
1599	1350
469	470
527	632
720	577
299	397
299	459
299	874
300	616
300	651
616	304
616	327
616	329
651	567
301	502
502	1529
303	332
303	445
332	503
332	613
332	801
304	426
304	552
304	559
426	477
426	573
426	594
552	669
552	718
559	654
1283	1370
1283	1532
1532	1780
434	806
758	468
758	542
670	327
1285	1609
1609	1416
1286	1290
1286	1477
1286	1629
1286	1669
1477	1339
1477	1564
1629	1330
1669	1899
1287	1728
1728	1436
1728	1780
1288	1556
1556	1492
1556	1628
1556	1653
794	878
794	894
794	932
1291	1301
1301	1306
1292	1349
1292	1444
1444	1472
1489	1462
1850	1308
1850	1638
1848	1394
1848	1499
1848	1540
1848	1820
1848	1876
1295	1303
1295	1604
1295	1628
1303	1403
1303	1754
1604	1360
1628	1515
311	531
531	570
531	908
747	344
747	748
773	493
773	676
687	806
787	484
787	607
613	496
613	672
613	842
1852	1398
1852	1421
1852	1518
1298	1376
1298	1436
1603	1465
1603	1650
1603	1765
1603	1815
1663	1704
1663	1827
1663	1876
317	483
895	367
895	374
895	548
1302	1638
1638	1730
1638	1815
1403	1921
1754	1450
780	511
780	576
780	595
322	806
806	466
806	495
806	645
323	574
574	721
324	358
1701	1449
1308	1335
1308	1439
1335	1359
1335	1679
1335	1755
325	618
618	411
326	439
326	838
326	908
326	932
439	710
838	507
908	669
932	432
932	590
1311	1398
1311	1534
1311	1595
1534	1517
1595	1768
1524	1348
1524	1679
1524	1920
1778	1435
1778	1671
327	402
1531	1600
1531	1710
328	664
664	654
1821	1565
350	761
503	382
801	606
1329	1564
1319	1440
1322	1529
1322	1832
1832	1747
1832	1841
1832	1885
337	635
337	842
635	643
635	676
635	814
842	411
842	533
842	636
842	878
338	894
894	645
894	761
560	600
1323	1820
1820	1324
1820	1468
1820	1610
1820	1699
1820	878
1820	1899
1324	1547
1547	1567
1547	1668
1783	1471
1783	1636
1783	1681
428	562
1328	1610
1564	1765
342	791
791	558
344	513
344	533
1334	1511
1511	1885
345	1515
1515	1765
1359	1825
1679	1469
1679	1731
1679	1780
1755	1518
1755	802
1347	1478
1467	1671
1710	1570
814	384
814	876
637	636
761	355
761	452
761	554
351	589
589	649
589	718
1342	1587
1343	1466
355	845
845	500
1345	1837
1348	1780
1780	1437
359	404
360	834
834	570
834	676
567	556
567	718
1350	1518
1518	1471
1640	1361
1640	1567
1640	1695
1640	1705
363	634
634	410
1353	1731
1731	1425
1731	1427
1731	1575
1731	1606
1354	1730
1730	1621
366	433
366	721
721	730
368	584
370	475
1356	1516
1356	1653
1356	1747
1516	1425
1516	1655
1516	1857
1653	1719
1653	1876
1747	1526
1747	1815
371	521
521	468
521	690
1584	1390
1825	1893
372	690
690	458
373	576
576	562
374	751
751	492
751	606
1363	1381
1381	1487
1450	1921
1365	1636
1636	1528
1636	649
1366	1702
1702	1368
575	471
876	466
876	471
876	480
379	415
1367	1786
382	542
1368	1708
1368	1857
1708	1815
1857	1528
1857	1565
1857	1768
1857	1921
1893	1459
1893	1645
1372	1504
573	540
1415	1899
1719	1459
401	672
1650	1768
1650	1920
1384	1505
1505	1699
405	470
1387	1765
1765	1472
410	562
410	789
562	730
789	452
789	495
789	600
789	710
1390	1704
1841	1561
1395	1630
1630	1815
608	456
1921	1538
1921	1703
420	565
565	479
632	676
594	429
594	649
458	704
1459	1703
507	820
1899	1553
1899	1565
1899	1768
878	548
452	497
1418	1544
1544	1468
456	649
649	590
704	643
1586	1468
1586	1594
1427	1614
1876	1575
1876	1726
1437	1441
820	547
820	554
820	609
820	669
1449	1581
1581	1567
479	643
481	590
1920	1585
1920	1600
1920	1645
1703	1540
1703	1575
1655	1561
1461	1528
1462	1492
1695	1561
1465	1479
1486	1616
1574	1699
1770	1637
577	570
1502	1726
1502	1768
585	606
600	797
1567	1815
1668	1565
1668	1827
1565	1815
