0
610
678
978
991
1
203
670
963
970
2
698
1737
938
1000
1417
1562
1760
1996
3
51
492
840
986
1001
1410
1492
1655
1701
4
66
628
923
966
1002
1022
1379
1545
1669
5
491
714
906
942
6
121
487
498
881
1003
1369
1437
1673
1899
1004
1047
1686
1848
1923
1005
1403
1654
1808
1882
7
516
734
880
901
1006
1666
1876
1947
1970
1007
1206
1225
1237
1517
1008
1434
1763
1823
1839
8
26
556
598
631
9
73
448
933
1009
1281
1734
1794
1798
10
291
407
771
976
1010
1561
1863
1931
1932
1011
1176
1420
1742
1967
11
500
887
937
961
1012
1285
1756
1859
1962
1013
1874
1884
1971
1983
12
534
546
836
990
13
691
749
826
955
14
367
434
701
934
1014
1501
1793
1854
1918
1015
1121
1530
1733
1788
15
103
484
733
912
1016
1308
1468
1552
1866
1017
1421
1835
1836
1993
16
263
464
675
773
17
450
706
899
18
469
719
910
1018
1138
1483
1888
1944
19
72
600
894
909
20
425
552
872
929
21
298
789
915
1019
1526
1697
1934
1955
22
798
1928
23
114
338
845
863
24
284
830
854
1020
1909
1946
1978
25
550
896
941
954
1021
1301
1640
1995
473
661
1042
1779
1972
27
656
747
893
28
236
849
876
29
777
878
1023
1050
1073
1743
1853
30
983
988
1024
1717
1841
1973
31
844
875
962
32
355
971
1025
1771
1834
1843
1989
1026
1405
1440
1532
1739
33
49
890
973
34
189
855
944
945
1027
1476
1670
1746
35
606
916
36
86
572
695
731
37
125
810
914
1028
1255
1297
1452
1998
38
804
932
949
39
429
834
994
40
347
416
648
41
406
480
948
42
488
510
800
1029
1360
1384
1631
1724
1030
1525
1815
1846
1954
1031
1076
1879
1032
1544
1731
1784
1816
43
344
521
900
44
120
474
811
953
1033
1332
1676
1725
45
278
659
755
913
1034
1494
1901
46
489
608
956
47
482
813
1035
1139
1842
1957
1036
1611
1674
1851
1900
1037
1354
1427
1730
1833
48
136
184
526
820
432
903
939
50
548
821
950
1038
1070
1222
1431
1571
1039
1058
1283
1620
1744
224
824
52
215
783
997
53
658
987
1040
1508
835
1905
54
846
952
1041
1097
1341
1751
1964
55
829
965
1499
1582
1671
56
213
503
630
57
388
885
921
58
89
853
998
1043
1574
1700
1797
1911
59
226
996
1044
1269
1651
1694
1943
1045
1077
524
1723
1949
1046
1435
1448
1770
60
517
551
999
61
530
981
62
187
456
774
935
1478
1604
63
758
769
908
967
1048
1101
1446
1482
1856
1049
1920
1988
64
499
599
1710
1773
1992
65
423
839
466
632
924
67
318
378
751
837
1051
1142
1364
1984
68
150
176
681
892
69
441
624
676
1052
1343
1053
1135
1472
1960
1054
1467
1764
1860
70
507
554
768
905
71
493
806
807
985
1055
1333
1929
1997
1056
1266
1602
1732
1857
669
940
833
904
1057
1685
1812
1956
1982
1258
74
210
776
75
339
368
1059
1093
1378
1596
1985
1060
1619
1639
1061
1200
1286
1865
76
462
674
77
129
992
1062
1460
1695
1719
1063
1243
1849
1937
78
865
866
79
780
918
927
80
449
532
693
815
1064
1832
1840
1939
1065
1754
1941
81
118
259
911
1066
1495
1820
1852
1892
1067
1337
1461
1663
1807
82
481
930
995
83
346
435
882
922
1068
870
1902
1936
1990
1069
1241
1643
1908
1804
1830
1981
1071
1387
1922
1979
84
664
1072
1207
1423
1615
1986
85
400
712
989
640
87
124
420
975
1601
88
258
408
745
977
637
802
947
1074
1287
1502
1827
1075
1424
1523
90
275
288
1564
1568
1624
1511
1870
1078
1721
1755
91
350
650
759
959
1079
1198
92
167
838
843
898
1080
1557
1880
93
112
292
332
520
94
801
95
310
559
1855
1081
1299
1352
1585
1082
1321
1407
96
580
97
443
799
982
993
1083
1140
1409
1738
1084
1618
1791
1872
98
235
873
920
1085
1357
1907
99
544
569
679
1086
1087
1869
100
478
577
861
101
1088
1374
1491
1735
1747
1089
1572
102
399
588
614
897
979
1090
1324
1621
1644
1951
104
775
105
402
742
106
504
543
760
764
1091
1412
1959
107
609
767
980
108
254
446
1092
1828
1883
1628
1736
1809
109
110
274
437
864
972
111
362
627
1094
1096
1102
1134
1267
1095
1306
1987
290
931
113
436
647
778
115
249
116
230
883
926
117
272
490
119
1975
508
587
601
1098
1570
1938
1099
1367
1795
122
1100
1569
1786
1953
123
217
384
560
779
376
724
796
439
495
748
1396
1580
1976
1103
1161
1462
1667
1104
1740
1847
1945
1963
1105
1475
1106
1162
377
126
188
379
957
969
1107
1567
1759
1108
1698
1958
1109
1521
1766
1968
1110
1660
1924
127
157
415
531
566
1111
1862
1886
1977
1112
1589
128
753
784
233
354
803
1113
1535
1838
1114
1881
1115
1292
1334
1474
1116
1358
1912
130
138
700
797
131
214
657
928
132
280
133
134
925
1117
1785
1831
1940
135
662
739
917
1118
1516
1633
1119
1965
1966
365
958
1120
1263
137
334
727
743
139
828
140
352
1477
141
578
1122
1204
1608
1824
1906
142
289
374
143
791
1123
1486
1718
144
1124
1679
1803
1942
145
186
394
146
1125
1219
1627
147
1126
1174
1636
1948
148
159
705
149
225
316
151
315
411
1127
1653
1837
1885
1927
1128
1202
1380
1612
1933
152
342
589
1129
1130
1728
153
874
1131
1400
1132
1652
154
372
1133
1577
1709
155
360
808
1429
1506
1875
1994
1136
1447
1683
1137
1376
156
725
1894
862
158
737
781
1466
1950
1664
461
871
160
242
161
261
468
1141
1500
1533
1363
1704
1143
1522
1825
1144
1233
1529
1778
162
1145
1246
1395
1715
1146
1689
1914
163
182
485
164
603
625
1147
1650
1810
1148
1156
1290
165
968
1149
1382
1917
1150
1362
166
335
623
1151
1218
1473
1877
1152
1327
1789
168
1806
1153
1414
169
646
891
1154
1648
1155
1617
1656
1898
1539
1871
1952
1157
1776
170
421
1158
1464
171
654
974
1159
1160
1426
1768
1799
1867
172
690
851
1850
1276
1829
173
253
1163
1826
1164
1165
1335
1166
1659
1675
174
244
740
175
513
584
581
177
699
178
501
1167
1505
1575
179
323
180
827
1168
1366
1169
1605
1662
1170
1497
1687
1753
1171
1578
1584
1172
1212
1173
1415
1750
181
847
1257
1999
183
653
964
1175
375
682
185
404
593
683
326
677
405
237
195
794
1177
1223
1752
1178
1921
190
287
877
1179
1576
1616
1180
1181
1629
1749
1182
651
1183
1479
1819
191
888
1184
1677
192
579
665
1185
1320
1991
193
818
194
221
1186
1711
1187
1390
1485
1895
1188
1340
1553
1800
1189
196
622
638
868
197
299
514
721
766
1190
1910
1191
1344
1192
1563
1720
1193
1703
1817
1194
1293
1510
1593
1903
1195
1227
1336
1722
198
672
1919
199
613
795
886
1196
1765
1796
200
459
605
1197
1556
201
207
512
202
398
626
1458
204
636
765
1199
1503
205
364
1757
1201
1583
1623
1780
206
582
642
644
1613
208
557
633
761
209
729
782
211
692
720
772
1203
1775
212
382
472
1205
1598
1813
1406
1774
1935
1208
1980
528
1913
1209
1279
1520
1974
1210
1442
1626
1887
1211
1547
232
540
1213
1441
1688
1214
216
586
708
816
1215
1216
1634
1822
218
219
575
707
220
570
1217
1630
222
506
223
889
1891
413
417
256
738
227
454
1220
1221
1397
1821
1916
228
359
574
1693
1566
229
1236
1454
231
304
561
741
1224
1311
1439
234
370
1349
1845
383
558
1226
1264
1930
1228
1542
1878
1229
1282
1961
1230
1904
1231
1254
1637
1790
1232
1273
1288
1319
1969
537
857
238
735
919
239
403
240
457
936
241
787
1926
1234
1897
519
1235
1868
243
497
680
746
245
786
1238
1814
1873
246
458
790
1239
247
629
943
248
356
902
1240
1338
1519
250
348
486
754
251
1896
252
1470
1242
1708
371
687
792
1244
1513
1713
1245
1471
255
392
867
879
311
1247
1858
1248
1707
1249
1514
1592
257
387
529
1250
1554
1672
1251
1684
470
541
1252
1361
1769
1253
1781
260
984
1418
262
585
611
1265
1625
1256
1702
264
842
907
265
536
858
884
266
308
325
471
1259
1767
267
602
1260
1588
268
270
709
269
1261
1262
1716
1346
1537
1925
1489
271
832
1350
1268
273
757
852
1270
1271
511
571
756
619
276
697
277
444
1272
1550
279
960
1558
1647
281
393
282
696
702
283
1274
1433
381
763
1275
1645
1762
1277
1712
1278
1560
1280
1540
1638
1741
285
313
343
286
616
812
515
1284
1298
1425
1372
1555
1579
717
1565
736
1890
1289
1445
1381
1658
479
848
1291
293
567
596
294
295
296
319
1915
297
336
1294
300
380
946
301
302
1295
303
1296
1351
1587
305
309
306
539
694
307
809
703
353
667
1300
312
525
1302
1330
1303
1322
1304
1681
1305
1597
1307
1692
1657
1309
1595
1310
1538
860
314
814
452
576
317
460
1893
1312
1430
604
607
1313
1325
1496
1314
1315
1745
320
390
1518
1316
321
357
322
951
324
805
1317
1748
327
718
1318
1801
328
494
1696
329
666
330
671
331
612
1682
1398
333
1329
1772
1323
1606
1783
428
1480
1326
1864
1383
788
817
337
1328
1487
1411
673
711
713
340
564
660
1331
341
349
850
597
345
545
518
1401
1844
1805
351
716
752
1339
1385
1370
412
663
358
825
823
1342
1371
1543
361
1678
1345
652
363
426
1347
1490
1348
1607
366
1889
1353
1614
369
373
722
1355
1507
1356
1861
1512
1463
1359
1457
841
455
1438
819
1802
427
710
385
509
1432
1594
386
1365
389
649
1408
391
475
1368
715
895
395
1726
1373
396
568
1375
397
594
445
617
1377
1661
401
533
1455
1392
592
822
409
477
410
1386
414
730
770
1635
1388
1465
1546
573
418
685
419
442
634
1389
1459
422
859
424
688
744
762
496
527
856
1391
1548
1436
430
615
431
555
785
1393
1498
1394
433
1706
1646
1399
1668
1515
1402
438
1404
1444
590
1419
1603
1551
440
1590
1413
542
635
750
1416
1777
1451
447
704
463
1422
1758
451
1428
453
1600
620
1456
1761
639
668
1642
465
553
467
1443
1622
1665
1484
1449
562
1450
1610
1453
476
549
1488
618
483
728
1469
1787
1818
1792
1691
1727
1481
1641
1699
1509
502
591
505
723
1493
1705
522
523
535
538
869
1782
1504
1680
547
684
793
641
1649
595
1559
1586
1524
1527
563
1528
565
1531
1534
1536
732
583
1541
1714
655
1811
1549
1591
1609
1573
1581
621
831
686
1632
1599
1690
1729
643
645
689
726
