2000	0
0	610
0	678
0	978
0	991
610	178
610	406
610	467
610	547
610	874
610	895
610	959
678	9
678	219
678	251
678	332
678	390
678	671
678	714
678	809
978	2
978	53
978	289
978	303
978	320
978	344
978	1367
978	499
978	506
978	529
978	537
978	677
978	695
978	790
978	803
978	808
978	849
978	850
978	854
978	871
978	908
978	909
978	910
978	934
978	941
978	947
978	951
978	969
978	984
978	991
991	37
991	40
991	1051
991	101
991	137
991	312
991	379
991	467
991	572
991	578
991	590
991	614
991	660
991	686
991	704
991	722
991	754
991	758
991	795
991	799
991	821
991	857
991	873
991	898
991	920
991	941
991	947
991	948
991	952
991	976
991	979
991	981
991	999
1	203
1	670
1	963
1	970
203	32
203	626
203	1970
670	212
670	595
670	772
670	859
670	906
670	918
670	981
670	986
963	144
963	247
963	282
963	379
963	437
963	455
963	508
963	535
963	583
963	607
963	648
963	669
963	715
963	727
963	738
963	814
963	838
963	873
963	878
963	905
963	916
963	924
963	935
963	947
963	966
963	973
963	995
970	55
970	227
970	278
970	301
970	307
970	398
970	424
970	445
970	612
970	662
970	668
970	680
970	741
970	745
970	769
970	807
970	838
970	844
970	849
970	867
970	915
970	918
970	942
970	949
970	972
970	974
970	975
970	992
970	998
2	698
2	1737
2	938
698	422
698	552
698	570
698	723
698	757
698	906
698	976
698	982
1737	1400
1737	1486
1737	1572
1737	1581
1737	1583
1737	1662
1737	1718
1737	1850
1737	1965
1737	1967
938	75
938	134
938	255
938	321
938	394
938	511
938	557
938	597
938	624
938	639
938	647
938	661
938	715
938	765
938	801
938	829
938	842
938	885
938	916
938	926
938	937
938	981
938	985
1000	1417
1000	1562
1000	1760
1000	1996
1417	1144
1417	1153
1417	1777
1417	1906
1417	1913
1562	1220
1562	1534
1562	1590
1562	668
1562	1701
1562	1768
1562	1992
1760	1259
1760	1377
1760	1408
1760	1766
1760	1779
1760	1791
1760	1832
1760	1975
1760	1980
1760	1983
1996	1027
1996	1218
1996	1291
1996	1308
1996	1387
1996	1416
1996	1484
1996	1496
1996	1557
1996	1610
1996	1621
1996	1694
1996	1706
1996	1713
1996	1733
1996	1751
1996	1773
1996	1827
1996	1840
1996	1842
1996	1850
1996	1857
1996	1877
1996	1878
1996	1895
1996	1912
1996	1932
1996	1944
1996	1946
1996	1958
1996	1959
1996	1969
1996	1979
1996	1983
1996	1990
1996	1991
1996	1993
3	51
3	492
3	840
3	986
51	224
51	824
51	990
492	28
492	117
492	260
492	976
492	984
840	158
840	445
840	563
840	651
840	683
840	751
840	809
840	869
840	879
840	886
840	900
840	907
840	923
986	102
986	112
986	234
986	256
986	270
986	294
986	299
986	372
986	440
986	444
986	501
986	582
986	600
986	617
986	630
986	646
986	715
986	773
986	819
986	825
986	837
986	838
986	845
986	870
986	926
986	944
986	946
986	950
986	966
986	976
986	987
986	990
1001	1410
1001	1492
1001	1655
1001	1701
1410	1381
1410	1498
1410	1580
1410	1895
1410	1974
1492	1075
1492	1710
1492	1781
1492	1949
1492	1987
1492	1990
1655	1098
1655	1321
1655	1350
1655	1390
1655	1593
1655	1690
1655	1768
1655	1851
1701	1659
1701	1690
1701	1705
1701	1728
1701	1875
1701	1890
1701	1891
1701	1952
4	66
4	628
4	923
4	966
66	466
66	632
66	924
628	293
628	348
628	805
628	820
628	850
628	876
628	980
923	39
923	85
923	133
923	175
923	236
923	264
923	392
923	441
923	462
923	617
923	703
923	780
923	884
923	907
923	917
923	946
923	975
923	982
923	990
923	996
966	22
966	29
966	297
966	322
966	427
966	438
966	589
966	689
966	705
966	735
966	1698
966	770
966	779
966	826
966	829
966	851
966	855
966	868
966	918
966	928
966	933
966	951
966	959
966	960
966	973
966	988
1002	1022
1002	1379
1002	1545
1002	1669
1022	1042
1022	1779
1022	1972
1379	1339
1379	1426
1379	1455
1379	1821
1379	1993
1545	1217
1545	1355
1545	1359
1545	1733
1545	1896
1545	1901
1669	1129
1669	1163
1669	1191
1669	1831
1669	1869
1669	1880
1669	1885
1669	1929
1669	1930
5	491
5	714
5	906
5	942
491	504
491	506
491	529
491	913
491	990
714	215
714	235
714	498
714	594
714	644
714	784
714	856
714	962
906	396
906	643
906	651
906	683
906	689
906	724
906	762
906	817
906	841
906	894
906	895
906	901
906	914
906	942
906	952
906	976
942	114
942	211
942	276
942	446
942	449
942	505
942	616
942	725
942	730
942	786
942	801
942	825
942	831
942	1822
942	875
942	885
942	931
942	936
942	953
942	964
942	992
942	993
6	121
6	487
6	498
6	881
121	587
121	598
121	601
487	356
487	728
487	765
487	820
487	846
498	298
498	345
498	503
498	789
881	592
881	607
881	671
881	683
881	684
881	688
881	762
881	885
881	894
881	907
881	928
881	937
881	959
881	961
881	977
881	996
1003	1369
1003	1437
1003	1673
1003	1899
1369	1326
1369	1543
1369	1604
1369	1757
1437	1375
1437	1661
1437	1738
1437	1838
1437	1943
1673	1246
1673	1319
1673	1447
1673	1802
1673	1890
1673	1912
1673	1972
1673	1973
1673	1983
1899	1126
1899	1131
1899	1361
1899	1395
1899	1477
1899	1503
1899	1556
1899	1677
1899	1742
1899	1744
1899	1871
1899	1877
1899	902
1899	1936
1899	1968
1899	1979
1899	1981
1899	1983
1004	1047
1004	1686
1004	1848
1004	1923
1047	1478
1047	1508
1047	1604
1686	1257
1686	1276
1686	1614
1686	1764
1686	1770
1686	1901
1686	1932
1686	1933
1686	1981
1848	1177
1848	1394
1848	1512
1848	1767
1848	1878
1848	1879
1848	1882
1848	1931
1848	1946
1848	1961
1848	1962
1848	1963
1848	1984
1848	1994
1923	1024
1923	1054
1923	1055
1923	1208
1923	1339
1923	1449
1923	1527
1923	1569
1923	1601
1923	1626
1923	1769
1923	1832
1923	1837
1923	1853
1923	1872
1923	1884
1923	1885
1923	1929
1923	1952
1923	1968
1923	1971
1005	1403
1005	1654
1005	1808
1005	1882
1403	1249
1403	1262
1403	1670
1403	1964
1403	1971
1654	1020
1654	1211
1654	1658
1654	1698
1654	1744
1654	1759
1654	1818
1654	1913
1808	1146
1808	1393
1808	1397
1808	1604
1808	1675
1808	1751
1808	1831
1808	1910
1808	1959
1808	1982
1808	1988
1808	1994
1882	1082
1882	1164
1882	1193
1882	1282
1882	1301
1882	1432
1882	1468
1882	1470
1882	1581
1882	1739
1882	1853
1882	1965
1882	1983
1882	1984
1882	1993
7	516
7	734
7	880
7	901
516	101
516	713
516	770
516	941
516	950
516	988
734	216
734	505
734	605
734	694
734	863
734	867
734	871
734	932
734	973
880	221
880	269
880	314
880	494
880	497
880	517
880	535
880	574
880	804
880	835
880	875
880	888
880	940
880	959
880	981
880	993
901	119
901	141
901	187
901	342
901	366
901	624
901	682
901	699
901	757
901	760
901	785
901	804
901	812
901	850
901	865
901	931
1006	1666
1006	1876
1006	1947
1006	1970
1666	1110
1666	1558
1666	1574
1666	1650
1666	1715
1666	1784
1666	1793
1666	1987
1876	1205
1876	1431
1876	1719
1876	1727
1876	1787
1876	1824
1876	1835
1876	1842
1876	1845
1876	1855
1876	1875
1876	894
1876	1914
1876	1930
1876	1935
1876	1992
1947	1110
1947	1111
1947	1159
1947	1269
1947	1333
1947	1336
1947	1367
1947	1502
1947	1567
1947	1766
1947	1771
1947	1776
1947	1794
1947	1831
1947	1832
1947	1833
1947	1852
1947	1863
1947	1866
1947	1958
1947	1959
1947	1969
1947	1976
1947	1978
1947	1995
1970	1033
1970	1174
1970	1204
1970	1247
1970	1320
1970	1554
1970	1568
1970	1613
1970	1694
1970	1710
1970	1741
1970	1752
1970	1829
1970	1849
1970	1869
1970	1893
1970	1895
1970	1897
1970	1904
1970	1911
1970	1917
1970	1926
1970	1930
1970	1941
1970	1942
1970	1984
1970	1986
1970	1991
1007	1206
1007	1225
1007	1237
1007	1517
1206	1035
1206	1406
1206	1784
1225	1163
1225	1349
1225	1845
1225	1936
1237	1073
1237	1535
1237	1933
1237	1985
1517	1069
1517	1559
1517	1625
1517	1814
1517	1855
1517	1941
1008	1434
1008	1763
1008	1823
1008	1839
1434	1137
1434	1331
1434	1648
1434	1711
1434	1926
1763	1184
1763	1303
1763	1359
1763	1543
1763	1649
1763	1660
1763	1709
1763	1778
1763	1865
1763	1942
1763	1988
1823	1292
1823	1431
1823	1503
1823	1530
1823	1851
1823	1909
1823	1928
1823	1935
1823	1945
1823	1953
1823	1955
1823	1959
1823	1990
1839	1065
1839	1153
1839	1266
1839	1409
1839	1443
1839	1458
1839	1463
1839	1499
1839	1650
1839	1664
1839	1704
1839	1792
1839	1863
1839	1936
8	26
8	556
8	598
8	631
26	434
26	473
26	661
556	425
556	773
556	813
556	825
556	864
556	920
598	247
598	473
598	723
598	792
598	817
598	936
631	248
631	622
631	655
631	799
631	922
631	935
631	1971
9	73
9	448
9	933
73	450
73	833
73	904
448	146
448	241
448	321
448	461
448	463
933	65
933	221
933	322
933	374
933	471
933	583
933	692
933	703
933	750
933	755
933	786
933	801
933	829
933	853
933	859
933	895
933	914
933	922
933	949
933	964
933	988
933	995
1009	1281
1009	1734
1009	1794
1009	1798
1281	1540
1281	1638
1281	1793
1281	1906
1734	1162
1734	1219
1734	1347
1734	1447
1734	1648
1734	1865
1734	1868
1734	1929
1734	1965
1734	1986
1794	1291
1794	1406
1794	1587
1794	1667
1794	1820
1794	1833
1794	1874
1794	1878
1794	1952
1794	1969
1794	1988
1798	1179
1798	1190
1798	1461
1798	1670
1798	1706
1798	1759
1798	1793
1798	1802
1798	1869
1798	1931
1798	1953
1798	1965
10	291
10	407
10	771
10	976
291	479
291	484
291	845
291	929
407	82
407	733
407	746
407	763
407	999
771	30
771	52
771	139
771	242
771	369
771	400
771	554
771	725
771	865
771	962
771	997
976	17
976	59
976	122
976	271
976	501
976	502
976	525
976	573
976	622
976	699
976	702
976	746
976	759
976	785
976	823
976	852
976	878
976	887
976	910
976	914
976	930
976	934
976	947
976	1980
976	995
1010	1561
1010	1863
1010	1931
1010	1932
1561	18
1561	1549
1561	1553
1561	1795
1561	1866
1561	1933
1561	1962
1863	1021
1863	1083
1863	1238
1863	1270
1863	1475
1863	1497
1863	1602
1863	1609
1863	1627
1863	1736
1863	1743
1863	1954
1863	1987
1931	1125
1931	1130
1931	1285
1931	1327
1931	1365
1931	1391
1931	1400
1931	1441
1931	1506
1931	1591
1931	1617
1931	1764
1931	1812
1931	1885
1931	1916
1931	1927
1931	1961
1931	1962
1931	1997
1931	1998
1932	1145
1932	1168
1932	1451
1932	1542
1932	1581
1932	1590
1932	1650
1932	1656
1932	1813
1932	1872
1932	1883
1932	1893
1932	1955
1932	1962
1932	1968
1932	1972
1932	1976
1932	1977
1932	1986
1932	1993
1011	1176
1011	1420
1011	1742
1011	1967
1176	1113
1176	1689
1176	1924
1420	1165
1420	1306
1420	1702
1420	1833
1420	1980
1742	1034
1742	1143
1742	1511
1742	1565
1742	1681
1742	1834
1742	1903
1742	1966
1742	1973
1967	1049
1967	1087
1967	1147
1967	1406
1967	1429
1967	1581
1967	1668
1967	1684
1967	1690
1967	1746
1967	1767
1967	1783
1967	1809
1967	1838
1967	1844
1967	1847
1967	1869
1967	1880
1967	1893
1967	1911
1967	1914
1967	1915
1967	1919
1967	1959
1967	1966
1967	1972
1967	1999
11	500
11	887
11	937
11	961
500	178
500	256
500	679
500	805
500	868
500	971
887	21
887	30
887	193
887	258
887	312
887	358
887	490
887	1592
887	694
887	865
887	885
887	943
887	948
887	982
887	984
887	989
937	134
937	223
937	345
937	350
937	409
937	429
937	451
937	477
937	485
937	609
937	645
937	650
937	712
937	722
937	1768
937	811
937	946
937	954
937	957
937	969
937	997
961	33
961	268
961	337
961	379
961	383
961	391
961	416
961	467
961	550
961	561
961	613
961	622
961	639
961	744
961	791
961	843
961	870
961	875
961	936
961	958
961	965
961	968
961	979
961	988
961	990
961	993
1012	1285
1012	1756
1012	1859
1012	1962
1285	1425
1285	1506
1285	1554
1756	1604
1756	1807
1756	1844
1756	1904
1756	1921
1756	1948
1756	1975
1756	1976
1756	1980
1756	1982
1859	1296
1859	1345
1859	1427
1859	1447
1859	1490
1859	629
1859	1622
1859	1704
1859	1714
1859	1730
1859	1772
1859	1782
1859	1904
1859	1950
1859	1955
1962	1078
1962	1112
1962	1363
1962	1415
1962	1468
1962	1469
1962	1512
1962	1520
1962	1547
1962	1618
1962	1648
1962	1652
1962	1660
1962	1674
1962	1717
1962	1722
1962	1729
1962	1741
1962	1804
1962	1849
1962	1855
1962	1977
1962	1992
1962	1997
1013	1874
1013	1884
1013	1971
1013	1983
1874	1040
1874	1250
1874	1310
1874	1427
1874	1606
1874	1647
1874	1691
1874	1811
1874	1836
1874	1855
1874	1873
1874	1917
1874	1925
1874	1982
1874	1994
1884	1034
1884	1092
1884	1133
1884	1489
1884	1626
1884	1694
1884	1704
1884	1721
1884	1725
1884	1780
1884	1828
1884	1937
1884	1945
1884	1955
1884	1956
1971	1097
1971	1106
1971	1168
1971	1252
1971	1375
1971	1537
1971	1599
1971	1605
1971	1617
1971	1747
1971	1754
1971	1793
1971	1816
1971	1845
1971	1847
1971	1873
1971	1895
1971	1937
1971	1945
1971	1951
1971	1952
1971	1954
1971	1965
1971	1969
1971	1973
1971	1982
1983	1140
1983	1214
1983	234
1983	1227
1983	1260
1983	1293
1983	1299
1983	1340
1983	1650
1983	1690
1983	1692
1983	1727
1983	1728
1983	1729
1983	1730
1983	1746
1983	1762
1983	1811
1983	1879
1983	1880
1983	1922
1983	1929
1983	1934
1983	1960
1983	1969
1983	1978
12	534
12	546
12	836
12	990
534	652
534	672
534	730
534	753
534	837
534	852
546	261
546	674
546	795
546	846
546	890
546	995
836	27
836	345
836	520
836	575
836	801
836	863
836	879
836	905
836	917
836	946
836	949
836	951
836	977
990	300
990	335
990	404
990	412
990	447
990	574
990	630
990	656
990	686
990	740
990	752
990	754
990	778
990	802
990	818
990	820
990	834
990	867
990	869
990	895
990	898
990	902
990	944
990	953
990	960
990	980
990	1989
990	998
990	999
13	691
13	749
13	826
13	955
691	209
691	594
691	711
691	733
691	796
691	857
691	959
691	973
749	479
749	736
749	747
749	782
749	792
749	822
749	918
749	956
749	964
749	972
826	42
826	149
826	339
826	376
826	432
826	447
826	527
826	601
826	616
826	872
826	958
955	109
955	153
955	155
955	220
955	258
955	323
955	402
955	1459
955	562
955	563
955	636
955	644
955	653
955	666
955	780
955	811
955	834
955	863
955	866
955	902
955	910
955	918
955	934
955	935
955	993
14	367
14	434
14	701
14	934
367	245
367	526
367	724
367	780
434	281
434	306
434	336
434	965
701	154
701	181
701	287
701	385
701	659
701	758
701	879
701	950
934	281
934	337
934	386
934	530
934	551
934	626
934	645
934	763
934	769
934	786
934	794
934	802
934	833
934	862
934	898
934	902
934	904
934	908
934	924
934	949
1014	1501
1014	1793
1014	1854
1014	1918
1501	1108
1501	1757
1501	1769
1501	1892
1501	1898
1501	1997
1793	1089
1793	1264
1793	1667
1793	1689
1793	1709
1793	1887
1793	1895
1793	1985
1854	1243
1854	1519
1854	609
1854	1637
1854	1649
1854	1664
1854	1712
1854	1785
1854	1886
1854	1900
1854	1911
1854	1941
1854	1957
1854	1968
1918	1031
1918	1061
1918	1141
1918	1204
1918	1348
1918	1372
1918	1436
1918	1563
1918	1775
1918	1796
1918	1803
1918	1840
1918	1869
1918	1894
1918	1926
1918	1936
1918	1945
1918	1963
1918	1987
1918	1989
1015	1121
1015	1530
1015	1733
1015	1788
1121	1477
1121	1960
1121	1990
1530	1183
1530	1484
1530	1681
1530	1707
1530	1975
1733	1105
1733	1201
1733	1644
1733	1646
1733	1663
1733	1832
1733	1973
1733	1995
1788	1386
1788	1435
1788	523
1788	1620
1788	1641
1788	1647
1788	1670
1788	1780
1788	1968
1788	1982
1788	1992
1788	1995
15	103
15	484
15	733
15	912
103	897
103	975
103	979
484	748
484	773
484	846
484	981
733	77
733	120
733	538
733	625
733	687
733	758
733	872
912	236
912	296
912	370
912	511
912	540
912	607
912	655
912	729
912	752
912	770
912	787
912	816
912	832
912	844
912	868
912	893
912	898
912	919
912	931
912	972
1016	1308
1016	1468
1016	1552
1016	1866
1308	1464
1308	1657
1308	1743
1468	1171
1468	1507
1468	1648
1552	1203
1552	1291
1552	1374
1552	1610
1552	1853
1552	1919
1552	1968
1866	1172
1866	1758
1866	778
1866	1774
1866	1840
1866	1860
1866	1871
1866	1893
1866	1919
1866	1963
1866	1965
1866	1966
1866	1999
1017	1421
1017	1835
1017	1836
1017	1993
1421	1105
1421	1446
1421	1618
1421	1957
1421	1990
1835	1238
1835	1304
1835	1386
1835	1414
1835	1566
1835	1575
1835	1668
1835	1779
1835	1828
1835	1935
1835	1955
1835	1972
1836	1375
1836	1541
1836	1815
1836	1825
1836	1829
1836	1843
1836	1858
1836	1868
1836	884
1836	1952
1836	1985
1836	1989
1993	1098
1993	1167
1993	1365
1993	1382
1993	1394
1993	1443
1993	1527
1993	1631
1993	1681
1993	1683
1993	1736
1993	1759
1993	1769
1993	1776
1993	1797
1993	1827
1993	1852
1993	1888
1993	1904
1993	1905
1993	1907
1993	1928
1993	1942
1993	1944
1993	1949
1993	1963
1993	1969
1993	1979
1993	1992
1993	1998
16	263
16	464
16	675
16	773
263	356
263	362
263	974
263	992
464	173
464	257
464	418
464	821
464	988
675	365
675	370
675	409
675	676
675	780
675	816
675	823
675	946
773	210
773	392
773	426
773	562
773	756
773	804
773	862
773	885
17	450
17	706
17	899
450	548
450	823
450	841
450	969
706	22
706	128
706	648
706	877
706	889
706	920
706	946
706	989
899	64
899	192
899	232
899	333
899	735
899	759
899	772
899	796
899	841
899	849
899	927
899	944
899	947
899	957
899	960
899	973
899	999
18	469
18	719
18	910
469	223
469	667
469	928
469	939
469	999
719	24
719	31
719	38
719	59
719	369
719	715
719	720
719	893
719	964
910	176
910	242
910	243
910	264
910	268
910	331
910	335
910	580
910	624
910	726
910	860
910	869
910	1883
910	897
910	922
910	943
1018	1138
1018	1483
1018	1888
1018	1944
1138	1746
1138	1841
1138	1894
1483	1096
1483	1509
1483	1570
1483	1920
1483	1922
1483	1940
1888	1268
1888	1297
1888	1391
1888	1486
1888	1514
1888	1606
1888	1663
1888	1683
1888	1699
1888	1777
1888	1795
1888	1797
1888	1814
1888	1843
1888	1895
1888	1926
1944	1118
1944	1293
1944	1401
1944	1445
1944	1465
1944	1541
1944	1630
1944	1730
1944	1779
1944	1804
1944	1844
1944	860
1944	1852
1944	1862
1944	1885
1944	1891
1944	1894
1944	1913
1944	1927
1944	1972
1944	1985
1944	1991
1944	1999
19	72
19	600
19	894
19	909
72	669
72	939
72	940
600	57
600	768
600	772
600	828
600	922
600	927
894	307
894	543
894	590
894	608
894	703
894	764
894	792
894	795
894	796
894	822
894	895
894	957
894	958
894	981
909	273
909	287
909	292
909	390
909	533
909	575
909	764
909	798
909	808
909	815
909	854
909	868
909	886
909	931
909	947
909	982
909	988
909	993
20	425
20	552
20	872
20	929
425	417
425	612
425	924
425	949
552	348
552	394
552	422
552	624
552	669
872	134
872	297
872	443
872	588
872	682
872	838
872	907
872	916
872	936
872	943
872	945
872	977
872	983
929	75
929	204
929	227
929	276
929	305
929	449
929	661
929	729
929	780
929	807
929	858
929	860
929	875
929	886
929	907
929	946
929	951
929	968
929	979
929	982
929	984
21	298
21	789
21	915
298	336
298	890
298	948
789	475
789	520
789	577
789	629
789	712
789	831
789	851
789	862
789	876
789	907
915	147
915	202
915	1247
915	317
915	337
915	358
915	396
915	618
915	705
915	727
915	750
915	772
915	855
915	879
915	924
915	935
915	953
915	958
915	971
1019	1526
1019	1697
1019	1934
1019	1955
1526	1216
1526	1302
1526	1328
1526	1775
1526	1950
1526	1998
1697	1412
1697	1638
1697	1746
1697	1792
1697	1824
1697	1877
1697	1886
1697	1946
1697	1989
1934	1092
1934	1169
1934	1185
1934	1234
1934	1461
1934	1515
1934	1559
1934	1622
1934	1642
1934	1648
1934	1790
1934	1837
1934	1840
1934	1887
1934	1895
1934	1903
1934	1914
1934	1968
1934	1969
1934	1979
1934	1998
1955	1091
1955	1130
1955	1459
1955	1495
1955	1714
1955	1730
1955	1783
1955	1786
1955	1816
1955	1827
1955	1887
1955	1892
1955	1909
1955	1922
1955	1925
1955	1940
1955	1943
1955	1963
1955	1977
1955	1979
1955	1981
1955	1984
22	798
22	1928
798	327
798	560
798	730
798	744
798	774
798	868
798	883
798	892
798	911
798	958
1928	1129
1928	1310
1928	1378
1928	1419
1928	1428
1928	1430
1928	1485
1928	1536
1928	1635
1928	1649
1928	1729
1928	1743
1928	1752
1928	1779
1928	1852
1928	1872
1928	1924
1928	1933
1928	1950
1928	1959
23	114
23	338
23	845
23	863
114	778
114	940
338	673
338	711
338	787
338	886
845	145
845	195
845	321
845	435
845	1455
845	551
845	902
845	904
845	924
845	936
845	954
845	983
863	81
863	156
863	259
863	320
863	337
863	687
863	758
863	838
863	868
863	878
863	924
863	984
24	284
24	830
24	854
284	381
284	489
284	570
284	763
830	349
830	446
830	512
830	669
830	769
830	865
830	866
830	871
830	925
830	956
830	969
830	985
830	993
854	56
854	160
854	234
854	629
854	659
854	732
854	795
854	892
854	950
854	951
854	965
854	973
1020	1909
1020	1946
1020	1978
1909	1228
1909	1320
1909	1328
1909	1360
1909	1378
1909	1642
1909	1664
1909	1761
1909	1842
1909	1849
1909	1915
1909	1917
1909	1952
1909	1961
1909	1966
1909	1973
1909	1991
1946	1058
1946	1149
1946	1184
1946	1219
1946	1386
1946	1428
1946	1568
1946	1616
1946	1624
1946	1637
1946	1650
1946	1702
1946	1717
1946	1766
1946	1773
1946	1800
1946	1815
1946	1832
1946	1939
1946	1969
1946	1976
1946	1990
1978	1278
1978	1300
1978	1307
1978	1354
1978	1509
1978	1531
1978	1534
1978	1536
1978	1594
1978	1596
1978	1597
1978	1639
1978	1671
1978	1681
1978	1718
1978	1719
1978	1754
1978	1780
1978	1781
1978	1813
1978	1841
1978	1845
1978	1846
1978	1864
1978	1942
1978	1976
1978	1989
1978	1994
25	550
25	896
25	941
25	954
550	274
550	684
550	793
550	953
550	989
896	32
896	46
896	111
896	205
896	266
896	333
896	530
896	571
896	660
896	725
896	729
896	782
896	1796
896	903
896	974
896	979
896	985
941	234
941	1254
941	374
941	405
941	452
941	468
941	473
941	538
941	623
941	649
941	756
941	796
941	858
941	914
941	925
941	932
941	945
941	956
941	993
941	994
954	29
954	1079
954	343
954	375
954	406
954	410
954	412
954	577
954	592
954	615
954	769
954	780
954	820
954	828
954	843
954	856
954	889
954	920
954	957
954	960
954	967
954	982
954	992
1021	1301
1021	1640
1021	1995
1301	1320
1301	1744
1301	1935
1640	1274
1640	1419
1640	1540
1640	1554
1640	1714
1640	1829
1640	973
1640	1987
1995	1086
1995	1095
1995	1148
1995	1170
1995	1342
1995	1378
1995	1428
1995	1433
1995	1469
1995	1498
1995	1504
1995	1527
1995	1544
1995	1546
1995	1582
1995	1659
1995	1710
1995	1754
1995	1757
1995	1777
1995	1800
1995	1817
1995	1826
1995	1840
1995	1845
1995	1883
1995	1906
1995	1957
1995	1989
1995	1992
1995	999
1995	1999
473	162
473	842
473	913
661	113
661	518
661	796
661	882
661	936
661	944
1042	1499
1042	1582
1042	1671
1779	1387
1779	1457
1779	1603
1779	1677
1779	1799
1779	1886
1779	1987
1972	1031
1972	1089
1972	1296
1972	1315
1972	1454
1972	1521
1972	1622
1972	1644
1972	1678
1972	1745
1972	1770
1972	1837
1972	1860
1972	1901
1972	1913
1972	1915
1972	1919
1972	1929
1972	1943
1972	1952
1972	1959
1972	1960
1972	1988
1972	1998
27	656
27	747
27	893
656	43
656	705
656	784
656	897
656	964
656	998
747	239
747	269
747	420
747	665
747	687
747	711
747	873
747	890
747	930
893	189
893	296
893	306
893	524
893	553
893	630
893	674
893	744
893	821
893	847
893	850
893	871
893	922
893	974
893	999
28	236
28	849
28	876
236	383
236	558
849	411
849	418
849	465
849	574
849	579
849	721
849	730
849	740
849	824
849	886
849	931
876	54
876	116
876	138
876	301
876	362
876	559
876	591
876	613
876	657
876	772
876	1852
876	895
876	935
876	975
29	777
29	878
777	133
777	153
777	417
777	568
777	597
777	601
777	615
777	657
777	672
777	897
777	975
878	285
878	312
878	528
878	602
878	655
878	768
878	926
878	930
878	932
878	962
878	971
878	973
878	998
1023	1050
1023	1073
1023	1743
1023	1853
1050	1710
1050	1773
1050	1992
1073	1601
1073	1816
1743	1220
1743	1270
1743	1289
1743	1428
1743	1927
1743	1939
1743	1951
1853	1244
1853	1360
1853	1471
1853	1821
1853	1842
1853	1855
1853	1902
1853	1910
1853	1924
1853	1926
1853	1976
30	983
30	988
983	35
983	76
983	109
983	133
983	152
983	228
983	243
983	311
983	340
983	380
983	387
983	452
983	522
983	523
983	561
983	615
983	633
983	647
983	688
983	842
983	853
983	871
983	1908
983	917
983	940
983	969
983	980
983	985
983	992
983	994
988	113
988	393
988	495
988	536
988	539
988	548
988	1514
988	633
988	634
988	715
988	718
988	742
988	776
988	788
988	805
988	833
988	856
988	904
988	908
988	927
988	946
988	947
988	953
988	962
988	975
988	980
988	999
1024	1717
1024	1841
1024	1973
1717	1052
1717	1625
1717	1783
1717	1800
1717	1916
1717	1956
1717	1958
1841	1337
1841	1377
1841	1521
1841	1696
1841	1843
1841	1860
1841	1862
1841	1916
1841	1925
1841	1940
1841	951
1841	1997
1973	1052
1973	1239
1973	1245
1973	1259
1973	1277
1973	1319
1973	1358
1973	1386
1973	549
1973	1549
1973	1556
1973	1633
1973	1635
1973	1641
1973	1652
1973	1695
1973	1702
1973	1724
1973	1748
1973	1865
1973	1890
1973	1930
1973	1935
1973	1984
31	844
31	875
31	962
844	74
844	385
844	404
844	419
844	542
844	563
844	697
844	708
844	717
844	802
844	1790
844	981
875	50
875	368
875	609
875	637
875	666
875	785
875	851
875	853
875	919
875	949
875	974
875	1999
962	101
962	108
962	163
962	170
962	199
962	283
962	422
962	430
962	466
962	560
962	590
962	591
962	652
962	774
962	794
962	807
962	1802
962	850
962	869
962	922
962	956
962	980
962	993
32	355
32	971
355	84
355	313
355	488
355	604
971	64
971	65
971	170
971	359
971	364
971	393
971	395
971	429
971	451
971	479
971	507
971	514
971	566
971	609
971	658
971	699
971	710
971	1731
971	812
971	819
971	842
971	865
971	918
971	928
971	930
971	935
1025	1771
1025	1834
1025	1843
1025	1989
1771	1226
1771	1262
1771	1347
1771	1611
1771	1633
1771	1736
1771	1761
1771	1883
1771	1907
1771	1986
1834	1191
1834	1239
1834	1406
1834	1433
1834	1539
1834	1725
1834	786
1834	1845
1834	1902
1834	1953
1834	1960
1834	1997
1843	1192
1843	1265
1843	1352
1843	1511
1843	1594
1843	1618
1843	1706
1843	1721
1843	1825
1843	1920
1843	1989
1989	1080
1989	1086
1989	1302
1989	1524
1989	1560
1989	1583
1989	1600
1989	1657
1989	1668
1989	1672
1989	1750
1989	1754
1989	1829
1989	1847
1989	1849
1989	1873
1989	1879
1989	1892
1989	1898
1989	1905
1989	1915
1989	1949
1989	1950
1989	1968
1989	1994
1026	1405
1026	1440
1026	1532
1026	1739
1405	1419
1405	1603
1405	1695
1405	1862
1405	1943
1440	1365
1440	1430
1440	1619
1440	1827
1440	1984
1532	1398
1532	1529
1532	1542
1532	1822
1532	1963
1532	1980
1739	1086
1739	1230
1739	586
1739	1601
1739	1659
1739	1755
1739	1889
1739	1957
1739	1965
33	49
33	890
33	973
49	432
49	903
49	939
890	147
890	191
890	253
890	474
890	650
890	676
890	770
890	776
890	819
890	904
890	917
890	975
890	977
890	994
973	35
973	143
973	167
973	395
973	483
973	540
973	668
973	692
973	732
973	754
973	763
973	782
973	793
973	828
973	833
973	904
973	947
973	950
973	953
973	979
973	994
34	189
34	855
34	944
34	945
189	195
189	794
855	122
855	319
855	490
855	715
855	721
855	723
855	809
855	822
855	897
855	922
855	936
855	972
944	96
944	132
944	246
944	497
944	527
944	565
944	695
944	716
944	776
944	803
944	825
944	839
944	907
944	917
944	919
944	936
944	956
944	964
944	965
944	980
945	208
945	330
945	349
945	419
945	427
945	455
945	482
945	505
945	625
945	635
945	684
945	735
945	806
945	837
945	917
945	951
945	964
945	965
945	974
945	975
945	980
945	989
1027	1476
1027	1670
1027	1746
1476	1321
1476	1538
1476	1748
1476	1828
1476	1833
1670	1613
1670	1826
1670	1857
1670	1896
1670	1908
1670	1943
1746	1396
1746	1490
1746	1541
1746	1921
1746	1930
1746	1987
35	606
35	916
606	297
606	530
606	579
606	588
606	1555
606	995
606	998
916	61
916	273
916	288
916	376
916	572
916	683
916	761
916	806
916	807
916	868
916	1864
916	917
916	918
916	919
916	951
916	964
916	984
36	86
36	572
36	695
36	731
86	526
86	640
86	755
572	225
572	301
572	824
572	951
695	1063
695	162
695	307
695	793
695	898
695	926
731	328
731	455
731	468
731	493
731	740
731	751
731	892
731	927
731	981
37	125
37	810
37	914
125	439
125	495
125	748
810	280
810	371
810	378
810	486
810	615
810	643
810	803
810	833
810	835
810	883
810	903
810	972
914	140
914	343
914	577
914	599
914	602
914	618
914	646
914	652
914	692
914	815
914	823
914	835
914	848
914	874
914	908
914	918
1028	1255
1028	1297
1028	1452
1028	1998
1255	1265
1255	1625
1255	1774
1255	1991
1297	1114
1297	1351
1297	1738
1452	1304
1452	1489
1452	1520
1452	1610
1452	1987
1998	1087
1998	1338
1998	1339
1998	438
1998	1435
1998	1445
1998	1505
1998	1537
1998	1554
1998	1599
1998	1625
1998	1628
1998	1675
1998	1682
1998	1731
1998	1735
1998	1761
1998	1766
1998	1785
1998	1844
1998	1856
1998	1877
1998	1878
1998	1886
1998	1912
1998	1943
1998	1949
1998	1964
1998	1965
1998	1975
1998	1977
1998	1986
1998	1991
38	804
38	932
38	949
804	303
804	431
804	755
804	776
804	787
804	819
804	847
804	925
804	982
932	179
932	360
932	361
932	370
932	401
932	482
932	710
932	717
932	726
932	818
932	831
932	889
932	904
932	917
932	951
932	977
932	984
932	992
932	995
949	246
949	372
949	474
949	638
949	654
949	1661
949	755
949	788
949	797
949	799
949	801
949	869
949	952
949	956
949	960
949	969
949	972
949	975
949	987
39	429
39	834
39	994
429	456
429	558
429	998
834	54
834	101
834	260
834	319
834	581
834	763
834	790
834	860
834	967
834	977
834	982
994	143
994	1134
994	239
994	249
994	313
994	325
994	376
994	386
994	521
994	536
994	629
994	672
994	723
994	735
994	757
994	761
994	786
994	788
994	800
994	808
994	822
994	828
994	841
994	859
994	873
994	920
994	931
994	950
994	959
994	968
994	977
40	347
40	416
40	648
347	478
347	545
347	839
347	977
416	276
416	703
416	766
416	870
648	41
648	84
648	743
648	820
648	919
41	406
41	480
41	948
406	201
406	252
406	980
480	548
480	644
480	827
480	927
480	943
948	253
948	315
948	324
948	357
948	391
948	424
948	636
948	689
948	722
948	723
948	794
948	851
948	897
948	898
948	940
948	946
948	950
948	958
948	967
948	995
948	996
42	488
42	510
42	800
488	566
488	711
488	992
488	999
510	119
510	316
510	368
510	666
510	760
510	977
800	47
800	410
800	524
800	645
800	707
800	732
800	812
800	816
800	950
800	974
800	997
1029	1360
1029	1384
1029	1631
1029	1724
1360	1256
1360	1789
1384	1723
1384	1764
1384	1796
1384	1890
1384	1954
1631	1105
1631	1248
1631	1442
1631	1634
1631	1833
1631	1943
1631	1999
1724	1246
1724	1463
1724	1533
1724	1564
1724	1747
1724	1752
1724	1755
1724	1865
1724	1872
1030	1525
1030	1815
1030	1846
1030	1954
1525	1173
1525	1246
1525	1458
1525	1643
1525	1941
1525	1994
1815	1065
1815	1239
1815	1261
1815	1394
1815	1649
1815	1713
1815	1719
1815	1856
1815	1893
1815	1927
1815	1951
1846	1415
1846	511
1846	1641
1846	1642
1846	1682
1846	1692
1846	1776
1846	1789
1846	1828
1846	1890
1846	1957
1846	1979
1846	1985
1954	1046
1954	1242
1954	1247
1954	1322
1954	1432
1954	1477
1954	1487
1954	1491
1954	1567
1954	1573
1954	1584
1954	1598
1954	1652
1954	1674
1954	1787
1954	1800
1954	1811
1954	1837
1954	1867
1954	1875
1954	1953
1954	1956
1954	1966
1954	1992
1031	1076
1031	1879
1076	1564
1076	1568
1076	1624
1879	1085
1879	1318
1879	1424
1879	1551
1879	1656
1879	1691
1879	1732
1879	1751
1879	1860
1879	1925
1879	1936
1879	1960
1879	1968
1032	1544
1032	1731
1032	1784
1032	1816
1544	1136
1544	1503
1544	1878
1544	1975
1544	1999
1731	1314
1731	1326
1731	1415
1731	1473
1731	1614
1731	1810
1731	1861
1731	1960
1784	1295
1784	1504
1784	1599
1784	1611
1784	1625
1784	1642
1784	1685
1784	1749
1784	1767
1816	1349
1816	1356
1816	1479
1816	1491
1816	1549
1816	1769
1816	1812
1816	1820
1816	1951
1816	1968
43	344
43	521
43	900
344	117
344	403
344	690
521	543
521	756
521	883
521	981
521	982
900	94
900	364
900	544
900	589
900	634
900	647
900	708
900	721
900	732
900	758
900	765
900	791
900	799
900	843
900	869
900	975
44	120
44	474
44	811
44	953
120	508
120	913
474	562
474	633
474	716
811	595
811	623
811	753
811	754
811	809
811	895
811	920
811	943
811	985
811	997
953	444
953	581
953	582
953	614
953	615
953	632
953	700
953	744
953	795
953	838
953	853
953	919
953	943
953	956
953	965
953	982
953	984
953	997
953	998
1033	1332
1033	1676
1033	1725
1332	1395
1332	1718
1332	1801
1332	1958
1676	1132
1676	1163
1676	1240
1676	329
1676	1385
1676	1424
1676	1574
1676	1830
1676	1862
1725	1153
1725	1238
1725	1355
1725	1387
1725	1404
1725	1473
1725	1867
1725	1887
45	278
45	659
45	755
45	913
278	111
278	557
278	897
659	682
659	808
659	827
659	982
659	997
659	998
755	297
755	460
755	585
755	643
755	857
755	984
913	115
913	122
913	340
913	381
913	442
913	527
913	535
913	765
913	818
913	825
913	870
913	879
913	931
913	940
913	947
913	965
913	980
1034	1494
1034	1901
1494	1049
1494	1629
1494	1777
1494	1832
1494	1897
1494	1953
1901	1062
1901	1071
1901	1187
1901	1254
1901	1577
1901	1650
1901	1690
1901	1785
1901	1807
1901	1845
1901	1860
1901	1948
1901	1964
1901	1986
1901	1991
46	489
46	608
46	956
489	478
489	812
489	864
489	1979
608	142
608	426
608	537
608	730
608	984
608	996
956	47
956	170
956	258
956	439
956	525
956	548
956	593
956	637
956	660
956	748
956	815
956	870
956	885
956	925
956	940
956	951
956	974
956	989
47	482
47	813
482	166
482	564
482	977
813	218
813	495
813	605
813	763
813	827
813	846
813	852
813	859
813	928
813	982
813	999
1035	1139
1035	1842
1035	1957
1139	1466
1139	1730
1139	1950
1842	1060
1842	1274
1842	1328
1842	1416
1842	1665
1842	1786
1842	1867
1842	1904
1842	1915
1842	1948
1957	1053
1957	1161
1957	1329
1957	1366
1957	1380
1957	1397
1957	1511
1957	1584
1957	1585
1957	1649
1957	1757
1957	1819
1957	1852
1957	1898
1957	1935
1957	1939
1957	1949
1957	1952
1957	1953
1957	1968
1957	1986
1957	1992
1036	1611
1036	1674
1036	1851
1036	1900
1611	1288
1611	1310
1611	1616
1611	1761
1611	1959
1674	1351
1674	1422
1674	1509
1674	1675
1674	1696
1674	1735
1674	1974
1851	1101
1851	1460
1851	1487
1851	1558
1851	1565
1851	1898
1851	1911
1851	1956
1851	1965
1851	1982
1851	1992
1851	1999
1900	1060
1900	1159
1900	1309
1900	1383
1900	1396
1900	1512
1900	1600
1900	1642
1900	1681
1900	1755
1900	1762
1900	1801
1900	1889
1900	1905
1900	1930
1900	975
1900	1986
1037	1354
1037	1427
1037	1730
1037	1833
1354	1898
1354	1961
1354	1994
1427	1198
1427	1817
1427	1961
1730	146
1730	1629
1730	1718
1730	1949
1730	1982
1833	53
1833	1315
1833	1456
1833	1496
1833	1590
1833	1768
1833	1813
1833	1912
48	136
48	184
48	526
48	820
136	354
136	365
136	958
184	375
184	650
184	682
526	207
526	858
526	930
526	982
820	271
820	329
820	483
820	505
820	703
820	732
820	924
432	785
432	851
432	921
432	987
903	104
903	152
903	247
903	261
903	451
903	668
903	726
903	736
903	743
903	807
903	939
903	960
903	968
903	980
903	984
903	998
939	237
939	360
939	418
939	466
939	513
939	514
939	561
939	563
939	617
939	640
939	669
939	672
939	697
939	806
939	825
939	851
939	868
939	870
939	980
939	992
50	548
50	821
50	950
548	438
548	965
821	167
821	225
821	320
821	782
821	861
821	886
821	889
821	927
821	968
950	61
950	144
950	318
950	325
950	352
950	457
950	463
950	505
950	507
950	578
950	621
950	655
950	697
950	757
950	852
950	861
950	964
1038	1070
1038	1222
1038	1431
1038	1571
1070	1804
1070	1830
1070	1981
1222	1566
1222	1881
1222	1977
1431	1767
1431	1850
1431	1937
1571	1125
1571	1474
1571	1790
1571	1829
1571	1845
1571	1847
1571	1912
1039	1058
1039	1283
1039	1620
1039	1744
1058	1258
1058	1960
1283	1883
1283	1912
1283	1943
1283	1952
1620	1268
1620	1272
1620	1481
1620	1609
1620	1656
1620	1840
1744	1089
1744	1141
1744	1481
1744	1577
1744	1638
1744	1939
1744	1951
224	100
224	413
224	417
824	322
824	465
824	817
824	823
824	867
824	952
824	1953
824	972
824	985
824	992
52	215
52	783
52	997
215	232
215	540
783	104
783	244
783	436
783	591
783	674
783	702
783	779
783	946
783	984
783	992
783	999
997	182
997	188
997	239
997	304
997	339
997	354
997	377
997	382
997	409
997	506
997	538
997	539
997	549
997	564
997	566
997	578
997	627
997	667
997	669
997	694
997	725
997	748
997	829
997	832
997	1847
997	852
997	947
997	959
997	960
997	975
997	998
53	658
53	987
658	505
658	642
658	721
658	729
658	736
658	958
987	58
987	60
987	131
987	200
987	303
987	306
987	322
987	397
987	479
987	587
987	1565
987	609
987	679
987	717
987	722
987	726
987	745
987	757
987	772
987	795
987	864
987	865
987	871
987	885
987	902
987	919
987	920
987	928
987	959
987	993
1040	1508
1040	835
1040	1905
1508	1575
1508	1578
1508	1720
1508	1750
1508	1791
835	255
835	283
835	384
835	524
835	774
835	792
835	803
835	908
835	977
835	993
1905	1078
1905	1151
1905	1157
1905	1479
1905	1485
1905	1677
1905	1681
1905	1706
1905	1712
1905	1727
1905	1764
1905	1889
1905	1897
1905	1943
1905	1991
1905	1994
54	846
54	952
846	155
846	346
846	440
846	592
846	720
846	763
846	843
846	850
846	957
846	972
952	55
952	332
952	352
952	403
952	501
952	585
952	619
952	718
952	751
952	759
952	767
952	851
952	905
952	917
952	928
952	930
952	947
952	958
952	985
952	996
952	999
1041	1097
1041	1341
1041	1751
1041	1964
1097	1719
1097	1975
1341	1316
1341	1370
1341	1380
1341	1937
1751	1186
1751	1538
1751	1615
1751	1633
1751	1712
1751	1869
1751	1942
1964	1099
1964	1137
1964	1146
1964	1155
1964	1395
1964	1409
1964	1416
1964	1442
1964	1505
1964	1549
1964	1606
1964	1678
1964	1775
1964	1790
1964	1850
1964	1869
1964	1880
1964	1889
1964	1898
1964	917
1964	1941
1964	1949
1964	1968
1964	1974
1964	1977
55	829
55	965
829	183
829	210
829	501
829	753
829	762
829	779
829	891
829	926
829	940
965	282
965	317
965	439
965	483
965	597
965	668
965	685
965	718
965	726
965	727
965	780
965	831
965	865
965	918
965	921
965	968
965	972
965	981
965	985
1499	1271
1499	1361
1499	1772
1499	1774
1499	1942
1582	1500
1582	1537
1582	1549
1582	1785
1582	1878
1582	1942
1671	1214
1671	1233
1671	1245
1671	1548
1671	1722
1671	1812
1671	1871
1671	1904
56	213
56	503
56	630
213	207
213	472
213	766
503	220
503	404
503	494
503	756
503	898
630	162
630	166
630	943
630	995
57	388
57	885
57	921
388	265
388	760
388	841
388	871
885	299
885	439
885	458
885	669
885	763
885	879
885	925
885	935
885	936
885	984
921	191
921	238
921	252
921	495
921	515
921	533
921	694
921	730
921	757
921	770
921	775
921	782
921	786
921	790
921	795
921	828
921	847
921	904
921	926
58	89
58	853
58	998
89	637
89	802
89	947
853	154
853	300
853	685
853	707
853	741
853	843
853	918
853	928
853	931
853	967
998	77
998	107
998	260
998	315
998	472
998	502
998	504
998	593
998	596
998	602
998	642
998	662
998	671
998	696
998	708
998	738
998	762
998	802
998	805
998	850
998	877
998	925
998	928
998	935
998	969
998	1985
998	980
998	995
1043	1574
1043	1700
1043	1797
1043	1911
1574	1466
1574	1603
1574	1795
1574	1827
1574	1857
1700	1399
1700	1432
1700	1503
1700	1521
1700	1564
1700	1732
1700	1861
1700	1916
1700	1926
1797	1085
1797	1235
1797	1342
1797	1698
1797	1723
1797	1810
1797	1951
1797	1979
1797	1987
1797	1992
1911	1190
1911	1274
1911	1309
1911	1480
1911	1484
1911	1605
1911	1691
1911	1699
1911	1728
1911	1864
1911	1910
1911	1913
1911	1958
1911	1963
1911	1988
59	226
59	996
226	256
226	738
226	967
996	105
996	161
996	194
996	256
996	271
996	309
996	369
996	380
996	509
996	570
996	575
996	578
996	641
996	674
996	689
996	752
996	765
996	781
996	793
996	801
996	802
996	819
996	827
996	1875
996	886
996	936
996	943
996	957
996	964
996	967
996	985
996	993
1044	1269
1044	1651
1044	1694
1044	1943
1269	1749
1269	1951
1269	1969
1651	1079
1651	1324
1651	1704
1651	1906
1651	1939
1651	1948
1651	1984
1651	1992
1694	1095
1694	1536
1694	1541
1694	1557
1694	1595
1694	1619
1943	1075
1943	1193
1943	1306
1943	1370
1943	1524
1943	1547
1943	1578
1943	1696
1943	1748
1943	1809
1943	1906
1943	1910
1943	1945
1943	1953
1943	1963
1943	1979
1045	1077
1045	524
1045	1723
1045	1949
1077	1511
1077	1870
1077	1937
524	797
524	957
524	985
1723	1448
1723	1547
1723	1770
1723	1820
1723	1867
1723	1893
1723	1935
1723	1982
1949	1114
1949	1116
1949	1306
1949	1356
1949	1553
1949	1618
1949	1682
1949	1787
1949	1803
1949	1804
1949	1827
1949	1838
1949	1881
1949	1895
1949	1933
1949	1935
1949	1994
1949	1997
1949	1999
1046	1435
1046	1448
1046	1770
1435	1259
1435	1404
1435	1750
1448	1234
1448	1664
1448	1726
1448	1870
1770	1158
1770	1263
1770	1486
1770	1759
1770	769
1770	1878
1770	1951
1770	1960
60	517
60	551
60	999
517	644
517	717
517	816
517	883
517	989
551	1074
551	641
551	767
551	904
999	158
999	192
999	230
999	246
999	348
999	363
999	475
999	537
999	553
999	603
999	646
999	681
999	686
999	699
999	739
999	748
999	752
999	764
999	768
999	816
999	818
999	827
999	919
999	936
999	946
999	975
61	530
61	981
530	408
530	814
530	856
981	177
981	194
981	334
981	336
981	402
981	436
981	437
981	537
981	588
981	743
981	763
981	767
981	774
981	784
981	788
981	806
981	814
981	892
981	898
981	1965
981	977
62	187
62	456
62	774
62	935
187	405
187	847
456	198
456	741
456	866
456	888
774	202
774	362
774	365
774	366
774	655
774	711
774	861
935	177
935	251
935	308
935	403
935	455
935	547
935	586
935	626
935	794
935	797
935	889
935	905
935	908
935	920
935	995
1478	1497
1478	1738
1478	1761
1478	1783
1478	1974
1604	1477
1604	1699
1604	1781
1604	1997
63	758
63	769
63	908
63	967
758	149
758	302
758	735
758	738
758	958
769	506
769	525
769	567
769	705
769	807
908	74
908	87
908	292
908	301
908	334
908	410
908	535
908	569
908	700
908	702
908	738
908	964
908	968
967	160
967	204
967	357
967	415
967	454
967	481
967	496
967	558
967	594
967	633
967	634
967	702
967	707
967	712
967	766
967	788
967	858
967	865
967	874
967	897
967	979
967	985
1048	1101
1048	1446
1048	1482
1048	1856
1101	1601
1101	1938
1446	1311
1446	1480
1446	1677
1446	1981
1482	1444
1482	1579
1482	1699
1482	1767
1482	1935
1482	1942
1856	1192
1856	1275
1856	1323
1856	1566
1856	1595
1856	1672
1856	1683
1856	1838
1856	1858
1856	1891
1856	1892
1856	1919
1856	1948
1049	1920
1049	1988
1920	1214
1920	1331
1920	1390
1920	1419
1920	1457
1920	1540
1920	1647
1920	1747
1920	1752
1920	1801
1920	1840
1920	1880
1920	1921
1920	1942
1920	1974
1920	1976
1920	1988
1920	1997
1920	1999
1988	1052
1988	1084
1988	1215
1988	1248
1988	1253
1988	1313
1988	1317
1988	1358
1988	1547
1988	1568
1988	1622
1988	1729
1988	1765
1988	1799
1988	1830
1988	1889
1988	1890
1988	1917
1988	1936
1988	1961
1988	1963
1988	1979
1988	1980
1988	1981
1988	1987
1988	1990
64	499
64	599
499	660
499	1722
499	972
499	993
599	78
599	373
599	430
599	458
599	781
599	1897
1710	1112
1710	1449
1710	1453
1710	1507
1710	1534
1710	1916
1773	1120
1773	1371
1773	1438
1773	1663
1773	1727
1773	1837
1773	1936
1773	1953
1773	1963
1992	1064
1992	1099
1992	1196
1992	1344
1992	1404
1992	1563
1992	1573
1992	1602
1992	1657
1992	1729
1992	1740
1992	1748
1992	1824
1992	1855
1992	1862
1992	1865
1992	1868
1992	1880
1992	1935
1992	1960
1992	1966
1992	1997
65	423
65	839
423	171
423	181
423	309
423	459
423	977
839	94
839	182
839	351
839	385
839	505
839	611
839	697
839	778
839	782
839	809
839	989
466	132
466	553
466	781
632	397
632	502
632	509
632	536
632	859
632	922
924	167
924	332
924	413
924	475
924	1453
924	665
924	685
924	704
924	727
924	833
924	858
924	922
924	979
924	982
67	318
67	378
67	751
67	837
318	196
318	604
318	607
378	729
378	847
378	985
751	109
751	232
751	233
751	528
751	637
751	649
751	879
837	139
837	368
837	650
837	689
837	775
837	815
837	816
837	877
837	959
837	968
1051	1142
1051	1364
1051	1984
1142	1363
1142	1704
1142	1824
1364	1432
1364	1594
1364	1838
1364	1982
1984	1147
1984	1189
1984	1200
1984	1287
1984	1325
1984	1386
1984	1529
1984	1567
1984	1583
1984	1596
1984	1618
1984	1632
1984	1675
1984	1750
1984	1778
1984	1782
1984	1796
1984	1822
1984	1908
1984	1924
1984	1927
1984	1939
1984	1966
1984	1975
68	150
68	176
68	681
68	892
150	225
150	316
150	969
176	132
176	581
681	98
681	130
681	222
681	673
681	869
681	982
681	984
892	69
892	148
892	277
892	301
892	366
892	395
892	413
892	504
892	653
892	796
892	806
892	851
892	946
69	441
69	624
69	676
441	401
441	612
441	922
441	930
624	219
624	571
624	764
676	261
676	351
676	531
676	547
676	940
676	958
1052	1343
1343	1318
1343	1533
1343	1543
1343	1774
1053	1135
1053	1472
1053	1960
1135	1870
1135	1875
1135	1994
1472	1691
1472	1881
1472	1976
1472	1979
1472	1981
1960	1180
1960	1271
1960	1350
1960	1461
1960	1514
1960	1537
1960	1586
1960	1641
1960	1662
1960	1712
1960	1753
1960	1768
1960	1776
1960	1778
1960	1893
1960	1913
1960	1985
1960	1987
1054	1467
1054	1764
1054	1860
1467	1188
1467	1607
1467	1933
1467	1980
1467	1985
1764	1175
1764	1491
1764	1585
1764	1668
1764	1690
1764	1890
1764	1963
1860	1080
1860	1523
1860	1551
1860	1721
1860	1817
1860	1883
1860	1891
1860	1913
1860	1969
1860	1999
70	507
70	554
70	768
70	905
507	164
507	744
507	770
507	995
554	465
554	549
554	595
554	677
554	989
768	373
768	433
768	542
768	655
768	707
768	806
768	889
905	172
905	218
905	238
905	282
905	311
905	593
905	602
905	680
905	738
905	770
905	888
905	907
905	958
905	964
71	493
71	806
71	807
71	985
493	76
493	442
493	725
493	776
806	461
806	471
806	523
806	730
806	764
806	805
807	78
807	96
807	294
807	767
807	873
807	979
985	79
985	229
985	285
985	1299
985	465
985	468
985	531
985	533
985	545
985	581
985	593
985	617
985	636
985	694
985	757
985	784
985	864
985	911
985	919
985	968
985	982
1055	1333
1055	1929
1055	1997
1333	485
1333	1915
1333	1969
1929	1107
1929	1243
1929	1290
1929	1305
1929	1450
1929	1480
1929	1563
1929	1575
1929	1642
1929	1668
1929	1783
1929	1871
1929	1948
1929	1950
1929	1979
1929	1982
1929	1997
1997	1159
1997	1513
1997	1531
1997	1645
1997	1678
1997	1691
1997	1699
1997	1719
1997	1728
1997	1778
1997	1803
1997	1820
1997	1821
1997	1822
1997	1831
1997	1832
1997	1850
1997	1871
1997	1872
1997	1891
1997	1893
1997	1913
1997	1921
1997	1933
1997	1941
1997	1981
1997	1985
1056	1266
1056	1602
1056	1732
1056	1857
1266	1489
1266	1789
1266	1925
1602	1295
1602	1471
1602	1804
1602	1814
1602	1897
1732	1109
1732	1389
1732	1395
1732	1510
1732	1588
1732	1678
1732	1818
1732	1907
1857	1166
1857	1169
1857	1257
1857	1477
1857	1578
1857	1646
1857	1786
1857	1903
1857	1913
1857	1939
1857	1950
1857	1999
669	146
669	639
940	90
940	105
940	223
940	532
940	561
940	654
940	699
940	723
940	815
940	873
940	911
940	925
940	928
940	959
940	977
833	377
833	519
833	529
833	583
833	646
833	654
833	766
833	791
904	118
904	156
904	175
904	433
904	518
904	615
904	724
904	766
904	827
904	979
1057	1685
1057	1812
1057	1956
1057	1982
1685	1181
1685	1258
1685	1289
1685	1632
1685	1749
1685	1790
1685	1870
1685	1987
1812	1229
1812	1242
1812	1429
1812	1553
1812	1589
1812	1691
1812	1765
1812	1855
1812	1917
1812	927
1956	1107
1956	1261
1956	1268
1956	1291
1956	1298
1956	1309
1956	1331
1956	1423
1956	1456
1956	1680
1956	1726
1956	1754
1956	1780
1956	1813
1956	1861
1956	1864
1956	1896
1956	1912
1956	1948
1956	1953
1956	1979
1956	1980
1956	1994
1982	1150
1982	1240
1982	1326
1982	1342
1982	1345
1982	1426
1982	1465
1982	1513
1982	1573
1982	1599
1982	1612
1982	1872
1982	1886
1982	1896
1982	1906
1982	1917
1982	1941
1982	1961
1982	1975
1982	1980
1982	1981
1258	1106
1258	1702
1258	1994
74	210
74	776
210	898
776	151
776	270
776	684
776	726
776	831
776	864
75	339
75	368
339	713
339	748
368	172
1059	1093
1059	1378
1059	1596
1059	1985
1093	1628
1093	1736
1093	1809
1378	1383
1378	1902
1596	1210
1596	1617
1596	1781
1596	1865
1596	1936
1985	1292
1985	1304
1985	1307
1985	1352
1985	1419
1985	1488
1985	1567
1985	1594
1985	1605
1985	1629
1985	1713
1985	1750
1985	1789
1985	1795
1985	1864
1985	1867
1985	1886
1985	1902
1985	1917
1985	1941
1985	1950
1985	1990
1060	1619
1060	1639
1619	1247
1619	1581
1619	1810
1619	1875
1619	1889
1639	1143
1639	1324
1639	1548
1639	1589
1639	1713
1639	1845
1639	1953
1061	1200
1061	1286
1061	1865
1200	1757
1200	1828
1286	1372
1286	1555
1286	1579
1286	1939
1865	1252
1865	1262
1865	1344
1865	1560
1865	1600
1865	1637
1865	1736
1865	1935
1865	1963
76	462
76	674
462	272
462	351
462	508
462	557
674	295
674	363
674	862
674	927
77	129
77	992
129	233
129	354
129	803
992	232
992	250
992	252
992	272
992	414
992	418
992	457
992	479
992	531
992	532
992	553
992	555
992	627
992	713
992	726
992	737
992	752
992	753
992	761
992	802
992	856
992	861
992	931
992	980
992	982
1062	1460
1062	1695
1062	1719
1460	1119
1460	1488
1460	1799
1460	1986
1695	1236
1695	1518
1695	1758
1695	1811
1695	1873
1695	1930
1695	1952
1719	1459
1719	1632
1719	1688
1719	1875
1719	1948
1063	1243
1063	1849
1063	1937
1243	1087
1243	1462
1849	1154
1849	1376
1849	1634
1849	1643
1849	1687
1849	1786
1849	1872
1849	1974
1849	1977
1849	1994
1937	1103
1937	1157
1937	1226
1937	1236
1937	1250
1937	1493
1937	1588
1937	1623
1937	1647
1937	1696
1937	1704
1937	1714
1937	1729
1937	1891
1937	1913
1937	1917
1937	1927
1937	1999
78	865
78	866
865	201
865	617
865	625
865	653
865	702
865	867
865	882
866	190
866	258
866	371
866	396
866	401
866	413
866	455
866	533
866	588
866	673
866	882
866	968
79	780
79	918
79	927
780	128
780	135
780	243
780	902
918	165
918	193
918	287
918	511
918	657
918	722
918	742
918	911
918	931
918	984
927	122
927	140
927	272
927	294
927	308
927	346
927	559
927	565
927	814
927	819
927	847
927	867
927	969
80	449
80	532
80	693
80	815
449	84
449	431
449	842
532	782
532	816
532	936
532	968
693	289
693	308
693	373
693	716
693	816
693	1902
693	943
693	972
815	442
815	476
815	520
815	736
815	761
815	877
815	969
1064	1832
1064	1840
1064	1939
1832	1203
1832	1338
1832	1569
1832	1806
1832	1887
1832	1896
1840	1177
1840	1464
1840	1805
1840	1811
1840	1902
1840	1908
1840	1980
1939	1086
1939	1406
1939	1487
1939	1496
1939	1524
1939	1554
1939	1577
1939	1668
1939	1727
1939	1755
1939	1878
1939	1942
1939	959
1939	1958
1939	1961
1939	1963
1065	1754
1065	1941
1754	1329
1754	1488
1754	1524
1754	1706
1754	1975
1941	1236
1941	1251
1941	1590
1941	1635
1941	1664
1941	1688
1941	1706
1941	1711
1941	1735
1941	1758
1941	1781
1941	1796
1941	1800
1941	1902
1941	1952
1941	1975
81	118
81	259
81	911
118	90
118	490
259	470
259	481
259	541
911	94
911	366
911	426
911	565
911	569
911	682
911	684
911	689
911	704
911	770
911	781
911	895
911	898
911	930
911	936
911	980
1066	1495
1066	1820
1066	1852
1066	1892
1495	1261
1495	1496
1495	1778
1495	1826
1495	1906
1820	1550
1820	1570
1820	1588
1820	1629
1820	1638
1820	1787
1820	1799
1820	1802
1820	1981
1852	1224
1852	1233
1852	1555
1852	1645
1852	1708
1852	1716
1852	1753
1852	1800
1892	1081
1892	1284
1892	1415
1892	1423
1892	1649
1892	1653
1892	1689
1892	1692
1892	1877
1892	1886
1892	1889
1892	1961
1892	1974
1067	1337
1067	1461
1067	1663
1067	1807
1337	1550
1337	1720
1337	1844
1461	1195
1461	1977
1663	1154
1663	1524
1663	1575
1663	1864
1663	1981
1807	1217
1807	1275
1807	1358
1807	1485
1807	1702
1807	1726
1807	1790
1807	1792
1807	1806
1807	1818
82	481
82	930
82	995
481	618
481	861
481	946
930	99
930	178
930	342
930	364
930	458
930	553
930	567
930	759
930	790
930	797
930	951
930	957
930	980
930	993
995	95
995	119
995	168
995	271
995	275
995	373
995	399
995	463
995	467
995	559
995	564
995	568
995	593
995	621
995	718
995	721
995	1736
995	762
995	797
995	809
995	861
995	888
995	889
995	891
995	972
995	989
83	346
83	435
83	882
83	922
346	350
346	960
435	654
435	692
435	920
435	925
882	133
882	144
882	147
882	157
882	244
882	354
882	431
882	437
882	613
882	636
882	642
882	708
882	975
922	157
922	311
922	360
922	604
922	605
922	638
922	709
922	797
922	818
922	832
922	879
1068	870
1068	1902
1068	1936
1068	1990
870	238
870	619
870	726
870	782
870	822
870	886
870	931
870	943
870	989
1902	1091
1902	1428
1902	1489
1902	1531
1902	1598
1902	1622
1902	1630
1902	1782
1902	1783
1902	1933
1902	1966
1936	1197
1936	1282
1936	1389
1936	1407
1936	1455
1936	1509
1936	1536
1936	1609
1936	1787
1936	1904
1936	1919
1936	1922
1936	1930
1936	1953
1936	1961
1990	1211
1990	1264
1990	1441
1990	1522
1990	1553
1990	1579
1990	1693
1990	1698
1990	1708
1990	1709
1990	1774
1990	1780
1990	1837
1990	1838
1990	1878
1990	1907
1990	1914
1990	1922
1990	1924
1990	1926
1990	1952
1990	1961
1990	1963
1990	1965
1990	1994
1069	1241
1069	1643
1069	1908
1241	1470
1241	1520
1241	1688
1241	1942
1643	1260
1643	1336
1643	1462
1643	1830
1643	1875
1643	1914
1908	1218
1908	1232
1908	1368
1908	1414
1908	1447
1908	1519
1908	1621
1908	1641
1908	1871
1908	1877
1908	1886
1908	1889
1908	1910
1908	1912
1908	1976
1804	1546
1804	1609
1804	1637
1804	1741
1804	1811
1804	1858
1804	1870
1804	1912
1830	1082
1830	1256
1830	1560
1830	1698
1830	1728
1830	1802
1830	1813
1830	1817
1830	1819
1830	1940
1981	1191
1981	1314
1981	1315
1981	1325
1981	446
1981	1470
1981	1498
1981	1586
1981	1624
1981	1632
1981	1747
1981	1766
1981	1780
1981	1818
1981	1893
1981	1894
1981	1910
1981	1922
1981	1945
1981	1980
1071	1387
1071	1922
1071	1979
1387	1112
1387	1635
1922	1376
1922	1439
1922	1458
1922	1608
1922	1638
1922	1707
1922	1747
1922	1776
1922	1826
1922	867
1922	1861
1922	1886
1922	1915
1922	1925
1922	1958
1979	1079
1979	1275
1979	1370
1979	1389
1979	1411
1979	1413
1979	1557
1979	1653
1979	1749
1979	1758
1979	1761
1979	1774
1979	1801
1979	1845
1979	1906
1979	1913
1979	1987
84	664
664	310
664	341
664	380
664	634
664	737
664	748
664	850
664	861
1072	1207
1072	1423
1072	1615
1072	1986
1207	1774
1207	1825
1207	1935
1423	1340
1423	1758
1423	1977
1615	1488
1615	1506
1615	1563
1615	1664
1615	1750
1615	1774
1986	1116
1986	1118
1986	1168
1986	1175
1986	1260
1986	1284
1986	1402
1986	1479
1986	1506
1986	1580
1986	1592
1986	1635
1986	1672
1986	1689
1986	1735
1986	1736
1986	1872
1986	1873
1986	883
1986	1940
1986	1961
1986	1980
85	400
85	712
85	989
400	154
400	384
400	617
400	690
712	358
712	361
712	688
712	720
712	743
989	383
989	402
989	461
989	476
989	494
989	528
989	542
989	596
989	613
989	623
989	636
989	645
989	663
989	742
989	761
989	817
989	842
989	877
989	879
989	919
989	951
989	958
989	984
640	159
640	217
640	409
640	496
640	716
640	883
87	124
87	420
87	975
124	376
124	724
124	796
420	96
420	442
420	634
420	891
975	195
975	198
975	358
975	403
975	476
975	509
975	591
975	673
975	689
975	736
975	812
975	857
975	869
975	874
975	886
975	917
1601	1371
1601	1837
1601	1907
1601	1999
88	258
88	408
88	745
88	977
408	622
408	808
408	968
408	977
745	115
745	374
745	457
745	502
745	557
745	645
745	816
745	907
977	171
977	251
977	387
977	398
977	515
977	544
977	575
977	605
977	647
977	722
977	750
977	917
977	919
977	926
977	993
637	330
637	381
637	412
637	946
802	141
802	245
802	317
802	687
802	715
802	762
947	108
947	273
947	623
947	728
947	787
947	805
947	808
947	862
947	917
947	928
947	958
947	960
947	974
1074	1287
1074	1502
1074	1827
1287	1565
1287	1617
1287	1974
1502	1199
1502	1265
1502	1355
1502	1801
1502	1838
1827	1189
1827	1318
1827	1385
1827	1514
1827	1817
1827	1903
1827	1953
1075	1424
1075	1523
1424	1254
1424	1752
1424	1870
1523	1455
1523	1547
1523	1563
1523	1638
1523	1881
90	275
90	288
275	372
275	513
275	619
288	217
288	286
288	616
1564	1316
1564	1591
1564	1607
1564	1801
1564	1813
1568	1541
1568	1585
1568	1925
1568	1991
1624	1587
1624	1821
1624	1904
1624	1930
1624	1961
1511	1507
1511	1728
1511	1749
1870	1279
1870	1422
1870	1441
1870	1618
1870	1658
1870	1679
1870	1709
1870	1721
1870	1948
1870	1999
1078	1721
1078	1755
1721	1189
1721	1489
1721	1708
1721	1803
1721	1818
1721	1824
1755	1777
1755	1796
1755	1906
1755	1965
1755	1969
1755	1974
91	350
91	650
91	759
91	959
350	104
350	972
650	183
650	717
650	936
759	143
759	361
759	523
759	744
759	808
759	969
959	141
959	165
959	242
959	293
959	323
959	433
959	440
959	459
959	717
959	799
959	818
959	860
959	862
959	871
959	984
1079	1198
1198	1458
1198	1914
92	167
92	838
92	843
92	898
838	295
838	596
838	626
838	743
838	842
838	1958
838	982
843	149
843	543
843	587
843	688
843	750
843	858
843	883
843	993
898	168
898	387
898	652
898	785
898	791
898	796
898	984
1080	1557
1080	1880
1557	1513
1557	1515
1557	1698
1557	1999
1880	1113
1880	1303
1880	1475
1880	1505
1880	1514
1880	1556
1880	1692
1880	1777
1880	1792
1880	1999
93	112
93	292
93	332
93	520
112	290
112	931
292	779
292	848
332	828
520	279
520	827
520	964
94	801
801	205
801	222
801	353
801	453
801	584
801	603
95	310
95	559
95	1855
310	667
310	943
310	964
559	174
559	214
559	666
1855	1264
1855	1416
1855	1450
1855	1766
1855	1787
1855	1809
1855	1961
1855	1965
1081	1299
1081	1352
1081	1585
1299	1969
1299	1977
1352	1202
1352	1889
1585	1627
1585	1642
1585	1850
1585	1861
1082	1321
1082	1407
1321	1398
1321	1563
1407	1171
1407	1718
1407	1814
1407	1963
96	580
580	470
580	590
580	603
580	627
580	842
97	443
97	799
97	982
97	993
443	191
443	542
443	819
443	960
799	139
799	396
799	428
799	563
799	683
799	877
982	179
982	234
982	397
982	409
982	590
982	704
982	721
982	742
982	770
982	797
982	873
982	886
982	1898
993	109
993	115
993	173
993	177
993	222
993	243
993	365
993	519
993	522
993	560
993	614
993	653
993	728
993	737
993	757
993	1850
993	869
993	907
993	974
993	984
1083	1140
1083	1409
1083	1738
1140	1653
1140	1664
1409	1295
1409	1656
1409	1873
1738	1598
1738	1714
1738	1822
1738	1915
1738	1916
1738	1942
1738	1975
1084	1618
1084	1791
1084	1872
1618	1428
1791	1289
1791	1351
1791	1500
1791	1576
1791	1665
1791	1709
1791	1726
1791	1757
1791	1819
1791	1915
1872	1408
1872	1748
1872	1782
1872	1786
1872	1829
1872	1861
1872	1980
1872	1991
98	235
98	873
98	920
235	195
235	370
235	382
873	269
873	281
873	319
873	619
873	629
873	750
873	792
873	946
920	241
920	302
920	325
920	444
920	509
920	536
920	743
920	805
920	847
920	852
920	877
920	957
1085	1357
1085	1907
1357	1165
1357	1512
1357	1740
1357	1765
1907	1231
1907	1375
1907	1430
1907	1531
1907	1559
1907	1722
1907	1767
1907	1796
1907	1802
1907	1821
1907	1877
1907	1927
1907	1987
1907	1991
99	544
99	569
99	679
544	253
544	725
544	814
544	936
569	241
569	687
569	814
569	958
679	169
679	414
679	633
679	752
679	841
679	984
1087	1869
1869	1479
1869	1542
1869	1587
1869	1693
1869	1767
1869	1813
1869	1915
1869	1976
100	478
100	577
100	861
478	303
478	428
478	736
577	377
577	470
577	864
861	431
861	607
861	625
861	736
861	739
861	928
861	931
861	958
1088	1374
1088	1491
1088	1735
1088	1747
1374	1593
1374	1828
1374	1871
1491	1775
1491	1783
1491	1800
1735	1451
1735	1546
1735	1715
1735	1782
1735	1818
1735	1976
1747	1291
1747	1316
1747	1592
1747	1681
1747	1991
1089	1572
1572	1276
1572	1348
1572	430
1572	1489
1572	1696
1572	1887
102	399
102	588
102	614
399	445
399	818
399	879
399	969
588	165
588	654
614	728
614	762
614	787
614	792
897	227
897	414
897	431
897	440
897	549
897	721
897	737
897	779
897	787
897	858
979	119
979	180
979	205
979	294
979	330
979	340
979	391
979	413
979	427
979	445
979	523
979	567
979	692
979	757
979	764
979	785
979	788
979	827
979	842
979	852
979	857
979	889
1090	1324
1090	1621
1090	1644
1090	1951
1324	1133
1324	1945
1621	1365
1621	1381
1621	1606
1621	1821
1621	1862
1644	1418
1644	1527
1644	1597
1644	1703
1644	1940
1644	1966
1951	1108
1951	1199
1951	1441
1951	1534
1951	1627
1951	1645
1951	1658
1951	1691
1951	1704
1951	1720
1951	765
1951	1772
1951	1774
1951	1813
1951	1819
1951	1822
1951	1881
1951	1940
1951	1994
104	775
775	324
775	345
775	361
775	446
775	463
775	673
775	696
775	740
775	867
105	402
105	742
402	147
402	761
742	240
742	639
742	725
742	860
742	984
106	504
106	543
106	760
106	764
504	173
504	252
504	438
543	148
543	688
543	787
760	324
760	519
760	620
760	642
760	831
760	851
760	917
764	117
764	635
764	754
764	793
1091	1412
1091	1959
1412	1395
1412	1890
1412	1925
1412	1994
1959	1096
1959	1129
1959	1212
1959	1221
1959	1229
1959	1314
1959	1396
1959	1442
1959	1471
1959	1627
1959	1680
1959	1691
1959	1748
1959	1903
1959	1938
1959	1958
1959	1966
1959	1977
1959	1980
107	609
107	767
107	980
609	221
609	980
767	283
767	591
767	737
767	889
767	925
767	969
980	137
980	389
980	545
980	596
980	643
980	662
980	685
980	1759
980	814
980	828
980	869
980	886
980	936
980	968
980	969
108	254
108	446
254	161
254	687
254	792
254	889
446	972
1092	1828
1092	1883
1828	1278
1828	1375
1828	1684
1828	1758
1828	1825
1828	1877
1828	1894
1883	1317
1883	1413
1883	1542
1883	1638
1883	1668
1883	1713
1883	1745
1883	1782
1883	1887
1883	1965
1628	1212
1628	1711
1628	1740
1628	1741
1628	1871
1628	1975
1736	1445
1736	1714
1736	1753
1736	1950
1809	1152
1809	1239
1809	1251
1809	1404
1809	1667
1809	1926
1809	1953
1809	1961
1809	1969
110	274
110	437
110	864
110	972
274	511
274	571
274	756
437	182
437	964
864	280
864	315
864	331
864	567
864	690
864	756
864	874
864	883
864	958
972	190
972	212
972	257
972	290
972	321
972	506
972	531
972	539
972	612
972	1652
972	708
972	805
972	848
972	856
972	969
111	362
111	627
362	652
627	160
627	847
627	848
627	860
1094	1096
1094	1102
1094	1134
1094	1267
1096	926
1102	1396
1102	1580
1102	1976
1134	1429
1134	1506
1267	1123
1267	1350
1267	1464
1267	1675
1095	1306
1095	1987
1306	1708
1987	1100
1987	1120
1987	1256
1987	1408
1987	1430
1987	1537
1987	1607
1987	1610
1987	1667
1987	1745
1987	1767
1987	1826
1987	1829
1987	1831
1987	1868
1987	1873
1987	1893
1987	1991
290	720
290	736
290	877
931	142
931	200
931	277
931	433
931	535
931	729
931	832
931	943
931	968
931	984
113	436
113	647
436	279
436	828
436	958
647	663
647	770
647	957
778	657
778	705
778	709
778	753
778	766
778	889
778	919
778	951
115	249
249	180
249	772
249	928
116	230
116	883
116	926
230	218
230	964
883	149
883	302
883	690
883	786
883	847
883	868
883	902
883	951
926	138
926	237
926	361
926	363
926	576
926	649
926	723
926	730
926	732
926	867
926	869
926	879
926	925
117	272
272	611
490	313
490	790
490	827
1975	1196
1975	1275
1975	1298
1975	1316
1975	1589
1975	1661
1975	1787
1975	1806
1975	1824
1975	1858
1975	1878
1975	1914
1975	1927
1975	1935
1975	1938
1975	1965
1975	1974
1975	1977
1975	1980
508	486
508	542
508	848
508	964
587	262
587	267
587	286
587	772
601	193
601	295
601	444
601	605
601	848
1098	1570
1098	1938
1570	1202
1570	1229
1570	1894
1570	1913
1570	1952
1938	1114
1938	1152
1938	1249
1938	1250
1938	1312
1938	1449
1938	1549
1938	1565
1938	1567
1938	1595
1938	1660
1938	1690
1938	1800
1938	1805
1938	1811
1938	1818
1938	1847
1938	1850
1938	1895
1938	1976
1099	1367
1099	1795
1367	1408
1367	1766
1795	1215
1795	1359
1795	1383
1795	1769
1795	1861
1795	1894
1795	1945
1795	1952
1100	1569
1100	1786
1100	1953
1569	1444
1569	1609
1569	663
1569	1814
1569	1980
1786	1220
1786	1330
1786	1340
1786	1390
1786	1630
1786	1913
1953	1149
1953	1183
1953	1268
1953	1377
1953	1397
1953	1652
1953	1718
1953	1722
1953	1915
1953	1942
1953	1961
1953	1968
1953	1991
123	217
123	384
123	560
123	779
217	874
384	427
384	710
560	735
560	907
560	917
779	476
779	496
779	596
779	633
779	711
779	868
376	711
724	140
724	169
724	341
724	579
724	832
724	867
796	343
796	442
796	686
796	851
439	386
439	888
495	518
495	660
748	596
748	723
748	726
748	791
1396	1442
1396	1614
1580	1223
1580	1346
1580	1388
1580	1473
1580	1897
1976	1120
1976	1131
1976	1211
1976	1399
1976	1481
1976	1500
1976	1551
1976	1622
1976	1641
1976	1645
1976	1653
1976	1714
1976	1752
1976	1789
1976	1864
1976	1915
1976	1991
1976	1994
1103	1161
1103	1462
1103	1667
1161	1850
1161	1906
1462	1124
1462	1584
1462	1683
1667	1132
1667	1185
1667	1216
1667	1945
1104	1740
1104	1847
1104	1945
1104	1963
1740	1538
1740	1573
1740	1645
1740	1789
1740	1817
1740	1977
1740	1980
1847	1454
1847	1518
1847	1556
1847	1696
1847	1799
1847	1858
1847	1917
1847	1935
1945	1256
1945	1302
1945	1334
1945	1382
1945	1516
1945	1565
1945	1623
1945	1630
1945	1647
1945	1649
1945	1668
1945	1889
1945	1896
1945	1903
1945	1952
1945	1968
1963	1131
1963	1182
1963	1294
1963	1490
1963	1514
1963	1519
1963	1657
1963	1762
1963	1903
1963	1930
1963	1966
1963	1991
1963	1994
1105	1475
1475	1129
1475	1481
1475	1535
1106	1162
1106	377
1162	1276
1162	1829
377	294
126	188
126	379
126	957
126	969
188	237
188	727
379	692
957	202
957	260
957	261
957	319
957	459
957	497
957	667
957	677
957	805
957	850
957	857
957	871
957	879
957	960
957	974
969	186
969	206
969	248
969	305
969	447
969	460
969	535
969	536
969	611
969	763
969	860
969	884
969	902
969	925
1107	1567
1107	1759
1567	1824
1567	1950
1759	1662
1759	1887
1759	1912
1759	1914
1759	1930
1108	1698
1108	1958
1698	1164
1698	1465
1698	1919
1958	1117
1958	1377
1958	1433
1958	1591
1958	1597
1958	1610
1958	1692
1958	1718
1958	1768
1958	1805
1958	1811
1958	1873
1958	1885
1958	1886
1958	1910
1958	1916
1958	1927
1958	1994
1109	1521
1109	1766
1109	1968
1521	1335
1521	1921
1521	1991
1766	1335
1766	1599
1766	1726
1766	1991
1968	1115
1968	1132
1968	1136
1968	1245
1968	1329
1968	1346
1968	1383
1968	1391
1968	1558
1968	1579
1968	1634
1968	1903
1968	1904
1968	1914
1968	974
1110	1660
1110	1924
1660	1422
1660	1658
1660	1680
1660	1682
1660	1858
1924	1294
1924	1295
1924	1313
1924	1322
1924	1393
1924	1493
1924	1516
1924	1594
1924	1712
1924	1772
1924	1775
1924	1777
1924	1782
1924	1965
1924	1974
1924	1977
127	157
127	415
127	531
127	566
157	862
415	194
415	276
415	699
415	797
531	156
531	762
566	334
566	539
566	919
1111	1862
1111	1886
1111	1977
1862	1235
1862	1359
1862	1393
1862	1528
1862	1682
1862	1687
1862	1781
1862	1802
1862	1940
1886	1373
1886	1603
1886	1896
1886	1917
1886	1925
1886	1999
1977	1167
1977	1294
1977	1311
1977	1579
1977	1607
1977	1645
1977	1693
1977	1711
1977	1729
1977	1781
1977	1864
1977	1893
1977	1927
1977	1950
1977	1974
1977	1999
1112	1589
1589	1295
1589	1347
1589	1493
1589	817
128	753
128	784
753	185
753	386
753	564
753	739
753	756
784	323
784	405
784	414
784	685
784	728
784	828
784	852
233	146
233	180
354	163
803	1251
803	471
803	540
803	542
803	740
803	786
803	831
803	860
1113	1535
1113	1838
1535	1330
1535	1388
1535	1593
1535	1868
1838	1422
1838	1534
1838	1603
1838	1609
1838	1933
1838	1991
1114	1881
1881	1159
1881	1219
1881	1253
1881	1317
1881	1720
1881	1722
1881	1780
1881	1789
1881	1819
1881	1873
1881	1969
1115	1292
1115	1334
1115	1474
1292	1712
1292	1814
1334	1363
1334	1577
1334	1593
1474	1123
1474	1598
1474	1727
1474	1893
1116	1358
1116	1912
1358	1463
1912	1215
1912	1278
1912	1296
1912	1362
1912	1389
1912	1616
1912	1790
1912	1935
1912	1974
130	138
130	700
130	797
138	743
700	307
700	381
700	451
700	740
700	871
700	907
797	453
797	622
797	868
131	214
131	657
131	928
214	528
214	1913
657	394
657	786
657	794
928	162
928	229
928	297
928	680
928	720
928	741
928	757
928	902
928	958
132	280
280	289
280	682
134	925
925	151
925	153
925	174
925	570
925	612
925	739
925	1706
925	832
925	852
925	877
1117	1785
1117	1831
1117	1940
1785	1270
1785	1273
1785	1274
1785	1597
1785	1966
1785	1969
1785	1999
1831	1546
1831	1591
1831	1613
1831	1632
1831	1703
1831	1867
1831	1889
1831	1966
1940	1248
1940	1270
1940	1271
1940	1289
1940	1353
1940	1372
1940	1551
1940	686
1940	1652
1940	1757
1940	1790
1940	1810
1940	1845
1940	1906
1940	1914
1940	1969
135	662
135	739
135	917
662	345
662	496
662	792
662	831
662	848
739	145
739	305
739	485
739	634
739	672
917	359
917	621
917	795
917	817
917	895
1118	1516
1118	1633
1516	1119
1516	1300
1516	1399
1516	1974
1633	1348
1633	1381
1633	1657
1633	1741
1633	1861
1119	1965
1119	1966
1965	1166
1965	1175
1965	1271
1965	1311
1965	1413
1965	1425
1965	1536
1965	1765
1965	1767
1965	1783
1965	1877
1965	1950
1966	1157
1966	1173
1966	1319
1966	1422
1966	1536
1966	1543
1966	1588
1966	1704
1966	1787
1966	1801
1966	1826
1966	1844
1966	1896
1966	1916
1966	1969
365	671
958	267
958	459
958	583
958	641
958	868
958	946
958	964
958	974
1120	1263
1263	1346
1263	1537
1263	1916
137	334
137	727
334	428
727	144
727	179
727	283
727	1579
743	653
743	805
743	919
139	828
828	269
828	285
828	460
828	619
140	352
352	716
352	752
1477	1769
141	578
578	465
578	765
1122	1204
1122	1608
1122	1824
1122	1906
1204	1775
1608	1307
1608	1368
1608	1400
1608	1645
1608	1692
1608	1961
1824	1179
1824	1527
1824	1533
1824	1595
1824	1689
1824	1927
1906	1257
1906	1349
1906	1399
1906	1497
1906	1555
1906	1646
1906	1768
1906	1887
142	289
142	374
289	717
374	740
143	791
791	181
791	209
791	241
791	477
791	571
791	858
1123	1486
1123	1718
1486	1590
1486	1716
1486	1890
1718	1449
1718	1629
1718	1897
1124	1679
1124	1803
1124	1942
1679	1150
1679	1349
1679	514
1679	1497
1679	1758
1679	1806
1679	1889
1679	1913
1803	1178
1803	1282
1803	1302
1803	1429
1803	1555
1803	1662
1803	1875
1803	1891
1942	1345
1942	1551
1942	1583
1942	1642
1942	1680
1942	1684
1942	1745
1942	1814
1942	1919
1942	1969
1942	1999
145	186
145	394
186	326
186	677
394	248
1125	1219
1125	1627
1627	1212
1627	1363
1627	1895
1126	1174
1126	1636
1126	1948
1174	1257
1174	1999
1636	1244
1636	1463
1636	1613
1636	1689
1636	1761
1636	1765
1636	1952
1636	1991
1948	1150
1948	1154
1948	1172
1948	1217
1948	1465
1948	1503
1948	1513
1948	612
1948	1607
1948	1625
1948	1800
1948	1868
1948	1878
1948	1891
1948	1910
1948	1930
1948	1980
148	159
148	705
159	461
159	871
705	322
705	494
705	686
225	1757
316	452
316	512
316	576
151	315
151	411
315	857
411	218
411	561
411	848
411	951
1127	1653
1127	1837
1127	1885
1127	1927
1653	1205
1653	1705
1653	1728
1653	1826
1837	1137
1837	1490
1837	1635
1837	1688
1837	1930
1837	1933
1885	1172
1885	1280
1885	1330
1885	1458
1885	1578
1885	1603
1885	1687
1885	1757
1885	1805
1885	1814
1885	1890
1927	1228
1927	1348
1927	1449
1927	1450
1927	1485
1927	1487
1927	1519
1927	1664
1927	1806
1927	1822
1927	1904
1128	1202
1128	1380
1128	1612
1128	1933
1202	1613
1380	1664
1380	1858
1380	1896
1612	1394
1612	1402
1612	1485
1612	1799
1612	1875
1612	1994
1933	1130
1933	1203
1933	1209
1933	1265
1933	1363
1933	1466
1933	1563
1933	1632
1933	1637
1933	1765
1933	1921
1933	1999
152	342
152	589
342	850
342	974
589	553
589	607
589	665
589	936
1130	1728
1728	1397
1728	1550
1728	1796
153	874
874	528
874	538
874	643
874	702
874	720
874	788
874	812
874	831
874	832
1131	1400
1400	1373
1400	1741
1132	1652
1652	1531
1652	1688
154	372
372	696
1133	1577
1133	1709
1577	1716
1577	1826
1577	1980
1709	1684
1709	1782
1709	1814
1709	1867
155	360
155	808
360	245
808	335
808	337
808	561
808	613
808	831
1429	1510
1429	1614
1506	1203
1506	1677
1875	1261
1875	1300
1875	1414
1875	1504
1875	1704
1875	1916
1875	1935
1994	1164
1994	1394
1994	573
1994	1538
1994	1539
1994	1630
1994	1661
1994	1680
1994	1707
1994	1748
1994	1749
1994	1775
1994	1792
1994	1817
1994	1891
1136	1447
1136	1683
1447	1484
1683	1184
1683	1449
1683	1487
1683	1778
1683	1864
1137	1376
1376	1186
1376	1810
156	725
725	168
725	389
1894	1148
1894	1158
1894	1484
1894	1606
1894	1617
1894	1634
1894	1678
1894	1707
1894	1775
1894	1782
1894	1919
862	270
862	277
862	328
862	470
862	565
862	638
862	697
862	704
862	1903
158	737
158	781
737	239
737	277
737	533
737	752
781	390
781	457
781	483
781	573
781	618
781	671
781	710
1466	1316
1466	1722
1466	1999
1950	1180
1950	1181
1950	1186
1950	1256
1950	1325
1950	1555
1950	1579
1950	1658
1950	1665
1950	1783
1950	1792
1950	1810
1950	1825
1950	1845
1950	1871
461	856
461	974
871	262
871	430
871	709
871	732
871	891
160	242
242	519
161	261
161	468
468	622
468	847
1141	1500
1141	1533
1500	1178
1500	1896
1500	1903
1533	1560
1533	1677
1533	1961
1704	1592
1143	1522
1143	1825
1522	1245
1522	1288
1522	1539
1522	1910
1522	1926
1825	1178
1825	1392
1825	1689
1825	1799
1825	1877
1825	1890
1825	1930
1825	1935
1144	1233
1144	1529
1144	1778
1233	1687
1233	1926
1529	1213
1529	1471
1529	1762
1529	1969
1778	1303
1778	1438
1778	1534
1778	1817
1778	1925
1145	1246
1145	1395
1145	1715
1246	1917
1715	305
1715	1444
1715	1613
1715	1637
1715	1675
1715	1691
1715	1919
1146	1689
1146	1914
1689	1361
1689	1974
1914	1180
1914	1326
1914	1497
1914	1543
1914	1678
1914	1761
1914	1806
1914	1871
1914	1890
163	182
163	485
485	164
485	741
164	603
164	625
603	390
603	638
603	673
603	692
625	522
625	696
625	794
1147	1650
1147	1810
1650	1220
1650	1680
1810	1264
1810	1304
1810	1623
1810	1658
1810	1890
1810	1926
1148	1156
1148	1290
1156	1539
1156	1871
1156	1952
1290	1381
1290	1626
1290	1658
165	968
968	440
968	619
968	623
968	671
968	682
968	716
968	722
968	792
968	831
968	832
968	848
968	884
968	960
968	974
1149	1382
1149	1917
1382	1518
1382	1566
1382	1713
1917	1164
1917	1230
1917	1309
1917	1425
1917	1573
1917	1576
1917	1781
1917	1921
1917	1974
1150	1362
1362	1682
1362	1802
1362	1867
166	335
166	623
335	891
623	686
623	984
1151	1218
1151	1473
1151	1877
1218	1891
1473	1356
1473	1560
1877	1260
1877	1458
1877	1537
1877	1583
1877	1782
1877	1904
1152	1327
1152	1789
1327	1182
1327	1383
1327	1722
1789	1284
1789	1696
1789	1767
1789	1805
1789	1910
168	1806
1806	1392
1806	1454
1806	1515
1806	1538
1806	1613
1806	1677
1153	1414
1414	1355
1414	1974
169	646
169	891
646	265
646	279
646	502
891	328
891	412
891	426
891	527
891	710
891	729
891	754
891	785
891	790
891	847
891	852
891	859
1154	1648
1648	1565
1648	1684
1648	1910
1155	1617
1155	1656
1155	1898
1617	1234
1617	1813
1656	1336
1656	1459
1656	1515
1656	1916
1898	1158
1898	1165
1898	1239
1898	1350
1898	1534
1898	1584
1898	1595
1898	1662
1898	1818
1898	1889
1898	1893
1539	1436
1539	1867
1539	1889
1871	1323
1871	1349
1871	1402
1871	1578
1871	1799
1871	1930
1952	1189
1952	1226
1952	1365
1952	1370
1952	1463
1952	1626
1952	1680
1952	1819
1952	1893
1952	1896
1952	1926
1157	1776
1776	1253
1776	1445
1776	1541
1776	1792
1776	1969
1776	1980
170	421
421	240
421	512
421	660
421	746
421	812
1158	1464
1464	1703
1464	1999
171	654
171	974
654	375
654	419
974	257
974	333
974	353
974	501
974	545
974	703
974	726
974	793
974	812
974	816
974	847
974	857
974	886
974	951
1160	1426
1160	1768
1160	1799
1160	1867
1426	1454
1426	1588
1426	1772
1768	1389
1768	1586
1768	1659
1768	1769
1799	1593
1799	1647
1799	1895
1799	1897
1867	1402
1867	1536
1867	1606
1867	1790
1867	1873
1867	1991
172	690
172	851
690	212
690	584
690	620
690	984
851	686
851	694
851	856
851	860
1850	1331
1850	1345
1850	1413
1850	1588
1850	1635
1850	1780
1276	1645
1276	1762
1829	1227
1829	1340
1829	1531
1829	1769
1829	1781
1829	1864
173	253
253	371
1163	1826
1826	1272
1826	1422
1826	1590
1826	1745
1826	1890
1165	1335
1335	1182
1335	1565
1166	1659
1166	1675
1659	1583
1659	1787
1659	1814
1659	1897
1675	1436
1675	1729
1675	1811
174	244
174	740
244	680
244	746
740	595
740	960
175	513
175	584
513	267
513	389
513	766
513	819
584	327
584	375
584	713
584	754
581	680
581	765
581	984
177	699
699	519
699	785
178	501
501	1230
1167	1505
1167	1575
1505	1251
1505	1338
1505	1741
1575	1249
1575	1454
1575	1753
179	323
323	951
180	827
827	299
827	477
827	619
827	688
1168	1366
1366	1273
1366	1470
1366	1980
1169	1605
1169	1662
1605	1231
1605	1371
1605	1672
1605	1926
1662	1208
1662	1436
1662	1802
1170	1497
1170	1687
1170	1753
1497	1919
1687	1280
1687	1368
1687	1658
1687	1769
1687	1781
1753	1190
1753	1213
1753	1305
1753	1542
1753	1792
1753	1818
1171	1578
1171	1584
1578	1600
1578	1712
1584	1284
1584	1625
1584	1844
1172	1212
1173	1415
1173	1750
1415	1980
1750	1261
1750	1705
1750	1772
1750	1897
181	847
847	410
847	604
1257	1991
1999	1175
1999	1345
1999	1346
1999	1481
1999	1591
1999	1595
1999	1597
1999	1629
1999	1745
1999	1805
1999	1896
1999	1904
1999	1916
1999	1926
1999	1991
183	653
183	964
653	547
653	889
964	231
964	311
964	341
964	453
964	537
964	688
964	785
964	886
964	960
375	889
682	370
682	419
185	404
185	593
185	683
404	592
404	822
593	283
683	570
683	583
683	877
326	220
326	472
326	1748
326	805
677	602
677	722
677	729
677	792
677	888
405	452
405	475
405	616
237	537
237	857
794	529
794	574
794	582
794	615
794	788
1177	1223
1177	1752
1223	1236
1223	1454
1752	1493
1752	1559
1752	1861
1752	1935
1178	1921
1921	1197
1921	1305
1921	1391
1921	1408
1921	1456
1921	1463
1921	1469
1921	1493
1921	1528
1921	1705
1921	1711
1921	1777
1921	1821
1921	1873
190	287
190	877
287	515
877	229
877	328
877	626
877	638
877	888
877	936
1179	1576
1179	1616
1576	1180
1576	1252
1576	1314
1576	1386
1576	1442
1616	1720
1616	1897
1616	1919
1616	1961
1181	1629
1181	1749
1629	1623
1629	1991
1749	1224
1749	1244
1749	1392
1749	1586
1182	651
651	296
651	341
651	451
651	541
651	585
1183	1479
1183	1819
1479	1641
1819	1393
1819	1408
1819	1559
1819	1705
1819	1714
1819	1772
1819	1916
191	888
888	252
888	312
888	397
888	440
888	442
888	595
888	655
888	788
888	867
888	869
1184	1677
1677	1373
1677	1573
192	579
192	665
579	668
579	673
579	716
665	1528
665	591
665	686
665	720
665	823
1185	1320
1185	1991
1320	1682
1991	1278
1991	1303
1991	1391
1991	1708
1991	1775
1991	1813
1991	1868
1991	1925
1991	1980
193	818
818	523
818	549
818	817
818	884
818	895
194	221
1186	1711
1711	1272
1711	1645
1711	1706
1711	1896
1187	1390
1187	1485
1187	1895
1390	1510
1390	1587
1485	1445
1895	1199
1895	1411
1895	1488
1895	1498
1895	1903
1895	1910
1188	1340
1188	1553
1188	1800
1553	1197
1553	1279
1553	1591
1800	1519
1800	1566
1800	1974
196	622
196	638
196	868
622	300
638	382
638	562
868	553
868	634
868	857
197	299
197	514
197	721
197	766
299	902
514	229
514	723
514	746
721	586
721	951
766	369
766	395
766	422
1190	1910
1910	1488
1910	1591
1910	1646
1910	1665
1910	1748
1910	1787
1910	1916
1191	1344
1344	1623
1344	1678
1192	1563
1192	1720
1720	1632
1720	1641
1720	1682
1720	1690
1720	1765
1193	1703
1193	1817
1703	1455
1703	1599
1703	1661
1703	1691
1703	1757
1703	1762
1817	1208
1817	1559
1817	1706
1817	1845
1817	1897
1194	1293
1194	1510
1194	1593
1194	1903
1293	1741
1293	1915
1510	1504
1510	1822
1510	1980
1593	1772
1593	1864
1903	1228
1903	1312
1903	1450
1903	1632
1903	1634
1903	1646
1903	1729
1195	1227
1195	1336
1195	1722
1227	1626
1227	1930
1336	1401
1722	1215
1722	1974
198	672
198	1919
672	470
672	1581
672	643
1919	1272
1919	1456
1919	1550
1919	1699
1919	1765
1919	1864
1919	1868
1919	1897
1919	1961
199	613
199	795
199	886
613	620
613	919
795	547
795	816
795	848
886	295
886	477
886	555
886	635
1196	1765
1196	1796
1765	1527
1765	1925
1765	1930
1796	1451
1796	1805
1796	1889
1796	1893
200	459
200	605
459	597
605	207
605	502
1197	1556
1556	1413
1556	1623
1556	1818
201	207
201	512
512	525
512	576
512	772
202	398
398	353
398	594
626	687
626	703
626	856
204	636
204	765
636	270
636	960
765	639
765	867
1199	1503
1503	1248
205	364
364	867
1757	1234
1201	1583
1201	1623
1201	1780
1583	1692
1623	1688
1780	1372
1780	1610
1780	1805
206	582
206	642
206	644
582	639
582	732
582	761
642	240
642	884
642	951
644	309
644	471
644	709
1613	1707
208	557
208	633
208	761
557	1279
557	351
633	741
761	245
761	509
761	545
209	729
209	782
729	333
782	250
782	756
782	790
211	692
211	720
211	772
692	506
720	611
720	809
772	467
772	545
1775	1625
1775	1726
1775	1805
212	382
382	455
472	363
472	447
472	812
1205	1598
1205	1813
1598	1546
1598	1632
1598	1980
1813	1259
1813	1268
1813	1548
1406	1551
1774	1226
1774	1280
1774	1300
1935	1540
1935	1586
1935	1592
1935	1745
1935	1868
1935	1913
1208	1980
1980	1294
1980	1300
1980	1385
1980	1657
1980	1772
528	545
528	984
1913	1236
1913	1504
1913	1745
1913	1891
1209	1279
1209	1520
1209	1974
1279	1916
1520	1288
1520	1586
1520	1726
1974	1271
1974	1280
1974	1331
1974	1401
1974	1459
1974	1490
1974	1518
1974	1550
1974	1748
1974	1762
1974	1873
1210	1442
1210	1626
1210	1887
1626	1388
1626	1668
1887	1214
1887	1373
1887	1430
1887	1484
1887	1528
1887	850
1887	1873
1211	1547
1547	1811
540	356
540	463
540	573
1213	1441
1213	1688
1441	1642
1688	1558
1688	1594
1688	1861
216	586
216	708
216	816
586	680
586	708
586	819
708	366
708	583
816	754
1216	1634
1216	1822
1634	1388
1634	1693
1634	1926
1822	1515
1822	1573
1822	1678
1822	1693
1822	1969
219	575
219	707
575	841
575	842
707	618
707	666
707	812
707	984
220	570
570	397
1217	1630
1630	1275
1630	1729
1630	1801
222	506
223	889
889	460
889	519
889	568
889	620
1891	1305
1891	331
1891	1368
1891	1450
1891	1680
1891	1761
1891	1762
413	946
417	295
417	571
417	573
256	311
738	266
738	424
738	476
738	527
227	454
454	314
454	391
454	620
454	946
1221	1397
1221	1821
1221	1916
1397	1706
1821	1240
1821	1307
1821	1401
1821	1469
1821	1678
1821	1926
1916	1350
1916	1413
1916	1707
1916	1758
1916	1904
228	359
228	574
228	1693
359	281
359	823
574	426
574	457
1693	1339
1693	1444
1693	1680
1693	1762
1566	1230
1566	1294
1566	1961
231	304
231	561
231	741
304	1587
304	756
304	902
741	621
741	716
741	832
1224	1311
1224	1439
1311	1242
1439	1399
1439	1678
1439	1684
1439	1741
1845	1416
1845	1489
383	819
383	823
558	251
558	351
558	687
558	822
1226	1264
1930	1235
1930	1262
1930	1313
1930	1672
1930	1844
1930	1861
1228	1542
1228	1878
1542	1270
1878	1402
1878	1558
1878	1727
1878	1792
1878	1858
1229	1282
1229	1961
1282	1741
1961	1242
1961	1317
1961	1342
1961	1443
1961	1641
1961	1716
1230	1904
1904	1401
1904	1455
1904	1610
1904	1702
1904	1925
1231	1254
1231	1637
1231	1790
1254	1418
1637	1925
1637	1969
1790	1481
1790	1665
1790	1772
1232	1273
1232	1288
1232	1319
1232	1969
1273	1558
1273	1647
1288	1890
1319	1696
1969	1235
1969	1280
1969	1351
1969	1353
1969	1684
1969	1708
537	756
857	371
857	522
857	538
857	618
857	746
238	735
238	919
735	541
735	823
735	859
919	412
919	562
919	629
919	809
919	848
239	403
403	858
240	457
240	936
936	477
936	555
936	667
936	822
936	946
241	787
787	314
787	568
787	629
787	710
1926	1277
1926	1314
1926	1353
1926	1614
1926	1777
1926	1818
1926	1858
1234	1897
1897	1253
1897	1443
1897	1540
1897	1635
1897	1646
519	663
1235	1868
1868	1398
1868	1509
1868	1684
1868	1705
1868	1801
1868	1802
243	497
497	602
497	850
680	762
680	790
680	831
746	430
746	717
746	809
746	817
746	884
245	786
786	324
786	565
1238	1814
1238	1873
1814	1453
1814	1493
1814	1528
1873	1310
1873	1425
1873	1554
246	458
246	790
458	639
458	907
790	549
790	652
790	943
247	629
247	943
943	262
943	410
943	447
943	567
943	576
943	641
943	666
943	709
943	793
943	859
943	884
248	356
248	902
356	884
902	279
902	293
902	509
902	649
902	663
902	710
1240	1338
1240	1519
1338	1805
1519	1496
250	348
250	486
250	754
348	302
486	710
486	785
486	792
754	269
754	728
251	1896
1896	1603
1896	1665
1896	1708
1896	1802
1896	1915
1470	1323
1470	1600
1242	1708
1708	1419
1708	1581
371	713
687	689
792	621
1244	1513
1244	1713
1513	1411
1513	1649
1713	1512
1713	1702
1713	1787
1245	1471
1471	1792
255	392
255	867
255	879
392	715
392	960
867	895
867	984
879	565
879	583
879	618
879	620
1247	1858
1858	1277
1858	1347
1858	1351
1858	1356
1858	1487
1858	1805
1248	1707
1707	1298
1707	1436
1707	1541
1249	1514
1249	1592
1592	1457
1592	1682
257	387
257	529
387	539
529	616
529	946
1250	1554
1250	1672
1554	1315
1672	1377
1672	1457
1672	1599
1672	1622
1251	1684
1684	1453
470	805
541	264
541	329
541	433
541	585
1252	1361
1252	1769
1361	1438
1769	1558
1769	1748
1253	1781
1781	1528
260	984
984	750
984	822
984	841
984	946
1418	1330
1418	1451
1418	1745
1418	1861
262	585
262	611
585	296
585	555
611	314
611	369
611	463
1265	1925
1702	1296
1702	1777
1702	1893
264	842
264	907
842	329
842	467
842	518
907	619
907	663
907	671
907	728
907	788
907	869
265	536
265	858
265	884
536	333
858	286
858	744
858	825
858	859
858	960
884	267
884	327
884	438
884	483
884	525
884	793
884	809
266	308
266	325
266	471
308	703
325	268
471	401
1259	1767
1767	1296
267	602
602	596
1260	1588
1588	1591
268	270
268	709
709	716
709	718
709	819
1262	1716
1716	1509
1716	1524
1716	1540
1716	1727
1716	1762
1346	1480
1925	1277
1925	1298
1925	1385
1925	1504
1925	1647
1925	1844
1925	1889
271	832
832	451
832	744
832	812
832	895
273	757
273	852
852	410
852	697
852	717
852	793
511	571
511	597
571	424
756	393
276	697
697	302
697	814
277	444
444	401
1272	1550
1550	1802
279	960
960	349
960	438
960	538
960	592
960	607
960	645
960	750
960	1805
960	848
1558	1411
1647	1609
281	393
393	895
282	696
282	702
696	483
696	684
696	689
696	859
702	327
702	590
1274	1433
1433	1600
1433	1844
381	612
763	576
1762	1741
1762	1801
1277	1712
1712	1488
1712	1864
1278	1560
1560	1559
1560	1646
1540	1353
1638	1498
1638	1658
285	313
285	343
313	860
343	597
286	616
286	812
616	652
616	856
812	604
515	331
515	604
515	673
515	713
1284	1298
1425	1317
1425	1368
1372	1312
1555	1370
1555	1590
1579	1777
717	635
736	563
736	643
1890	1457
1890	728
1890	1699
1289	1445
1381	1392
1381	1512
479	549
848	303
848	617
848	666
293	567
293	596
567	527
296	319
1915	1393
1915	1661
1915	1665
1915	1699
1915	1864
1915	1889
336	788
336	817
300	380
300	946
380	841
946	1451
946	645
946	744
1587	1328
1587	1453
1587	1761
305	309
309	353
306	539
306	694
539	660
694	825
694	841
307	809
809	573
809	641
703	645
353	604
667	452
667	643
667	668
667	685
312	525
525	951
1302	1330
1303	1322
1322	1329
1322	1772
1304	1681
1681	1600
1681	1811
1305	1597
1597	1607
1597	1811
1307	1692
1692	1705
1692	1714
1657	1312
1657	1546
1657	1783
1309	1595
1595	1893
1310	1538
1538	1758
860	476
860	522
860	639
860	825
314	814
814	427
814	594
814	850
814	895
452	718
576	518
576	568
317	460
317	1893
460	668
1312	1430
604	330
607	595
1313	1325
1313	1496
1325	1480
1496	1394
1315	1745
1745	1318
320	390
320	1518
1518	1402
1518	1432
321	357
357	412
357	663
951	419
951	562
951	641
951	750
951	895
324	805
327	718
718	453
718	522
718	641
1318	1801
1801	1465
1801	1690
328	494
494	453
1696	1383
1696	1609
329	666
666	856
330	671
671	856
331	612
1682	1705
1398	1507
1398	1635
1398	1646
1329	1411
1772	1726
1323	1606
1323	1783
1606	1699
1783	1456
428	496
428	527
428	856
1480	1610
1326	1864
1864	1727
788	597
817	620
817	723
817	793
817	856
1328	1487
1411	1590
673	825
711	819
711	869
713	389
713	595
713	850
340	564
340	660
564	565
564	823
660	710
341	349
349	518
850	621
597	841
518	592
1401	1515
1844	522
1844	1507
1844	1548
1844	1661
1844	1792
1805	1484
716	752
752	418
752	573
1339	1385
1385	1614
663	841
663	859
358	825
825	547
825	822
823	386
823	555
823	1594
1342	1371
1371	1726
1543	1714
1543	869
652	385
363	426
1347	1490
1490	1726
1348	1607
1607	1649
1889	1498
1353	1614
1614	1443
373	722
722	684
1355	1507
1507	1680
1356	1861
1861	1450
1861	1665
1861	1792
1512	1451
1359	1457
841	704
841	856
1438	1416
1438	1456
1438	1761
819	859
1802	1573
427	762
385	509
1432	1373
1594	1586
389	649
649	422
649	562
649	685
391	475
475	635
715	621
715	684
895	395
895	620
895	634
1726	1586
396	568
568	684
594	419
594	641
445	635
445	750
617	704
1377	1661
1661	1524
401	533
533	730
1392	1436
1392	1548
592	655
822	535
822	563
822	668
409	477
414	730
414	770
1388	1465
1388	1546
418	685
685	496
1389	1459
422	859
859	635
859	750
424	688
424	744
688	433
762	635
1391	1548
1548	1509
430	615
431	555
555	793
785	453
785	728
1393	1498
1646	1581
1399	1668
1515	1600
1404	1444
1404	590
1444	1665
1603	1729
1551	1549
542	1782
750	732
1777	1453
447	704
704	465
1758	1705
1758	1818
1443	1622
618	523
728	831
1469	1787
1469	1818
1787	1504
1818	1528
1792	1727
1727	547
1699	1531
502	591
1493	1705
538	869
1782	1811
793	732
1559	1527
621	831
1599	1690
